panel,regime,corpus,lang,length,unit_id,pred
panel2,A,hin_news_2022_1M,hin,L1,6007,hin_Deva
panel2,A,hin_news_2022_1M,hin,L1,12880,hin_Deva
panel2,A,hin_news_2022_1M,hin,L1,12902,anp_Deva
panel2,A,hin_news_2022_1M,hin,L1,18357,anp_Deva
panel2,A,hin_news_2022_1M,hin,L1,20765,hin_Deva
panel2,A,hin_news_2022_1M,hin,L1,34628,hin_Deva
panel2,A,hin_news_2022_1M,hin,L1,36282,hin_Deva
panel2,A,hin_news_2022_1M,hin,L1,36376,hin_Deva
panel2,A,hin_news_2022_1M,hin,L1,37545,hin_Deva
panel2,A,hin_news_2022_1M,hin,L1,38160,hin_Deva
panel2,A,hin_news_2022_1M,hin,L1,39248,hin_Deva
panel2,A,hin_news_2022_1M,hin,L1,39324,hin_Deva
panel2,A,hin_news_2022_1M,hin,L1,39413,hin_Deva
panel2,A,hin_news_2022_1M,hin,L1,40427,hin_Deva
panel2,A,hin_news_2022_1M,hin,L1,41419,anp_Deva
panel2,A,hin_news_2022_1M,hin,L1,41432,hin_Deva
panel2,A,hin_news_2022_1M,hin,L1,42733,hin_Deva
panel2,A,hin_news_2022_1M,hin,L1,43494,anp_Deva
panel2,A,hin_news_2022_1M,hin,L1,43567,hin_Deva
panel2,A,hin_news_2022_1M,hin,L1,44025,anp_Deva
panel2,A,hin_news_2022_1M,hin,L1,45121,anp_Deva
panel2,A,hin_news_2022_1M,hin,L1,45995,anp_Deva
panel2,A,hin_news_2022_1M,hin,L1,48869,anp_Deva
panel2,A,hin_news_2022_1M,hin,L1,49344,anp_Deva
panel2,A,hin_news_2022_1M,hin,L1,49385,hin_Deva
panel2,A,hin_news_2022_1M,hin,L1,49603,anp_Deva
panel2,A,hin_news_2022_1M,hin,L1,50066,hin_Deva
panel2,A,hin_news_2022_1M,hin,L1,50482,hin_Deva
panel2,A,hin_news_2022_1M,hin,L1,50528,anp_Deva
panel2,A,hin_news_2022_1M,hin,L1,50779,hin_Deva
panel2,A,hin_news_2022_1M,hin,L1,51500,hin_Deva
panel2,A,hin_news_2022_1M,hin,L1,51817,hin_Deva
panel2,A,hin_news_2022_1M,hin,L1,53044,hin_Deva
panel2,A,hin_news_2022_1M,hin,L1,53142,hin_Deva
panel2,A,hin_news_2022_1M,hin,L1,53165,hin_Deva
panel2,A,hin_news_2022_1M,hin,L1,53332,hin_Deva
panel2,A,hin_news_2022_1M,hin,L1,56201,hin_Deva
panel2,A,hin_news_2022_1M,hin,L1,56615,hin_Deva
panel2,A,hin_news_2022_1M,hin,L1,56987,anp_Deva
panel2,A,hin_news_2022_1M,hin,L1,58064,anp_Deva
panel2,A,hin_news_2022_1M,hin,L1,58160,hin_Deva
panel2,A,hin_news_2022_1M,hin,L1,59483,hin_Deva
panel2,A,hin_news_2022_1M,hin,L1,59753,hin_Deva
panel2,A,hin_news_2022_1M,hin,L1,59995,hin_Deva
panel2,A,hin_news_2022_1M,hin,L1,60027,hin_Deva
panel2,A,hin_news_2022_1M,hin,L1,61052,anp_Deva
panel2,A,hin_news_2022_1M,hin,L1,61460,hin_Deva
panel2,A,hin_news_2022_1M,hin,L1,61820,anp_Deva
panel2,A,hin_news_2022_1M,hin,L1,61997,hin_Deva
panel2,A,hin_news_2022_1M,hin,L1,62316,hin_Deva
panel2,A,hin_news_2022_1M,hin,L1,62535,hin_Deva
panel2,A,hin_news_2022_1M,hin,L1,64193,hin_Deva
panel2,A,hin_news_2022_1M,hin,L1,64349,hin_Deva
panel2,A,hin_news_2022_1M,hin,L1,64519,anp_Deva
panel2,A,hin_news_2022_1M,hin,L1,66215,hin_Deva
panel2,A,hin_news_2022_1M,hin,L1,66728,anp_Deva
panel2,A,hin_news_2022_1M,hin,L1,66881,hin_Deva
panel2,A,hin_news_2022_1M,hin,L1,67614,hin_Deva
panel2,A,hin_news_2022_1M,hin,L1,67849,hin_Deva
panel2,A,hin_news_2022_1M,hin,L1,68113,hin_Deva
panel2,A,hin_news_2022_1M,hin,L1,68417,hin_Deva
panel2,A,hin_news_2022_1M,hin,L1,71087,anp_Deva
panel2,A,hin_news_2022_1M,hin,L1,71825,hin_Deva
panel2,A,hin_news_2022_1M,hin,L1,72644,hin_Deva
panel2,A,hin_news_2022_1M,hin,L1,73514,hin_Deva
panel2,A,hin_news_2022_1M,hin,L1,73586,hin_Deva
panel2,A,hin_news_2022_1M,hin,L1,74427,hin_Deva
panel2,A,hin_news_2022_1M,hin,L1,74564,hin_Deva
panel2,A,hin_news_2022_1M,hin,L1,74803,hin_Deva
panel2,A,hin_news_2022_1M,hin,L1,74977,hin_Deva
panel2,A,hin_news_2022_1M,hin,L1,75159,anp_Deva
panel2,A,hin_news_2022_1M,hin,L1,75446,anp_Deva
panel2,A,hin_news_2022_1M,hin,L1,76646,anp_Deva
panel2,A,hin_news_2022_1M,hin,L1,76972,anp_Deva
panel2,A,hin_news_2022_1M,hin,L1,77494,hin_Deva
panel2,A,hin_news_2022_1M,hin,L1,78450,anp_Deva
panel2,A,hin_news_2022_1M,hin,L1,78731,anp_Deva
panel2,A,hin_news_2022_1M,hin,L1,79237,hin_Deva
panel2,A,hin_news_2022_1M,hin,L1,79352,anp_Deva
panel2,A,hin_news_2022_1M,hin,L1,79672,hin_Deva
panel2,A,hin_news_2022_1M,hin,L1,79950,anp_Deva
panel2,A,hin_news_2022_1M,hin,L1,80272,hin_Deva
panel2,A,hin_news_2022_1M,hin,L1,80305,hin_Deva
panel2,A,hin_news_2022_1M,hin,L1,80742,anp_Deva
panel2,A,hin_news_2022_1M,hin,L1,81729,hin_Deva
panel2,A,hin_news_2022_1M,hin,L1,81841,hin_Deva
panel2,A,hin_news_2022_1M,hin,L1,81859,hin_Deva
panel2,A,hin_news_2022_1M,hin,L1,81902,hin_Deva
panel2,A,hin_news_2022_1M,hin,L1,81990,hin_Deva
panel2,A,hin_news_2022_1M,hin,L1,82198,anp_Deva
panel2,A,hin_news_2022_1M,hin,L1,82233,hin_Deva
panel2,A,hin_news_2022_1M,hin,L1,82509,hin_Deva
panel2,A,hin_news_2022_1M,hin,L1,83212,hin_Deva
panel2,A,hin_news_2022_1M,hin,L1,83340,hin_Deva
panel2,A,hin_news_2022_1M,hin,L1,83521,anp_Deva
panel2,A,hin_news_2022_1M,hin,L1,84223,hin_Deva
panel2,A,hin_news_2022_1M,hin,L1,84250,anp_Deva
panel2,A,hin_news_2022_1M,hin,L1,85240,hin_Deva
panel2,A,hin_news_2022_1M,hin,L1,85932,hin_Deva
panel2,A,hin_news_2022_1M,hin,L1,86040,hin_Deva
panel2,A,hin_news_2022_1M,hin,L1,86927,anp_Deva
panel2,A,hin_news_2022_1M,hin,L1,87296,hin_Deva
panel2,A,hin_news_2022_1M,hin,L1,88221,hin_Deva
panel2,A,hin_news_2022_1M,hin,L1,89885,anp_Deva
panel2,A,hin_news_2022_1M,hin,L1,90304,anp_Deva
panel2,A,hin_news_2022_1M,hin,L1,90480,hin_Deva
panel2,A,hin_news_2022_1M,hin,L1,90529,anp_Deva
panel2,A,hin_news_2022_1M,hin,L1,90750,hin_Deva
panel2,A,hin_news_2022_1M,hin,L1,91378,hin_Deva
panel2,A,hin_news_2022_1M,hin,L1,91551,hin_Deva
panel2,A,hin_news_2022_1M,hin,L1,91788,hin_Deva
panel2,A,hin_news_2022_1M,hin,L1,92217,hin_Deva
panel2,A,hin_news_2022_1M,hin,L1,92234,hin_Deva
panel2,A,hin_news_2022_1M,hin,L1,93006,hin_Deva
panel2,A,hin_news_2022_1M,hin,L1,93123,anp_Deva
panel2,A,hin_news_2022_1M,hin,L1,93516,hin_Deva
panel2,A,hin_news_2022_1M,hin,L1,93764,hin_Deva
panel2,A,hin_news_2022_1M,hin,L1,94686,hin_Deva
panel2,A,hin_news_2022_1M,hin,L1,94966,hin_Deva
panel2,A,hin_news_2022_1M,hin,L1,95108,hin_Deva
panel2,A,hin_news_2022_1M,hin,L1,95174,hin_Deva
panel2,A,hin_news_2022_1M,hin,L1,95277,hin_Deva
panel2,A,hin_news_2022_1M,hin,L1,95529,hin_Deva
panel2,A,hin_news_2022_1M,hin,L1,96449,hin_Deva
panel2,A,hin_news_2022_1M,hin,L1,97718,hin_Deva
panel2,A,hin_news_2022_1M,hin,L1,97802,hin_Deva
panel2,A,hin_news_2022_1M,hin,L1,98114,anp_Deva
panel2,A,hin_news_2022_1M,hin,L1,100039,hin_Deva
panel2,A,hin_news_2022_1M,hin,L1,100282,hin_Deva
panel2,A,hin_news_2022_1M,hin,L1,101850,hin_Deva
panel2,A,hin_news_2022_1M,hin,L1,101880,hin_Deva
panel2,A,hin_news_2022_1M,hin,L1,102068,hin_Deva
panel2,A,hin_news_2022_1M,hin,L1,102152,hin_Deva
panel2,A,hin_news_2022_1M,hin,L1,103147,hin_Deva
panel2,A,hin_news_2022_1M,hin,L1,105669,hin_Deva
panel2,A,hin_news_2022_1M,hin,L1,105740,hin_Deva
panel2,A,hin_news_2022_1M,hin,L1,105954,hin_Deva
panel2,A,hin_news_2022_1M,hin,L1,106180,hin_Deva
panel2,A,hin_news_2022_1M,hin,L1,106277,hin_Deva
panel2,A,hin_news_2022_1M,hin,L1,106885,hin_Deva
panel2,A,hin_news_2022_1M,hin,L1,109135,hin_Deva
panel2,A,hin_news_2022_1M,hin,L1,109679,anp_Deva
panel2,A,hin_news_2022_1M,hin,L1,109899,hin_Deva
panel2,A,hin_news_2022_1M,hin,L1,110900,hin_Deva
panel2,A,hin_news_2022_1M,hin,L1,111404,anp_Deva
panel2,A,hin_news_2022_1M,hin,L1,111415,anp_Deva
panel2,A,hin_news_2022_1M,hin,L1,111431,anp_Deva
panel2,A,hin_news_2022_1M,hin,L1,111442,anp_Deva
panel2,A,hin_news_2022_1M,hin,L1,112449,hin_Deva
panel2,A,hin_news_2022_1M,hin,L1,112458,hin_Deva
panel2,A,hin_news_2022_1M,hin,L1,112503,hin_Deva
panel2,A,hin_news_2022_1M,hin,L1,112551,hin_Deva
panel2,A,hin_news_2022_1M,hin,L1,113298,hin_Deva
panel2,A,hin_news_2022_1M,hin,L1,114375,hin_Deva
panel2,A,hin_news_2022_1M,hin,L1,115297,anp_Deva
panel2,A,hin_news_2022_1M,hin,L1,115312,hin_Deva
panel2,A,hin_news_2022_1M,hin,L1,115627,hin_Deva
panel2,A,hin_news_2022_1M,hin,L1,115916,hin_Deva
panel2,A,hin_news_2022_1M,hin,L1,116274,anp_Deva
panel2,A,hin_news_2022_1M,hin,L1,116655,hin_Deva
panel2,A,hin_news_2022_1M,hin,L1,117020,hin_Deva
panel2,A,hin_news_2022_1M,hin,L1,117349,anp_Deva
panel2,A,hin_news_2022_1M,hin,L1,117441,hin_Deva
panel2,A,hin_news_2022_1M,hin,L1,118261,hin_Deva
panel2,A,hin_news_2022_1M,hin,L1,118441,hin_Deva
panel2,A,hin_news_2022_1M,hin,L1,118961,hin_Deva
panel2,A,hin_news_2022_1M,hin,L1,119253,hin_Deva
panel2,A,hin_news_2022_1M,hin,L1,119526,hin_Deva
panel2,A,hin_news_2022_1M,hin,L1,120684,hin_Deva
panel2,A,hin_news_2022_1M,hin,L1,120863,hin_Deva
panel2,A,hin_news_2022_1M,hin,L1,123117,hin_Deva
panel2,A,hin_news_2022_1M,hin,L1,123861,anp_Deva
panel2,A,hin_news_2022_1M,hin,L1,124034,anp_Deva
panel2,A,hin_news_2022_1M,hin,L1,124101,hin_Deva
panel2,A,hin_news_2022_1M,hin,L1,125478,hin_Deva
panel2,A,hin_news_2022_1M,hin,L1,125631,hin_Deva
panel2,A,hin_news_2022_1M,hin,L1,125728,hin_Deva
panel2,A,hin_news_2022_1M,hin,L1,126402,hin_Deva
panel2,A,hin_news_2022_1M,hin,L1,126412,anp_Deva
panel2,A,hin_news_2022_1M,hin,L1,126515,hin_Deva
panel2,A,hin_news_2022_1M,hin,L1,126549,hin_Deva
panel2,A,hin_news_2022_1M,hin,L1,127495,anp_Deva
panel2,A,hin_news_2022_1M,hin,L1,127618,hin_Deva
panel2,A,hin_news_2022_1M,hin,L1,128198,anp_Deva
panel2,A,hin_news_2022_1M,hin,L1,128342,hin_Deva
panel2,A,hin_news_2022_1M,hin,L1,128370,hin_Deva
panel2,A,hin_news_2022_1M,hin,L1,129467,hin_Deva
panel2,A,hin_news_2022_1M,hin,L1,129668,anp_Deva
panel2,A,hin_news_2022_1M,hin,L1,130248,hin_Deva
panel2,A,hin_news_2022_1M,hin,L1,130538,hin_Deva
panel2,A,hin_news_2022_1M,hin,L1,132041,anp_Deva
panel2,A,hin_news_2022_1M,hin,L1,132068,hin_Deva
panel2,A,hin_news_2022_1M,hin,L1,132092,hin_Deva
panel2,A,hin_news_2022_1M,hin,L1,132350,hin_Deva
panel2,A,hin_news_2022_1M,hin,L1,132355,hin_Deva
panel2,A,hin_news_2022_1M,hin,L1,132572,hin_Deva
panel2,A,hin_news_2022_1M,hin,L1,132653,hin_Deva
panel2,A,hin_news_2022_1M,hin,L1,132771,hin_Deva
panel2,A,hin_news_2022_1M,hin,L1,134242,anp_Deva
panel2,A,hin_news_2022_1M,hin,L1,134409,anp_Deva
panel2,A,hin_news_2022_1M,hin,L1,135023,hin_Deva
panel2,A,hin_news_2022_1M,hin,L1,135065,hin_Deva
panel2,A,hin_news_2022_1M,hin,L1,135367,anp_Deva
panel2,A,hin_news_2022_1M,hin,L1,136773,anp_Deva
panel2,A,hin_news_2022_1M,hin,L1,137320,hin_Deva
panel2,A,hin_news_2022_1M,hin,L1,138407,awa_Deva
panel2,A,hin_news_2022_1M,hin,L1,138560,awa_Deva
panel2,A,hin_news_2022_1M,hin,L1,138871,hin_Deva
panel2,A,hin_news_2022_1M,hin,L1,139677,hin_Deva
panel2,A,hin_news_2022_1M,hin,L1,139763,hin_Deva
panel2,A,hin_news_2022_1M,hin,L1,139998,hin_Deva
panel2,A,hin_news_2022_1M,hin,L1,141261,anp_Deva
panel2,A,hin_news_2022_1M,hin,L1,141413,hin_Deva
panel2,A,hin_news_2022_1M,hin,L1,141478,hin_Deva
panel2,A,hin_news_2022_1M,hin,L1,142086,hin_Deva
panel2,A,hin_news_2022_1M,hin,L1,142599,hin_Deva
panel2,A,hin_news_2022_1M,hin,L1,143504,hin_Deva
panel2,A,hin_news_2022_1M,hin,L1,144354,hin_Deva
panel2,A,hin_news_2022_1M,hin,L1,144946,hin_Deva
panel2,A,hin_news_2022_1M,hin,L1,145570,hin_Deva
panel2,A,hin_news_2022_1M,hin,L1,145577,hin_Deva
panel2,A,hin_news_2022_1M,hin,L1,145701,hin_Deva
panel2,A,hin_news_2022_1M,hin,L1,147867,anp_Deva
panel2,A,hin_news_2022_1M,hin,L1,147931,anp_Deva
panel2,A,hin_news_2022_1M,hin,L1,148132,hin_Deva
panel2,A,hin_news_2022_1M,hin,L1,148308,hin_Deva
panel2,A,hin_news_2022_1M,hin,L1,149135,hin_Deva
panel2,A,hin_news_2022_1M,hin,L1,149723,anp_Deva
panel2,A,hin_news_2022_1M,hin,L1,150295,hin_Deva
panel2,A,hin_news_2022_1M,hin,L1,150471,hin_Deva
panel2,A,hin_news_2022_1M,hin,L1,151307,anp_Deva
panel2,A,hin_news_2022_1M,hin,L1,153191,anp_Deva
panel2,A,hin_news_2022_1M,hin,L1,153293,hin_Deva
panel2,A,hin_news_2022_1M,hin,L1,155082,hin_Deva
panel2,A,hin_news_2022_1M,hin,L1,155804,hin_Deva
panel2,A,hin_news_2022_1M,hin,L1,156268,hin_Deva
panel2,A,hin_news_2022_1M,hin,L1,156365,hin_Deva
panel2,A,hin_news_2022_1M,hin,L1,156562,anp_Deva
panel2,A,hin_news_2022_1M,hin,L1,157106,anp_Deva
panel2,A,hin_news_2022_1M,hin,L1,157219,hin_Deva
panel2,A,hin_news_2022_1M,hin,L1,158243,hin_Deva
panel2,A,hin_news_2022_1M,hin,L1,158972,anp_Deva
panel2,A,hin_news_2022_1M,hin,L1,159750,hin_Deva
panel2,A,hin_news_2022_1M,hin,L1,159849,hin_Deva
panel2,A,hin_news_2022_1M,hin,L1,159887,hin_Deva
panel2,A,hin_news_2022_1M,hin,L1,159930,hin_Deva
panel2,A,hin_news_2022_1M,hin,L1,160793,anp_Deva
panel2,A,hin_news_2022_1M,hin,L1,160946,hin_Deva
panel2,A,hin_news_2022_1M,hin,L1,161432,hin_Deva
panel2,A,hin_news_2022_1M,hin,L1,162099,hin_Deva
panel2,A,hin_news_2022_1M,hin,L1,162354,hin_Deva
panel2,A,hin_news_2022_1M,hin,L1,162736,hin_Deva
panel2,A,hin_news_2022_1M,hin,L1,163228,hin_Deva
panel2,A,hin_news_2022_1M,hin,L1,163970,anp_Deva
panel2,A,hin_news_2022_1M,hin,L1,164411,hin_Deva
panel2,A,hin_news_2022_1M,hin,L1,164717,hin_Deva
panel2,A,hin_news_2022_1M,hin,L1,164781,hin_Deva
panel2,A,hin_news_2022_1M,hin,L1,165261,anp_Deva
panel2,A,hin_news_2022_1M,hin,L1,165434,hin_Deva
panel2,A,hin_news_2022_1M,hin,L1,166220,hin_Deva
panel2,A,hin_news_2022_1M,hin,L1,166533,hin_Deva
panel2,A,hin_news_2022_1M,hin,L1,167462,hin_Deva
panel2,A,hin_news_2022_1M,hin,L1,167591,hin_Deva
panel2,A,hin_news_2022_1M,hin,L1,168540,hin_Deva
panel2,A,hin_news_2022_1M,hin,L1,168803,hin_Deva
panel2,A,hin_news_2022_1M,hin,L1,168845,anp_Deva
panel2,A,hin_news_2022_1M,hin,L1,169039,hin_Deva
panel2,A,hin_news_2022_1M,hin,L1,169828,hin_Deva
panel2,A,hin_news_2022_1M,hin,L1,170438,hin_Deva
panel2,A,hin_news_2022_1M,hin,L1,170447,hin_Deva
panel2,A,hin_news_2022_1M,hin,L1,171391,hin_Deva
panel2,A,hin_news_2022_1M,hin,L1,171739,hin_Deva
panel2,A,hin_news_2022_1M,hin,L1,172318,hin_Deva
panel2,A,hin_news_2022_1M,hin,L1,172562,hin_Deva
panel2,A,hin_news_2022_1M,hin,L1,172776,hin_Deva
panel2,A,hin_news_2022_1M,hin,L1,173736,hin_Deva
panel2,A,hin_news_2022_1M,hin,L1,173767,hin_Deva
panel2,A,hin_news_2022_1M,hin,L1,173813,hin_Deva
panel2,A,hin_news_2022_1M,hin,L1,174269,anp_Deva
panel2,A,hin_news_2022_1M,hin,L1,174482,hin_Deva
panel2,A,hin_news_2022_1M,hin,L1,174634,hin_Deva
panel2,A,hin_news_2022_1M,hin,L1,175939,hin_Deva
panel2,A,hin_news_2022_1M,hin,L1,175996,anp_Deva
panel2,A,hin_news_2022_1M,hin,L1,176999,hin_Deva
panel2,A,hin_news_2022_1M,hin,L1,177018,hin_Deva
panel2,A,hin_news_2022_1M,hin,L1,177051,hin_Deva
panel2,A,hin_news_2022_1M,hin,L1,177454,hin_Deva
panel2,A,hin_news_2022_1M,hin,L1,177479,hin_Deva
panel2,A,hin_news_2022_1M,hin,L1,178602,hin_Deva
panel2,A,hin_news_2022_1M,hin,L1,178642,hin_Deva
panel2,A,hin_news_2022_1M,hin,L1,179248,hin_Deva
panel2,A,hin_news_2022_1M,hin,L1,179542,hin_Deva
panel2,A,hin_news_2022_1M,hin,L1,179667,hin_Deva
panel2,A,hin_news_2022_1M,hin,L1,179824,hin_Deva
panel2,A,hin_news_2022_1M,hin,L1,180850,hin_Deva
panel2,A,hin_news_2022_1M,hin,L1,181009,hin_Deva
panel2,A,hin_news_2022_1M,hin,L1,181717,hin_Deva
panel2,A,hin_news_2022_1M,hin,L1,181823,anp_Deva
panel2,A,hin_news_2022_1M,hin,L1,181884,hin_Deva
panel2,A,hin_news_2022_1M,hin,L1,182136,hin_Deva
panel2,A,hin_news_2022_1M,hin,L1,182580,hin_Deva
panel2,A,hin_news_2022_1M,hin,L1,182820,hin_Deva
panel2,A,hin_news_2022_1M,hin,L1,183479,hin_Deva
panel2,A,hin_news_2022_1M,hin,L1,183596,hin_Deva
panel2,A,hin_news_2022_1M,hin,L1,183989,hin_Deva
panel2,A,hin_news_2022_1M,hin,L1,185232,hin_Deva
panel2,A,hin_news_2022_1M,hin,L1,186023,hin_Deva
panel2,A,hin_news_2022_1M,hin,L1,186065,hin_Deva
panel2,A,hin_news_2022_1M,hin,L1,186844,anp_Deva
panel2,A,hin_news_2022_1M,hin,L1,187442,hin_Deva
panel2,A,hin_news_2022_1M,hin,L1,187465,hin_Deva
panel2,A,hin_news_2022_1M,hin,L1,188008,anp_Deva
panel2,A,hin_news_2022_1M,hin,L1,188942,hin_Deva
panel2,A,hin_news_2022_1M,hin,L1,190265,anp_Deva
panel2,A,hin_news_2022_1M,hin,L1,190326,anp_Deva
panel2,A,hin_news_2022_1M,hin,L1,190996,hin_Deva
panel2,A,hin_news_2022_1M,hin,L1,191294,hin_Deva
panel2,A,hin_news_2022_1M,hin,L1,191843,hin_Deva
panel2,A,hin_news_2022_1M,hin,L1,194132,hin_Deva
panel2,A,hin_news_2022_1M,hin,L1,194850,hin_Deva
panel2,A,hin_news_2022_1M,hin,L1,195487,hin_Deva
panel2,A,hin_news_2022_1M,hin,L1,195795,hin_Deva
panel2,A,hin_news_2022_1M,hin,L1,196636,hin_Deva
panel2,A,hin_news_2022_1M,hin,L1,196816,anp_Deva
panel2,A,hin_news_2022_1M,hin,L1,197048,hin_Deva
panel2,A,hin_news_2022_1M,hin,L1,197182,hin_Deva
panel2,A,hin_news_2022_1M,hin,L1,199805,hin_Deva
panel2,A,hin_news_2022_1M,hin,L1,200062,anp_Deva
panel2,A,hin_news_2022_1M,hin,L1,200193,hin_Deva
panel2,A,hin_news_2022_1M,hin,L1,202244,hin_Deva
panel2,A,hin_news_2022_1M,hin,L1,203573,hin_Deva
panel2,A,hin_news_2022_1M,hin,L1,203704,hin_Deva
panel2,A,hin_news_2022_1M,hin,L1,203909,anp_Deva
panel2,A,hin_news_2022_1M,hin,L1,204534,hin_Deva
panel2,A,hin_news_2022_1M,hin,L1,204572,hin_Deva
panel2,A,hin_news_2022_1M,hin,L1,205496,hin_Deva
panel2,A,hin_news_2022_1M,hin,L1,206471,hin_Deva
panel2,A,hin_news_2022_1M,hin,L1,207616,hin_Deva
panel2,A,hin_news_2022_1M,hin,L1,208064,hin_Deva
panel2,A,hin_news_2022_1M,hin,L1,208617,hin_Deva
panel2,A,hin_news_2022_1M,hin,L1,208972,hin_Deva
panel2,A,hin_news_2022_1M,hin,L1,210226,hin_Deva
panel2,A,hin_news_2022_1M,hin,L1,210287,anp_Deva
panel2,A,hin_news_2022_1M,hin,L1,211078,hin_Deva
panel2,A,hin_news_2022_1M,hin,L1,212011,anp_Deva
panel2,A,hin_news_2022_1M,hin,L1,212153,hin_Deva
panel2,A,hin_news_2022_1M,hin,L1,212910,hin_Deva
panel2,A,hin_news_2022_1M,hin,L1,212924,hin_Deva
panel2,A,hin_news_2022_1M,hin,L1,213977,hin_Deva
panel2,A,hin_news_2022_1M,hin,L1,214219,hin_Deva
panel2,A,hin_news_2022_1M,hin,L1,214508,hin_Deva
panel2,A,hin_news_2022_1M,hin,L1,214985,anp_Deva
panel2,A,hin_news_2022_1M,hin,L1,215120,hin_Deva
panel2,A,hin_news_2022_1M,hin,L1,215862,hin_Deva
panel2,A,hin_news_2022_1M,hin,L1,215963,hin_Deva
panel2,A,hin_news_2022_1M,hin,L1,216382,hin_Deva
panel2,A,hin_news_2022_1M,hin,L1,216616,anp_Deva
panel2,A,hin_news_2022_1M,hin,L1,217466,anp_Deva
panel2,A,hin_news_2022_1M,hin,L1,217556,hin_Deva
panel2,A,hin_news_2022_1M,hin,L1,217707,hin_Deva
panel2,A,hin_news_2022_1M,hin,L1,217952,hin_Deva
panel2,A,hin_news_2022_1M,hin,L1,218708,hin_Deva
panel2,A,hin_news_2022_1M,hin,L1,219248,hin_Deva
panel2,A,hin_news_2022_1M,hin,L1,219687,hin_Deva
panel2,A,hin_news_2022_1M,hin,L1,220192,hin_Deva
panel2,A,hin_news_2022_1M,hin,L1,220820,anp_Deva
panel2,A,hin_news_2022_1M,hin,L1,222336,hin_Deva
panel2,A,hin_news_2022_1M,hin,L1,222401,hin_Deva
panel2,A,hin_news_2022_1M,hin,L1,222428,hin_Deva
panel2,A,hin_news_2022_1M,hin,L1,222530,hin_Deva
panel2,A,hin_news_2022_1M,hin,L1,222891,hin_Deva
panel2,A,hin_news_2022_1M,hin,L1,223039,hin_Deva
panel2,A,hin_news_2022_1M,hin,L1,223868,hin_Deva
panel2,A,hin_news_2022_1M,hin,L1,223996,hin_Deva
panel2,A,hin_news_2022_1M,hin,L1,225136,hin_Deva
panel2,A,hin_news_2022_1M,hin,L1,225639,hin_Deva
panel2,A,hin_news_2022_1M,hin,L1,226933,anp_Deva
panel2,A,hin_news_2022_1M,hin,L1,226962,hin_Deva
panel2,A,hin_news_2022_1M,hin,L1,227128,hin_Deva
panel2,A,hin_news_2022_1M,hin,L1,227266,hin_Deva
panel2,A,hin_news_2022_1M,hin,L1,227300,hin_Deva
panel2,A,hin_news_2022_1M,hin,L1,227822,anp_Deva
panel2,A,hin_news_2022_1M,hin,L1,227959,hin_Deva
panel2,A,hin_news_2022_1M,hin,L1,229246,anp_Deva
panel2,A,hin_news_2022_1M,hin,L1,229466,hin_Deva
panel2,A,hin_news_2022_1M,hin,L1,229681,hin_Deva
panel2,A,hin_news_2022_1M,hin,L1,229824,anp_Deva
panel2,A,hin_news_2022_1M,hin,L1,229959,hin_Deva
panel2,A,hin_news_2022_1M,hin,L1,230033,hin_Deva
panel2,A,hin_news_2022_1M,hin,L1,230114,hin_Deva
panel2,A,hin_news_2022_1M,hin,L1,230442,hin_Deva
panel2,A,hin_news_2022_1M,hin,L1,230912,hin_Deva
panel2,A,hin_news_2022_1M,hin,L1,230966,hin_Deva
panel2,A,hin_news_2022_1M,hin,L1,231121,hin_Deva
panel2,A,hin_news_2022_1M,hin,L1,231790,hin_Deva
panel2,A,hin_news_2022_1M,hin,L1,231835,hin_Deva
panel2,A,hin_news_2022_1M,hin,L1,231980,hin_Deva
panel2,A,hin_news_2022_1M,hin,L1,232214,hin_Deva
panel2,A,hin_news_2022_1M,hin,L1,232771,hin_Deva
panel2,A,hin_news_2022_1M,hin,L1,232790,hin_Deva
panel2,A,hin_news_2022_1M,hin,L1,234224,hin_Deva
panel2,A,hin_news_2022_1M,hin,L1,234694,hin_Deva
panel2,A,hin_news_2022_1M,hin,L1,235097,hin_Deva
panel2,A,hin_news_2022_1M,hin,L1,235605,hin_Deva
panel2,A,hin_news_2022_1M,hin,L1,235651,hin_Deva
panel2,A,hin_news_2022_1M,hin,L1,236039,anp_Deva
panel2,A,hin_news_2022_1M,hin,L1,236560,anp_Deva
panel2,A,hin_news_2022_1M,hin,L1,237335,hin_Deva
panel2,A,hin_news_2022_1M,hin,L1,238142,hin_Deva
panel2,A,hin_news_2022_1M,hin,L1,238972,anp_Deva
panel2,A,hin_news_2022_1M,hin,L1,239070,hin_Deva
panel2,A,hin_news_2022_1M,hin,L1,240269,hin_Deva
panel2,A,hin_news_2022_1M,hin,L1,240377,anp_Deva
panel2,A,hin_news_2022_1M,hin,L1,240876,hin_Deva
panel2,A,hin_news_2022_1M,hin,L1,241263,hin_Deva
panel2,A,hin_news_2022_1M,hin,L1,242213,hin_Deva
panel2,A,hin_news_2022_1M,hin,L1,242977,anp_Deva
panel2,A,hin_news_2022_1M,hin,L1,243189,hin_Deva
panel2,A,hin_news_2022_1M,hin,L1,243242,anp_Deva
panel2,A,hin_news_2022_1M,hin,L1,243812,anp_Deva
panel2,A,hin_news_2022_1M,hin,L1,243907,anp_Deva
panel2,A,hin_news_2022_1M,hin,L1,244097,anp_Deva
panel2,A,hin_news_2022_1M,hin,L1,244314,hin_Deva
panel2,A,hin_news_2022_1M,hin,L1,244832,anp_Deva
panel2,A,hin_news_2022_1M,hin,L1,245288,hin_Deva
panel2,A,hin_news_2022_1M,hin,L1,245580,hin_Deva
panel2,A,hin_news_2022_1M,hin,L1,248023,hin_Deva
panel2,A,hin_news_2022_1M,hin,L1,248299,hin_Deva
panel2,A,hin_news_2022_1M,hin,L1,249197,hin_Deva
panel2,A,hin_news_2022_1M,hin,L1,249720,hin_Deva
panel2,A,hin_news_2022_1M,hin,L1,250305,hin_Deva
panel2,A,hin_news_2022_1M,hin,L1,250463,hin_Deva
panel2,A,hin_news_2022_1M,hin,L1,250636,hin_Deva
panel2,A,hin_news_2022_1M,hin,L1,250654,hin_Deva
panel2,A,hin_news_2022_1M,hin,L1,250703,anp_Deva
panel2,A,hin_news_2022_1M,hin,L1,251198,hin_Deva
panel2,A,hin_news_2022_1M,hin,L1,251282,anp_Deva
panel2,A,hin_news_2022_1M,hin,L1,251849,anp_Deva
panel2,A,hin_news_2022_1M,hin,L1,251881,hin_Deva
panel2,A,hin_news_2022_1M,hin,L1,253121,hin_Deva
panel2,A,hin_news_2022_1M,hin,L1,253327,hin_Deva
panel2,A,hin_news_2022_1M,hin,L1,253521,hin_Deva
panel2,A,hin_news_2022_1M,hin,L1,254560,hin_Deva
panel2,A,hin_news_2022_1M,hin,L1,255143,hin_Deva
panel2,A,hin_news_2022_1M,hin,L1,255214,hin_Deva
panel2,A,hin_news_2022_1M,hin,L1,255342,anp_Deva
panel2,A,hin_news_2022_1M,hin,L1,256246,hin_Deva
panel2,A,hin_news_2022_1M,hin,L1,256276,hin_Deva
panel2,A,hin_news_2022_1M,hin,L1,256575,hin_Deva
panel2,A,hin_news_2022_1M,hin,L1,256799,hin_Deva
panel2,A,hin_news_2022_1M,hin,L1,257636,anp_Deva
panel2,A,hin_news_2022_1M,hin,L1,257878,hin_Deva
panel2,A,hin_news_2022_1M,hin,L1,258771,hin_Deva
panel2,A,hin_news_2022_1M,hin,L1,258954,hin_Deva
panel2,A,hin_news_2022_1M,hin,L1,259000,hin_Deva
panel2,A,hin_news_2022_1M,hin,L1,259647,hin_Deva
panel2,A,hin_news_2022_1M,hin,L1,260386,hin_Deva
panel2,A,hin_news_2022_1M,hin,L1,262943,hin_Deva
panel2,A,hin_news_2022_1M,hin,L1,262959,hin_Deva
panel2,A,hin_news_2022_1M,hin,L1,264620,anp_Deva
panel2,A,hin_news_2022_1M,hin,L1,266256,hin_Deva
panel2,A,hin_news_2022_1M,hin,L1,266461,hin_Deva
panel2,A,hin_news_2022_1M,hin,L1,267363,hin_Deva
panel2,A,hin_news_2022_1M,hin,L1,267752,hin_Deva
panel2,A,hin_news_2022_1M,hin,L1,267871,hin_Deva
panel2,A,hin_news_2022_1M,hin,L1,268496,anp_Deva
panel2,A,hin_news_2022_1M,hin,L1,268549,hin_Deva
panel2,A,hin_news_2022_1M,hin,L1,268550,hin_Deva
panel2,A,hin_news_2022_1M,hin,L1,268993,hin_Deva
panel2,A,hin_news_2022_1M,hin,L1,269502,hin_Deva
panel2,A,hin_news_2022_1M,hin,L1,269988,hin_Deva
panel2,A,hin_news_2022_1M,hin,L1,271224,hin_Deva
panel2,A,hin_news_2022_1M,hin,L1,271627,hin_Deva
panel2,A,hin_news_2022_1M,hin,L1,272313,hin_Deva
panel2,A,hin_news_2022_1M,hin,L1,272683,hin_Deva
panel2,A,hin_news_2022_1M,hin,L1,272834,anp_Deva
panel2,A,hin_news_2022_1M,hin,L1,272979,hin_Deva
panel2,A,hin_news_2022_1M,hin,L1,273905,hin_Deva
panel2,A,hin_news_2022_1M,hin,L1,274759,hin_Deva
panel2,A,hin_news_2022_1M,hin,L1,276234,hin_Deva
panel2,A,hin_news_2022_1M,hin,L1,276975,hin_Deva
panel2,A,hin_news_2022_1M,hin,L1,277150,hin_Deva
panel2,A,hin_news_2022_1M,hin,L1,277162,hin_Deva
panel2,A,hin_news_2022_1M,hin,L1,277515,hin_Deva
panel2,A,hin_news_2022_1M,hin,L1,277684,hin_Deva
panel2,A,hin_news_2022_1M,hin,L1,277689,hin_Deva
panel2,A,hin_news_2022_1M,hin,L1,278421,hin_Deva
panel2,A,hin_news_2022_1M,hin,L1,278539,hin_Deva
panel2,A,hin_news_2022_1M,hin,L1,278798,hin_Deva
panel2,A,hin_news_2022_1M,hin,L1,279091,hin_Deva
panel2,A,hin_news_2022_1M,hin,L1,279260,hin_Deva
panel2,A,hin_news_2022_1M,hin,L1,279301,anp_Deva
panel2,A,hin_news_2022_1M,hin,L1,281546,hin_Deva
panel2,A,hin_news_2022_1M,hin,L1,281812,hin_Deva
panel2,A,hin_news_2022_1M,hin,L1,282394,hin_Deva
panel2,A,hin_news_2022_1M,hin,L1,282976,anp_Deva
panel2,A,hin_news_2022_1M,hin,L1,285127,hin_Deva
panel2,A,hin_news_2022_1M,hin,L1,285439,hin_Deva
panel2,A,hin_news_2022_1M,hin,L1,285644,hin_Deva
panel2,A,hin_news_2022_1M,hin,L1,285658,anp_Deva
panel2,A,hin_news_2022_1M,hin,L1,286283,hin_Deva
panel2,A,hin_news_2022_1M,hin,L1,286297,hin_Deva
panel2,A,hin_news_2022_1M,hin,L1,286436,hin_Deva
panel2,A,hin_news_2022_1M,hin,L1,287423,hin_Deva
panel2,A,hin_news_2022_1M,hin,L1,287634,hin_Deva
panel2,A,hin_news_2022_1M,hin,L1,288483,hin_Deva
panel2,A,hin_news_2022_1M,hin,L1,288782,anp_Deva
panel2,A,hin_news_2022_1M,hin,L1,288926,hin_Deva
panel2,A,hin_news_2022_1M,hin,L1,289013,hin_Deva
panel2,A,hin_news_2022_1M,hin,L1,289087,hin_Deva
panel2,A,hin_news_2022_1M,hin,L1,289625,hin_Deva
panel2,A,hin_news_2022_1M,hin,L1,289867,hin_Deva
panel2,A,hin_news_2022_1M,hin,L1,290196,hin_Deva
panel2,A,hin_news_2022_1M,hin,L1,290271,hin_Deva
panel2,A,hin_news_2022_1M,hin,L1,290368,anp_Deva
panel2,A,hin_news_2022_1M,hin,L1,291035,hin_Deva
panel2,A,hin_news_2022_1M,hin,L1,291262,hin_Deva
panel2,A,hin_news_2022_1M,hin,L1,293401,hin_Deva
panel2,A,hin_news_2022_1M,hin,L1,296098,hin_Deva
panel2,A,hin_news_2022_1M,hin,L1,297951,hin_Deva
panel2,A,hin_news_2022_1M,hin,L1,298702,anp_Deva
panel2,A,hin_news_2022_1M,hin,L1,298960,hin_Deva
panel2,A,hin_news_2022_1M,hin,L1,299010,hin_Deva
panel2,A,hin_news_2022_1M,hin,L1,299154,hin_Deva
panel2,A,hin_news_2022_1M,hin,L1,300155,hin_Deva
panel2,A,hin_news_2022_1M,hin,L1,300509,hin_Deva
panel2,A,hin_news_2022_1M,hin,L1,301640,hin_Deva
panel2,A,hin_news_2022_1M,hin,L1,301863,anp_Deva
panel2,A,hin_news_2022_1M,hin,L1,302282,hin_Deva
panel2,A,hin_news_2022_1M,hin,L1,302457,hin_Deva
panel2,A,hin_news_2022_1M,hin,L1,302739,hin_Deva
panel2,A,hin_news_2022_1M,hin,L1,302907,hin_Deva
panel2,A,hin_news_2022_1M,hin,L1,303229,hin_Deva
panel2,A,hin_news_2022_1M,hin,L1,303567,hin_Deva
panel2,A,hin_news_2022_1M,hin,L1,303684,hin_Deva
panel2,A,hin_news_2022_1M,hin,L1,304871,hin_Deva
panel2,A,hin_news_2022_1M,hin,L1,305126,hin_Deva
panel2,A,hin_news_2022_1M,hin,L1,305186,hin_Deva
panel2,A,hin_news_2022_1M,hin,L1,305662,hin_Deva
panel2,A,hin_news_2022_1M,hin,L1,306408,anp_Deva
panel2,A,hin_news_2022_1M,hin,L1,306711,hin_Deva
panel2,A,hin_news_2022_1M,hin,L1,306809,anp_Deva
panel2,A,hin_news_2022_1M,hin,L1,306837,anp_Deva
panel2,A,hin_news_2022_1M,hin,L1,307415,hin_Deva
panel2,A,hin_news_2022_1M,hin,L1,308192,hin_Deva
panel2,A,hin_news_2022_1M,hin,L1,308727,hin_Deva
panel2,A,hin_news_2022_1M,hin,L1,308975,hin_Deva
panel2,A,hin_news_2022_1M,hin,L1,309348,hin_Deva
panel2,A,hin_news_2022_1M,hin,L1,309757,hin_Deva
panel2,A,hin_news_2022_1M,hin,L1,309896,hin_Deva
panel2,A,hin_news_2022_1M,hin,L1,309993,hin_Deva
panel2,A,hin_news_2022_1M,hin,L1,310000,hin_Deva
panel2,A,hin_news_2022_1M,hin,L1,310587,hin_Deva
panel2,A,hin_news_2022_1M,hin,L1,311518,anp_Deva
panel2,A,hin_news_2022_1M,hin,L1,312355,anp_Deva
panel2,A,hin_news_2022_1M,hin,L1,312361,hin_Deva
panel2,A,hin_news_2022_1M,hin,L1,312411,hin_Deva
panel2,A,hin_news_2022_1M,hin,L1,312530,hin_Deva
panel2,A,hin_news_2022_1M,hin,L1,314554,anp_Deva
panel2,A,hin_news_2022_1M,hin,L1,315262,hin_Deva
panel2,A,hin_news_2022_1M,hin,L1,316246,hin_Deva
panel2,A,hin_news_2022_1M,hin,L1,316431,hin_Deva
panel2,A,hin_news_2022_1M,hin,L1,316647,hin_Deva
panel2,A,hin_news_2022_1M,hin,L1,316890,anp_Deva
panel2,A,hin_news_2022_1M,hin,L1,317280,anp_Deva
panel2,A,hin_news_2022_1M,hin,L1,317337,hin_Deva
panel2,A,hin_news_2022_1M,hin,L1,318213,hin_Deva
panel2,A,hin_news_2022_1M,hin,L1,318884,hin_Deva
panel2,A,hin_news_2022_1M,hin,L1,319532,hin_Deva
panel2,A,hin_news_2022_1M,hin,L1,319898,hin_Deva
panel2,A,hin_news_2022_1M,hin,L1,320102,hin_Deva
panel2,A,hin_news_2022_1M,hin,L1,320590,hin_Deva
panel2,A,hin_news_2022_1M,hin,L1,320698,sck_Deva
panel2,A,hin_news_2022_1M,hin,L1,322054,hin_Deva
panel2,A,hin_news_2022_1M,hin,L1,322272,anp_Deva
panel2,A,hin_news_2022_1M,hin,L1,322458,anp_Deva
panel2,A,hin_news_2022_1M,hin,L1,323722,anp_Deva
panel2,A,hin_news_2022_1M,hin,L1,324116,hin_Deva
panel2,A,hin_news_2022_1M,hin,L1,324280,hin_Deva
panel2,A,hin_news_2022_1M,hin,L1,324474,hin_Deva
panel2,A,hin_news_2022_1M,hin,L1,324741,hin_Deva
panel2,A,hin_news_2022_1M,hin,L1,325106,hin_Deva
panel2,A,hin_news_2022_1M,hin,L1,325893,hin_Deva
panel2,A,hin_news_2022_1M,hin,L1,327057,hin_Deva
panel2,A,hin_news_2022_1M,hin,L1,327528,hin_Deva
panel2,A,hin_news_2022_1M,hin,L1,328665,hin_Deva
panel2,A,hin_news_2022_1M,hin,L1,328668,hin_Deva
panel2,A,hin_news_2022_1M,hin,L1,329076,hin_Deva
panel2,A,hin_news_2022_1M,hin,L1,329348,hin_Deva
panel2,A,hin_news_2022_1M,hin,L1,329357,hin_Deva
panel2,A,hin_news_2022_1M,hin,L1,329556,hin_Deva
panel2,A,hin_news_2022_1M,hin,L1,329579,hin_Deva
panel2,A,hin_news_2022_1M,hin,L1,329774,hin_Deva
panel2,A,hin_news_2022_1M,hin,L1,330040,hin_Deva
panel2,A,hin_news_2022_1M,hin,L1,330373,hin_Deva
panel2,A,hin_news_2022_1M,hin,L1,331459,hin_Deva
panel2,A,hin_news_2022_1M,hin,L1,331928,hin_Deva
panel2,A,hin_news_2022_1M,hin,L1,333015,hin_Deva
panel2,A,hin_news_2022_1M,hin,L1,333383,hin_Deva
panel2,A,hin_news_2022_1M,hin,L1,333838,hin_Deva
panel2,A,hin_news_2022_1M,hin,L1,334489,hin_Deva
panel2,A,hin_news_2022_1M,hin,L1,335203,hin_Deva
panel2,A,hin_news_2022_1M,hin,L1,335255,hin_Deva
panel2,A,hin_news_2022_1M,hin,L1,335351,hin_Deva
panel2,A,hin_news_2022_1M,hin,L1,335790,hin_Deva
panel2,A,hin_news_2022_1M,hin,L1,336564,hin_Deva
panel2,A,hin_news_2022_1M,hin,L1,337381,hin_Deva
panel2,A,hin_news_2022_1M,hin,L1,337463,hin_Deva
panel2,A,hin_news_2022_1M,hin,L1,338305,hin_Deva
panel2,A,hin_news_2022_1M,hin,L1,338396,hin_Deva
panel2,A,hin_news_2022_1M,hin,L1,338608,hin_Deva
panel2,A,hin_news_2022_1M,hin,L1,339382,hin_Deva
panel2,A,hin_news_2022_1M,hin,L1,339528,hin_Deva
panel2,A,hin_news_2022_1M,hin,L1,339606,anp_Deva
panel2,A,hin_news_2022_1M,hin,L1,340157,hin_Deva
panel2,A,hin_news_2022_1M,hin,L1,340606,hin_Deva
panel2,A,hin_news_2022_1M,hin,L1,340827,hin_Deva
panel2,A,hin_news_2022_1M,hin,L1,341506,hin_Deva
panel2,A,hin_news_2022_1M,hin,L1,341901,new_Deva
panel2,A,hin_news_2022_1M,hin,L1,342314,hin_Deva
panel2,A,hin_news_2022_1M,hin,L1,342823,hin_Deva
panel2,A,hin_news_2022_1M,hin,L1,342967,hin_Deva
panel2,A,hin_news_2022_1M,hin,L1,343065,hin_Deva
panel2,A,hin_news_2022_1M,hin,L1,343473,hin_Deva
panel2,A,hin_news_2022_1M,hin,L1,345169,hin_Deva
panel2,A,hin_news_2022_1M,hin,L1,345336,anp_Deva
panel2,A,hin_news_2022_1M,hin,L1,345472,hin_Deva
panel2,A,hin_news_2022_1M,hin,L1,345500,hin_Deva
panel2,A,hin_news_2022_1M,hin,L1,345525,hin_Deva
panel2,A,hin_news_2022_1M,hin,L1,345775,hin_Deva
panel2,A,hin_news_2022_1M,hin,L1,347237,anp_Deva
panel2,A,hin_news_2022_1M,hin,L1,347497,hin_Deva
panel2,A,hin_news_2022_1M,hin,L1,348210,hin_Deva
panel2,A,hin_news_2022_1M,hin,L1,348451,hin_Deva
panel2,A,hin_news_2022_1M,hin,L1,349443,hin_Deva
panel2,A,hin_news_2022_1M,hin,L1,350777,hin_Deva
panel2,A,hin_news_2022_1M,hin,L1,350783,hin_Deva
panel2,A,hin_news_2022_1M,hin,L1,350961,hin_Deva
panel2,A,hin_news_2022_1M,hin,L1,352150,anp_Deva
panel2,A,hin_news_2022_1M,hin,L1,352589,hin_Deva
panel2,A,hin_news_2022_1M,hin,L1,352628,hin_Deva
panel2,A,hin_news_2022_1M,hin,L1,353116,hin_Deva
panel2,A,hin_news_2022_1M,hin,L1,353387,hin_Deva
panel2,A,hin_news_2022_1M,hin,L1,353417,hin_Deva
panel2,A,hin_news_2022_1M,hin,L1,353720,hin_Deva
panel2,A,hin_news_2022_1M,hin,L1,353994,hin_Deva
panel2,A,hin_news_2022_1M,hin,L1,354246,hin_Deva
panel2,A,hin_news_2022_1M,hin,L1,355010,hin_Deva
panel2,A,hin_news_2022_1M,hin,L1,356268,hin_Deva
panel2,A,hin_news_2022_1M,hin,L1,358305,anp_Deva
panel2,A,hin_news_2022_1M,hin,L1,359075,anp_Deva
panel2,A,hin_news_2022_1M,hin,L1,359603,hin_Deva
panel2,A,hin_news_2022_1M,hin,L1,360125,anp_Deva
panel2,A,hin_news_2022_1M,hin,L1,361498,anp_Deva
panel2,A,hin_news_2022_1M,hin,L1,362453,hin_Deva
panel2,A,hin_news_2022_1M,hin,L1,363001,hin_Deva
panel2,A,hin_news_2022_1M,hin,L1,364446,hin_Deva
panel2,A,hin_news_2022_1M,hin,L1,364581,hin_Deva
panel2,A,hin_news_2022_1M,hin,L1,365860,hin_Deva
panel2,A,hin_news_2022_1M,hin,L1,366647,hin_Deva
panel2,A,hin_news_2022_1M,hin,L1,368069,hin_Deva
panel2,A,hin_news_2022_1M,hin,L1,368782,hin_Deva
panel2,A,hin_news_2022_1M,hin,L1,369123,hin_Deva
panel2,A,hin_news_2022_1M,hin,L1,369294,hin_Deva
panel2,A,hin_news_2022_1M,hin,L1,369673,hin_Deva
panel2,A,hin_news_2022_1M,hin,L1,369874,hin_Deva
panel2,A,hin_news_2022_1M,hin,L1,370095,hin_Deva
panel2,A,hin_news_2022_1M,hin,L1,370412,hin_Deva
panel2,A,hin_news_2022_1M,hin,L1,370480,hin_Deva
panel2,A,hin_news_2022_1M,hin,L1,370584,hin_Deva
panel2,A,hin_news_2022_1M,hin,L1,371313,hin_Deva
panel2,A,hin_news_2022_1M,hin,L1,371369,hin_Deva
panel2,A,hin_news_2022_1M,hin,L1,371547,hin_Deva
panel2,A,hin_news_2022_1M,hin,L1,371880,hin_Deva
panel2,A,hin_news_2022_1M,hin,L1,371892,anp_Deva
panel2,A,hin_news_2022_1M,hin,L1,372290,anp_Deva
panel2,A,hin_news_2022_1M,hin,L1,372326,hin_Deva
panel2,A,hin_news_2022_1M,hin,L1,372619,hin_Deva
panel2,A,hin_news_2022_1M,hin,L1,372650,anp_Deva
panel2,A,hin_news_2022_1M,hin,L1,373069,hin_Deva
panel2,A,hin_news_2022_1M,hin,L1,373268,anp_Deva
panel2,A,hin_news_2022_1M,hin,L1,373402,hin_Deva
panel2,A,hin_news_2022_1M,hin,L1,373560,hin_Deva
panel2,A,hin_news_2022_1M,hin,L1,375272,anp_Deva
panel2,A,hin_news_2022_1M,hin,L1,375619,hin_Deva
panel2,A,hin_news_2022_1M,hin,L1,375799,hin_Deva
panel2,A,hin_news_2022_1M,hin,L1,376815,hin_Deva
panel2,A,hin_news_2022_1M,hin,L1,376985,anp_Deva
panel2,A,hin_news_2022_1M,hin,L1,377211,hin_Deva
panel2,A,hin_news_2022_1M,hin,L1,377517,hin_Deva
panel2,A,hin_news_2022_1M,hin,L1,377674,hin_Deva
panel2,A,hin_news_2022_1M,hin,L1,378969,hin_Deva
panel2,A,hin_news_2022_1M,hin,L1,379202,hin_Deva
panel2,A,hin_news_2022_1M,hin,L1,381118,hin_Deva
panel2,A,hin_news_2022_1M,hin,L1,383092,hin_Deva
panel2,A,hin_news_2022_1M,hin,L1,383810,hin_Deva
panel2,A,hin_news_2022_1M,hin,L1,384408,hin_Deva
panel2,A,hin_news_2022_1M,hin,L1,384549,hin_Deva
panel2,A,hin_news_2022_1M,hin,L1,384556,hin_Deva
panel2,A,hin_news_2022_1M,hin,L1,384619,hin_Deva
panel2,A,hin_news_2022_1M,hin,L1,384725,hin_Deva
panel2,A,hin_news_2022_1M,hin,L1,384912,hin_Deva
panel2,A,hin_news_2022_1M,hin,L1,385047,hin_Deva
panel2,A,hin_news_2022_1M,hin,L1,385276,hin_Deva
panel2,A,hin_news_2022_1M,hin,L1,386108,anp_Deva
panel2,A,hin_news_2022_1M,hin,L1,387028,hin_Deva
panel2,A,hin_news_2022_1M,hin,L1,387370,hin_Deva
panel2,A,hin_news_2022_1M,hin,L1,388050,hin_Deva
panel2,A,hin_news_2022_1M,hin,L1,390338,hin_Deva
panel2,A,hin_news_2022_1M,hin,L1,390360,hin_Deva
panel2,A,hin_news_2022_1M,hin,L1,391508,anp_Deva
panel2,A,hin_news_2022_1M,hin,L1,394817,hin_Deva
panel2,A,hin_news_2022_1M,hin,L1,395127,hin_Deva
panel2,A,hin_news_2022_1M,hin,L1,395298,hin_Deva
panel2,A,hin_news_2022_1M,hin,L1,395725,hin_Deva
panel2,A,hin_news_2022_1M,hin,L1,395825,hin_Deva
panel2,A,hin_news_2022_1M,hin,L1,395845,hin_Deva
panel2,A,hin_news_2022_1M,hin,L1,396080,hin_Deva
panel2,A,hin_news_2022_1M,hin,L1,396149,anp_Deva
panel2,A,hin_news_2022_1M,hin,L1,396591,hin_Deva
panel2,A,hin_news_2022_1M,hin,L1,396808,hin_Deva
panel2,A,hin_news_2022_1M,hin,L1,396860,hin_Deva
panel2,A,hin_news_2022_1M,hin,L1,397432,hin_Deva
panel2,A,hin_news_2022_1M,hin,L1,397698,anp_Deva
panel2,A,hin_news_2022_1M,hin,L1,397747,anp_Deva
panel2,A,hin_news_2022_1M,hin,L1,397772,hin_Deva
panel2,A,hin_news_2022_1M,hin,L1,398066,hin_Deva
panel2,A,hin_news_2022_1M,hin,L1,398218,awa_Deva
panel2,A,hin_news_2022_1M,hin,L1,398229,hin_Deva
panel2,A,hin_news_2022_1M,hin,L1,400453,hin_Deva
panel2,A,hin_news_2022_1M,hin,L1,400544,hin_Deva
panel2,A,hin_news_2022_1M,hin,L1,401534,hin_Deva
panel2,A,hin_news_2022_1M,hin,L1,401789,hin_Deva
panel2,A,hin_news_2022_1M,hin,L1,401871,hin_Deva
panel2,A,hin_news_2022_1M,hin,L1,402195,hin_Deva
panel2,A,hin_news_2022_1M,hin,L1,402246,hin_Deva
panel2,A,hin_news_2022_1M,hin,L1,402765,hin_Deva
panel2,A,hin_news_2022_1M,hin,L1,403176,anp_Deva
panel2,A,hin_news_2022_1M,hin,L1,403226,hin_Deva
panel2,A,hin_news_2022_1M,hin,L1,403275,anp_Deva
panel2,A,hin_news_2022_1M,hin,L1,403923,anp_Deva
panel2,A,hin_news_2022_1M,hin,L1,403980,hin_Deva
panel2,A,hin_news_2022_1M,hin,L1,404699,anp_Deva
panel2,A,hin_news_2022_1M,hin,L1,405558,hin_Deva
panel2,A,hin_news_2022_1M,hin,L1,405620,hin_Deva
panel2,A,hin_news_2022_1M,hin,L1,405835,hin_Deva
panel2,A,hin_news_2022_1M,hin,L1,405886,anp_Deva
panel2,A,hin_news_2022_1M,hin,L1,407157,anp_Deva
panel2,A,hin_news_2022_1M,hin,L1,407295,hin_Deva
panel2,A,hin_news_2022_1M,hin,L1,407459,hin_Deva
panel2,A,hin_news_2022_1M,hin,L1,407906,hin_Deva
panel2,A,hin_news_2022_1M,hin,L1,408520,hin_Deva
panel2,A,hin_news_2022_1M,hin,L1,408961,hin_Deva
panel2,A,hin_news_2022_1M,hin,L1,409756,anp_Deva
panel2,A,hin_news_2022_1M,hin,L1,410074,hin_Deva
panel2,A,hin_news_2022_1M,hin,L1,410276,hin_Deva
panel2,A,hin_news_2022_1M,hin,L1,410506,hin_Deva
panel2,A,hin_news_2022_1M,hin,L1,411029,hin_Deva
panel2,A,hin_news_2022_1M,hin,L1,411505,hin_Deva
panel2,A,hin_news_2022_1M,hin,L1,411779,hin_Deva
panel2,A,hin_news_2022_1M,hin,L1,411847,anp_Deva
panel2,A,hin_news_2022_1M,hin,L1,411848,hin_Deva
panel2,A,hin_news_2022_1M,hin,L1,411933,anp_Deva
panel2,A,hin_news_2022_1M,hin,L1,412684,hin_Deva
panel2,A,hin_news_2022_1M,hin,L1,412971,anp_Deva
panel2,A,hin_news_2022_1M,hin,L1,412980,hin_Deva
panel2,A,hin_news_2022_1M,hin,L1,413037,hin_Deva
panel2,A,hin_news_2022_1M,hin,L1,413476,hin_Deva
panel2,A,hin_news_2022_1M,hin,L1,413783,hin_Deva
panel2,A,hin_news_2022_1M,hin,L1,413959,anp_Deva
panel2,A,hin_news_2022_1M,hin,L1,414266,hin_Deva
panel2,A,hin_news_2022_1M,hin,L1,415026,hin_Deva
panel2,A,hin_news_2022_1M,hin,L1,415480,anp_Deva
panel2,A,hin_news_2022_1M,hin,L1,415604,hin_Deva
panel2,A,hin_news_2022_1M,hin,L1,416334,hin_Deva
panel2,A,hin_news_2022_1M,hin,L1,416491,anp_Deva
panel2,A,hin_news_2022_1M,hin,L1,416664,hin_Deva
panel2,A,hin_news_2022_1M,hin,L1,416812,hin_Deva
panel2,A,hin_news_2022_1M,hin,L1,416864,hin_Deva
panel2,A,hin_news_2022_1M,hin,L1,418697,anp_Deva
panel2,A,hin_news_2022_1M,hin,L1,420937,hin_Deva
panel2,A,hin_news_2022_1M,hin,L1,421985,hin_Deva
panel2,A,hin_news_2022_1M,hin,L1,422603,hin_Deva
panel2,A,hin_news_2022_1M,hin,L1,423316,anp_Deva
panel2,A,hin_news_2022_1M,hin,L1,423708,anp_Deva
panel2,A,hin_news_2022_1M,hin,L1,423741,hin_Deva
panel2,A,hin_news_2022_1M,hin,L1,424984,anp_Deva
panel2,A,hin_news_2022_1M,hin,L1,425301,anp_Deva
panel2,A,hin_news_2022_1M,hin,L1,425445,anp_Deva
panel2,A,hin_news_2022_1M,hin,L1,426007,hin_Deva
panel2,A,hin_news_2022_1M,hin,L1,426221,hin_Deva
panel2,A,hin_news_2022_1M,hin,L1,426251,hin_Deva
panel2,A,hin_news_2022_1M,hin,L1,426690,hin_Deva
panel2,A,hin_news_2022_1M,hin,L1,426969,hin_Deva
panel2,A,hin_news_2022_1M,hin,L1,427610,hin_Deva
panel2,A,hin_news_2022_1M,hin,L1,427723,anp_Deva
panel2,A,hin_news_2022_1M,hin,L1,428521,hin_Deva
panel2,A,hin_news_2022_1M,hin,L1,428532,hin_Deva
panel2,A,hin_news_2022_1M,hin,L1,428850,hin_Deva
panel2,A,hin_news_2022_1M,hin,L1,428856,hin_Deva
panel2,A,hin_news_2022_1M,hin,L1,429744,hin_Deva
panel2,A,hin_news_2022_1M,hin,L1,429979,hin_Deva
panel2,A,hin_news_2022_1M,hin,L1,430450,hin_Deva
panel2,A,hin_news_2022_1M,hin,L1,431670,hin_Deva
panel2,A,hin_news_2022_1M,hin,L1,431935,hin_Deva
panel2,A,hin_news_2022_1M,hin,L1,432091,hin_Deva
panel2,A,hin_news_2022_1M,hin,L1,432667,anp_Deva
panel2,A,hin_news_2022_1M,hin,L1,433641,anp_Deva
panel2,A,hin_news_2022_1M,hin,L1,433760,hin_Deva
panel2,A,hin_news_2022_1M,hin,L1,433804,anp_Deva
panel2,A,hin_news_2022_1M,hin,L1,434212,hin_Deva
panel2,A,hin_news_2022_1M,hin,L1,435196,hin_Deva
panel2,A,hin_news_2022_1M,hin,L1,435307,hin_Deva
panel2,A,hin_news_2022_1M,hin,L1,435313,hin_Deva
panel2,A,hin_news_2022_1M,hin,L1,435984,anp_Deva
panel2,A,hin_news_2022_1M,hin,L1,435991,hin_Deva
panel2,A,hin_news_2022_1M,hin,L1,436034,hin_Deva
panel2,A,hin_news_2022_1M,hin,L1,436142,hin_Deva
panel2,A,hin_news_2022_1M,hin,L1,436338,hin_Deva
panel2,A,hin_news_2022_1M,hin,L1,436429,hin_Deva
panel2,A,hin_news_2022_1M,hin,L1,436490,hin_Deva
panel2,A,hin_news_2022_1M,hin,L1,436865,hin_Deva
panel2,A,hin_news_2022_1M,hin,L1,437774,hin_Deva
panel2,A,hin_news_2022_1M,hin,L1,438465,hin_Deva
panel2,A,hin_news_2022_1M,hin,L1,439472,hin_Deva
panel2,A,hin_news_2022_1M,hin,L1,439516,awa_Deva
panel2,A,hin_news_2022_1M,hin,L1,439861,hin_Deva
panel2,A,hin_news_2022_1M,hin,L1,440074,hin_Deva
panel2,A,hin_news_2022_1M,hin,L1,441718,hin_Deva
panel2,A,hin_news_2022_1M,hin,L1,442104,hin_Deva
panel2,A,hin_news_2022_1M,hin,L1,442325,hin_Deva
panel2,A,hin_news_2022_1M,hin,L1,442392,hin_Deva
panel2,A,hin_news_2022_1M,hin,L1,442547,hin_Deva
panel2,A,hin_news_2022_1M,hin,L1,443362,hin_Deva
panel2,A,hin_news_2022_1M,hin,L1,444451,hin_Deva
panel2,A,hin_news_2022_1M,hin,L1,445220,hin_Deva
panel2,A,hin_news_2022_1M,hin,L1,445728,hin_Deva
panel2,A,hin_news_2022_1M,hin,L1,445812,anp_Deva
panel2,A,hin_news_2022_1M,hin,L1,446057,hin_Deva
panel2,A,hin_news_2022_1M,hin,L1,446463,hin_Deva
panel2,A,hin_news_2022_1M,hin,L1,446522,hin_Deva
panel2,A,hin_news_2022_1M,hin,L1,447041,hin_Deva
panel2,A,hin_news_2022_1M,hin,L1,447085,hin_Deva
panel2,A,hin_news_2022_1M,hin,L1,447279,hin_Deva
panel2,A,hin_news_2022_1M,hin,L1,447431,hin_Deva
panel2,A,hin_news_2022_1M,hin,L1,447739,hin_Deva
panel2,A,hin_news_2022_1M,hin,L1,447764,hin_Deva
panel2,A,hin_news_2022_1M,hin,L1,447790,hin_Deva
panel2,A,hin_news_2022_1M,hin,L1,447943,hin_Deva
panel2,A,hin_news_2022_1M,hin,L1,448057,hin_Deva
panel2,A,hin_news_2022_1M,hin,L1,449244,hin_Deva
panel2,A,hin_news_2022_1M,hin,L1,449517,hin_Deva
panel2,A,hin_news_2022_1M,hin,L1,449775,hin_Deva
panel2,A,hin_news_2022_1M,hin,L1,449784,hin_Deva
panel2,A,hin_news_2022_1M,hin,L1,451621,hin_Deva
panel2,A,hin_news_2022_1M,hin,L1,452216,hin_Deva
panel2,A,hin_news_2022_1M,hin,L1,452320,hin_Deva
panel2,A,hin_news_2022_1M,hin,L1,453017,hin_Deva
panel2,A,hin_news_2022_1M,hin,L1,453621,hin_Deva
panel2,A,hin_news_2022_1M,hin,L1,453857,hin_Deva
panel2,A,hin_news_2022_1M,hin,L1,454060,hin_Deva
panel2,A,hin_news_2022_1M,hin,L1,455179,hin_Deva
panel2,A,hin_news_2022_1M,hin,L1,455658,hin_Deva
panel2,A,hin_news_2022_1M,hin,L1,455715,hin_Deva
panel2,A,hin_news_2022_1M,hin,L1,456023,hin_Deva
panel2,A,hin_news_2022_1M,hin,L1,456291,hin_Deva
panel2,A,hin_news_2022_1M,hin,L1,457664,hin_Deva
panel2,A,hin_news_2022_1M,hin,L1,457946,anp_Deva
panel2,A,hin_news_2022_1M,hin,L1,458350,anp_Deva
panel2,A,hin_news_2022_1M,hin,L1,458584,hin_Deva
panel2,A,hin_news_2022_1M,hin,L1,458616,hin_Deva
panel2,A,hin_news_2022_1M,hin,L1,458656,hin_Deva
panel2,A,hin_news_2022_1M,hin,L1,458803,hin_Deva
panel2,A,hin_news_2022_1M,hin,L1,458901,hin_Deva
panel2,A,hin_news_2022_1M,hin,L1,459670,hin_Deva
panel2,A,hin_news_2022_1M,hin,L1,460224,hin_Deva
panel2,A,hin_news_2022_1M,hin,L1,460559,hin_Deva
panel2,A,hin_news_2022_1M,hin,L1,460825,hin_Deva
panel2,A,hin_news_2022_1M,hin,L1,461063,hin_Deva
panel2,A,hin_news_2022_1M,hin,L1,462838,hin_Deva
panel2,A,hin_news_2022_1M,hin,L1,463291,hin_Deva
panel2,A,hin_news_2022_1M,hin,L1,463595,mai_Deva
panel2,A,hin_news_2022_1M,hin,L1,463771,hin_Deva
panel2,A,hin_news_2022_1M,hin,L1,464921,hin_Deva
panel2,A,hin_news_2022_1M,hin,L1,464971,hin_Deva
panel2,A,hin_news_2022_1M,hin,L1,466480,hin_Deva
panel2,A,hin_news_2022_1M,hin,L1,466571,hin_Deva
panel2,A,hin_news_2022_1M,hin,L1,468253,hin_Deva
panel2,A,hin_news_2022_1M,hin,L1,469050,hin_Deva
panel2,A,hin_news_2022_1M,hin,L1,469055,hin_Deva
panel2,A,hin_news_2022_1M,hin,L1,469325,anp_Deva
panel2,A,hin_news_2022_1M,hin,L1,469562,hin_Deva
panel2,A,hin_news_2022_1M,hin,L1,469656,hin_Deva
panel2,A,hin_news_2022_1M,hin,L1,470096,hin_Deva
panel2,A,hin_news_2022_1M,hin,L1,470110,hin_Deva
panel2,A,hin_news_2022_1M,hin,L1,470288,anp_Deva
panel2,A,hin_news_2022_1M,hin,L1,470835,hin_Deva
panel2,A,hin_news_2022_1M,hin,L1,472573,hin_Deva
panel2,A,hin_news_2022_1M,hin,L1,472937,hin_Deva
panel2,A,hin_news_2022_1M,hin,L1,473049,hin_Deva
panel2,A,hin_news_2022_1M,hin,L1,473564,hin_Deva
panel2,A,hin_news_2022_1M,hin,L1,474052,anp_Deva
panel2,A,hin_news_2022_1M,hin,L1,478541,hin_Deva
panel2,A,hin_news_2022_1M,hin,L1,478571,hin_Deva
panel2,A,hin_news_2022_1M,hin,L1,479422,hin_Deva
panel2,A,hin_news_2022_1M,hin,L1,479583,hin_Deva
panel2,A,hin_news_2022_1M,hin,L1,480234,hin_Deva
panel2,A,hin_news_2022_1M,hin,L1,481094,hin_Deva
panel2,A,hin_news_2022_1M,hin,L1,481130,hin_Deva
panel2,A,hin_news_2022_1M,hin,L1,481399,anp_Deva
panel2,A,hin_news_2022_1M,hin,L1,482081,hin_Deva
panel2,A,hin_news_2022_1M,hin,L1,482494,hin_Deva
panel2,A,hin_news_2022_1M,hin,L1,482504,hin_Deva
panel2,A,hin_news_2022_1M,hin,L1,482829,hin_Deva
panel2,A,hin_news_2022_1M,hin,L1,482895,anp_Deva
panel2,A,hin_news_2022_1M,hin,L1,483733,hin_Deva
panel2,A,hin_news_2022_1M,hin,L1,484162,hin_Deva
panel2,A,hin_news_2022_1M,hin,L1,484247,hin_Deva
panel2,A,hin_news_2022_1M,hin,L1,484372,hin_Deva
panel2,A,hin_news_2022_1M,hin,L1,484435,hin_Deva
panel2,A,hin_news_2022_1M,hin,L1,485075,hin_Deva
panel2,A,hin_news_2022_1M,hin,L1,485100,anp_Deva
panel2,A,hin_news_2022_1M,hin,L1,485602,anp_Deva
panel2,A,hin_news_2022_1M,hin,L1,486901,hin_Deva
panel2,A,hin_news_2022_1M,hin,L1,486943,new_Deva
panel2,A,hin_news_2022_1M,hin,L1,487188,hin_Deva
panel2,A,hin_news_2022_1M,hin,L1,487865,hin_Deva
panel2,A,hin_news_2022_1M,hin,L1,488162,hin_Deva
panel2,A,hin_news_2022_1M,hin,L1,488532,anp_Deva
panel2,A,hin_news_2022_1M,hin,L1,490056,hin_Deva
panel2,A,hin_news_2022_1M,hin,L1,490204,hin_Deva
panel2,A,hin_news_2022_1M,hin,L1,490747,hin_Deva
panel2,A,hin_news_2022_1M,hin,L1,490778,anp_Deva
panel2,A,hin_news_2022_1M,hin,L1,490924,hin_Deva
panel2,A,hin_news_2022_1M,hin,L1,491251,hin_Deva
panel2,A,hin_news_2022_1M,hin,L1,492255,hin_Deva
panel2,A,hin_news_2022_1M,hin,L1,492615,hin_Deva
panel2,A,hin_news_2022_1M,hin,L1,492857,new_Deva
panel2,A,hin_news_2022_1M,hin,L1,492923,anp_Deva
panel2,A,hin_news_2022_1M,hin,L1,492929,hin_Deva
panel2,A,hin_news_2022_1M,hin,L1,492953,hin_Deva
panel2,A,hin_news_2022_1M,hin,L1,494680,hin_Deva
panel2,A,hin_news_2022_1M,hin,L1,495366,hin_Deva
panel2,A,hin_news_2022_1M,hin,L1,495412,hin_Deva
panel2,A,hin_news_2022_1M,hin,L1,495865,hin_Deva
panel2,A,hin_news_2022_1M,hin,L1,495992,hin_Deva
panel2,A,hin_news_2022_1M,hin,L1,496567,hin_Deva
panel2,A,hin_news_2022_1M,hin,L1,497553,hin_Deva
panel2,A,hin_news_2022_1M,hin,L1,498326,hin_Deva
panel2,A,hin_news_2022_1M,hin,L1,498819,anp_Deva
panel2,A,hin_news_2022_1M,hin,L1,499169,anp_Deva
panel2,A,hin_news_2022_1M,hin,L1,499981,bho_Deva
panel2,A,hin_news_2022_1M,hin,L1,501049,hin_Deva
panel2,A,hin_news_2022_1M,hin,L1,501745,hin_Deva
panel2,A,hin_news_2022_1M,hin,L1,502772,hin_Deva
panel2,A,hin_news_2022_1M,hin,L1,502922,hin_Deva
panel2,A,hin_news_2022_1M,hin,L1,502997,hin_Deva
panel2,A,hin_news_2022_1M,hin,L1,503276,hin_Deva
panel2,A,hin_news_2022_1M,hin,L1,504199,hin_Deva
panel2,A,hin_news_2022_1M,hin,L1,504257,hin_Deva
panel2,A,hin_news_2022_1M,hin,L1,504585,hin_Deva
panel2,A,hin_news_2022_1M,hin,L1,505686,hin_Deva
panel2,A,hin_news_2022_1M,hin,L1,507328,hin_Deva
panel2,A,hin_news_2022_1M,hin,L1,509367,hin_Deva
panel2,A,hin_news_2022_1M,hin,L1,509435,anp_Deva
panel2,A,hin_news_2022_1M,hin,L1,509580,hin_Deva
panel2,A,hin_news_2022_1M,hin,L1,509794,hin_Deva
panel2,A,hin_news_2022_1M,hin,L1,509883,hin_Deva
panel2,A,hin_news_2022_1M,hin,L1,509939,hin_Deva
panel2,A,hin_news_2022_1M,hin,L1,510121,hin_Deva
panel2,A,hin_news_2022_1M,hin,L1,510379,hin_Deva
panel2,A,hin_news_2022_1M,hin,L1,510543,hin_Deva
panel2,A,hin_news_2022_1M,hin,L1,511966,anp_Deva
panel2,A,hin_news_2022_1M,hin,L1,512966,anp_Deva
panel2,A,hin_news_2022_1M,hin,L1,516242,hin_Deva
panel2,A,hin_news_2022_1M,hin,L1,516428,anp_Deva
panel2,A,hin_news_2022_1M,hin,L1,517021,hin_Deva
panel2,A,hin_news_2022_1M,hin,L1,517432,hin_Deva
panel2,A,hin_news_2022_1M,hin,L1,517588,hin_Deva
panel2,A,hin_news_2022_1M,hin,L1,517720,hin_Deva
panel2,A,hin_news_2022_1M,hin,L1,518818,hin_Deva
panel2,A,hin_news_2022_1M,hin,L1,519224,hin_Deva
panel2,A,hin_news_2022_1M,hin,L1,519339,hin_Deva
panel2,A,hin_news_2022_1M,hin,L1,519455,hin_Deva
panel2,A,hin_news_2022_1M,hin,L1,520896,hin_Deva
panel2,A,hin_news_2022_1M,hin,L1,520995,anp_Deva
panel2,A,hin_news_2022_1M,hin,L1,521230,hin_Deva
panel2,A,hin_news_2022_1M,hin,L1,522625,hin_Deva
panel2,A,hin_news_2022_1M,hin,L1,522690,hin_Deva
panel2,A,hin_news_2022_1M,hin,L1,522747,hin_Deva
panel2,A,hin_news_2022_1M,hin,L1,522829,hin_Deva
panel2,A,hin_news_2022_1M,hin,L1,523305,hin_Deva
panel2,A,hin_news_2022_1M,hin,L1,523524,hin_Deva
panel2,A,hin_news_2022_1M,hin,L1,523544,hin_Deva
panel2,A,hin_news_2022_1M,hin,L1,523641,hin_Deva
panel2,A,hin_news_2022_1M,hin,L1,523834,hin_Deva
panel2,A,hin_news_2022_1M,hin,L1,524172,hin_Deva
panel2,A,hin_news_2022_1M,hin,L1,524200,hin_Deva
panel2,A,hin_news_2022_1M,hin,L1,526056,hin_Deva
panel2,A,hin_news_2022_1M,hin,L1,526377,hin_Deva
panel2,A,hin_news_2022_1M,hin,L1,526419,hin_Deva
panel2,A,hin_news_2022_1M,hin,L1,526830,anp_Deva
panel2,A,hin_news_2022_1M,hin,L1,527557,hin_Deva
panel2,A,hin_news_2022_1M,hin,L1,527772,hin_Deva
panel2,A,hin_news_2022_1M,hin,L1,528235,hin_Deva
panel2,A,hin_news_2022_1M,hin,L1,528744,hin_Deva
panel2,A,hin_news_2022_1M,hin,L1,528815,anp_Deva
panel2,A,hin_news_2022_1M,hin,L1,529241,hin_Deva
panel2,A,hin_news_2022_1M,hin,L1,529508,hin_Deva
panel2,A,hin_news_2022_1M,hin,L1,529845,hin_Deva
panel2,A,hin_news_2022_1M,hin,L1,531076,hin_Deva
panel2,A,hin_news_2022_1M,hin,L1,531414,hin_Deva
panel2,A,hin_news_2022_1M,hin,L1,531942,anp_Deva
panel2,A,hin_news_2022_1M,hin,L1,532167,anp_Deva
panel2,A,hin_news_2022_1M,hin,L1,532330,hin_Deva
panel2,A,hin_news_2022_1M,hin,L1,533443,anp_Deva
panel2,A,hin_news_2022_1M,hin,L1,533634,hin_Deva
panel2,A,hin_news_2022_1M,hin,L1,534446,hin_Deva
panel2,A,hin_news_2022_1M,hin,L1,535500,hin_Deva
panel2,A,hin_news_2022_1M,hin,L1,535910,anp_Deva
panel2,A,hin_news_2022_1M,hin,L1,536929,hin_Deva
panel2,A,hin_news_2022_1M,hin,L1,536938,hin_Deva
panel2,A,hin_news_2022_1M,hin,L1,537193,hin_Deva
panel2,A,hin_news_2022_1M,hin,L1,538399,hin_Deva
panel2,A,hin_news_2022_1M,hin,L1,538737,anp_Deva
panel2,A,hin_news_2022_1M,hin,L1,539274,hin_Deva
panel2,A,hin_news_2022_1M,hin,L1,539379,anp_Deva
panel2,A,hin_news_2022_1M,hin,L1,539540,hin_Deva
panel2,A,hin_news_2022_1M,hin,L1,539862,anp_Deva
panel2,A,hin_news_2022_1M,hin,L1,539992,hin_Deva
panel2,A,hin_news_2022_1M,hin,L1,541587,hin_Deva
panel2,A,hin_news_2022_1M,hin,L1,541729,hin_Deva
panel2,A,hin_news_2022_1M,hin,L1,542484,hin_Deva
panel2,A,hin_news_2022_1M,hin,L1,542968,hin_Deva
panel2,A,hin_news_2022_1M,hin,L1,543355,hin_Deva
panel2,A,hin_news_2022_1M,hin,L1,543505,anp_Deva
panel2,A,hin_news_2022_1M,hin,L1,544266,hin_Deva
panel2,A,hin_news_2022_1M,hin,L1,546726,hin_Deva
panel2,A,hin_news_2022_1M,hin,L1,547414,hin_Deva
panel2,A,hin_news_2022_1M,hin,L1,547515,anp_Deva
panel2,A,hin_news_2022_1M,hin,L1,550253,hin_Deva
panel2,A,hin_news_2022_1M,hin,L1,550538,hin_Deva
panel2,A,hin_news_2022_1M,hin,L1,550950,hin_Deva
panel2,A,hin_news_2022_1M,hin,L1,551034,hin_Deva
panel2,A,hin_news_2022_1M,hin,L1,551348,hin_Deva
panel2,A,hin_news_2022_1M,hin,L1,552750,hin_Deva
panel2,A,hin_news_2022_1M,hin,L1,554222,hin_Deva
panel2,A,hin_news_2022_1M,hin,L1,554317,hin_Deva
panel2,A,hin_news_2022_1M,hin,L1,554700,hin_Deva
panel2,A,hin_news_2022_1M,hin,L1,554823,hin_Deva
panel2,A,hin_news_2022_1M,hin,L1,555228,hin_Deva
panel2,A,hin_news_2022_1M,hin,L1,555873,anp_Deva
panel2,A,hin_news_2022_1M,hin,L1,556018,hin_Deva
panel2,A,hin_news_2022_1M,hin,L1,556076,hin_Deva
panel2,A,hin_news_2022_1M,hin,L1,556741,hin_Deva
panel2,A,hin_news_2022_1M,hin,L1,556767,anp_Deva
panel2,A,hin_news_2022_1M,hin,L1,557003,hin_Deva
panel2,A,hin_news_2022_1M,hin,L1,557022,anp_Deva
panel2,A,hin_news_2022_1M,hin,L1,557203,anp_Deva
panel2,A,hin_news_2022_1M,hin,L1,557330,hin_Deva
panel2,A,hin_news_2022_1M,hin,L1,557341,anp_Deva
panel2,A,hin_news_2022_1M,hin,L1,558051,hin_Deva
panel2,A,hin_news_2022_1M,hin,L1,558239,hin_Deva
panel2,A,hin_news_2022_1M,hin,L1,558564,hin_Deva
panel2,A,hin_news_2022_1M,hin,L1,558775,hin_Deva
panel2,A,hin_news_2022_1M,hin,L1,558880,hin_Deva
panel2,A,hin_news_2022_1M,hin,L1,559080,hin_Deva
panel2,A,hin_news_2022_1M,hin,L1,559687,hin_Deva
panel2,A,hin_news_2022_1M,hin,L1,559903,hin_Deva
panel2,A,hin_news_2022_1M,hin,L1,559945,hin_Deva
panel2,A,hin_news_2022_1M,hin,L1,560799,hin_Deva
panel2,A,hin_news_2022_1M,hin,L1,561238,hin_Deva
panel2,A,hin_news_2022_1M,hin,L1,561802,hin_Deva
panel2,A,hin_news_2022_1M,hin,L1,561994,hin_Deva
panel2,A,hin_news_2022_1M,hin,L1,562051,hin_Deva
panel2,A,hin_news_2022_1M,hin,L1,563001,hin_Deva
panel2,A,hin_news_2022_1M,hin,L1,563115,hin_Deva
panel2,A,hin_news_2022_1M,hin,L1,563246,anp_Deva
panel2,A,hin_news_2022_1M,hin,L1,563923,anp_Deva
panel2,A,hin_news_2022_1M,hin,L1,564321,hin_Deva
panel2,A,hin_news_2022_1M,hin,L1,564787,hin_Deva
panel2,A,hin_news_2022_1M,hin,L1,565212,hin_Deva
panel2,A,hin_news_2022_1M,hin,L1,565634,anp_Deva
panel2,A,hin_news_2022_1M,hin,L1,567245,hin_Deva
panel2,A,hin_news_2022_1M,hin,L1,567513,hin_Deva
panel2,A,hin_news_2022_1M,hin,L1,567959,hin_Deva
panel2,A,hin_news_2022_1M,hin,L1,568859,hin_Deva
panel2,A,hin_news_2022_1M,hin,L1,569063,hin_Deva
panel2,A,hin_news_2022_1M,hin,L1,569181,hin_Deva
panel2,A,hin_news_2022_1M,hin,L1,569350,hin_Deva
panel2,A,hin_news_2022_1M,hin,L1,570207,hin_Deva
panel2,A,hin_news_2022_1M,hin,L1,570418,hin_Deva
panel2,A,hin_news_2022_1M,hin,L1,570740,hin_Deva
panel2,A,hin_news_2022_1M,hin,L1,570912,hin_Deva
panel2,A,hin_news_2022_1M,hin,L1,571248,anp_Deva
panel2,A,hin_news_2022_1M,hin,L1,571497,hin_Deva
panel2,A,hin_news_2022_1M,hin,L1,572364,hin_Deva
panel2,A,hin_news_2022_1M,hin,L1,573462,hin_Deva
panel2,A,hin_news_2022_1M,hin,L1,574092,anp_Deva
panel2,A,hin_news_2022_1M,hin,L1,574416,hin_Deva
panel2,A,hin_news_2022_1M,hin,L1,574477,hin_Deva
panel2,A,hin_news_2022_1M,hin,L1,575759,hin_Deva
panel2,A,hin_news_2022_1M,hin,L1,576078,hin_Deva
panel2,A,hin_news_2022_1M,hin,L1,576559,hin_Deva
panel2,A,hin_news_2022_1M,hin,L1,577778,hin_Deva
panel2,A,hin_news_2022_1M,hin,L1,577804,hin_Deva
panel2,A,hin_news_2022_1M,hin,L1,578524,anp_Deva
panel2,A,hin_news_2022_1M,hin,L1,579232,anp_Deva
panel2,A,hin_news_2022_1M,hin,L1,579256,hin_Deva
panel2,A,hin_news_2022_1M,hin,L1,579413,hin_Deva
panel2,A,hin_news_2022_1M,hin,L1,579691,hin_Deva
panel2,A,hin_news_2022_1M,hin,L1,581742,hin_Deva
panel2,A,hin_news_2022_1M,hin,L1,581810,hin_Deva
panel2,A,hin_news_2022_1M,hin,L1,582237,hin_Deva
panel2,A,hin_news_2022_1M,hin,L1,582800,anp_Deva
panel2,A,hin_news_2022_1M,hin,L1,583004,hin_Deva
panel2,A,hin_news_2022_1M,hin,L1,583451,anp_Deva
panel2,A,hin_news_2022_1M,hin,L1,583768,hin_Deva
panel2,A,hin_news_2022_1M,hin,L1,584297,hin_Deva
panel2,A,hin_news_2022_1M,hin,L1,584732,hin_Deva
panel2,A,hin_news_2022_1M,hin,L1,584867,hin_Deva
panel2,A,hin_news_2022_1M,hin,L1,585138,hin_Deva
panel2,A,hin_news_2022_1M,hin,L1,586116,hin_Deva
panel2,A,hin_news_2022_1M,hin,L1,586264,hin_Deva
panel2,A,hin_news_2022_1M,hin,L1,586648,hin_Deva
panel2,A,hin_news_2022_1M,hin,L1,587158,anp_Deva
panel2,A,hin_news_2022_1M,hin,L1,587235,hin_Deva
panel2,A,hin_news_2022_1M,hin,L1,587247,hin_Deva
panel2,A,hin_news_2022_1M,hin,L1,587813,hin_Deva
panel2,A,hin_news_2022_1M,hin,L1,588758,hin_Deva
panel2,A,hin_news_2022_1M,hin,L1,590093,hin_Deva
panel2,A,hin_news_2022_1M,hin,L1,590222,hin_Deva
panel2,A,hin_news_2022_1M,hin,L1,592135,hin_Deva
panel2,A,hin_news_2022_1M,hin,L1,592144,hin_Deva
panel2,A,hin_news_2022_1M,hin,L1,592210,hin_Deva
panel2,A,hin_news_2022_1M,hin,L1,592582,hin_Deva
panel2,A,hin_news_2022_1M,hin,L1,593270,hin_Deva
panel2,A,hin_news_2022_1M,hin,L1,595223,hin_Deva
panel2,A,hin_news_2022_1M,hin,L1,595316,hin_Deva
panel2,A,hin_news_2022_1M,hin,L1,595464,hin_Deva
panel2,A,hin_news_2022_1M,hin,L1,595602,anp_Deva
panel2,A,hin_news_2022_1M,hin,L1,595745,hin_Deva
panel2,A,hin_news_2022_1M,hin,L1,595813,hin_Deva
panel2,A,hin_news_2022_1M,hin,L1,596154,hin_Deva
panel2,A,hin_news_2022_1M,hin,L1,598260,hin_Deva
panel2,A,hin_news_2022_1M,hin,L1,598567,hin_Deva
panel2,A,hin_news_2022_1M,hin,L1,598678,hin_Deva
panel2,A,hin_news_2022_1M,hin,L1,598753,hin_Deva
panel2,A,hin_news_2022_1M,hin,L1,598927,hin_Deva
panel2,A,hin_news_2022_1M,hin,L1,601051,anp_Deva
panel2,A,hin_news_2022_1M,hin,L1,603921,hin_Deva
panel2,A,hin_news_2022_1M,hin,L1,603946,hin_Deva
panel2,A,hin_news_2022_1M,hin,L1,604596,hin_Deva
panel2,A,hin_news_2022_1M,hin,L1,605420,hin_Deva
panel2,A,hin_news_2022_1M,hin,L1,606097,hin_Deva
panel2,A,hin_news_2022_1M,hin,L1,607091,hin_Deva
panel2,A,hin_news_2022_1M,hin,L1,607831,hin_Deva
panel2,A,hin_news_2022_1M,hin,L1,608030,hin_Deva
panel2,A,hin_news_2022_1M,hin,L1,610044,hin_Deva
panel2,A,hin_news_2022_1M,hin,L1,610081,hin_Deva
panel2,A,hin_news_2022_1M,hin,L1,610202,hin_Deva
panel2,A,hin_news_2022_1M,hin,L1,610450,anp_Deva
panel2,A,hin_news_2022_1M,hin,L1,611311,hin_Deva
panel2,A,hin_news_2022_1M,hin,L1,612405,awa_Deva
panel2,A,hin_news_2022_1M,hin,L1,612421,hin_Deva
panel2,A,hin_news_2022_1M,hin,L1,612470,hin_Deva
panel2,A,hin_news_2022_1M,hin,L1,613049,hin_Deva
panel2,A,hin_news_2022_1M,hin,L1,613394,anp_Deva
panel2,A,hin_news_2022_1M,hin,L1,613785,hin_Deva
panel2,A,hin_news_2022_1M,hin,L1,614074,anp_Deva
panel2,A,hin_news_2022_1M,hin,L1,614412,hin_Deva
panel2,A,hin_news_2022_1M,hin,L1,614845,hin_Deva
panel2,A,hin_news_2022_1M,hin,L1,615345,hin_Deva
panel2,A,hin_news_2022_1M,hin,L1,616040,hin_Deva
panel2,A,hin_news_2022_1M,hin,L1,616641,hin_Deva
panel2,A,hin_news_2022_1M,hin,L1,616838,anp_Deva
panel2,A,hin_news_2022_1M,hin,L1,617456,hin_Deva
panel2,A,hin_news_2022_1M,hin,L1,617875,hin_Deva
panel2,A,hin_news_2022_1M,hin,L1,618005,anp_Deva
panel2,A,hin_news_2022_1M,hin,L1,619998,hin_Deva
panel2,A,hin_news_2022_1M,hin,L1,620935,hin_Deva
panel2,A,hin_news_2022_1M,hin,L1,621269,hin_Deva
panel2,A,hin_news_2022_1M,hin,L1,621656,hin_Deva
panel2,A,hin_news_2022_1M,hin,L1,621852,hin_Deva
panel2,A,hin_news_2022_1M,hin,L1,622224,hin_Deva
panel2,A,hin_news_2022_1M,hin,L1,622513,anp_Deva
panel2,A,hin_news_2022_1M,hin,L1,622864,hin_Deva
panel2,A,hin_news_2022_1M,hin,L1,623927,hin_Deva
panel2,A,hin_news_2022_1M,hin,L1,623938,hin_Deva
panel2,A,hin_news_2022_1M,hin,L1,624261,hin_Deva
panel2,A,hin_news_2022_1M,hin,L1,624933,hin_Deva
panel2,A,hin_news_2022_1M,hin,L1,625228,hin_Deva
panel2,A,hin_news_2022_1M,hin,L1,625256,hin_Deva
panel2,A,hin_news_2022_1M,hin,L1,625369,awa_Deva
panel2,A,hin_news_2022_1M,hin,L1,625708,hin_Deva
panel2,A,hin_news_2022_1M,hin,L1,625762,hin_Deva
panel2,A,hin_news_2022_1M,hin,L1,626130,hin_Deva
panel2,A,hin_news_2022_1M,hin,L1,626191,new_Deva
panel2,A,hin_news_2022_1M,hin,L1,628830,hin_Deva
panel2,A,hin_news_2022_1M,hin,L1,629378,hin_Deva
panel2,A,hin_news_2022_1M,hin,L1,630092,hin_Deva
panel2,A,hin_news_2022_1M,hin,L1,630285,hin_Deva
panel2,A,hin_news_2022_1M,hin,L1,630289,hin_Deva
panel2,A,hin_news_2022_1M,hin,L1,631237,hin_Deva
panel2,A,hin_news_2022_1M,hin,L1,631331,hin_Deva
panel2,A,hin_news_2022_1M,hin,L1,632594,hin_Deva
panel2,A,hin_news_2022_1M,hin,L1,632645,hin_Deva
panel2,A,hin_news_2022_1M,hin,L1,632656,hin_Deva
panel2,A,hin_news_2022_1M,hin,L1,632869,hin_Deva
panel2,A,hin_news_2022_1M,hin,L1,632952,hin_Deva
panel2,A,hin_news_2022_1M,hin,L1,633003,hin_Deva
panel2,A,hin_news_2022_1M,hin,L1,633651,hin_Deva
panel2,A,hin_news_2022_1M,hin,L1,634796,hin_Deva
panel2,A,hin_news_2022_1M,hin,L1,635333,hin_Deva
panel2,A,hin_news_2022_1M,hin,L1,635839,hin_Deva
panel2,A,hin_news_2022_1M,hin,L1,636002,hin_Deva
panel2,A,hin_news_2022_1M,hin,L1,636067,anp_Deva
panel2,A,hin_news_2022_1M,hin,L1,636192,hin_Deva
panel2,A,hin_news_2022_1M,hin,L1,636404,anp_Deva
panel2,A,hin_news_2022_1M,hin,L1,636642,hin_Deva
panel2,A,hin_news_2022_1M,hin,L1,636879,hin_Deva
panel2,A,hin_news_2022_1M,hin,L1,637090,hin_Deva
panel2,A,hin_news_2022_1M,hin,L1,637317,hin_Deva
panel2,A,hin_news_2022_1M,hin,L1,637416,hin_Deva
panel2,A,hin_news_2022_1M,hin,L1,637655,anp_Deva
panel2,A,hin_news_2022_1M,hin,L1,638471,hin_Deva
panel2,A,hin_news_2022_1M,hin,L1,638948,hin_Deva
panel2,A,hin_news_2022_1M,hin,L1,638962,hin_Deva
panel2,A,hin_news_2022_1M,hin,L1,639311,hin_Deva
panel2,A,hin_news_2022_1M,hin,L1,639440,hin_Deva
panel2,A,hin_news_2022_1M,hin,L1,639678,hin_Deva
panel2,A,hin_news_2022_1M,hin,L1,640124,hin_Deva
panel2,A,hin_news_2022_1M,hin,L1,640807,hin_Deva
panel2,A,hin_news_2022_1M,hin,L1,640900,hin_Deva
panel2,A,hin_news_2022_1M,hin,L1,640993,anp_Deva
panel2,A,hin_news_2022_1M,hin,L1,641003,hin_Deva
panel2,A,hin_news_2022_1M,hin,L1,641056,hin_Deva
panel2,A,hin_news_2022_1M,hin,L1,641512,anp_Deva
panel2,A,hin_news_2022_1M,hin,L1,641760,hin_Deva
panel2,A,hin_news_2022_1M,hin,L1,642894,hin_Deva
panel2,A,hin_news_2022_1M,hin,L1,643137,hin_Deva
panel2,A,hin_news_2022_1M,hin,L1,643519,hin_Deva
panel2,A,hin_news_2022_1M,hin,L1,643996,hin_Deva
panel2,A,hin_news_2022_1M,hin,L1,644478,hin_Deva
panel2,A,hin_news_2022_1M,hin,L1,645150,hin_Deva
panel2,A,hin_news_2022_1M,hin,L1,647540,hin_Deva
panel2,A,hin_news_2022_1M,hin,L1,647631,anp_Deva
panel2,A,hin_news_2022_1M,hin,L1,647873,anp_Deva
panel2,A,hin_news_2022_1M,hin,L1,649741,hin_Deva
panel2,A,hin_news_2022_1M,hin,L1,649994,hin_Deva
panel2,A,hin_news_2022_1M,hin,L1,650522,hin_Deva
panel2,A,hin_news_2022_1M,hin,L1,650817,hin_Deva
panel2,A,hin_news_2022_1M,hin,L1,650955,hin_Deva
panel2,A,hin_news_2022_1M,hin,L1,651291,hin_Deva
panel2,A,hin_news_2022_1M,hin,L1,651302,anp_Deva
panel2,A,hin_news_2022_1M,hin,L1,651339,hin_Deva
panel2,A,hin_news_2022_1M,hin,L1,651569,hin_Deva
panel2,A,hin_news_2022_1M,hin,L1,651698,hin_Deva
panel2,A,hin_news_2022_1M,hin,L1,652466,hin_Deva
panel2,A,hin_news_2022_1M,hin,L1,652706,hin_Deva
panel2,A,hin_news_2022_1M,hin,L1,653306,hin_Deva
panel2,A,hin_news_2022_1M,hin,L1,653496,hin_Deva
panel2,A,hin_news_2022_1M,hin,L1,654056,anp_Deva
panel2,A,hin_news_2022_1M,hin,L1,654317,hin_Deva
panel2,A,hin_news_2022_1M,hin,L1,654658,hin_Deva
panel2,A,hin_news_2022_1M,hin,L1,654939,hin_Deva
panel2,A,hin_news_2022_1M,hin,L1,655091,hin_Deva
panel2,A,hin_news_2022_1M,hin,L1,655134,hin_Deva
panel2,A,hin_news_2022_1M,hin,L1,656211,hin_Deva
panel2,A,hin_news_2022_1M,hin,L1,656527,anp_Deva
panel2,A,hin_news_2022_1M,hin,L1,656793,hin_Deva
panel2,A,hin_news_2022_1M,hin,L1,657157,hin_Deva
panel2,A,hin_news_2022_1M,hin,L1,657592,anp_Deva
panel2,A,hin_news_2022_1M,hin,L1,657634,sck_Deva
panel2,A,hin_news_2022_1M,hin,L1,657975,hin_Deva
panel2,A,hin_news_2022_1M,hin,L1,658987,hin_Deva
panel2,A,hin_news_2022_1M,hin,L1,659165,hin_Deva
panel2,A,hin_news_2022_1M,hin,L1,659194,hin_Deva
panel2,A,hin_news_2022_1M,hin,L1,661752,hin_Deva
panel2,A,hin_news_2022_1M,hin,L1,661823,hin_Deva
panel2,A,hin_news_2022_1M,hin,L1,662388,anp_Deva
panel2,A,hin_news_2022_1M,hin,L1,662397,hin_Deva
panel2,A,hin_news_2022_1M,hin,L1,664735,hin_Deva
panel2,A,hin_news_2022_1M,hin,L1,665082,hin_Deva
panel2,A,hin_news_2022_1M,hin,L1,666009,anp_Deva
panel2,A,hin_news_2022_1M,hin,L1,667079,anp_Deva
panel2,A,hin_news_2022_1M,hin,L1,667772,anp_Deva
panel2,A,hin_news_2022_1M,hin,L1,667890,anp_Deva
panel2,A,hin_news_2022_1M,hin,L1,668423,hin_Deva
panel2,A,hin_news_2022_1M,hin,L1,669252,hin_Deva
panel2,A,hin_news_2022_1M,hin,L1,669272,hin_Deva
panel2,A,hin_news_2022_1M,hin,L1,669940,hin_Deva
panel2,A,hin_news_2022_1M,hin,L1,670838,anp_Deva
panel2,A,hin_news_2022_1M,hin,L1,670980,anp_Deva
panel2,A,hin_news_2022_1M,hin,L1,672429,hin_Deva
panel2,A,hin_news_2022_1M,hin,L1,672453,hin_Deva
panel2,A,hin_news_2022_1M,hin,L1,672461,hin_Deva
panel2,A,hin_news_2022_1M,hin,L1,672757,hin_Deva
panel2,A,hin_news_2022_1M,hin,L1,672797,hin_Deva
panel2,A,hin_news_2022_1M,hin,L1,673562,hin_Deva
panel2,A,hin_news_2022_1M,hin,L1,673626,hin_Deva
panel2,A,hin_news_2022_1M,hin,L1,674134,hin_Deva
panel2,A,hin_news_2022_1M,hin,L1,675344,anp_Deva
panel2,A,hin_news_2022_1M,hin,L1,675745,hin_Deva
panel2,A,hin_news_2022_1M,hin,L1,675910,hin_Deva
panel2,A,hin_news_2022_1M,hin,L1,676052,anp_Deva
panel2,A,hin_news_2022_1M,hin,L1,676189,hin_Deva
panel2,A,hin_news_2022_1M,hin,L1,676334,hin_Deva
panel2,A,hin_news_2022_1M,hin,L1,676472,hin_Deva
panel2,A,hin_news_2022_1M,hin,L1,676770,hin_Deva
panel2,A,hin_news_2022_1M,hin,L1,677842,hin_Deva
panel2,A,hin_news_2022_1M,hin,L1,678151,hin_Deva
panel2,A,hin_news_2022_1M,hin,L1,678340,hin_Deva
panel2,A,hin_news_2022_1M,hin,L1,678802,hin_Deva
panel2,A,hin_news_2022_1M,hin,L1,679459,hin_Deva
panel2,A,hin_news_2022_1M,hin,L1,679841,hin_Deva
panel2,A,hin_news_2022_1M,hin,L1,680805,hin_Deva
panel2,A,hin_news_2022_1M,hin,L1,680876,bho_Deva
panel2,A,hin_news_2022_1M,hin,L1,681859,hin_Deva
panel2,A,hin_news_2022_1M,hin,L1,681871,hin_Deva
panel2,A,hin_news_2022_1M,hin,L1,682080,anp_Deva
panel2,A,hin_news_2022_1M,hin,L1,682130,anp_Deva
panel2,A,hin_news_2022_1M,hin,L1,682409,hin_Deva
panel2,A,hin_news_2022_1M,hin,L1,682621,hin_Deva
panel2,A,hin_news_2022_1M,hin,L1,682722,hin_Deva
panel2,A,hin_news_2022_1M,hin,L1,682758,hin_Deva
panel2,A,hin_news_2022_1M,hin,L1,682848,hin_Deva
panel2,A,hin_news_2022_1M,hin,L1,683275,hin_Deva
panel2,A,hin_news_2022_1M,hin,L1,683618,hin_Deva
panel2,A,hin_news_2022_1M,hin,L1,683844,hin_Deva
panel2,A,hin_news_2022_1M,hin,L1,684062,hin_Deva
panel2,A,hin_news_2022_1M,hin,L1,684757,hin_Deva
panel2,A,hin_news_2022_1M,hin,L1,684936,hin_Deva
panel2,A,hin_news_2022_1M,hin,L1,685783,hin_Deva
panel2,A,hin_news_2022_1M,hin,L1,686552,hin_Deva
panel2,A,hin_news_2022_1M,hin,L1,687057,hin_Deva
panel2,A,hin_news_2022_1M,hin,L1,687110,hin_Deva
panel2,A,hin_news_2022_1M,hin,L1,687126,hin_Deva
panel2,A,hin_news_2022_1M,hin,L1,687644,anp_Deva
panel2,A,hin_news_2022_1M,hin,L1,687837,anp_Deva
panel2,A,hin_news_2022_1M,hin,L1,688137,hin_Deva
panel2,A,hin_news_2022_1M,hin,L1,689160,hin_Deva
panel2,A,hin_news_2022_1M,hin,L1,689272,hin_Deva
panel2,A,hin_news_2022_1M,hin,L1,689393,anp_Deva
panel2,A,hin_news_2022_1M,hin,L1,689512,anp_Deva
panel2,A,hin_news_2022_1M,hin,L1,689758,hin_Deva
panel2,A,hin_news_2022_1M,hin,L1,690047,hin_Deva
panel2,A,hin_news_2022_1M,hin,L1,690485,hin_Deva
panel2,A,hin_news_2022_1M,hin,L1,691311,anp_Deva
panel2,A,hin_news_2022_1M,hin,L1,692668,hin_Deva
panel2,A,hin_news_2022_1M,hin,L1,693138,hin_Deva
panel2,A,hin_news_2022_1M,hin,L1,693316,hin_Deva
panel2,A,hin_news_2022_1M,hin,L1,693469,hin_Deva
panel2,A,hin_news_2022_1M,hin,L1,695832,hin_Deva
panel2,A,hin_news_2022_1M,hin,L1,696393,hin_Deva
panel2,A,hin_news_2022_1M,hin,L1,696942,hin_Deva
panel2,A,hin_news_2022_1M,hin,L1,697350,hin_Deva
panel2,A,hin_news_2022_1M,hin,L1,697442,hin_Deva
panel2,A,hin_news_2022_1M,hin,L1,698373,hin_Deva
panel2,A,hin_news_2022_1M,hin,L1,698553,hin_Deva
panel2,A,hin_news_2022_1M,hin,L1,698822,hin_Deva
panel2,A,hin_news_2022_1M,hin,L1,699099,hin_Deva
panel2,A,hin_news_2022_1M,hin,L1,699349,hin_Deva
panel2,A,hin_news_2022_1M,hin,L1,699568,hin_Deva
panel2,A,hin_news_2022_1M,hin,L1,700265,hin_Deva
panel2,A,hin_news_2022_1M,hin,L1,700330,hin_Deva
panel2,A,hin_news_2022_1M,hin,L1,700522,anp_Deva
panel2,A,hin_news_2022_1M,hin,L1,700946,hin_Deva
panel2,A,hin_news_2022_1M,hin,L1,701258,hin_Deva
panel2,A,hin_news_2022_1M,hin,L1,701422,hin_Deva
panel2,A,hin_news_2022_1M,hin,L1,703063,hin_Deva
panel2,A,hin_news_2022_1M,hin,L1,703242,hin_Deva
panel2,A,hin_news_2022_1M,hin,L1,703600,hin_Deva
panel2,A,hin_news_2022_1M,hin,L1,703671,hin_Deva
panel2,A,hin_news_2022_1M,hin,L1,703851,hin_Deva
panel2,A,hin_news_2022_1M,hin,L1,704171,hin_Deva
panel2,A,hin_news_2022_1M,hin,L1,704209,hin_Deva
panel2,A,hin_news_2022_1M,hin,L1,704575,hin_Deva
panel2,A,hin_news_2022_1M,hin,L1,704758,hin_Deva
panel2,A,hin_news_2022_1M,hin,L1,705018,hin_Deva
panel2,A,hin_news_2022_1M,hin,L1,705052,hin_Deva
panel2,A,hin_news_2022_1M,hin,L1,705108,hin_Deva
panel2,A,hin_news_2022_1M,hin,L1,705110,hin_Deva
panel2,A,hin_news_2022_1M,hin,L1,705183,anp_Deva
panel2,A,hin_news_2022_1M,hin,L1,705849,anp_Deva
panel2,A,hin_news_2022_1M,hin,L1,705890,anp_Deva
panel2,A,hin_news_2022_1M,hin,L1,705940,hin_Deva
panel2,A,hin_news_2022_1M,hin,L1,706375,hin_Deva
panel2,A,hin_news_2022_1M,hin,L1,706859,hin_Deva
panel2,A,hin_news_2022_1M,hin,L1,707149,hin_Deva
panel2,A,hin_news_2022_1M,hin,L1,707152,hin_Deva
panel2,A,hin_news_2022_1M,hin,L1,707313,anp_Deva
panel2,A,hin_news_2022_1M,hin,L1,707587,hin_Deva
panel2,A,hin_news_2022_1M,hin,L1,708325,hin_Deva
panel2,A,hin_news_2022_1M,hin,L1,708327,hin_Deva
panel2,A,hin_news_2022_1M,hin,L1,708522,hin_Deva
panel2,A,hin_news_2022_1M,hin,L1,708597,hin_Deva
panel2,A,hin_news_2022_1M,hin,L1,709189,hin_Deva
panel2,A,hin_news_2022_1M,hin,L1,709261,hin_Deva
panel2,A,hin_news_2022_1M,hin,L1,709460,hin_Deva
panel2,A,hin_news_2022_1M,hin,L1,709801,hin_Deva
panel2,A,hin_news_2022_1M,hin,L1,710113,hin_Deva
panel2,A,hin_news_2022_1M,hin,L1,710134,hin_Deva
panel2,A,hin_news_2022_1M,hin,L1,710223,hin_Deva
panel2,A,hin_news_2022_1M,hin,L1,710885,anp_Deva
panel2,A,hin_news_2022_1M,hin,L1,711027,hin_Deva
panel2,A,hin_news_2022_1M,hin,L1,711190,anp_Deva
panel2,A,hin_news_2022_1M,hin,L1,711271,anp_Deva
panel2,A,hin_news_2022_1M,hin,L1,711277,anp_Deva
panel2,A,hin_news_2022_1M,hin,L1,711303,anp_Deva
panel2,A,hin_news_2022_1M,hin,L1,711618,anp_Deva
panel2,A,hin_news_2022_1M,hin,L1,712378,hin_Deva
panel2,A,hin_news_2022_1M,hin,L1,712902,hin_Deva
panel2,A,hin_news_2022_1M,hin,L1,712937,hin_Deva
panel2,A,hin_news_2022_1M,hin,L1,713088,hin_Deva
panel2,A,hin_news_2022_1M,hin,L1,713554,hin_Deva
panel2,A,hin_news_2022_1M,hin,L1,714054,hin_Deva
panel2,A,hin_news_2022_1M,hin,L1,714167,anp_Deva
panel2,A,hin_news_2022_1M,hin,L1,714613,hin_Deva
panel2,A,hin_news_2022_1M,hin,L1,714756,hin_Deva
panel2,A,hin_news_2022_1M,hin,L1,715024,hin_Deva
panel2,A,hin_news_2022_1M,hin,L1,715137,hin_Deva
panel2,A,hin_news_2022_1M,hin,L1,715435,hin_Deva
panel2,A,hin_news_2022_1M,hin,L1,716721,hin_Deva
panel2,A,hin_news_2022_1M,hin,L1,717085,anp_Deva
panel2,A,hin_news_2022_1M,hin,L1,717322,hin_Deva
panel2,A,hin_news_2022_1M,hin,L1,718102,hin_Deva
panel2,A,hin_news_2022_1M,hin,L1,718107,hin_Deva
panel2,A,hin_news_2022_1M,hin,L1,718850,hin_Deva
panel2,A,hin_news_2022_1M,hin,L1,719130,hin_Deva
panel2,A,hin_news_2022_1M,hin,L1,720503,hin_Deva
panel2,A,hin_news_2022_1M,hin,L1,720702,hin_Deva
panel2,A,hin_news_2022_1M,hin,L1,721057,hin_Deva
panel2,A,hin_news_2022_1M,hin,L1,721125,hin_Deva
panel2,A,hin_news_2022_1M,hin,L1,721395,hin_Deva
panel2,A,hin_news_2022_1M,hin,L1,722839,hin_Deva
panel2,A,hin_news_2022_1M,hin,L1,723216,hin_Deva
panel2,A,hin_news_2022_1M,hin,L1,723718,hin_Deva
panel2,A,hin_news_2022_1M,hin,L1,723775,hin_Deva
panel2,A,hin_news_2022_1M,hin,L1,723785,hin_Deva
panel2,A,hin_news_2022_1M,hin,L1,724451,awa_Deva
panel2,A,hin_news_2022_1M,hin,L1,725321,hin_Deva
panel2,A,hin_news_2022_1M,hin,L1,725903,sck_Deva
panel2,A,hin_news_2022_1M,hin,L1,726620,hin_Deva
panel2,A,hin_news_2022_1M,hin,L1,726945,hin_Deva
panel2,A,hin_news_2022_1M,hin,L1,727782,hin_Deva
panel2,A,hin_news_2022_1M,hin,L1,728292,hin_Deva
panel2,A,hin_news_2022_1M,hin,L1,728300,hin_Deva
panel2,A,hin_news_2022_1M,hin,L1,728384,hin_Deva
panel2,A,hin_news_2022_1M,hin,L1,728551,hin_Deva
panel2,A,hin_news_2022_1M,hin,L1,728590,anp_Deva
panel2,A,hin_news_2022_1M,hin,L1,730001,hin_Deva
panel2,A,hin_news_2022_1M,hin,L1,730585,hin_Deva
panel2,A,hin_news_2022_1M,hin,L1,731116,hin_Deva
panel2,A,hin_news_2022_1M,hin,L1,731727,hin_Deva
panel2,A,hin_news_2022_1M,hin,L1,732692,hin_Deva
panel2,A,hin_news_2022_1M,hin,L1,733437,anp_Deva
panel2,A,hin_news_2022_1M,hin,L1,733948,hin_Deva
panel2,A,hin_news_2022_1M,hin,L1,734318,hin_Deva
panel2,A,hin_news_2022_1M,hin,L1,734430,hin_Deva
panel2,A,hin_news_2022_1M,hin,L1,734592,hin_Deva
panel2,A,hin_news_2022_1M,hin,L1,735525,anp_Deva
panel2,A,hin_news_2022_1M,hin,L1,735696,hin_Deva
panel2,A,hin_news_2022_1M,hin,L1,735905,hin_Deva
panel2,A,hin_news_2022_1M,hin,L1,737152,hin_Deva
panel2,A,hin_news_2022_1M,hin,L1,738298,anp_Deva
panel2,A,hin_news_2022_1M,hin,L1,738862,anp_Deva
panel2,A,hin_news_2022_1M,hin,L1,738997,hin_Deva
panel2,A,hin_news_2022_1M,hin,L1,739012,hin_Deva
panel2,A,hin_news_2022_1M,hin,L1,739302,hin_Deva
panel2,A,hin_news_2022_1M,hin,L1,739454,hin_Deva
panel2,A,hin_news_2022_1M,hin,L1,739583,hin_Deva
panel2,A,hin_news_2022_1M,hin,L1,740257,hin_Deva
panel2,A,hin_news_2022_1M,hin,L1,740361,hin_Deva
panel2,A,hin_news_2022_1M,hin,L1,740377,hin_Deva
panel2,A,hin_news_2022_1M,hin,L1,740489,awa_Deva
panel2,A,hin_news_2022_1M,hin,L1,740561,hin_Deva
panel2,A,hin_news_2022_1M,hin,L1,740681,hin_Deva
panel2,A,hin_news_2022_1M,hin,L1,740724,hin_Deva
panel2,A,hin_news_2022_1M,hin,L1,741100,hin_Deva
panel2,A,hin_news_2022_1M,hin,L1,741300,anp_Deva
panel2,A,hin_news_2022_1M,hin,L1,741353,hin_Deva
panel2,A,hin_news_2022_1M,hin,L1,741572,hin_Deva
panel2,A,hin_news_2022_1M,hin,L1,741616,anp_Deva
panel2,A,hin_news_2022_1M,hin,L1,741809,hin_Deva
panel2,A,hin_news_2022_1M,hin,L1,742777,anp_Deva
panel2,A,hin_news_2022_1M,hin,L1,743644,hin_Deva
panel2,A,hin_news_2022_1M,hin,L1,744061,anp_Deva
panel2,A,hin_news_2022_1M,hin,L1,744234,hin_Deva
panel2,A,hin_news_2022_1M,hin,L1,744579,hin_Deva
panel2,A,hin_news_2022_1M,hin,L1,744868,hin_Deva
panel2,A,hin_news_2022_1M,hin,L1,745502,hin_Deva
panel2,A,hin_news_2022_1M,hin,L1,746042,hin_Deva
panel2,A,hin_news_2022_1M,hin,L1,747176,anp_Deva
panel2,A,hin_news_2022_1M,hin,L1,747944,hin_Deva
panel2,A,hin_news_2022_1M,hin,L1,747959,hin_Deva
panel2,A,hin_news_2022_1M,hin,L1,748317,hin_Deva
panel2,A,hin_news_2022_1M,hin,L1,748496,hin_Deva
panel2,A,hin_news_2022_1M,hin,L1,748941,hin_Deva
panel2,A,hin_news_2022_1M,hin,L1,749324,hin_Deva
panel2,A,hin_news_2022_1M,hin,L1,750152,hin_Deva
panel2,A,hin_news_2022_1M,hin,L1,750232,anp_Deva
panel2,A,hin_news_2022_1M,hin,L1,750510,anp_Deva
panel2,A,hin_news_2022_1M,hin,L1,751066,hin_Deva
panel2,A,hin_news_2022_1M,hin,L1,751204,hin_Deva
panel2,A,hin_news_2022_1M,hin,L1,751963,anp_Deva
panel2,A,hin_news_2022_1M,hin,L1,752418,anp_Deva
panel2,A,hin_news_2022_1M,hin,L1,752594,hin_Deva
panel2,A,hin_news_2022_1M,hin,L1,752936,hin_Deva
panel2,A,hin_news_2022_1M,hin,L1,753096,hin_Deva
panel2,A,hin_news_2022_1M,hin,L1,753504,anp_Deva
panel2,A,hin_news_2022_1M,hin,L1,753599,anp_Deva
panel2,A,hin_news_2022_1M,hin,L1,754545,hin_Deva
panel2,A,hin_news_2022_1M,hin,L1,755344,hin_Deva
panel2,A,hin_news_2022_1M,hin,L1,756641,hin_Deva
panel2,A,hin_news_2022_1M,hin,L1,756672,hin_Deva
panel2,A,hin_news_2022_1M,hin,L1,757178,hin_Deva
panel2,A,hin_news_2022_1M,hin,L1,757832,hin_Deva
panel2,A,hin_news_2022_1M,hin,L1,758254,hin_Deva
panel2,A,hin_news_2022_1M,hin,L1,758476,hin_Deva
panel2,A,hin_news_2022_1M,hin,L1,760163,hin_Deva
panel2,A,hin_news_2022_1M,hin,L1,760346,hin_Deva
panel2,A,hin_news_2022_1M,hin,L1,760727,hin_Deva
panel2,A,hin_news_2022_1M,hin,L1,761248,hin_Deva
panel2,A,hin_news_2022_1M,hin,L1,761378,anp_Deva
panel2,A,hin_news_2022_1M,hin,L1,762874,hin_Deva
panel2,A,hin_news_2022_1M,hin,L1,763463,hin_Deva
panel2,A,hin_news_2022_1M,hin,L1,763555,anp_Deva
panel2,A,hin_news_2022_1M,hin,L1,763889,anp_Deva
panel2,A,hin_news_2022_1M,hin,L1,764424,hin_Deva
panel2,A,hin_news_2022_1M,hin,L1,764504,anp_Deva
panel2,A,hin_news_2022_1M,hin,L1,764656,hin_Deva
panel2,A,hin_news_2022_1M,hin,L1,764879,hin_Deva
panel2,A,hin_news_2022_1M,hin,L1,765453,hin_Deva
panel2,A,hin_news_2022_1M,hin,L1,767333,anp_Deva
panel2,A,hin_news_2022_1M,hin,L1,767365,hin_Deva
panel2,A,hin_news_2022_1M,hin,L1,767776,anp_Deva
panel2,A,hin_news_2022_1M,hin,L1,768215,hin_Deva
panel2,A,hin_news_2022_1M,hin,L1,768248,hin_Deva
panel2,A,hin_news_2022_1M,hin,L1,768360,awa_Deva
panel2,A,hin_news_2022_1M,hin,L1,768556,hin_Deva
panel2,A,hin_news_2022_1M,hin,L1,770752,anp_Deva
panel2,A,hin_news_2022_1M,hin,L1,771700,hin_Deva
panel2,A,hin_news_2022_1M,hin,L1,772064,hin_Deva
panel2,A,hin_news_2022_1M,hin,L1,772958,hin_Deva
panel2,A,hin_news_2022_1M,hin,L1,773089,hin_Deva
panel2,A,hin_news_2022_1M,hin,L1,773922,anp_Deva
panel2,A,hin_news_2022_1M,hin,L1,774696,hin_Deva
panel2,A,hin_news_2022_1M,hin,L1,775960,hin_Deva
panel2,A,hin_news_2022_1M,hin,L1,776149,anp_Deva
panel2,A,hin_news_2022_1M,hin,L1,777640,hin_Deva
panel2,A,hin_news_2022_1M,hin,L1,777667,hin_Deva
panel2,A,hin_news_2022_1M,hin,L1,777746,hin_Deva
panel2,A,hin_news_2022_1M,hin,L1,778412,hin_Deva
panel2,A,hin_news_2022_1M,hin,L1,778750,hin_Deva
panel2,A,hin_news_2022_1M,hin,L1,779160,hin_Deva
panel2,A,hin_news_2022_1M,hin,L1,779673,hin_Deva
panel2,A,hin_news_2022_1M,hin,L1,779905,hin_Deva
panel2,A,hin_news_2022_1M,hin,L1,780642,hin_Deva
panel2,A,hin_news_2022_1M,hin,L1,780815,hin_Deva
panel2,A,hin_news_2022_1M,hin,L1,781335,hin_Deva
panel2,A,hin_news_2022_1M,hin,L1,781471,hin_Deva
panel2,A,hin_news_2022_1M,hin,L1,782685,hin_Deva
panel2,A,hin_news_2022_1M,hin,L1,783108,hin_Deva
panel2,A,hin_news_2022_1M,hin,L1,783131,hin_Deva
panel2,A,hin_news_2022_1M,hin,L1,783223,hin_Deva
panel2,A,hin_news_2022_1M,hin,L1,786208,hin_Deva
panel2,A,hin_news_2022_1M,hin,L1,786273,anp_Deva
panel2,A,hin_news_2022_1M,hin,L1,788423,hin_Deva
panel2,A,hin_news_2022_1M,hin,L1,789723,hin_Deva
panel2,A,hin_news_2022_1M,hin,L1,789995,hin_Deva
panel2,A,hin_news_2022_1M,hin,L1,790230,hin_Deva
panel2,A,hin_news_2022_1M,hin,L1,790430,hin_Deva
panel2,A,hin_news_2022_1M,hin,L1,791137,hin_Deva
panel2,A,hin_news_2022_1M,hin,L1,791844,anp_Deva
panel2,A,hin_news_2022_1M,hin,L1,791983,hin_Deva
panel2,A,hin_news_2022_1M,hin,L1,792319,anp_Deva
panel2,A,hin_news_2022_1M,hin,L1,792381,anp_Deva
panel2,A,hin_news_2022_1M,hin,L1,792935,hin_Deva
panel2,A,hin_news_2022_1M,hin,L1,793037,anp_Deva
panel2,A,hin_news_2022_1M,hin,L1,795242,hin_Deva
panel2,A,hin_news_2022_1M,hin,L1,795792,hin_Deva
panel2,A,hin_news_2022_1M,hin,L1,797579,hin_Deva
panel2,A,hin_news_2022_1M,hin,L1,797673,hin_Deva
panel2,A,hin_news_2022_1M,hin,L1,797724,hin_Deva
panel2,A,hin_news_2022_1M,hin,L1,799095,hin_Deva
panel2,A,hin_news_2022_1M,hin,L1,799924,hin_Deva
panel2,A,hin_news_2022_1M,hin,L1,800026,hin_Deva
panel2,A,hin_news_2022_1M,hin,L1,800063,hin_Deva
panel2,A,hin_news_2022_1M,hin,L1,800622,hin_Deva
panel2,A,hin_news_2022_1M,hin,L1,801311,hin_Deva
panel2,A,hin_news_2022_1M,hin,L1,801759,hin_Deva
panel2,A,hin_news_2022_1M,hin,L1,801900,hin_Deva
panel2,A,hin_news_2022_1M,hin,L1,803552,anp_Deva
panel2,A,hin_news_2022_1M,hin,L1,804618,hin_Deva
panel2,A,hin_news_2022_1M,hin,L1,806831,hin_Deva
panel2,A,hin_news_2022_1M,hin,L1,806951,anp_Deva
panel2,A,hin_news_2022_1M,hin,L1,808028,hin_Deva
panel2,A,hin_news_2022_1M,hin,L1,808199,hin_Deva
panel2,A,hin_news_2022_1M,hin,L1,808537,hin_Deva
panel2,A,hin_news_2022_1M,hin,L1,809051,hin_Deva
panel2,A,hin_news_2022_1M,hin,L1,809130,hin_Deva
panel2,A,hin_news_2022_1M,hin,L1,809443,hin_Deva
panel2,A,hin_news_2022_1M,hin,L1,809641,hin_Deva
panel2,A,hin_news_2022_1M,hin,L1,809740,hin_Deva
panel2,A,hin_news_2022_1M,hin,L1,810013,hin_Deva
panel2,A,hin_news_2022_1M,hin,L1,810157,hin_Deva
panel2,A,hin_news_2022_1M,hin,L1,810832,anp_Deva
panel2,A,hin_news_2022_1M,hin,L1,810845,hin_Deva
panel2,A,hin_news_2022_1M,hin,L1,810897,hin_Deva
panel2,A,hin_news_2022_1M,hin,L1,811804,anp_Deva
panel2,A,hin_news_2022_1M,hin,L1,812185,anp_Deva
panel2,A,hin_news_2022_1M,hin,L1,812210,hin_Deva
panel2,A,hin_news_2022_1M,hin,L1,812217,hin_Deva
panel2,A,hin_news_2022_1M,hin,L1,812605,hin_Deva
panel2,A,hin_news_2022_1M,hin,L1,813901,hin_Deva
panel2,A,hin_news_2022_1M,hin,L1,814712,anp_Deva
panel2,A,hin_news_2022_1M,hin,L1,814743,hin_Deva
panel2,A,hin_news_2022_1M,hin,L1,815229,hin_Deva
panel2,A,hin_news_2022_1M,hin,L1,815586,anp_Deva
panel2,A,hin_news_2022_1M,hin,L1,817596,hin_Deva
panel2,A,hin_news_2022_1M,hin,L1,817708,anp_Deva
panel2,A,hin_news_2022_1M,hin,L1,819848,hin_Deva
panel2,A,hin_news_2022_1M,hin,L1,819912,hin_Deva
panel2,A,hin_news_2022_1M,hin,L1,820608,hin_Deva
panel2,A,hin_news_2022_1M,hin,L1,821065,anp_Deva
panel2,A,hin_news_2022_1M,hin,L1,821307,hin_Deva
panel2,A,hin_news_2022_1M,hin,L1,822148,hin_Deva
panel2,A,hin_news_2022_1M,hin,L1,822971,hin_Deva
panel2,A,hin_news_2022_1M,hin,L1,823638,hin_Deva
panel2,A,hin_news_2022_1M,hin,L1,823662,hin_Deva
panel2,A,hin_news_2022_1M,hin,L1,823796,hin_Deva
panel2,A,hin_news_2022_1M,hin,L1,823963,anp_Deva
panel2,A,hin_news_2022_1M,hin,L1,824235,awa_Deva
panel2,A,hin_news_2022_1M,hin,L1,824291,anp_Deva
panel2,A,hin_news_2022_1M,hin,L1,824324,hin_Deva
panel2,A,hin_news_2022_1M,hin,L1,824909,hin_Deva
panel2,A,hin_news_2022_1M,hin,L1,825068,hin_Deva
panel2,A,hin_news_2022_1M,hin,L1,826028,hin_Deva
panel2,A,hin_news_2022_1M,hin,L1,826193,hin_Deva
panel2,A,hin_news_2022_1M,hin,L1,826516,hin_Deva
panel2,A,hin_news_2022_1M,hin,L1,826550,hin_Deva
panel2,A,hin_news_2022_1M,hin,L1,826909,hin_Deva
panel2,A,hin_news_2022_1M,hin,L1,826931,hin_Deva
panel2,A,hin_news_2022_1M,hin,L1,827714,hin_Deva
panel2,A,hin_news_2022_1M,hin,L1,828081,hin_Deva
panel2,A,hin_news_2022_1M,hin,L1,828482,hin_Deva
panel2,A,hin_news_2022_1M,hin,L1,828579,hin_Deva
panel2,A,hin_news_2022_1M,hin,L1,829044,hin_Deva
panel2,A,hin_news_2022_1M,hin,L1,829062,awa_Deva
panel2,A,hin_news_2022_1M,hin,L1,830628,anp_Deva
panel2,A,hin_news_2022_1M,hin,L1,831956,hin_Deva
panel2,A,hin_news_2022_1M,hin,L1,833364,hin_Deva
panel2,A,hin_news_2022_1M,hin,L1,833881,anp_Deva
panel2,A,hin_news_2022_1M,hin,L1,834748,hin_Deva
panel2,A,hin_news_2022_1M,hin,L1,834771,anp_Deva
panel2,A,hin_news_2022_1M,hin,L1,835177,hin_Deva
panel2,A,hin_news_2022_1M,hin,L1,835419,hin_Deva
panel2,A,hin_news_2022_1M,hin,L1,835623,anp_Deva
panel2,A,hin_news_2022_1M,hin,L1,836358,hin_Deva
panel2,A,hin_news_2022_1M,hin,L1,836965,hin_Deva
panel2,A,hin_news_2022_1M,hin,L1,837078,hin_Deva
panel2,A,hin_news_2022_1M,hin,L1,837288,hin_Deva
panel2,A,hin_news_2022_1M,hin,L1,837314,hin_Deva
panel2,A,hin_news_2022_1M,hin,L1,837537,anp_Deva
panel2,A,hin_news_2022_1M,hin,L1,838213,anp_Deva
panel2,A,hin_news_2022_1M,hin,L1,838274,hin_Deva
panel2,A,hin_news_2022_1M,hin,L1,839880,anp_Deva
panel2,A,hin_news_2022_1M,hin,L1,840578,hin_Deva
panel2,A,hin_news_2022_1M,hin,L1,840836,hin_Deva
panel2,A,hin_news_2022_1M,hin,L1,841056,hin_Deva
panel2,A,hin_news_2022_1M,hin,L1,841463,hin_Deva
panel2,A,hin_news_2022_1M,hin,L1,841568,hin_Deva
panel2,A,hin_news_2022_1M,hin,L1,842032,hin_Deva
panel2,A,hin_news_2022_1M,hin,L1,843072,hin_Deva
panel2,A,hin_news_2022_1M,hin,L1,843296,hin_Deva
panel2,A,hin_news_2022_1M,hin,L1,844223,anp_Deva
panel2,A,hin_news_2022_1M,hin,L1,844395,hin_Deva
panel2,A,hin_news_2022_1M,hin,L1,844617,hin_Deva
panel2,A,hin_news_2022_1M,hin,L1,844885,hin_Deva
panel2,A,hin_news_2022_1M,hin,L1,845099,anp_Deva
panel2,A,hin_news_2022_1M,hin,L1,845273,anp_Deva
panel2,A,hin_news_2022_1M,hin,L1,845753,hin_Deva
panel2,A,hin_news_2022_1M,hin,L1,845976,hin_Deva
panel2,A,hin_news_2022_1M,hin,L1,846024,hin_Deva
panel2,A,hin_news_2022_1M,hin,L1,846611,hin_Deva
panel2,A,hin_news_2022_1M,hin,L1,847641,hin_Deva
panel2,A,hin_news_2022_1M,hin,L1,849210,hin_Deva
panel2,A,hin_news_2022_1M,hin,L1,850188,anp_Deva
panel2,A,hin_news_2022_1M,hin,L1,850359,hin_Deva
panel2,A,hin_news_2022_1M,hin,L1,850516,hin_Deva
panel2,A,hin_news_2022_1M,hin,L1,850621,anp_Deva
panel2,A,hin_news_2022_1M,hin,L1,850718,hin_Deva
panel2,A,hin_news_2022_1M,hin,L1,852376,hin_Deva
panel2,A,hin_news_2022_1M,hin,L1,852589,hin_Deva
panel2,A,hin_news_2022_1M,hin,L1,854354,hin_Deva
panel2,A,hin_news_2022_1M,hin,L1,854673,anp_Deva
panel2,A,hin_news_2022_1M,hin,L1,854679,hin_Deva
panel2,A,hin_news_2022_1M,hin,L1,855579,hin_Deva
panel2,A,hin_news_2022_1M,hin,L1,857597,hin_Deva
panel2,A,hin_news_2022_1M,hin,L1,857889,awa_Deva
panel2,A,hin_news_2022_1M,hin,L1,858501,hin_Deva
panel2,A,hin_news_2022_1M,hin,L1,858535,hin_Deva
panel2,A,hin_news_2022_1M,hin,L1,859083,hin_Deva
panel2,A,hin_news_2022_1M,hin,L1,859268,hin_Deva
panel2,A,hin_news_2022_1M,hin,L1,859424,hin_Deva
panel2,A,hin_news_2022_1M,hin,L1,859572,hin_Deva
panel2,A,hin_news_2022_1M,hin,L1,859687,hin_Deva
panel2,A,hin_news_2022_1M,hin,L1,860048,hin_Deva
panel2,A,hin_news_2022_1M,hin,L1,861644,hin_Deva
panel2,A,hin_news_2022_1M,hin,L1,862450,hin_Deva
panel2,A,hin_news_2022_1M,hin,L1,862964,anp_Deva
panel2,A,hin_news_2022_1M,hin,L1,863106,hin_Deva
panel2,A,hin_news_2022_1M,hin,L1,863142,hin_Deva
panel2,A,hin_news_2022_1M,hin,L1,863833,hin_Deva
panel2,A,hin_news_2022_1M,hin,L1,864074,hin_Deva
panel2,A,hin_news_2022_1M,hin,L1,864766,hin_Deva
panel2,A,hin_news_2022_1M,hin,L1,865528,hin_Deva
panel2,A,hin_news_2022_1M,hin,L1,865648,hin_Deva
panel2,A,hin_news_2022_1M,hin,L1,866016,hin_Deva
panel2,A,hin_news_2022_1M,hin,L1,866954,hin_Deva
panel2,A,hin_news_2022_1M,hin,L1,867115,hin_Deva
panel2,A,hin_news_2022_1M,hin,L1,867345,hin_Deva
panel2,A,hin_news_2022_1M,hin,L1,868144,anp_Deva
panel2,A,hin_news_2022_1M,hin,L1,868936,awa_Deva
panel2,A,hin_news_2022_1M,hin,L1,869152,anp_Deva
panel2,A,hin_news_2022_1M,hin,L1,869364,hin_Deva
panel2,A,hin_news_2022_1M,hin,L1,869447,hin_Deva
panel2,A,hin_news_2022_1M,hin,L1,869500,hin_Deva
panel2,A,hin_news_2022_1M,hin,L1,871557,hin_Deva
panel2,A,hin_news_2022_1M,hin,L1,872116,hin_Deva
panel2,A,hin_news_2022_1M,hin,L1,872161,anp_Deva
panel2,A,hin_news_2022_1M,hin,L1,872707,hin_Deva
panel2,A,hin_news_2022_1M,hin,L1,873221,hin_Deva
panel2,A,hin_news_2022_1M,hin,L1,873453,hin_Deva
panel2,A,hin_news_2022_1M,hin,L1,873877,hin_Deva
panel2,A,hin_news_2022_1M,hin,L1,874677,hin_Deva
panel2,A,hin_news_2022_1M,hin,L1,875005,hin_Deva
panel2,A,hin_news_2022_1M,hin,L1,875102,hin_Deva
panel2,A,hin_news_2022_1M,hin,L1,875285,hin_Deva
panel2,A,hin_news_2022_1M,hin,L1,875995,hin_Deva
panel2,A,hin_news_2022_1M,hin,L1,876313,hin_Deva
panel2,A,hin_news_2022_1M,hin,L1,876402,hin_Deva
panel2,A,hin_news_2022_1M,hin,L1,876511,hin_Deva
panel2,A,hin_news_2022_1M,hin,L1,876609,hin_Deva
panel2,A,hin_news_2022_1M,hin,L1,876783,hin_Deva
panel2,A,hin_news_2022_1M,hin,L1,876931,hin_Deva
panel2,A,hin_news_2022_1M,hin,L1,877367,hin_Deva
panel2,A,hin_news_2022_1M,hin,L1,877625,anp_Deva
panel2,A,hin_news_2022_1M,hin,L1,878422,hin_Deva
panel2,A,hin_news_2022_1M,hin,L1,878565,hin_Deva
panel2,A,hin_news_2022_1M,hin,L1,879729,hin_Deva
panel2,A,hin_news_2022_1M,hin,L1,879974,hin_Deva
panel2,A,hin_news_2022_1M,hin,L1,881261,hin_Deva
panel2,A,hin_news_2022_1M,hin,L1,881281,hin_Deva
panel2,A,hin_news_2022_1M,hin,L1,881635,hin_Deva
panel2,A,hin_news_2022_1M,hin,L1,881652,anp_Deva
panel2,A,hin_news_2022_1M,hin,L1,881971,hin_Deva
panel2,A,hin_news_2022_1M,hin,L1,882099,hin_Deva
panel2,A,hin_news_2022_1M,hin,L1,882630,hin_Deva
panel2,A,hin_news_2022_1M,hin,L1,882985,hin_Deva
panel2,A,hin_news_2022_1M,hin,L1,883428,anp_Deva
panel2,A,hin_news_2022_1M,hin,L1,884052,new_Deva
panel2,A,hin_news_2022_1M,hin,L1,884256,hin_Deva
panel2,A,hin_news_2022_1M,hin,L1,884613,hin_Deva
panel2,A,hin_news_2022_1M,hin,L1,885498,hin_Deva
panel2,A,hin_news_2022_1M,hin,L1,885937,anp_Deva
panel2,A,hin_news_2022_1M,hin,L1,886927,anp_Deva
panel2,A,hin_news_2022_1M,hin,L1,887948,hin_Deva
panel2,A,hin_news_2022_1M,hin,L1,888084,hin_Deva
panel2,A,hin_news_2022_1M,hin,L1,888183,anp_Deva
panel2,A,hin_news_2022_1M,hin,L1,888211,hin_Deva
panel2,A,hin_news_2022_1M,hin,L1,888764,hin_Deva
panel2,A,hin_news_2022_1M,hin,L1,888882,anp_Deva
panel2,A,hin_news_2022_1M,hin,L1,889807,anp_Deva
panel2,A,hin_news_2022_1M,hin,L1,890411,hin_Deva
panel2,A,hin_news_2022_1M,hin,L1,890561,hin_Deva
panel2,A,hin_news_2022_1M,hin,L1,892224,anp_Deva
panel2,A,hin_news_2022_1M,hin,L1,892532,hin_Deva
panel2,A,hin_news_2022_1M,hin,L1,892616,hin_Deva
panel2,A,hin_news_2022_1M,hin,L1,892853,hin_Deva
panel2,A,hin_news_2022_1M,hin,L1,892868,hin_Deva
panel2,A,hin_news_2022_1M,hin,L1,893107,hin_Deva
panel2,A,hin_news_2022_1M,hin,L1,893225,hin_Deva
panel2,A,hin_news_2022_1M,hin,L1,893281,hin_Deva
panel2,A,hin_news_2022_1M,hin,L1,893725,hin_Deva
panel2,A,hin_news_2022_1M,hin,L1,893886,hin_Deva
panel2,A,hin_news_2022_1M,hin,L1,894241,hin_Deva
panel2,A,hin_news_2022_1M,hin,L1,894813,hin_Deva
panel2,A,hin_news_2022_1M,hin,L1,895808,hin_Deva
panel2,A,hin_news_2022_1M,hin,L1,895823,hin_Deva
panel2,A,hin_news_2022_1M,hin,L1,896577,hin_Deva
panel2,A,hin_news_2022_1M,hin,L1,896686,anp_Deva
panel2,A,hin_news_2022_1M,hin,L1,897329,hin_Deva
panel2,A,hin_news_2022_1M,hin,L1,897843,anp_Deva
panel2,A,hin_news_2022_1M,hin,L1,897849,hin_Deva
panel2,A,hin_news_2022_1M,hin,L1,899140,hin_Deva
panel2,A,hin_news_2022_1M,hin,L1,899149,hin_Deva
panel2,A,hin_news_2022_1M,hin,L1,900168,hin_Deva
panel2,A,hin_news_2022_1M,hin,L1,901168,hin_Deva
panel2,A,hin_news_2022_1M,hin,L1,902155,anp_Deva
panel2,A,hin_news_2022_1M,hin,L1,902197,hin_Deva
panel2,A,hin_news_2022_1M,hin,L1,902222,hin_Deva
panel2,A,hin_news_2022_1M,hin,L1,902656,hin_Deva
panel2,A,hin_news_2022_1M,hin,L1,903070,hin_Deva
panel2,A,hin_news_2022_1M,hin,L1,903331,hin_Deva
panel2,A,hin_news_2022_1M,hin,L1,903518,awa_Deva
panel2,A,hin_news_2022_1M,hin,L1,904320,hin_Deva
panel2,A,hin_news_2022_1M,hin,L1,904808,hin_Deva
panel2,A,hin_news_2022_1M,hin,L1,904873,hin_Deva
panel2,A,hin_news_2022_1M,hin,L1,904881,hin_Deva
panel2,A,hin_news_2022_1M,hin,L1,904898,hin_Deva
panel2,A,hin_news_2022_1M,hin,L1,905040,hin_Deva
panel2,A,hin_news_2022_1M,hin,L1,905251,hin_Deva
panel2,A,hin_news_2022_1M,hin,L1,905318,hin_Deva
panel2,A,hin_news_2022_1M,hin,L1,905521,hin_Deva
panel2,A,hin_news_2022_1M,hin,L1,905760,hin_Deva
panel2,A,hin_news_2022_1M,hin,L1,906462,hin_Deva
panel2,A,hin_news_2022_1M,hin,L1,906587,hin_Deva
panel2,A,hin_news_2022_1M,hin,L1,907220,hin_Deva
panel2,A,hin_news_2022_1M,hin,L1,907292,hin_Deva
panel2,A,hin_news_2022_1M,hin,L1,908239,hin_Deva
panel2,A,hin_news_2022_1M,hin,L1,908741,hin_Deva
panel2,A,hin_news_2022_1M,hin,L1,908801,hin_Deva
panel2,A,hin_news_2022_1M,hin,L1,909046,hin_Deva
panel2,A,hin_news_2022_1M,hin,L1,909302,hin_Deva
panel2,A,hin_news_2022_1M,hin,L1,909910,hin_Deva
panel2,A,hin_news_2022_1M,hin,L1,910311,hin_Deva
panel2,A,hin_news_2022_1M,hin,L1,911207,hin_Deva
panel2,A,hin_news_2022_1M,hin,L1,911618,hin_Deva
panel2,A,hin_news_2022_1M,hin,L1,911829,hin_Deva
panel2,A,hin_news_2022_1M,hin,L1,912003,hin_Deva
panel2,A,hin_news_2022_1M,hin,L1,912036,hin_Deva
panel2,A,hin_news_2022_1M,hin,L1,913049,hin_Deva
panel2,A,hin_news_2022_1M,hin,L1,913167,hin_Deva
panel2,A,hin_news_2022_1M,hin,L1,913375,hin_Deva
panel2,A,hin_news_2022_1M,hin,L1,913905,hin_Deva
panel2,A,hin_news_2022_1M,hin,L1,914081,hin_Deva
panel2,A,hin_news_2022_1M,hin,L1,914984,hin_Deva
panel2,A,hin_news_2022_1M,hin,L1,915971,hin_Deva
panel2,A,hin_news_2022_1M,hin,L1,917703,hin_Deva
panel2,A,hin_news_2022_1M,hin,L1,917914,hin_Deva
panel2,A,hin_news_2022_1M,hin,L1,917982,hin_Deva
panel2,A,hin_news_2022_1M,hin,L1,918147,anp_Deva
panel2,A,hin_news_2022_1M,hin,L1,920472,hin_Deva
panel2,A,hin_news_2022_1M,hin,L1,920770,anp_Deva
panel2,A,hin_news_2022_1M,hin,L1,921009,hin_Deva
panel2,A,hin_news_2022_1M,hin,L1,921524,hin_Deva
panel2,A,hin_news_2022_1M,hin,L1,922054,anp_Deva
panel2,A,hin_news_2022_1M,hin,L1,922304,hin_Deva
panel2,A,hin_news_2022_1M,hin,L1,922559,hin_Deva
panel2,A,hin_news_2022_1M,hin,L1,923593,anp_Deva
panel2,A,hin_news_2022_1M,hin,L1,923726,hin_Deva
panel2,A,hin_news_2022_1M,hin,L1,924428,hin_Deva
panel2,A,hin_news_2022_1M,hin,L1,924644,hin_Deva
panel2,A,hin_news_2022_1M,hin,L1,925173,hin_Deva
panel2,A,hin_news_2022_1M,hin,L1,925688,hin_Deva
panel2,A,hin_news_2022_1M,hin,L1,925746,anp_Deva
panel2,A,hin_news_2022_1M,hin,L1,926902,hin_Deva
panel2,A,hin_news_2022_1M,hin,L1,926909,anp_Deva
panel2,A,hin_news_2022_1M,hin,L1,927651,hin_Deva
panel2,A,hin_news_2022_1M,hin,L1,927981,anp_Deva
panel2,A,hin_news_2022_1M,hin,L1,928296,hin_Deva
panel2,A,hin_news_2022_1M,hin,L1,929759,anp_Deva
panel2,A,hin_news_2022_1M,hin,L1,931644,hin_Deva
panel2,A,hin_news_2022_1M,hin,L1,932123,hin_Deva
panel2,A,hin_news_2022_1M,hin,L1,932278,hin_Deva
panel2,A,hin_news_2022_1M,hin,L1,932341,anp_Deva
panel2,A,hin_news_2022_1M,hin,L1,932762,hin_Deva
panel2,A,hin_news_2022_1M,hin,L1,932878,hin_Deva
panel2,A,hin_news_2022_1M,hin,L1,933432,hin_Deva
panel2,A,hin_news_2022_1M,hin,L1,933892,hin_Deva
panel2,A,hin_news_2022_1M,hin,L1,934052,hin_Deva
panel2,A,hin_news_2022_1M,hin,L1,934824,hin_Deva
panel2,A,hin_news_2022_1M,hin,L1,935199,anp_Deva
panel2,A,hin_news_2022_1M,hin,L1,935512,anp_Deva
panel2,A,hin_news_2022_1M,hin,L1,935521,hin_Deva
panel2,A,hin_news_2022_1M,hin,L1,935601,hin_Deva
panel2,A,hin_news_2022_1M,hin,L1,936061,hin_Deva
panel2,A,hin_news_2022_1M,hin,L1,936079,hin_Deva
panel2,A,hin_news_2022_1M,hin,L1,936621,hin_Deva
panel2,A,hin_news_2022_1M,hin,L1,937136,hin_Deva
panel2,A,hin_news_2022_1M,hin,L1,937297,hin_Deva
panel2,A,hin_news_2022_1M,hin,L1,937969,hin_Deva
panel2,A,hin_news_2022_1M,hin,L1,938511,hin_Deva
panel2,A,hin_news_2022_1M,hin,L1,940893,hin_Deva
panel2,A,hin_news_2022_1M,hin,L1,941093,hin_Deva
panel2,A,hin_news_2022_1M,hin,L1,941505,hin_Deva
panel2,A,hin_news_2022_1M,hin,L1,941607,hin_Deva
panel2,A,hin_news_2022_1M,hin,L1,942425,hin_Deva
panel2,A,hin_news_2022_1M,hin,L1,944186,hin_Deva
panel2,A,hin_news_2022_1M,hin,L1,944522,hin_Deva
panel2,A,hin_news_2022_1M,hin,L1,944711,hin_Deva
panel2,A,hin_news_2022_1M,hin,L1,945340,anp_Deva
panel2,A,hin_news_2022_1M,hin,L1,946359,hin_Deva
panel2,A,hin_news_2022_1M,hin,L1,946497,hin_Deva
panel2,A,hin_news_2022_1M,hin,L1,946508,anp_Deva
panel2,A,hin_news_2022_1M,hin,L1,946587,hin_Deva
panel2,A,hin_news_2022_1M,hin,L1,949163,hin_Deva
panel2,A,hin_news_2022_1M,hin,L1,949639,anp_Deva
panel2,A,hin_news_2022_1M,hin,L1,951231,hin_Deva
panel2,A,hin_news_2022_1M,hin,L1,951332,hin_Deva
panel2,A,hin_news_2022_1M,hin,L1,952001,hin_Deva
panel2,A,hin_news_2022_1M,hin,L1,952144,hin_Deva
panel2,A,hin_news_2022_1M,hin,L1,952220,anp_Deva
panel2,A,hin_news_2022_1M,hin,L1,952238,hin_Deva
panel2,A,hin_news_2022_1M,hin,L1,952830,hin_Deva
panel2,A,hin_news_2022_1M,hin,L1,952947,anp_Deva
panel2,A,hin_news_2022_1M,hin,L1,953052,hin_Deva
panel2,A,hin_news_2022_1M,hin,L1,954846,hin_Deva
panel2,A,hin_news_2022_1M,hin,L1,955176,hin_Deva
panel2,A,hin_news_2022_1M,hin,L1,956096,hin_Deva
panel2,A,hin_news_2022_1M,hin,L1,956589,hin_Deva
panel2,A,hin_news_2022_1M,hin,L1,957620,hin_Deva
panel2,A,hin_news_2022_1M,hin,L1,957858,hin_Deva
panel2,A,hin_news_2022_1M,hin,L1,958150,hin_Deva
panel2,A,hin_news_2022_1M,hin,L1,958413,hin_Deva
panel2,A,hin_news_2022_1M,hin,L1,958658,anp_Deva
panel2,A,hin_news_2022_1M,hin,L1,958838,hin_Deva
panel2,A,hin_news_2022_1M,hin,L1,959112,hin_Deva
panel2,A,hin_news_2022_1M,hin,L1,959473,hin_Deva
panel2,A,hin_news_2022_1M,hin,L1,961349,hin_Deva
panel2,A,hin_news_2022_1M,hin,L1,962295,anp_Deva
panel2,A,hin_news_2022_1M,hin,L1,962594,hin_Deva
panel2,A,hin_news_2022_1M,hin,L1,963157,hin_Deva
panel2,A,hin_news_2022_1M,hin,L1,963196,hin_Deva
panel2,A,hin_news_2022_1M,hin,L1,963639,anp_Deva
panel2,A,hin_news_2022_1M,hin,L1,964134,anp_Deva
panel2,A,hin_news_2022_1M,hin,L1,965062,anp_Deva
panel2,A,hin_news_2022_1M,hin,L1,965384,hin_Deva
panel2,A,hin_news_2022_1M,hin,L1,965412,hin_Deva
panel2,A,hin_news_2022_1M,hin,L1,965528,anp_Deva
panel2,A,hin_news_2022_1M,hin,L1,966230,hin_Deva
panel2,A,hin_news_2022_1M,hin,L1,966697,hin_Deva
panel2,A,hin_news_2022_1M,hin,L1,966862,hin_Deva
panel2,A,hin_news_2022_1M,hin,L1,967832,hin_Deva
panel2,A,hin_news_2022_1M,hin,L1,968177,hin_Deva
panel2,A,hin_news_2022_1M,hin,L1,969315,anp_Deva
panel2,A,hin_news_2022_1M,hin,L1,971010,hin_Deva
panel2,A,hin_news_2022_1M,hin,L1,971481,hin_Deva
panel2,A,hin_news_2022_1M,hin,L1,971773,anp_Deva
panel2,A,hin_news_2022_1M,hin,L1,972566,hin_Deva
panel2,A,hin_news_2022_1M,hin,L1,973550,hin_Deva
panel2,A,hin_news_2022_1M,hin,L1,974813,new_Deva
panel2,A,hin_news_2022_1M,hin,L1,975432,hin_Deva
panel2,A,hin_news_2022_1M,hin,L1,975654,hin_Deva
panel2,A,hin_news_2022_1M,hin,L1,977122,hin_Deva
panel2,A,hin_news_2022_1M,hin,L1,977436,hin_Deva
panel2,A,hin_news_2022_1M,hin,L1,977459,hin_Deva
panel2,A,hin_news_2022_1M,hin,L1,977591,anp_Deva
panel2,A,hin_news_2022_1M,hin,L1,977895,hin_Deva
panel2,A,hin_news_2022_1M,hin,L1,978391,hin_Deva
panel2,A,hin_news_2022_1M,hin,L1,978520,hin_Deva
panel2,A,hin_news_2022_1M,hin,L1,979259,hin_Deva
panel2,A,hin_news_2022_1M,hin,L1,979278,hin_Deva
panel2,A,hin_news_2022_1M,hin,L1,980089,hin_Deva
panel2,A,hin_news_2022_1M,hin,L1,981260,hin_Deva
panel2,A,hin_news_2022_1M,hin,L1,981279,hin_Deva
panel2,A,hin_news_2022_1M,hin,L1,981981,hin_Deva
panel2,A,hin_news_2022_1M,hin,L1,983542,hin_Deva
panel2,A,hin_news_2022_1M,hin,L1,983693,hin_Deva
panel2,A,hin_news_2022_1M,hin,L1,983839,hin_Deva
panel2,A,hin_news_2022_1M,hin,L1,984308,hin_Deva
panel2,A,hin_news_2022_1M,hin,L1,984657,hin_Deva
panel2,A,hin_news_2022_1M,hin,L1,985807,anp_Deva
panel2,A,hin_news_2022_1M,hin,L1,986392,anp_Deva
panel2,A,hin_news_2022_1M,hin,L1,986505,hin_Deva
panel2,A,hin_news_2022_1M,hin,L1,986585,hin_Deva
panel2,A,hin_news_2022_1M,hin,L1,986624,hin_Deva
panel2,A,hin_news_2022_1M,hin,L1,986669,hin_Deva
panel2,A,hin_news_2022_1M,hin,L1,987162,hin_Deva
panel2,A,hin_news_2022_1M,hin,L1,987286,hin_Deva
panel2,A,hin_news_2022_1M,hin,L1,987701,hin_Deva
panel2,A,hin_news_2022_1M,hin,L1,988230,hin_Deva
panel2,A,hin_news_2022_1M,hin,L1,988733,hin_Deva
panel2,A,hin_news_2022_1M,hin,L1,989385,hin_Deva
panel2,A,hin_news_2022_1M,hin,L1,989517,hin_Deva
panel2,A,hin_news_2022_1M,hin,L1,989696,hin_Deva
panel2,A,hin_news_2022_1M,hin,L1,989863,hin_Deva
panel2,A,hin_news_2022_1M,hin,L1,990105,anp_Deva
panel2,A,hin_news_2022_1M,hin,L1,990436,hin_Deva
panel2,A,hin_news_2022_1M,hin,L1,991519,hin_Deva
panel2,A,hin_news_2022_1M,hin,L1,991658,hin_Deva
panel2,A,hin_news_2022_1M,hin,L1,993010,hin_Deva
panel2,A,hin_news_2022_1M,hin,L1,993020,anp_Deva
panel2,A,hin_news_2022_1M,hin,L1,993924,anp_Deva
panel2,A,hin_news_2022_1M,hin,L1,993927,hin_Deva
panel2,A,hin_news_2022_1M,hin,L1,994109,hin_Deva
panel2,A,hin_news_2022_1M,hin,L1,995152,hin_Deva
panel2,A,hin_news_2022_1M,hin,L1,995370,hin_Deva
panel2,A,hin_news_2022_1M,hin,L1,995519,anp_Deva
panel2,A,hin_news_2022_1M,hin,L1,995753,hin_Deva
panel2,A,hin_news_2022_1M,hin,L1,996148,hin_Deva
panel2,A,hin_news_2022_1M,hin,L1,996457,hin_Deva
panel2,A,hin_news_2022_1M,hin,L1,996465,anp_Deva
panel2,A,hin_news_2022_1M,hin,L1,996978,hin_Deva
panel2,A,hin_news_2022_1M,hin,L1,997519,hin_Deva
panel2,A,hin_news_2022_1M,hin,L1,997637,hin_Deva
panel2,A,hin_news_2022_1M,hin,L1,997900,hin_Deva
panel2,A,hin_news_2022_1M,hin,L1,999061,anp_Deva
panel2,A,hin_news_2022_1M,hin,L5,123,hin_Deva
panel2,A,hin_news_2022_1M,hin,L5,200,hin_Deva
panel2,A,hin_news_2022_1M,hin,L5,229,hin_Deva
panel2,A,hin_news_2022_1M,hin,L5,235,hin_Deva
panel2,A,hin_news_2022_1M,hin,L5,270,hin_Deva
panel2,A,hin_news_2022_1M,hin,L5,299,hin_Deva
panel2,A,hin_news_2022_1M,hin,L5,359,anp_Deva
panel2,A,hin_news_2022_1M,hin,L5,400,hin_Deva
panel2,A,hin_news_2022_1M,hin,L5,436,hin_Deva
panel2,A,hin_news_2022_1M,hin,L5,484,hin_Deva
panel2,A,hin_news_2022_1M,hin,L5,540,anp_Deva
panel2,A,hin_news_2022_1M,hin,L5,550,hin_Deva
panel2,A,hin_news_2022_1M,hin,L5,568,hin_Deva
panel2,A,hin_news_2022_1M,hin,L5,590,hin_Deva
panel2,A,hin_news_2022_1M,hin,L5,645,hin_Deva
panel2,A,hin_news_2022_1M,hin,L5,657,anp_Deva
panel2,A,hin_news_2022_1M,hin,L5,676,hin_Deva
panel2,A,hin_news_2022_1M,hin,L5,722,hin_Deva
panel2,A,hin_news_2022_1M,hin,L5,733,hin_Deva
panel2,A,hin_news_2022_1M,hin,L5,774,hin_Deva
panel2,A,hin_news_2022_1M,hin,L5,779,hin_Deva
panel2,A,hin_news_2022_1M,hin,L5,784,hin_Deva
panel2,A,hin_news_2022_1M,hin,L5,823,hin_Deva
panel2,A,hin_news_2022_1M,hin,L5,853,hin_Deva
panel2,A,hin_news_2022_1M,hin,L5,1003,hin_Deva
panel2,A,hin_news_2022_1M,hin,L5,1010,hin_Deva
panel2,A,hin_news_2022_1M,hin,L5,1027,hin_Deva
panel2,A,hin_news_2022_1M,hin,L5,1057,hin_Deva
panel2,A,hin_news_2022_1M,hin,L5,1082,hin_Deva
panel2,A,hin_news_2022_1M,hin,L5,1106,hin_Deva
panel2,A,hin_news_2022_1M,hin,L5,1136,hin_Deva
panel2,A,hin_news_2022_1M,hin,L5,1155,hin_Deva
panel2,A,hin_news_2022_1M,hin,L5,1169,hin_Deva
panel2,A,hin_news_2022_1M,hin,L5,1198,hin_Deva
panel2,A,hin_news_2022_1M,hin,L5,1223,hin_Deva
panel2,A,hin_news_2022_1M,hin,L5,1242,hin_Deva
panel2,A,hin_news_2022_1M,hin,L5,1264,hin_Deva
panel2,A,hin_news_2022_1M,hin,L5,1341,hin_Deva
panel2,A,hin_news_2022_1M,hin,L5,1383,hin_Deva
panel2,A,hin_news_2022_1M,hin,L5,1387,hin_Deva
panel2,A,hin_news_2022_1M,hin,L5,1438,hin_Deva
panel2,A,hin_news_2022_1M,hin,L5,1446,hin_Deva
panel2,A,hin_news_2022_1M,hin,L5,1470,hin_Deva
panel2,A,hin_news_2022_1M,hin,L5,1521,hin_Deva
panel2,A,hin_news_2022_1M,hin,L5,1558,hin_Deva
panel2,A,hin_news_2022_1M,hin,L5,1579,hin_Deva
panel2,A,hin_news_2022_1M,hin,L5,1580,hin_Deva
panel2,A,hin_news_2022_1M,hin,L5,1652,anp_Deva
panel2,A,hin_news_2022_1M,hin,L5,1669,hin_Deva
panel2,A,hin_news_2022_1M,hin,L5,1692,hin_Deva
panel2,A,hin_news_2022_1M,hin,L5,1734,anp_Deva
panel2,A,hin_news_2022_1M,hin,L5,1738,hin_Deva
panel2,A,hin_news_2022_1M,hin,L5,1751,hin_Deva
panel2,A,hin_news_2022_1M,hin,L5,1786,hin_Deva
panel2,A,hin_news_2022_1M,hin,L5,1856,hin_Deva
panel2,A,hin_news_2022_1M,hin,L5,1894,hin_Deva
panel2,A,hin_news_2022_1M,hin,L5,1955,anp_Deva
panel2,A,hin_news_2022_1M,hin,L5,1980,hin_Deva
panel2,A,hin_news_2022_1M,hin,L5,1993,hin_Deva
panel2,A,hin_news_2022_1M,hin,L5,2110,hin_Deva
panel2,A,hin_news_2022_1M,hin,L5,2119,hin_Deva
panel2,A,hin_news_2022_1M,hin,L5,2149,anp_Deva
panel2,A,hin_news_2022_1M,hin,L5,2182,hin_Deva
panel2,A,hin_news_2022_1M,hin,L5,2202,anp_Deva
panel2,A,hin_news_2022_1M,hin,L5,2241,hin_Deva
panel2,A,hin_news_2022_1M,hin,L5,2255,hin_Deva
panel2,A,hin_news_2022_1M,hin,L5,2265,hin_Deva
panel2,A,hin_news_2022_1M,hin,L5,2355,hin_Deva
panel2,A,hin_news_2022_1M,hin,L5,2380,hin_Deva
panel2,A,hin_news_2022_1M,hin,L5,2413,hin_Deva
panel2,A,hin_news_2022_1M,hin,L5,2433,hin_Deva
panel2,A,hin_news_2022_1M,hin,L5,2446,anp_Deva
panel2,A,hin_news_2022_1M,hin,L5,2504,hin_Deva
panel2,A,hin_news_2022_1M,hin,L5,2597,anp_Deva
panel2,A,hin_news_2022_1M,hin,L5,2598,hin_Deva
panel2,A,hin_news_2022_1M,hin,L5,2616,hin_Deva
panel2,A,hin_news_2022_1M,hin,L5,2620,hin_Deva
panel2,A,hin_news_2022_1M,hin,L5,2642,anp_Deva
panel2,A,hin_news_2022_1M,hin,L5,2673,hin_Deva
panel2,A,hin_news_2022_1M,hin,L5,2727,hin_Deva
panel2,A,hin_news_2022_1M,hin,L5,2766,hin_Deva
panel2,A,hin_news_2022_1M,hin,L5,2789,hin_Deva
panel2,A,hin_news_2022_1M,hin,L5,2791,hin_Deva
panel2,A,hin_news_2022_1M,hin,L5,2810,hin_Deva
panel2,A,hin_news_2022_1M,hin,L5,2943,hin_Deva
panel2,A,hin_news_2022_1M,hin,L5,2944,anp_Deva
panel2,A,hin_news_2022_1M,hin,L5,2950,hin_Deva
panel2,A,hin_news_2022_1M,hin,L5,3003,hin_Deva
panel2,A,hin_news_2022_1M,hin,L5,3006,hin_Deva
panel2,A,hin_news_2022_1M,hin,L5,3093,hin_Deva
panel2,A,hin_news_2022_1M,hin,L5,3103,hin_Deva
panel2,A,hin_news_2022_1M,hin,L5,3120,anp_Deva
panel2,A,hin_news_2022_1M,hin,L5,3133,hin_Deva
panel2,A,hin_news_2022_1M,hin,L5,3174,hin_Deva
panel2,A,hin_news_2022_1M,hin,L5,3214,anp_Deva
panel2,A,hin_news_2022_1M,hin,L5,3218,hin_Deva
panel2,A,hin_news_2022_1M,hin,L5,3231,hin_Deva
panel2,A,hin_news_2022_1M,hin,L5,3270,hin_Deva
panel2,A,hin_news_2022_1M,hin,L5,3276,hin_Deva
panel2,A,hin_news_2022_1M,hin,L5,3284,hin_Deva
panel2,A,hin_news_2022_1M,hin,L5,3297,anp_Deva
panel2,A,hin_news_2022_1M,hin,L5,3298,hin_Deva
panel2,A,hin_news_2022_1M,hin,L5,3317,hin_Deva
panel2,A,hin_news_2022_1M,hin,L5,3343,hin_Deva
panel2,A,hin_news_2022_1M,hin,L5,3364,hin_Deva
panel2,A,hin_news_2022_1M,hin,L5,3391,anp_Deva
panel2,A,hin_news_2022_1M,hin,L5,3393,hin_Deva
panel2,A,hin_news_2022_1M,hin,L5,3415,hin_Deva
panel2,A,hin_news_2022_1M,hin,L5,3429,hin_Deva
panel2,A,hin_news_2022_1M,hin,L5,3430,hin_Deva
panel2,A,hin_news_2022_1M,hin,L5,3433,hin_Deva
panel2,A,hin_news_2022_1M,hin,L5,3463,hin_Deva
panel2,A,hin_news_2022_1M,hin,L5,3589,hin_Deva
panel2,A,hin_news_2022_1M,hin,L5,3601,hin_Deva
panel2,A,hin_news_2022_1M,hin,L5,3629,hin_Deva
panel2,A,hin_news_2022_1M,hin,L5,3695,hin_Deva
panel2,A,hin_news_2022_1M,hin,L5,3710,anp_Deva
panel2,A,hin_news_2022_1M,hin,L5,3746,hin_Deva
panel2,A,hin_news_2022_1M,hin,L5,3777,hin_Deva
panel2,A,hin_news_2022_1M,hin,L5,3783,hin_Deva
panel2,A,hin_news_2022_1M,hin,L5,3912,hin_Deva
panel2,A,hin_news_2022_1M,hin,L5,3932,hin_Deva
panel2,A,hin_news_2022_1M,hin,L5,3946,hin_Deva
panel2,A,hin_news_2022_1M,hin,L5,3954,hin_Deva
panel2,A,hin_news_2022_1M,hin,L5,3974,anp_Deva
panel2,A,hin_news_2022_1M,hin,L5,4056,hin_Deva
panel2,A,hin_news_2022_1M,hin,L5,4086,hin_Deva
panel2,A,hin_news_2022_1M,hin,L5,4089,hin_Deva
panel2,A,hin_news_2022_1M,hin,L5,4092,hin_Deva
panel2,A,hin_news_2022_1M,hin,L5,4116,hin_Deva
panel2,A,hin_news_2022_1M,hin,L5,4122,anp_Deva
panel2,A,hin_news_2022_1M,hin,L5,4166,hin_Deva
panel2,A,hin_news_2022_1M,hin,L5,4209,hin_Deva
panel2,A,hin_news_2022_1M,hin,L5,4230,hin_Deva
panel2,A,hin_news_2022_1M,hin,L5,4234,hin_Deva
panel2,A,hin_news_2022_1M,hin,L5,4242,hin_Deva
panel2,A,hin_news_2022_1M,hin,L5,4281,hin_Deva
panel2,A,hin_news_2022_1M,hin,L5,4332,hin_Deva
panel2,A,hin_news_2022_1M,hin,L5,4353,hin_Deva
panel2,A,hin_news_2022_1M,hin,L5,4382,hin_Deva
panel2,A,hin_news_2022_1M,hin,L5,4437,hin_Deva
panel2,A,hin_news_2022_1M,hin,L5,4447,hin_Deva
panel2,A,hin_news_2022_1M,hin,L5,4457,hin_Deva
panel2,A,hin_news_2022_1M,hin,L5,4485,hin_Deva
panel2,A,hin_news_2022_1M,hin,L5,4517,hin_Deva
panel2,A,hin_news_2022_1M,hin,L5,4547,hin_Deva
panel2,A,hin_news_2022_1M,hin,L5,4614,anp_Deva
panel2,A,hin_news_2022_1M,hin,L5,4654,hin_Deva
panel2,A,hin_news_2022_1M,hin,L5,4655,hin_Deva
panel2,A,hin_news_2022_1M,hin,L5,4686,hin_Deva
panel2,A,hin_news_2022_1M,hin,L5,4701,hin_Deva
panel2,A,hin_news_2022_1M,hin,L5,4730,anp_Deva
panel2,A,hin_news_2022_1M,hin,L5,4777,hin_Deva
panel2,A,hin_news_2022_1M,hin,L5,4795,hin_Deva
panel2,A,hin_news_2022_1M,hin,L5,4803,anp_Deva
panel2,A,hin_news_2022_1M,hin,L5,4821,hin_Deva
panel2,A,hin_news_2022_1M,hin,L5,4830,anp_Deva
panel2,A,hin_news_2022_1M,hin,L5,4896,hin_Deva
panel2,A,hin_news_2022_1M,hin,L5,4969,hin_Deva
panel2,A,hin_news_2022_1M,hin,L5,4971,hin_Deva
panel2,A,hin_news_2022_1M,hin,L5,4993,hin_Deva
panel2,A,hin_news_2022_1M,hin,L5,5013,anp_Deva
panel2,A,hin_news_2022_1M,hin,L5,5021,hin_Deva
panel2,A,hin_news_2022_1M,hin,L5,5036,hin_Deva
panel2,A,hin_news_2022_1M,hin,L5,5140,hin_Deva
panel2,A,hin_news_2022_1M,hin,L5,5144,hin_Deva
panel2,A,hin_news_2022_1M,hin,L5,5155,hin_Deva
panel2,A,hin_news_2022_1M,hin,L5,5182,hin_Deva
panel2,A,hin_news_2022_1M,hin,L5,5204,hin_Deva
panel2,A,hin_news_2022_1M,hin,L5,5304,hin_Deva
panel2,A,hin_news_2022_1M,hin,L5,5316,hin_Deva
panel2,A,hin_news_2022_1M,hin,L5,5377,hin_Deva
panel2,A,hin_news_2022_1M,hin,L5,5431,anp_Deva
panel2,A,hin_news_2022_1M,hin,L5,5444,hin_Deva
panel2,A,hin_news_2022_1M,hin,L5,5453,hin_Deva
panel2,A,hin_news_2022_1M,hin,L5,5495,anp_Deva
panel2,A,hin_news_2022_1M,hin,L5,5510,hin_Deva
panel2,A,hin_news_2022_1M,hin,L5,5542,hin_Deva
panel2,A,hin_news_2022_1M,hin,L5,5557,hin_Deva
panel2,A,hin_news_2022_1M,hin,L5,5592,hin_Deva
panel2,A,hin_news_2022_1M,hin,L5,5593,hin_Deva
panel2,A,hin_news_2022_1M,hin,L5,5663,hin_Deva
panel2,A,hin_news_2022_1M,hin,L5,5691,hin_Deva
panel2,A,hin_news_2022_1M,hin,L5,5702,hin_Deva
panel2,A,hin_news_2022_1M,hin,L5,5738,hin_Deva
panel2,A,hin_news_2022_1M,hin,L5,5740,hin_Deva
panel2,A,hin_news_2022_1M,hin,L5,5805,hin_Deva
panel2,A,hin_news_2022_1M,hin,L5,5844,hin_Deva
panel2,A,hin_news_2022_1M,hin,L5,5885,hin_Deva
panel2,A,hin_news_2022_1M,hin,L5,5914,hin_Deva
panel2,A,hin_news_2022_1M,hin,L5,5919,hin_Deva
panel2,A,hin_news_2022_1M,hin,L5,5936,hin_Deva
panel2,A,hin_news_2022_1M,hin,L5,5937,hin_Deva
panel2,A,hin_news_2022_1M,hin,L5,5990,hin_Deva
panel2,A,hin_news_2022_1M,hin,L5,6008,hin_Deva
panel2,A,hin_news_2022_1M,hin,L5,6065,hin_Deva
panel2,A,hin_news_2022_1M,hin,L5,6121,hin_Deva
panel2,A,hin_news_2022_1M,hin,L5,6123,hin_Deva
panel2,A,hin_news_2022_1M,hin,L5,6150,hin_Deva
panel2,A,hin_news_2022_1M,hin,L5,6186,hin_Deva
panel2,A,hin_news_2022_1M,hin,L5,6190,hin_Deva
panel2,A,hin_news_2022_1M,hin,L5,6217,hin_Deva
panel2,A,hin_news_2022_1M,hin,L5,6274,hin_Deva
panel2,A,hin_news_2022_1M,hin,L5,6282,hin_Deva
panel2,A,hin_news_2022_1M,hin,L5,6284,hin_Deva
panel2,A,hin_news_2022_1M,hin,L5,6317,hin_Deva
panel2,A,hin_news_2022_1M,hin,L5,6399,hin_Deva
panel2,A,hin_news_2022_1M,hin,L5,6446,hin_Deva
panel2,A,hin_news_2022_1M,hin,L5,6480,hin_Deva
panel2,A,hin_news_2022_1M,hin,L5,6524,hin_Deva
panel2,A,hin_news_2022_1M,hin,L5,6562,hin_Deva
panel2,A,hin_news_2022_1M,hin,L5,6583,hin_Deva
panel2,A,hin_news_2022_1M,hin,L5,6601,hin_Deva
panel2,A,hin_news_2022_1M,hin,L5,6617,hin_Deva
panel2,A,hin_news_2022_1M,hin,L5,6620,hin_Deva
panel2,A,hin_news_2022_1M,hin,L5,6624,anp_Deva
panel2,A,hin_news_2022_1M,hin,L5,6751,hin_Deva
panel2,A,hin_news_2022_1M,hin,L5,6767,hin_Deva
panel2,A,hin_news_2022_1M,hin,L5,6783,hin_Deva
panel2,A,hin_news_2022_1M,hin,L5,6792,hin_Deva
panel2,A,hin_news_2022_1M,hin,L5,6873,hin_Deva
panel2,A,hin_news_2022_1M,hin,L5,6874,hin_Deva
panel2,A,hin_news_2022_1M,hin,L5,6907,hin_Deva
panel2,A,hin_news_2022_1M,hin,L5,6918,hin_Deva
panel2,A,hin_news_2022_1M,hin,L5,6932,hin_Deva
panel2,A,hin_news_2022_1M,hin,L5,6939,hin_Deva
panel2,A,hin_news_2022_1M,hin,L5,6949,hin_Deva
panel2,A,hin_news_2022_1M,hin,L5,6972,hin_Deva
panel2,A,hin_news_2022_1M,hin,L5,6981,hin_Deva
panel2,A,hin_news_2022_1M,hin,L5,7000,hin_Deva
panel2,A,hin_news_2022_1M,hin,L5,7057,hin_Deva
panel2,A,hin_news_2022_1M,hin,L5,7183,hin_Deva
panel2,A,hin_news_2022_1M,hin,L5,7188,hin_Deva
panel2,A,hin_news_2022_1M,hin,L5,7189,hin_Deva
panel2,A,hin_news_2022_1M,hin,L5,7194,hin_Deva
panel2,A,hin_news_2022_1M,hin,L5,7226,hin_Deva
panel2,A,hin_news_2022_1M,hin,L5,7278,hin_Deva
panel2,A,hin_news_2022_1M,hin,L5,7280,hin_Deva
panel2,A,hin_news_2022_1M,hin,L5,7290,hin_Deva
panel2,A,hin_news_2022_1M,hin,L5,7293,hin_Deva
panel2,A,hin_news_2022_1M,hin,L5,7298,hin_Deva
panel2,A,hin_news_2022_1M,hin,L5,7321,hin_Deva
panel2,A,hin_news_2022_1M,hin,L5,7347,hin_Deva
panel2,A,hin_news_2022_1M,hin,L5,7374,hin_Deva
panel2,A,hin_news_2022_1M,hin,L5,7376,hin_Deva
panel2,A,hin_news_2022_1M,hin,L5,7388,hin_Deva
panel2,A,hin_news_2022_1M,hin,L5,7431,hin_Deva
panel2,A,hin_news_2022_1M,hin,L5,7473,anp_Deva
panel2,A,hin_news_2022_1M,hin,L5,7509,anp_Deva
panel2,A,hin_news_2022_1M,hin,L5,7512,hin_Deva
panel2,A,hin_news_2022_1M,hin,L5,7513,hin_Deva
panel2,A,hin_news_2022_1M,hin,L5,7516,hin_Deva
panel2,A,hin_news_2022_1M,hin,L5,7657,hin_Deva
panel2,A,hin_news_2022_1M,hin,L5,7667,hin_Deva
panel2,A,hin_news_2022_1M,hin,L5,7673,hin_Deva
panel2,A,hin_news_2022_1M,hin,L5,7711,hin_Deva
panel2,A,hin_news_2022_1M,hin,L5,7866,hin_Deva
panel2,A,hin_news_2022_1M,hin,L5,7898,hin_Deva
panel2,A,hin_news_2022_1M,hin,L5,7914,anp_Deva
panel2,A,hin_news_2022_1M,hin,L5,7956,hin_Deva
panel2,A,hin_news_2022_1M,hin,L5,7969,hin_Deva
panel2,A,hin_news_2022_1M,hin,L5,7993,hin_Deva
panel2,A,hin_news_2022_1M,hin,L5,7997,hin_Deva
panel2,A,hin_news_2022_1M,hin,L5,8031,hin_Deva
panel2,A,hin_news_2022_1M,hin,L5,8054,anp_Deva
panel2,A,hin_news_2022_1M,hin,L5,8063,hin_Deva
panel2,A,hin_news_2022_1M,hin,L5,8070,hin_Deva
panel2,A,hin_news_2022_1M,hin,L5,8127,hin_Deva
panel2,A,hin_news_2022_1M,hin,L5,8136,hin_Deva
panel2,A,hin_news_2022_1M,hin,L5,8148,anp_Deva
panel2,A,hin_news_2022_1M,hin,L5,8157,hin_Deva
panel2,A,hin_news_2022_1M,hin,L5,8180,hin_Deva
panel2,A,hin_news_2022_1M,hin,L5,8212,hin_Deva
panel2,A,hin_news_2022_1M,hin,L5,8234,hin_Deva
panel2,A,hin_news_2022_1M,hin,L5,8259,hin_Deva
panel2,A,hin_news_2022_1M,hin,L5,8270,hin_Deva
panel2,A,hin_news_2022_1M,hin,L5,8340,hin_Deva
panel2,A,hin_news_2022_1M,hin,L5,8359,hin_Deva
panel2,A,hin_news_2022_1M,hin,L5,8420,hin_Deva
panel2,A,hin_news_2022_1M,hin,L5,8437,hin_Deva
panel2,A,hin_news_2022_1M,hin,L5,8513,hin_Deva
panel2,A,hin_news_2022_1M,hin,L5,8612,hin_Deva
panel2,A,hin_news_2022_1M,hin,L5,8627,hin_Deva
panel2,A,hin_news_2022_1M,hin,L5,8653,anp_Deva
panel2,A,hin_news_2022_1M,hin,L5,8690,hin_Deva
panel2,A,hin_news_2022_1M,hin,L5,8694,hin_Deva
panel2,A,hin_news_2022_1M,hin,L5,8733,anp_Deva
panel2,A,hin_news_2022_1M,hin,L5,8824,hin_Deva
panel2,A,hin_news_2022_1M,hin,L5,8838,hin_Deva
panel2,A,hin_news_2022_1M,hin,L5,8868,hin_Deva
panel2,A,hin_news_2022_1M,hin,L5,8991,hin_Deva
panel2,A,hin_news_2022_1M,hin,L5,9038,hin_Deva
panel2,A,hin_news_2022_1M,hin,L5,9113,anp_Deva
panel2,A,hin_news_2022_1M,hin,L5,9227,hin_Deva
panel2,A,hin_news_2022_1M,hin,L5,9243,hin_Deva
panel2,A,hin_news_2022_1M,hin,L5,9250,hin_Deva
panel2,A,hin_news_2022_1M,hin,L5,9257,hin_Deva
panel2,A,hin_news_2022_1M,hin,L5,9306,hin_Deva
panel2,A,hin_news_2022_1M,hin,L5,9357,hin_Deva
panel2,A,hin_news_2022_1M,hin,L5,9380,hin_Deva
panel2,A,hin_news_2022_1M,hin,L5,9449,hin_Deva
panel2,A,hin_news_2022_1M,hin,L5,9469,hin_Deva
panel2,A,hin_news_2022_1M,hin,L5,9481,hin_Deva
panel2,A,hin_news_2022_1M,hin,L5,9678,hin_Deva
panel2,A,hin_news_2022_1M,hin,L5,9697,hin_Deva
panel2,A,hin_news_2022_1M,hin,L5,9727,hin_Deva
panel2,A,hin_news_2022_1M,hin,L5,9800,hin_Deva
panel2,A,hin_news_2022_1M,hin,L5,9844,anp_Deva
panel2,A,hin_news_2022_1M,hin,L5,9860,hin_Deva
panel2,A,hin_news_2022_1M,hin,L5,9954,hin_Deva
panel2,A,hin_news_2022_1M,hin,L5,9956,hin_Deva
panel2,A,hin_news_2022_1M,hin,L5,10019,hin_Deva
panel2,A,hin_news_2022_1M,hin,L5,10023,hin_Deva
panel2,A,hin_news_2022_1M,hin,L5,10028,hin_Deva
panel2,A,hin_news_2022_1M,hin,L5,10033,hin_Deva
panel2,A,hin_news_2022_1M,hin,L5,10154,hin_Deva
panel2,A,hin_news_2022_1M,hin,L5,10163,hin_Deva
panel2,A,hin_news_2022_1M,hin,L5,10177,hin_Deva
panel2,A,hin_news_2022_1M,hin,L5,10227,hin_Deva
panel2,A,hin_news_2022_1M,hin,L5,10239,hin_Deva
panel2,A,hin_news_2022_1M,hin,L5,10276,hin_Deva
panel2,A,hin_news_2022_1M,hin,L5,10283,hin_Deva
panel2,A,hin_news_2022_1M,hin,L5,10330,hin_Deva
panel2,A,hin_news_2022_1M,hin,L5,10388,hin_Deva
panel2,A,hin_news_2022_1M,hin,L5,10392,hin_Deva
panel2,A,hin_news_2022_1M,hin,L5,10396,hin_Deva
panel2,A,hin_news_2022_1M,hin,L5,10557,hin_Deva
panel2,A,hin_news_2022_1M,hin,L5,10566,hin_Deva
panel2,A,hin_news_2022_1M,hin,L5,10578,hin_Deva
panel2,A,hin_news_2022_1M,hin,L5,10579,hin_Deva
panel2,A,hin_news_2022_1M,hin,L5,10624,hin_Deva
panel2,A,hin_news_2022_1M,hin,L5,10644,hin_Deva
panel2,A,hin_news_2022_1M,hin,L5,10754,hin_Deva
panel2,A,hin_news_2022_1M,hin,L5,10808,hin_Deva
panel2,A,hin_news_2022_1M,hin,L5,10881,hin_Deva
panel2,A,hin_news_2022_1M,hin,L5,10928,hin_Deva
panel2,A,hin_news_2022_1M,hin,L5,10959,hin_Deva
panel2,A,hin_news_2022_1M,hin,L5,11002,hin_Deva
panel2,A,hin_news_2022_1M,hin,L5,11053,hin_Deva
panel2,A,hin_news_2022_1M,hin,L5,11062,hin_Deva
panel2,A,hin_news_2022_1M,hin,L5,11081,hin_Deva
panel2,A,hin_news_2022_1M,hin,L5,11091,hin_Deva
panel2,A,hin_news_2022_1M,hin,L5,11098,hin_Deva
panel2,A,hin_news_2022_1M,hin,L5,11103,hin_Deva
panel2,A,hin_news_2022_1M,hin,L5,11127,hin_Deva
panel2,A,hin_news_2022_1M,hin,L5,11150,hin_Deva
panel2,A,hin_news_2022_1M,hin,L5,11163,hin_Deva
panel2,A,hin_news_2022_1M,hin,L5,11164,hin_Deva
panel2,A,hin_news_2022_1M,hin,L5,11187,anp_Deva
panel2,A,hin_news_2022_1M,hin,L5,11301,hin_Deva
panel2,A,hin_news_2022_1M,hin,L5,11313,hin_Deva
panel2,A,hin_news_2022_1M,hin,L5,11343,hin_Deva
panel2,A,hin_news_2022_1M,hin,L5,11346,hin_Deva
panel2,A,hin_news_2022_1M,hin,L5,11364,hin_Deva
panel2,A,hin_news_2022_1M,hin,L5,11398,hin_Deva
panel2,A,hin_news_2022_1M,hin,L5,11423,hin_Deva
panel2,A,hin_news_2022_1M,hin,L5,11443,hin_Deva
panel2,A,hin_news_2022_1M,hin,L5,11461,hin_Deva
panel2,A,hin_news_2022_1M,hin,L5,11473,hin_Deva
panel2,A,hin_news_2022_1M,hin,L5,11478,hin_Deva
panel2,A,hin_news_2022_1M,hin,L5,11506,hin_Deva
panel2,A,hin_news_2022_1M,hin,L5,11511,hin_Deva
panel2,A,hin_news_2022_1M,hin,L5,11514,hin_Deva
panel2,A,hin_news_2022_1M,hin,L5,11536,hin_Deva
panel2,A,hin_news_2022_1M,hin,L5,11647,hin_Deva
panel2,A,hin_news_2022_1M,hin,L5,11723,hin_Deva
panel2,A,hin_news_2022_1M,hin,L5,11764,hin_Deva
panel2,A,hin_news_2022_1M,hin,L5,11808,hin_Deva
panel2,A,hin_news_2022_1M,hin,L5,11824,hin_Deva
panel2,A,hin_news_2022_1M,hin,L5,11880,hin_Deva
panel2,A,hin_news_2022_1M,hin,L5,11884,anp_Deva
panel2,A,hin_news_2022_1M,hin,L5,11942,hin_Deva
panel2,A,hin_news_2022_1M,hin,L5,11970,hin_Deva
panel2,A,hin_news_2022_1M,hin,L5,11978,hin_Deva
panel2,A,hin_news_2022_1M,hin,L5,11993,hin_Deva
panel2,A,hin_news_2022_1M,hin,L5,11994,hin_Deva
panel2,A,hin_news_2022_1M,hin,L5,12004,hin_Deva
panel2,A,hin_news_2022_1M,hin,L5,12065,hin_Deva
panel2,A,hin_news_2022_1M,hin,L5,12104,hin_Deva
panel2,A,hin_news_2022_1M,hin,L5,12125,anp_Deva
panel2,A,hin_news_2022_1M,hin,L5,12132,hin_Deva
panel2,A,hin_news_2022_1M,hin,L5,12186,hin_Deva
panel2,A,hin_news_2022_1M,hin,L5,12207,hin_Deva
panel2,A,hin_news_2022_1M,hin,L5,12242,hin_Deva
panel2,A,hin_news_2022_1M,hin,L5,12249,hin_Deva
panel2,A,hin_news_2022_1M,hin,L5,12253,hin_Deva
panel2,A,hin_news_2022_1M,hin,L5,12280,hin_Deva
panel2,A,hin_news_2022_1M,hin,L5,12292,hin_Deva
panel2,A,hin_news_2022_1M,hin,L5,12295,hin_Deva
panel2,A,hin_news_2022_1M,hin,L5,12300,hin_Deva
panel2,A,hin_news_2022_1M,hin,L5,12350,hin_Deva
panel2,A,hin_news_2022_1M,hin,L5,12360,hin_Deva
panel2,A,hin_news_2022_1M,hin,L5,12388,hin_Deva
panel2,A,hin_news_2022_1M,hin,L5,12401,hin_Deva
panel2,A,hin_news_2022_1M,hin,L5,12403,hin_Deva
panel2,A,hin_news_2022_1M,hin,L5,12426,hin_Deva
panel2,A,hin_news_2022_1M,hin,L5,12427,hin_Deva
panel2,A,hin_news_2022_1M,hin,L5,12436,hin_Deva
panel2,A,hin_news_2022_1M,hin,L5,12460,hin_Deva
panel2,A,hin_news_2022_1M,hin,L5,12533,hin_Deva
panel2,A,hin_news_2022_1M,hin,L5,12545,hin_Deva
panel2,A,hin_news_2022_1M,hin,L5,12559,hin_Deva
panel2,A,hin_news_2022_1M,hin,L5,12589,hin_Deva
panel2,A,hin_news_2022_1M,hin,L5,12618,hin_Deva
panel2,A,hin_news_2022_1M,hin,L5,12644,hin_Deva
panel2,A,hin_news_2022_1M,hin,L5,12701,hin_Deva
panel2,A,hin_news_2022_1M,hin,L5,12726,anp_Deva
panel2,A,hin_news_2022_1M,hin,L5,12731,anp_Deva
panel2,A,hin_news_2022_1M,hin,L5,12776,hin_Deva
panel2,A,hin_news_2022_1M,hin,L5,12792,hin_Deva
panel2,A,hin_news_2022_1M,hin,L5,12827,hin_Deva
panel2,A,hin_news_2022_1M,hin,L5,12831,hin_Deva
panel2,A,hin_news_2022_1M,hin,L5,12851,hin_Deva
panel2,A,hin_news_2022_1M,hin,L5,12862,hin_Deva
panel2,A,hin_news_2022_1M,hin,L5,12867,hin_Deva
panel2,A,hin_news_2022_1M,hin,L5,12900,hin_Deva
panel2,A,hin_news_2022_1M,hin,L5,12905,hin_Deva
panel2,A,hin_news_2022_1M,hin,L5,12915,hin_Deva
panel2,A,hin_news_2022_1M,hin,L5,12986,hin_Deva
panel2,A,hin_news_2022_1M,hin,L5,13107,hin_Deva
panel2,A,hin_news_2022_1M,hin,L5,13171,hin_Deva
panel2,A,hin_news_2022_1M,hin,L5,13197,hin_Deva
panel2,A,hin_news_2022_1M,hin,L5,13223,hin_Deva
panel2,A,hin_news_2022_1M,hin,L5,13259,hin_Deva
panel2,A,hin_news_2022_1M,hin,L5,13272,hin_Deva
panel2,A,hin_news_2022_1M,hin,L5,13314,hin_Deva
panel2,A,hin_news_2022_1M,hin,L5,13321,hin_Deva
panel2,A,hin_news_2022_1M,hin,L5,13356,anp_Deva
panel2,A,hin_news_2022_1M,hin,L5,13372,hin_Deva
panel2,A,hin_news_2022_1M,hin,L5,13397,hin_Deva
panel2,A,hin_news_2022_1M,hin,L5,13398,hin_Deva
panel2,A,hin_news_2022_1M,hin,L5,13435,hin_Deva
panel2,A,hin_news_2022_1M,hin,L5,13479,hin_Deva
panel2,A,hin_news_2022_1M,hin,L5,13550,hin_Deva
panel2,A,hin_news_2022_1M,hin,L5,13590,hin_Deva
panel2,A,hin_news_2022_1M,hin,L5,13605,hin_Deva
panel2,A,hin_news_2022_1M,hin,L5,13609,hin_Deva
panel2,A,hin_news_2022_1M,hin,L5,13704,hin_Deva
panel2,A,hin_news_2022_1M,hin,L5,13742,hin_Deva
panel2,A,hin_news_2022_1M,hin,L5,13750,hin_Deva
panel2,A,hin_news_2022_1M,hin,L5,13770,hin_Deva
panel2,A,hin_news_2022_1M,hin,L5,13804,hin_Deva
panel2,A,hin_news_2022_1M,hin,L5,13854,hin_Deva
panel2,A,hin_news_2022_1M,hin,L5,13898,hin_Deva
panel2,A,hin_news_2022_1M,hin,L5,13902,hin_Deva
panel2,A,hin_news_2022_1M,hin,L5,13912,hin_Deva
panel2,A,hin_news_2022_1M,hin,L5,14026,anp_Deva
panel2,A,hin_news_2022_1M,hin,L5,14036,hin_Deva
panel2,A,hin_news_2022_1M,hin,L5,14081,hin_Deva
panel2,A,hin_news_2022_1M,hin,L5,14209,hin_Deva
panel2,A,hin_news_2022_1M,hin,L5,14249,hin_Deva
panel2,A,hin_news_2022_1M,hin,L5,14251,hin_Deva
panel2,A,hin_news_2022_1M,hin,L5,14261,hin_Deva
panel2,A,hin_news_2022_1M,hin,L5,14277,hin_Deva
panel2,A,hin_news_2022_1M,hin,L5,14292,hin_Deva
panel2,A,hin_news_2022_1M,hin,L5,14339,hin_Deva
panel2,A,hin_news_2022_1M,hin,L5,14436,hin_Deva
panel2,A,hin_news_2022_1M,hin,L5,14439,hin_Deva
panel2,A,hin_news_2022_1M,hin,L5,14519,hin_Deva
panel2,A,hin_news_2022_1M,hin,L5,14569,hin_Deva
panel2,A,hin_news_2022_1M,hin,L5,14611,hin_Deva
panel2,A,hin_news_2022_1M,hin,L5,14627,hin_Deva
panel2,A,hin_news_2022_1M,hin,L5,14628,hin_Deva
panel2,A,hin_news_2022_1M,hin,L5,14642,hin_Deva
panel2,A,hin_news_2022_1M,hin,L5,14649,hin_Deva
panel2,A,hin_news_2022_1M,hin,L5,14651,hin_Deva
panel2,A,hin_news_2022_1M,hin,L5,14653,hin_Deva
panel2,A,hin_news_2022_1M,hin,L5,14657,hin_Deva
panel2,A,hin_news_2022_1M,hin,L5,14892,hin_Deva
panel2,A,hin_news_2022_1M,hin,L5,14907,hin_Deva
panel2,A,hin_news_2022_1M,hin,L5,14911,anp_Deva
panel2,A,hin_news_2022_1M,hin,L5,14944,hin_Deva
panel2,A,hin_news_2022_1M,hin,L5,14956,hin_Deva
panel2,A,hin_news_2022_1M,hin,L5,14969,hin_Deva
panel2,A,hin_news_2022_1M,hin,L5,14983,anp_Deva
panel2,A,hin_news_2022_1M,hin,L5,14985,hin_Deva
panel2,A,hin_news_2022_1M,hin,L5,15020,hin_Deva
panel2,A,hin_news_2022_1M,hin,L5,15029,hin_Deva
panel2,A,hin_news_2022_1M,hin,L5,15051,hin_Deva
panel2,A,hin_news_2022_1M,hin,L5,15087,hin_Deva
panel2,A,hin_news_2022_1M,hin,L5,15151,anp_Deva
panel2,A,hin_news_2022_1M,hin,L5,15238,hin_Deva
panel2,A,hin_news_2022_1M,hin,L5,15313,hin_Deva
panel2,A,hin_news_2022_1M,hin,L5,15321,hin_Deva
panel2,A,hin_news_2022_1M,hin,L5,15340,hin_Deva
panel2,A,hin_news_2022_1M,hin,L5,15377,hin_Deva
panel2,A,hin_news_2022_1M,hin,L5,15401,hin_Deva
panel2,A,hin_news_2022_1M,hin,L5,15408,hin_Deva
panel2,A,hin_news_2022_1M,hin,L5,15457,hin_Deva
panel2,A,hin_news_2022_1M,hin,L5,15474,hin_Deva
panel2,A,hin_news_2022_1M,hin,L5,15501,hin_Deva
panel2,A,hin_news_2022_1M,hin,L5,15530,hin_Deva
panel2,A,hin_news_2022_1M,hin,L5,15543,hin_Deva
panel2,A,hin_news_2022_1M,hin,L5,15591,hin_Deva
panel2,A,hin_news_2022_1M,hin,L5,15602,hin_Deva
panel2,A,hin_news_2022_1M,hin,L5,15624,hin_Deva
panel2,A,hin_news_2022_1M,hin,L5,15637,hin_Deva
panel2,A,hin_news_2022_1M,hin,L5,15639,hin_Deva
panel2,A,hin_news_2022_1M,hin,L5,15678,anp_Deva
panel2,A,hin_news_2022_1M,hin,L5,15691,hin_Deva
panel2,A,hin_news_2022_1M,hin,L5,15768,hin_Deva
panel2,A,hin_news_2022_1M,hin,L5,15774,hin_Deva
panel2,A,hin_news_2022_1M,hin,L5,15889,hin_Deva
panel2,A,hin_news_2022_1M,hin,L5,15890,hin_Deva
panel2,A,hin_news_2022_1M,hin,L5,15912,hin_Deva
panel2,A,hin_news_2022_1M,hin,L5,15953,hin_Deva
panel2,A,hin_news_2022_1M,hin,L5,15967,hin_Deva
panel2,A,hin_news_2022_1M,hin,L5,16023,hin_Deva
panel2,A,hin_news_2022_1M,hin,L5,16034,hin_Deva
panel2,A,hin_news_2022_1M,hin,L5,16037,hin_Deva
panel2,A,hin_news_2022_1M,hin,L5,16136,hin_Deva
panel2,A,hin_news_2022_1M,hin,L5,16200,hin_Deva
panel2,A,hin_news_2022_1M,hin,L5,16281,hin_Deva
panel2,A,hin_news_2022_1M,hin,L5,16321,hin_Deva
panel2,A,hin_news_2022_1M,hin,L5,16339,hin_Deva
panel2,A,hin_news_2022_1M,hin,L5,16356,hin_Deva
panel2,A,hin_news_2022_1M,hin,L5,16398,hin_Deva
panel2,A,hin_news_2022_1M,hin,L5,16465,hin_Deva
panel2,A,hin_news_2022_1M,hin,L5,16522,hin_Deva
panel2,A,hin_news_2022_1M,hin,L5,16574,hin_Deva
panel2,A,hin_news_2022_1M,hin,L5,16577,hin_Deva
panel2,A,hin_news_2022_1M,hin,L5,16590,hin_Deva
panel2,A,hin_news_2022_1M,hin,L5,16619,hin_Deva
panel2,A,hin_news_2022_1M,hin,L5,16629,hin_Deva
panel2,A,hin_news_2022_1M,hin,L5,16650,hin_Deva
panel2,A,hin_news_2022_1M,hin,L5,16676,hin_Deva
panel2,A,hin_news_2022_1M,hin,L5,16683,hin_Deva
panel2,A,hin_news_2022_1M,hin,L5,16714,hin_Deva
panel2,A,hin_news_2022_1M,hin,L5,16715,hin_Deva
panel2,A,hin_news_2022_1M,hin,L5,16815,hin_Deva
panel2,A,hin_news_2022_1M,hin,L5,16817,anp_Deva
panel2,A,hin_news_2022_1M,hin,L5,16876,hin_Deva
panel2,A,hin_news_2022_1M,hin,L5,16890,anp_Deva
panel2,A,hin_news_2022_1M,hin,L5,16904,hin_Deva
panel2,A,hin_news_2022_1M,hin,L5,16914,hin_Deva
panel2,A,hin_news_2022_1M,hin,L5,16938,anp_Deva
panel2,A,hin_news_2022_1M,hin,L5,16979,hin_Deva
panel2,A,hin_news_2022_1M,hin,L5,16990,hin_Deva
panel2,A,hin_news_2022_1M,hin,L5,17009,hin_Deva
panel2,A,hin_news_2022_1M,hin,L5,17013,hin_Deva
panel2,A,hin_news_2022_1M,hin,L5,17031,hin_Deva
panel2,A,hin_news_2022_1M,hin,L5,17063,hin_Deva
panel2,A,hin_news_2022_1M,hin,L5,17136,hin_Deva
panel2,A,hin_news_2022_1M,hin,L5,17161,anp_Deva
panel2,A,hin_news_2022_1M,hin,L5,17162,hin_Deva
panel2,A,hin_news_2022_1M,hin,L5,17170,hin_Deva
panel2,A,hin_news_2022_1M,hin,L5,17178,hin_Deva
panel2,A,hin_news_2022_1M,hin,L5,17221,hin_Deva
panel2,A,hin_news_2022_1M,hin,L5,17236,hin_Deva
panel2,A,hin_news_2022_1M,hin,L5,17311,hin_Deva
panel2,A,hin_news_2022_1M,hin,L5,17318,hin_Deva
panel2,A,hin_news_2022_1M,hin,L5,17319,anp_Deva
panel2,A,hin_news_2022_1M,hin,L5,17342,hin_Deva
panel2,A,hin_news_2022_1M,hin,L5,17356,hin_Deva
panel2,A,hin_news_2022_1M,hin,L5,17381,hin_Deva
panel2,A,hin_news_2022_1M,hin,L5,17411,hin_Deva
panel2,A,hin_news_2022_1M,hin,L5,17422,hin_Deva
panel2,A,hin_news_2022_1M,hin,L5,17452,hin_Deva
panel2,A,hin_news_2022_1M,hin,L5,17454,hin_Deva
panel2,A,hin_news_2022_1M,hin,L5,17471,hin_Deva
panel2,A,hin_news_2022_1M,hin,L5,17508,anp_Deva
panel2,A,hin_news_2022_1M,hin,L5,17592,hin_Deva
panel2,A,hin_news_2022_1M,hin,L5,17603,hin_Deva
panel2,A,hin_news_2022_1M,hin,L5,17653,hin_Deva
panel2,A,hin_news_2022_1M,hin,L5,17693,hin_Deva
panel2,A,hin_news_2022_1M,hin,L5,17708,hin_Deva
panel2,A,hin_news_2022_1M,hin,L5,17796,hin_Deva
panel2,A,hin_news_2022_1M,hin,L5,17807,hin_Deva
panel2,A,hin_news_2022_1M,hin,L5,17850,hin_Deva
panel2,A,hin_news_2022_1M,hin,L5,17857,hin_Deva
panel2,A,hin_news_2022_1M,hin,L5,17885,hin_Deva
panel2,A,hin_news_2022_1M,hin,L5,17891,hin_Deva
panel2,A,hin_news_2022_1M,hin,L5,17912,hin_Deva
panel2,A,hin_news_2022_1M,hin,L5,17919,hin_Deva
panel2,A,hin_news_2022_1M,hin,L5,17922,hin_Deva
panel2,A,hin_news_2022_1M,hin,L5,17933,hin_Deva
panel2,A,hin_news_2022_1M,hin,L5,17940,anp_Deva
panel2,A,hin_news_2022_1M,hin,L5,17999,hin_Deva
panel2,A,hin_news_2022_1M,hin,L5,18002,hin_Deva
panel2,A,hin_news_2022_1M,hin,L5,18057,hin_Deva
panel2,A,hin_news_2022_1M,hin,L5,18079,hin_Deva
panel2,A,hin_news_2022_1M,hin,L5,18081,hin_Deva
panel2,A,hin_news_2022_1M,hin,L5,18104,anp_Deva
panel2,A,hin_news_2022_1M,hin,L5,18159,anp_Deva
panel2,A,hin_news_2022_1M,hin,L5,18161,hin_Deva
panel2,A,hin_news_2022_1M,hin,L5,18224,hin_Deva
panel2,A,hin_news_2022_1M,hin,L5,18234,hin_Deva
panel2,A,hin_news_2022_1M,hin,L5,18238,anp_Deva
panel2,A,hin_news_2022_1M,hin,L5,18297,hin_Deva
panel2,A,hin_news_2022_1M,hin,L5,18365,hin_Deva
panel2,A,hin_news_2022_1M,hin,L5,18377,hin_Deva
panel2,A,hin_news_2022_1M,hin,L5,18398,hin_Deva
panel2,A,hin_news_2022_1M,hin,L5,18423,hin_Deva
panel2,A,hin_news_2022_1M,hin,L5,18426,hin_Deva
panel2,A,hin_news_2022_1M,hin,L5,18449,hin_Deva
panel2,A,hin_news_2022_1M,hin,L5,18519,hin_Deva
panel2,A,hin_news_2022_1M,hin,L5,18541,hin_Deva
panel2,A,hin_news_2022_1M,hin,L5,18552,hin_Deva
panel2,A,hin_news_2022_1M,hin,L5,18597,hin_Deva
panel2,A,hin_news_2022_1M,hin,L5,18607,hin_Deva
panel2,A,hin_news_2022_1M,hin,L5,18624,hin_Deva
panel2,A,hin_news_2022_1M,hin,L5,18698,hin_Deva
panel2,A,hin_news_2022_1M,hin,L5,18709,hin_Deva
panel2,A,hin_news_2022_1M,hin,L5,18733,anp_Deva
panel2,A,hin_news_2022_1M,hin,L5,18804,hin_Deva
panel2,A,hin_news_2022_1M,hin,L5,18904,hin_Deva
panel2,A,hin_news_2022_1M,hin,L5,18917,hin_Deva
panel2,A,hin_news_2022_1M,hin,L5,18935,anp_Deva
panel2,A,hin_news_2022_1M,hin,L5,18949,hin_Deva
panel2,A,hin_news_2022_1M,hin,L5,18963,hin_Deva
panel2,A,hin_news_2022_1M,hin,L5,18977,hin_Deva
panel2,A,hin_news_2022_1M,hin,L5,18980,hin_Deva
panel2,A,hin_news_2022_1M,hin,L5,18987,anp_Deva
panel2,A,hin_news_2022_1M,hin,L5,19031,hin_Deva
panel2,A,hin_news_2022_1M,hin,L5,19040,anp_Deva
panel2,A,hin_news_2022_1M,hin,L5,19051,anp_Deva
panel2,A,hin_news_2022_1M,hin,L5,19076,hin_Deva
panel2,A,hin_news_2022_1M,hin,L5,19086,hin_Deva
panel2,A,hin_news_2022_1M,hin,L5,19087,hin_Deva
panel2,A,hin_news_2022_1M,hin,L5,19155,hin_Deva
panel2,A,hin_news_2022_1M,hin,L5,19158,hin_Deva
panel2,A,hin_news_2022_1M,hin,L5,19193,hin_Deva
panel2,A,hin_news_2022_1M,hin,L5,19196,hin_Deva
panel2,A,hin_news_2022_1M,hin,L5,19221,hin_Deva
panel2,A,hin_news_2022_1M,hin,L5,19286,hin_Deva
panel2,A,hin_news_2022_1M,hin,L5,19364,hin_Deva
panel2,A,hin_news_2022_1M,hin,L5,19371,hin_Deva
panel2,A,hin_news_2022_1M,hin,L5,19401,hin_Deva
panel2,A,hin_news_2022_1M,hin,L5,19440,hin_Deva
panel2,A,hin_news_2022_1M,hin,L5,19447,hin_Deva
panel2,A,hin_news_2022_1M,hin,L5,19511,anp_Deva
panel2,A,hin_news_2022_1M,hin,L5,19579,hin_Deva
panel2,A,hin_news_2022_1M,hin,L5,19592,hin_Deva
panel2,A,hin_news_2022_1M,hin,L5,19644,hin_Deva
panel2,A,hin_news_2022_1M,hin,L5,19655,hin_Deva
panel2,A,hin_news_2022_1M,hin,L5,19684,hin_Deva
panel2,A,hin_news_2022_1M,hin,L5,19705,anp_Deva
panel2,A,hin_news_2022_1M,hin,L5,19753,hin_Deva
panel2,A,hin_news_2022_1M,hin,L5,19763,hin_Deva
panel2,A,hin_news_2022_1M,hin,L5,19792,hin_Deva
panel2,A,hin_news_2022_1M,hin,L5,19833,hin_Deva
panel2,A,hin_news_2022_1M,hin,L5,19866,hin_Deva
panel2,A,hin_news_2022_1M,hin,L5,19892,hin_Deva
panel2,A,hin_news_2022_1M,hin,L5,19931,hin_Deva
panel2,A,hin_news_2022_1M,hin,L5,19948,hin_Deva
panel2,A,hin_news_2022_1M,hin,L5,19955,hin_Deva
panel2,A,hin_news_2022_1M,hin,L5,20004,hin_Deva
panel2,A,hin_news_2022_1M,hin,L5,20031,anp_Deva
panel2,A,hin_news_2022_1M,hin,L5,20037,hin_Deva
panel2,A,hin_news_2022_1M,hin,L5,20047,hin_Deva
panel2,A,hin_news_2022_1M,hin,L5,20060,hin_Deva
panel2,A,hin_news_2022_1M,hin,L5,20116,hin_Deva
panel2,A,hin_news_2022_1M,hin,L5,20157,hin_Deva
panel2,A,hin_news_2022_1M,hin,L5,20158,hin_Deva
panel2,A,hin_news_2022_1M,hin,L5,20234,hin_Deva
panel2,A,hin_news_2022_1M,hin,L5,20262,hin_Deva
panel2,A,hin_news_2022_1M,hin,L5,20275,hin_Deva
panel2,A,hin_news_2022_1M,hin,L5,20308,hin_Deva
panel2,A,hin_news_2022_1M,hin,L5,20310,anp_Deva
panel2,A,hin_news_2022_1M,hin,L5,20315,hin_Deva
panel2,A,hin_news_2022_1M,hin,L5,20362,hin_Deva
panel2,A,hin_news_2022_1M,hin,L5,20419,hin_Deva
panel2,A,hin_news_2022_1M,hin,L5,20421,hin_Deva
panel2,A,hin_news_2022_1M,hin,L5,20606,hin_Deva
panel2,A,hin_news_2022_1M,hin,L5,20660,hin_Deva
panel2,A,hin_news_2022_1M,hin,L5,20683,hin_Deva
panel2,A,hin_news_2022_1M,hin,L5,20691,hin_Deva
panel2,A,hin_news_2022_1M,hin,L5,20703,hin_Deva
panel2,A,hin_news_2022_1M,hin,L5,20792,hin_Deva
panel2,A,hin_news_2022_1M,hin,L5,20873,hin_Deva
panel2,A,hin_news_2022_1M,hin,L5,20919,hin_Deva
panel2,A,hin_news_2022_1M,hin,L5,20945,hin_Deva
panel2,A,hin_news_2022_1M,hin,L5,20972,hin_Deva
panel2,A,hin_news_2022_1M,hin,L5,21004,hin_Deva
panel2,A,hin_news_2022_1M,hin,L5,21065,anp_Deva
panel2,A,hin_news_2022_1M,hin,L5,21135,hin_Deva
panel2,A,hin_news_2022_1M,hin,L5,21142,hin_Deva
panel2,A,hin_news_2022_1M,hin,L5,21194,hin_Deva
panel2,A,hin_news_2022_1M,hin,L5,21202,hin_Deva
panel2,A,hin_news_2022_1M,hin,L5,21204,hin_Deva
panel2,A,hin_news_2022_1M,hin,L5,21221,hin_Deva
panel2,A,hin_news_2022_1M,hin,L5,21228,hin_Deva
panel2,A,hin_news_2022_1M,hin,L5,21244,hin_Deva
panel2,A,hin_news_2022_1M,hin,L5,21268,hin_Deva
panel2,A,hin_news_2022_1M,hin,L5,21280,hin_Deva
panel2,A,hin_news_2022_1M,hin,L5,21285,hin_Deva
panel2,A,hin_news_2022_1M,hin,L5,21349,hin_Deva
panel2,A,hin_news_2022_1M,hin,L5,21407,hin_Deva
panel2,A,hin_news_2022_1M,hin,L5,21467,hin_Deva
panel2,A,hin_news_2022_1M,hin,L5,21473,hin_Deva
panel2,A,hin_news_2022_1M,hin,L5,21577,hin_Deva
panel2,A,hin_news_2022_1M,hin,L5,21579,hin_Deva
panel2,A,hin_news_2022_1M,hin,L5,21606,hin_Deva
panel2,A,hin_news_2022_1M,hin,L5,21611,hin_Deva
panel2,A,hin_news_2022_1M,hin,L5,21668,hin_Deva
panel2,A,hin_news_2022_1M,hin,L5,21696,hin_Deva
panel2,A,hin_news_2022_1M,hin,L5,21703,hin_Deva
panel2,A,hin_news_2022_1M,hin,L5,21731,hin_Deva
panel2,A,hin_news_2022_1M,hin,L5,21749,hin_Deva
panel2,A,hin_news_2022_1M,hin,L5,21827,hin_Deva
panel2,A,hin_news_2022_1M,hin,L5,21886,hin_Deva
panel2,A,hin_news_2022_1M,hin,L5,21893,hin_Deva
panel2,A,hin_news_2022_1M,hin,L5,21942,hin_Deva
panel2,A,hin_news_2022_1M,hin,L5,22077,hin_Deva
panel2,A,hin_news_2022_1M,hin,L5,22118,hin_Deva
panel2,A,hin_news_2022_1M,hin,L5,22343,hin_Deva
panel2,A,hin_news_2022_1M,hin,L5,22417,hin_Deva
panel2,A,hin_news_2022_1M,hin,L5,22419,hin_Deva
panel2,A,hin_news_2022_1M,hin,L5,22505,hin_Deva
panel2,A,hin_news_2022_1M,hin,L5,22506,hin_Deva
panel2,A,hin_news_2022_1M,hin,L5,22565,hin_Deva
panel2,A,hin_news_2022_1M,hin,L5,22577,hin_Deva
panel2,A,hin_news_2022_1M,hin,L5,22590,hin_Deva
panel2,A,hin_news_2022_1M,hin,L5,22621,hin_Deva
panel2,A,hin_news_2022_1M,hin,L5,22626,hin_Deva
panel2,A,hin_news_2022_1M,hin,L5,22627,hin_Deva
panel2,A,hin_news_2022_1M,hin,L5,22675,hin_Deva
panel2,A,hin_news_2022_1M,hin,L5,22724,anp_Deva
panel2,A,hin_news_2022_1M,hin,L5,22731,hin_Deva
panel2,A,hin_news_2022_1M,hin,L5,22751,hin_Deva
panel2,A,hin_news_2022_1M,hin,L5,22774,hin_Deva
panel2,A,hin_news_2022_1M,hin,L5,22835,hin_Deva
panel2,A,hin_news_2022_1M,hin,L5,22863,hin_Deva
panel2,A,hin_news_2022_1M,hin,L5,22977,anp_Deva
panel2,A,hin_news_2022_1M,hin,L5,22989,hin_Deva
panel2,A,hin_news_2022_1M,hin,L5,23073,hin_Deva
panel2,A,hin_news_2022_1M,hin,L5,23113,hin_Deva
panel2,A,hin_news_2022_1M,hin,L5,23156,hin_Deva
panel2,A,hin_news_2022_1M,hin,L5,23192,hin_Deva
panel2,A,hin_news_2022_1M,hin,L5,23196,hin_Deva
panel2,A,hin_news_2022_1M,hin,L5,23205,hin_Deva
panel2,A,hin_news_2022_1M,hin,L5,23229,hin_Deva
panel2,A,hin_news_2022_1M,hin,L5,23236,hin_Deva
panel2,A,hin_news_2022_1M,hin,L5,23293,hin_Deva
panel2,A,hin_news_2022_1M,hin,L5,23334,hin_Deva
panel2,A,hin_news_2022_1M,hin,L5,23360,hin_Deva
panel2,A,hin_news_2022_1M,hin,L5,23365,hin_Deva
panel2,A,hin_news_2022_1M,hin,L5,23422,hin_Deva
panel2,A,hin_news_2022_1M,hin,L5,23446,hin_Deva
panel2,A,hin_news_2022_1M,hin,L5,23457,hin_Deva
panel2,A,hin_news_2022_1M,hin,L5,23468,hin_Deva
panel2,A,hin_news_2022_1M,hin,L5,23500,hin_Deva
panel2,A,hin_news_2022_1M,hin,L5,23524,anp_Deva
panel2,A,hin_news_2022_1M,hin,L5,23550,hin_Deva
panel2,A,hin_news_2022_1M,hin,L5,23620,anp_Deva
panel2,A,hin_news_2022_1M,hin,L5,23634,hin_Deva
panel2,A,hin_news_2022_1M,hin,L5,23668,hin_Deva
panel2,A,hin_news_2022_1M,hin,L5,23724,hin_Deva
panel2,A,hin_news_2022_1M,hin,L5,23752,hin_Deva
panel2,A,hin_news_2022_1M,hin,L5,23765,hin_Deva
panel2,A,hin_news_2022_1M,hin,L5,23829,hin_Deva
panel2,A,hin_news_2022_1M,hin,L5,23836,hin_Deva
panel2,A,hin_news_2022_1M,hin,L5,23851,hin_Deva
panel2,A,hin_news_2022_1M,hin,L5,23929,hin_Deva
panel2,A,hin_news_2022_1M,hin,L5,23976,hin_Deva
panel2,A,hin_news_2022_1M,hin,L5,23993,hin_Deva
panel2,A,hin_news_2022_1M,hin,L5,24000,hin_Deva
panel2,A,hin_news_2022_1M,hin,L5,24023,hin_Deva
panel2,A,hin_news_2022_1M,hin,L5,24032,hin_Deva
panel2,A,hin_news_2022_1M,hin,L5,24090,hin_Deva
panel2,A,hin_news_2022_1M,hin,L5,24136,hin_Deva
panel2,A,hin_news_2022_1M,hin,L5,24140,hin_Deva
panel2,A,hin_news_2022_1M,hin,L5,24173,hin_Deva
panel2,A,hin_news_2022_1M,hin,L5,24215,hin_Deva
panel2,A,hin_news_2022_1M,hin,L5,24227,hin_Deva
panel2,A,hin_news_2022_1M,hin,L5,24272,hin_Deva
panel2,A,hin_news_2022_1M,hin,L5,24286,hin_Deva
panel2,A,hin_news_2022_1M,hin,L5,24332,hin_Deva
panel2,A,hin_news_2022_1M,hin,L5,24380,anp_Deva
panel2,A,hin_news_2022_1M,hin,L5,24428,hin_Deva
panel2,A,hin_news_2022_1M,hin,L5,24433,hin_Deva
panel2,A,hin_news_2022_1M,hin,L5,24464,hin_Deva
panel2,A,hin_news_2022_1M,hin,L5,24487,hin_Deva
panel2,A,hin_news_2022_1M,hin,L5,24511,hin_Deva
panel2,A,hin_news_2022_1M,hin,L5,24522,hin_Deva
panel2,A,hin_news_2022_1M,hin,L5,24523,hin_Deva
panel2,A,hin_news_2022_1M,hin,L5,24544,anp_Deva
panel2,A,hin_news_2022_1M,hin,L5,24549,hin_Deva
panel2,A,hin_news_2022_1M,hin,L5,24569,hin_Deva
panel2,A,hin_news_2022_1M,hin,L5,24570,hin_Deva
panel2,A,hin_news_2022_1M,hin,L5,24591,hin_Deva
panel2,A,hin_news_2022_1M,hin,L5,24643,hin_Deva
panel2,A,hin_news_2022_1M,hin,L5,24739,hin_Deva
panel2,A,hin_news_2022_1M,hin,L5,24790,anp_Deva
panel2,A,hin_news_2022_1M,hin,L5,24838,hin_Deva
panel2,A,hin_news_2022_1M,hin,L5,24850,hin_Deva
panel2,A,hin_news_2022_1M,hin,L5,24853,hin_Deva
panel2,A,hin_news_2022_1M,hin,L5,24878,hin_Deva
panel2,A,hin_news_2022_1M,hin,L5,24879,hin_Deva
panel2,A,hin_news_2022_1M,hin,L5,24885,hin_Deva
panel2,A,hin_news_2022_1M,hin,L5,24894,hin_Deva
panel2,A,hin_news_2022_1M,hin,L5,24931,anp_Deva
panel2,A,hin_news_2022_1M,hin,L5,24943,hin_Deva
panel2,A,hin_news_2022_1M,hin,L5,25063,hin_Deva
panel2,A,hin_news_2022_1M,hin,L5,25077,hin_Deva
panel2,A,hin_news_2022_1M,hin,L5,25128,hin_Deva
panel2,A,hin_news_2022_1M,hin,L5,25282,anp_Deva
panel2,A,hin_news_2022_1M,hin,L5,25335,hin_Deva
panel2,A,hin_news_2022_1M,hin,L5,25336,hin_Deva
panel2,A,hin_news_2022_1M,hin,L5,25387,hin_Deva
panel2,A,hin_news_2022_1M,hin,L5,25389,hin_Deva
panel2,A,hin_news_2022_1M,hin,L5,25425,hin_Deva
panel2,A,hin_news_2022_1M,hin,L5,25457,hin_Deva
panel2,A,hin_news_2022_1M,hin,L5,25461,hin_Deva
panel2,A,hin_news_2022_1M,hin,L5,25494,hin_Deva
panel2,A,hin_news_2022_1M,hin,L5,25507,hin_Deva
panel2,A,hin_news_2022_1M,hin,L5,25524,hin_Deva
panel2,A,hin_news_2022_1M,hin,L5,25570,hin_Deva
panel2,A,hin_news_2022_1M,hin,L5,25592,hin_Deva
panel2,A,hin_news_2022_1M,hin,L5,25631,hin_Deva
panel2,A,hin_news_2022_1M,hin,L5,25778,hin_Deva
panel2,A,hin_news_2022_1M,hin,L5,25822,hin_Deva
panel2,A,hin_news_2022_1M,hin,L5,25914,hin_Deva
panel2,A,hin_news_2022_1M,hin,L5,25919,hin_Deva
panel2,A,hin_news_2022_1M,hin,L5,25937,hin_Deva
panel2,A,hin_news_2022_1M,hin,L5,25968,hin_Deva
panel2,A,hin_news_2022_1M,hin,L5,25970,hin_Deva
panel2,A,hin_news_2022_1M,hin,L5,25975,hin_Deva
panel2,A,hin_news_2022_1M,hin,L5,26025,hin_Deva
panel2,A,hin_news_2022_1M,hin,L5,26056,hin_Deva
panel2,A,hin_news_2022_1M,hin,L5,26067,hin_Deva
panel2,A,hin_news_2022_1M,hin,L5,26074,hin_Deva
panel2,A,hin_news_2022_1M,hin,L5,26181,hin_Deva
panel2,A,hin_news_2022_1M,hin,L5,26199,hin_Deva
panel2,A,hin_news_2022_1M,hin,L5,26239,hin_Deva
panel2,A,hin_news_2022_1M,hin,L5,26247,hin_Deva
panel2,A,hin_news_2022_1M,hin,L5,26286,hin_Deva
panel2,A,hin_news_2022_1M,hin,L5,26327,hin_Deva
panel2,A,hin_news_2022_1M,hin,L5,26546,hin_Deva
panel2,A,hin_news_2022_1M,hin,L5,26572,hin_Deva
panel2,A,hin_news_2022_1M,hin,L5,26590,anp_Deva
panel2,A,hin_news_2022_1M,hin,L5,26635,hin_Deva
panel2,A,hin_news_2022_1M,hin,L5,26708,hin_Deva
panel2,A,hin_news_2022_1M,hin,L5,26719,hin_Deva
panel2,A,hin_news_2022_1M,hin,L5,26720,hin_Deva
panel2,A,hin_news_2022_1M,hin,L5,26737,hin_Deva
panel2,A,hin_news_2022_1M,hin,L5,26828,hin_Deva
panel2,A,hin_news_2022_1M,hin,L5,26877,hin_Deva
panel2,A,hin_news_2022_1M,hin,L5,26901,hin_Deva
panel2,A,hin_news_2022_1M,hin,L5,26906,hin_Deva
panel2,A,hin_news_2022_1M,hin,L5,26955,hin_Deva
panel2,A,hin_news_2022_1M,hin,L5,27017,hin_Deva
panel2,A,hin_news_2022_1M,hin,L5,27021,hin_Deva
panel2,A,hin_news_2022_1M,hin,L5,27178,hin_Deva
panel2,A,hin_news_2022_1M,hin,L5,27192,hin_Deva
panel2,A,hin_news_2022_1M,hin,L5,27242,anp_Deva
panel2,A,hin_news_2022_1M,hin,L5,27271,hin_Deva
panel2,A,hin_news_2022_1M,hin,L5,27289,hin_Deva
panel2,A,hin_news_2022_1M,hin,L5,27303,anp_Deva
panel2,A,hin_news_2022_1M,hin,L5,27408,hin_Deva
panel2,A,hin_news_2022_1M,hin,L5,27422,hin_Deva
panel2,A,hin_news_2022_1M,hin,L5,27465,hin_Deva
panel2,A,hin_news_2022_1M,hin,L5,27467,hin_Deva
panel2,A,hin_news_2022_1M,hin,L5,27468,anp_Deva
panel2,A,hin_news_2022_1M,hin,L5,27478,hin_Deva
panel2,A,hin_news_2022_1M,hin,L5,27500,hin_Deva
panel2,A,hin_news_2022_1M,hin,L5,27512,anp_Deva
panel2,A,hin_news_2022_1M,hin,L5,27530,hin_Deva
panel2,A,hin_news_2022_1M,hin,L5,27572,hin_Deva
panel2,A,hin_news_2022_1M,hin,L5,27621,hin_Deva
panel2,A,hin_news_2022_1M,hin,L5,27707,hin_Deva
panel2,A,hin_news_2022_1M,hin,L5,27710,hin_Deva
panel2,A,hin_news_2022_1M,hin,L5,27738,hin_Deva
panel2,A,hin_news_2022_1M,hin,L5,27742,hin_Deva
panel2,A,hin_news_2022_1M,hin,L5,27815,hin_Deva
panel2,A,hin_news_2022_1M,hin,L5,27816,hin_Deva
panel2,A,hin_news_2022_1M,hin,L5,27850,hin_Deva
panel2,A,hin_news_2022_1M,hin,L5,27857,hin_Deva
panel2,A,hin_news_2022_1M,hin,L5,27878,hin_Deva
panel2,A,hin_news_2022_1M,hin,L5,27884,anp_Deva
panel2,A,hin_news_2022_1M,hin,L5,27944,hin_Deva
panel2,A,hin_news_2022_1M,hin,L5,28018,anp_Deva
panel2,A,hin_news_2022_1M,hin,L5,28132,anp_Deva
panel2,A,hin_news_2022_1M,hin,L5,28145,hin_Deva
panel2,A,hin_news_2022_1M,hin,L5,28210,hin_Deva
panel2,A,hin_news_2022_1M,hin,L5,28238,hin_Deva
panel2,A,hin_news_2022_1M,hin,L5,28258,hin_Deva
panel2,A,hin_news_2022_1M,hin,L5,28297,hin_Deva
panel2,A,hin_news_2022_1M,hin,L5,28343,hin_Deva
panel2,A,hin_news_2022_1M,hin,L5,28407,hin_Deva
panel2,A,hin_news_2022_1M,hin,L5,28477,hin_Deva
panel2,A,hin_news_2022_1M,hin,L5,28480,hin_Deva
panel2,A,hin_news_2022_1M,hin,L5,28481,hin_Deva
panel2,A,hin_news_2022_1M,hin,L5,28483,hin_Deva
panel2,A,hin_news_2022_1M,hin,L5,28502,hin_Deva
panel2,A,hin_news_2022_1M,hin,L5,28503,hin_Deva
panel2,A,hin_news_2022_1M,hin,L5,28602,hin_Deva
panel2,A,hin_news_2022_1M,hin,L5,28606,hin_Deva
panel2,A,hin_news_2022_1M,hin,L5,28628,hin_Deva
panel2,A,hin_news_2022_1M,hin,L5,28653,hin_Deva
panel2,A,hin_news_2022_1M,hin,L5,28670,anp_Deva
panel2,A,hin_news_2022_1M,hin,L5,28720,hin_Deva
panel2,A,hin_news_2022_1M,hin,L5,28752,hin_Deva
panel2,A,hin_news_2022_1M,hin,L5,28778,hin_Deva
panel2,A,hin_news_2022_1M,hin,L5,28786,hin_Deva
panel2,A,hin_news_2022_1M,hin,L5,28877,hin_Deva
panel2,A,hin_news_2022_1M,hin,L5,28885,anp_Deva
panel2,A,hin_news_2022_1M,hin,L5,28899,hin_Deva
panel2,A,hin_news_2022_1M,hin,L5,28991,hin_Deva
panel2,A,hin_news_2022_1M,hin,L5,28995,hin_Deva
panel2,A,hin_news_2022_1M,hin,L5,29022,hin_Deva
panel2,A,hin_news_2022_1M,hin,L5,29032,hin_Deva
panel2,A,hin_news_2022_1M,hin,L5,29058,hin_Deva
panel2,A,hin_news_2022_1M,hin,L5,29151,hin_Deva
panel2,A,hin_news_2022_1M,hin,L5,29255,hin_Deva
panel2,A,hin_news_2022_1M,hin,L5,29311,hin_Deva
panel2,A,hin_news_2022_1M,hin,L5,29340,hin_Deva
panel2,A,hin_news_2022_1M,hin,L5,29342,hin_Deva
panel2,A,hin_news_2022_1M,hin,L5,29393,hin_Deva
panel2,A,hin_news_2022_1M,hin,L5,29416,hin_Deva
panel2,A,hin_news_2022_1M,hin,L5,29440,hin_Deva
panel2,A,hin_news_2022_1M,hin,L5,29534,hin_Deva
panel2,A,hin_news_2022_1M,hin,L5,29595,anp_Deva
panel2,A,hin_news_2022_1M,hin,L5,29596,hin_Deva
panel2,A,hin_news_2022_1M,hin,L5,29606,hin_Deva
panel2,A,hin_news_2022_1M,hin,L5,29680,hin_Deva
panel2,A,hin_news_2022_1M,hin,L5,29714,hin_Deva
panel2,A,hin_news_2022_1M,hin,L5,29746,hin_Deva
panel2,A,hin_news_2022_1M,hin,L5,29753,hin_Deva
panel2,A,hin_news_2022_1M,hin,L5,29804,hin_Deva
panel2,A,hin_news_2022_1M,hin,L5,29831,anp_Deva
panel2,A,hin_news_2022_1M,hin,L5,29843,hin_Deva
panel2,A,hin_news_2022_1M,hin,L5,29859,hin_Deva
panel2,A,hin_news_2022_1M,hin,L5,29887,hin_Deva
panel2,A,hin_news_2022_1M,hin,L5,29951,hin_Deva
panel2,A,hin_news_2022_1M,hin,L5,29956,hin_Deva
panel2,A,hin_news_2022_1M,hin,L5,29959,hin_Deva
panel2,A,hin_news_2022_1M,hin,L5,29982,hin_Deva
panel2,A,hin_news_2022_1M,hin,L5,29993,hin_Deva
panel2,A,hin_news_2022_1M,hin,L5,30006,hin_Deva
panel2,A,hin_news_2022_1M,hin,L5,30028,anp_Deva
panel2,A,hin_news_2022_1M,hin,L5,30087,hin_Deva
panel2,A,hin_news_2022_1M,hin,L5,30102,hin_Deva
panel2,A,hin_news_2022_1M,hin,L5,30104,hin_Deva
panel2,A,hin_news_2022_1M,hin,L5,30146,hin_Deva
panel2,A,hin_news_2022_1M,hin,L5,30228,hin_Deva
panel2,A,hin_news_2022_1M,hin,L5,30231,hin_Deva
panel2,A,hin_news_2022_1M,hin,L5,30246,anp_Deva
panel2,A,hin_news_2022_1M,hin,L5,30284,hin_Deva
panel2,A,hin_news_2022_1M,hin,L5,30316,hin_Deva
panel2,A,hin_news_2022_1M,hin,L5,30326,hin_Deva
panel2,A,hin_news_2022_1M,hin,L5,30353,hin_Deva
panel2,A,hin_news_2022_1M,hin,L5,30365,hin_Deva
panel2,A,hin_news_2022_1M,hin,L5,30400,hin_Deva
panel2,A,hin_news_2022_1M,hin,L5,30423,hin_Deva
panel2,A,hin_news_2022_1M,hin,L5,30429,hin_Deva
panel2,A,hin_news_2022_1M,hin,L5,30433,hin_Deva
panel2,A,hin_news_2022_1M,hin,L5,30491,hin_Deva
panel2,A,hin_news_2022_1M,hin,L5,30553,hin_Deva
panel2,A,hin_news_2022_1M,hin,L5,30576,hin_Deva
panel2,A,hin_news_2022_1M,hin,L5,30580,hin_Deva
panel2,A,hin_news_2022_1M,hin,L5,30660,hin_Deva
panel2,A,hin_news_2022_1M,hin,L5,30682,anp_Deva
panel2,A,hin_news_2022_1M,hin,L5,30736,hin_Deva
panel2,A,hin_news_2022_1M,hin,L5,30756,hin_Deva
panel2,A,hin_news_2022_1M,hin,L5,30773,hin_Deva
panel2,A,hin_news_2022_1M,hin,L5,30784,hin_Deva
panel2,A,hin_news_2022_1M,hin,L5,30864,hin_Deva
panel2,A,hin_news_2022_1M,hin,L5,30961,hin_Deva
panel2,A,hin_news_2022_1M,hin,L5,31152,hin_Deva
panel2,A,hin_news_2022_1M,hin,L5,31155,hin_Deva
panel2,A,hin_news_2022_1M,hin,L5,31268,anp_Deva
panel2,A,hin_news_2022_1M,hin,L5,31298,hin_Deva
panel2,A,hin_news_2022_1M,hin,L5,31323,hin_Deva
panel2,A,hin_news_2022_1M,hin,L5,31327,hin_Deva
panel2,A,hin_news_2022_1M,hin,L5,31331,hin_Deva
panel2,A,hin_news_2022_1M,hin,L5,31347,hin_Deva
panel2,A,hin_news_2022_1M,hin,L5,31391,hin_Deva
panel2,A,hin_news_2022_1M,hin,L5,31420,hin_Deva
panel2,A,hin_news_2022_1M,hin,L5,31430,hin_Deva
panel2,A,hin_news_2022_1M,hin,L5,31441,anp_Deva
panel2,A,hin_news_2022_1M,hin,L5,31454,hin_Deva
panel2,A,hin_news_2022_1M,hin,L5,31455,hin_Deva
panel2,A,hin_news_2022_1M,hin,L5,31526,anp_Deva
panel2,A,hin_news_2022_1M,hin,L5,31531,hin_Deva
panel2,A,hin_news_2022_1M,hin,L5,31749,hin_Deva
panel2,A,hin_news_2022_1M,hin,L5,31783,hin_Deva
panel2,A,hin_news_2022_1M,hin,L5,31850,hin_Deva
panel2,A,hin_news_2022_1M,hin,L5,31967,hin_Deva
panel2,A,hin_news_2022_1M,hin,L5,32024,hin_Deva
panel2,A,hin_news_2022_1M,hin,L5,32091,hin_Deva
panel2,A,hin_news_2022_1M,hin,L5,32097,hin_Deva
panel2,A,hin_news_2022_1M,hin,L5,32137,hin_Deva
panel2,A,hin_news_2022_1M,hin,L5,32281,hin_Deva
panel2,A,hin_news_2022_1M,hin,L5,32323,hin_Deva
panel2,A,hin_news_2022_1M,hin,L5,32330,hin_Deva
panel2,A,hin_news_2022_1M,hin,L5,32366,hin_Deva
panel2,A,hin_news_2022_1M,hin,L5,32394,hin_Deva
panel2,A,hin_news_2022_1M,hin,L5,32405,hin_Deva
panel2,A,hin_news_2022_1M,hin,L5,32423,anp_Deva
panel2,A,hin_news_2022_1M,hin,L5,32502,hin_Deva
panel2,A,hin_news_2022_1M,hin,L5,32523,hin_Deva
panel2,A,hin_news_2022_1M,hin,L5,32537,hin_Deva
panel2,A,hin_news_2022_1M,hin,L5,32566,hin_Deva
panel2,A,hin_news_2022_1M,hin,L5,32569,hin_Deva
panel2,A,hin_news_2022_1M,hin,L5,32591,hin_Deva
panel2,A,hin_news_2022_1M,hin,L5,32599,hin_Deva
panel2,A,hin_news_2022_1M,hin,L5,32624,hin_Deva
panel2,A,hin_news_2022_1M,hin,L5,32638,hin_Deva
panel2,A,hin_news_2022_1M,hin,L5,32709,hin_Deva
panel2,A,hin_news_2022_1M,hin,L5,32757,anp_Deva
panel2,A,hin_news_2022_1M,hin,L5,32769,hin_Deva
panel2,A,hin_news_2022_1M,hin,L5,32783,hin_Deva
panel2,A,hin_news_2022_1M,hin,L5,32800,hin_Deva
panel2,A,hin_news_2022_1M,hin,L5,32804,hin_Deva
panel2,A,hin_news_2022_1M,hin,L5,32857,hin_Deva
panel2,A,hin_news_2022_1M,hin,L5,32862,hin_Deva
panel2,A,hin_news_2022_1M,hin,L5,32868,hin_Deva
panel2,A,hin_news_2022_1M,hin,L5,32902,hin_Deva
panel2,A,hin_news_2022_1M,hin,L5,32963,hin_Deva
panel2,A,hin_news_2022_1M,hin,L5,32969,hin_Deva
panel2,A,hin_news_2022_1M,hin,L5,32984,hin_Deva
panel2,A,hin_news_2022_1M,hin,L5,33068,hin_Deva
panel2,A,hin_news_2022_1M,hin,L5,33111,hin_Deva
panel2,A,hin_news_2022_1M,hin,L5,33167,hin_Deva
panel2,A,hin_news_2022_1M,hin,L5,33173,hin_Deva
panel2,A,hin_news_2022_1M,hin,L5,33189,hin_Deva
panel2,A,hin_news_2022_1M,hin,L5,33190,hin_Deva
panel2,A,hin_news_2022_1M,hin,L5,33194,hin_Deva
panel2,A,hin_news_2022_1M,hin,L5,33205,hin_Deva
panel2,A,hin_news_2022_1M,hin,L5,33279,hin_Deva
panel2,A,hin_news_2022_1M,hin,L5,33280,hin_Deva
panel2,A,hin_news_2022_1M,hin,L5,33292,hin_Deva
panel2,A,hin_news_2022_1M,hin,L5,33306,hin_Deva
panel2,A,hin_news_2022_1M,hin,L5,33342,hin_Deva
panel2,A,hin_news_2022_1M,hin,L5,33346,hin_Deva
panel2,A,hin_news_2022_1M,hin,L5,33381,hin_Deva
panel2,A,hin_news_2022_1M,hin,L5,33398,hin_Deva
panel2,A,hin_news_2022_1M,hin,L5,33458,hin_Deva
panel2,A,hin_news_2022_1M,hin,L5,33473,hin_Deva
panel2,A,hin_news_2022_1M,hin,L5,33538,hin_Deva
panel2,A,hin_news_2022_1M,hin,L5,33543,hin_Deva
panel2,A,hin_news_2022_1M,hin,L5,33581,anp_Deva
panel2,A,hin_news_2022_1M,hin,L5,33630,hin_Deva
panel2,A,hin_news_2022_1M,hin,L5,33653,hin_Deva
panel2,A,hin_news_2022_1M,hin,L5,33686,hin_Deva
panel2,A,hin_news_2022_1M,hin,L5,33784,hin_Deva
panel2,A,hin_news_2022_1M,hin,L5,33818,hin_Deva
panel2,A,hin_news_2022_1M,hin,L5,33828,hin_Deva
panel2,A,hin_news_2022_1M,hin,L5,33899,hin_Deva
panel2,A,hin_news_2022_1M,hin,L5,33903,hin_Deva
panel2,A,hin_news_2022_1M,hin,L5,33904,hin_Deva
panel2,A,hin_news_2022_1M,hin,L5,33913,hin_Deva
panel2,A,hin_news_2022_1M,hin,L5,33952,hin_Deva
panel2,A,hin_news_2022_1M,hin,L5,33968,hin_Deva
panel2,A,hin_news_2022_1M,hin,L5,33975,hin_Deva
panel2,A,hin_news_2022_1M,hin,L5,33986,hin_Deva
panel2,A,hin_news_2022_1M,hin,L5,34047,hin_Deva
panel2,A,hin_news_2022_1M,hin,L5,34100,hin_Deva
panel2,A,hin_news_2022_1M,hin,L5,34211,hin_Deva
panel2,A,hin_news_2022_1M,hin,L5,34213,hin_Deva
panel2,A,hin_news_2022_1M,hin,L5,34225,hin_Deva
panel2,A,hin_news_2022_1M,hin,L5,34229,hin_Deva
panel2,A,hin_news_2022_1M,hin,L5,34269,hin_Deva
panel2,A,hin_news_2022_1M,hin,L5,34297,hin_Deva
panel2,A,hin_news_2022_1M,hin,L5,34326,hin_Deva
panel2,A,hin_news_2022_1M,hin,L5,34336,hin_Deva
panel2,A,hin_news_2022_1M,hin,L5,34354,hin_Deva
panel2,A,hin_news_2022_1M,hin,L5,34392,hin_Deva
panel2,A,hin_news_2022_1M,hin,L5,34416,anp_Deva
panel2,A,hin_news_2022_1M,hin,L5,34431,hin_Deva
panel2,A,hin_news_2022_1M,hin,L5,34444,hin_Deva
panel2,A,hin_news_2022_1M,hin,L5,34453,hin_Deva
panel2,A,hin_news_2022_1M,hin,L5,34459,hin_Deva
panel2,A,hin_news_2022_1M,hin,L5,34477,hin_Deva
panel2,A,hin_news_2022_1M,hin,L5,34501,hin_Deva
panel2,A,hin_news_2022_1M,hin,L5,34541,hin_Deva
panel2,A,hin_news_2022_1M,hin,L5,34556,hin_Deva
panel2,A,hin_news_2022_1M,hin,L5,34599,anp_Deva
panel2,A,hin_news_2022_1M,hin,L5,34620,hin_Deva
panel2,A,hin_news_2022_1M,hin,L5,34632,hin_Deva
panel2,A,hin_news_2022_1M,hin,L5,34697,hin_Deva
panel2,A,hin_news_2022_1M,hin,L5,34700,hin_Deva
panel2,A,hin_news_2022_1M,hin,L5,34714,hin_Deva
panel2,A,hin_news_2022_1M,hin,L5,34733,hin_Deva
panel2,A,hin_news_2022_1M,hin,L5,34779,hin_Deva
panel2,A,hin_news_2022_1M,hin,L5,34828,anp_Deva
panel2,A,hin_news_2022_1M,hin,L5,34852,hin_Deva
panel2,A,hin_news_2022_1M,hin,L5,34868,hin_Deva
panel2,A,hin_news_2022_1M,hin,L5,34879,hin_Deva
panel2,A,hin_news_2022_1M,hin,L5,34896,hin_Deva
panel2,A,hin_news_2022_1M,hin,L5,34907,anp_Deva
panel2,A,hin_news_2022_1M,hin,L5,34939,anp_Deva
panel2,A,hin_news_2022_1M,hin,L5,34957,hin_Deva
panel2,A,hin_news_2022_1M,hin,L5,34960,hin_Deva
panel2,A,hin_news_2022_1M,hin,L5,34988,hin_Deva
panel2,A,hin_news_2022_1M,hin,L5,35016,hin_Deva
panel2,A,hin_news_2022_1M,hin,L5,35024,hin_Deva
panel2,A,hin_news_2022_1M,hin,L5,35087,hin_Deva
panel2,A,hin_news_2022_1M,hin,L5,35117,hin_Deva
panel2,A,hin_news_2022_1M,hin,L5,35124,hin_Deva
panel2,A,hin_news_2022_1M,hin,L5,35173,hin_Deva
panel2,A,hin_news_2022_1M,hin,L5,35207,hin_Deva
panel2,A,hin_news_2022_1M,hin,L5,35210,hin_Deva
panel2,A,hin_news_2022_1M,hin,L5,35245,hin_Deva
panel2,A,hin_news_2022_1M,hin,L5,35260,hin_Deva
panel2,A,hin_news_2022_1M,hin,L5,35285,hin_Deva
panel2,A,hin_news_2022_1M,hin,L5,35294,hin_Deva
panel2,A,hin_news_2022_1M,hin,L5,35311,hin_Deva
panel2,A,hin_news_2022_1M,hin,L5,35315,hin_Deva
panel2,A,hin_news_2022_1M,hin,L5,35517,hin_Deva
panel2,A,hin_news_2022_1M,hin,L5,35525,hin_Deva
panel2,A,hin_news_2022_1M,hin,L5,35546,hin_Deva
panel2,A,hin_news_2022_1M,hin,L5,35565,hin_Deva
panel2,A,hin_news_2022_1M,hin,L5,35615,hin_Deva
panel2,A,hin_news_2022_1M,hin,L5,35617,hin_Deva
panel2,A,hin_news_2022_1M,hin,L5,35650,hin_Deva
panel2,A,hin_news_2022_1M,hin,L5,35662,hin_Deva
panel2,A,hin_news_2022_1M,hin,L5,35671,hin_Deva
panel2,A,hin_news_2022_1M,hin,L5,35727,hin_Deva
panel2,A,hin_news_2022_1M,hin,L5,35830,hin_Deva
panel2,A,hin_news_2022_1M,hin,L5,35987,hin_Deva
panel2,A,hin_news_2022_1M,hin,L5,35990,hin_Deva
panel2,A,hin_news_2022_1M,hin,L5,36022,anp_Deva
panel2,A,hin_news_2022_1M,hin,L5,36076,hin_Deva
panel2,A,hin_news_2022_1M,hin,L5,36088,hin_Deva
panel2,A,hin_news_2022_1M,hin,L5,36112,hin_Deva
panel2,A,hin_news_2022_1M,hin,L5,36132,hin_Deva
panel2,A,hin_news_2022_1M,hin,L5,36137,hin_Deva
panel2,A,hin_news_2022_1M,hin,L5,36141,hin_Deva
panel2,A,hin_news_2022_1M,hin,L5,36148,hin_Deva
panel2,A,hin_news_2022_1M,hin,L5,36150,hin_Deva
panel2,A,hin_news_2022_1M,hin,L5,36290,hin_Deva
panel2,A,hin_news_2022_1M,hin,L5,36316,hin_Deva
panel2,A,hin_news_2022_1M,hin,L5,36358,hin_Deva
panel2,A,hin_news_2022_1M,hin,L5,36369,hin_Deva
panel2,A,hin_news_2022_1M,hin,L5,36387,hin_Deva
panel2,A,hin_news_2022_1M,hin,L5,36423,hin_Deva
panel2,A,hin_news_2022_1M,hin,L5,36450,hin_Deva
panel2,A,hin_news_2022_1M,hin,L5,36503,hin_Deva
panel2,A,hin_news_2022_1M,hin,L5,36511,hin_Deva
panel2,A,hin_news_2022_1M,hin,L5,36554,hin_Deva
panel2,A,hin_news_2022_1M,hin,L5,36581,hin_Deva
panel2,A,hin_news_2022_1M,hin,L5,36583,hin_Deva
panel2,A,hin_news_2022_1M,hin,L5,36596,hin_Deva
panel2,A,hin_news_2022_1M,hin,L5,36655,hin_Deva
panel2,A,hin_news_2022_1M,hin,L5,36685,hin_Deva
panel2,A,hin_news_2022_1M,hin,L5,36714,anp_Deva
panel2,A,hin_news_2022_1M,hin,L5,36724,hin_Deva
panel2,A,hin_news_2022_1M,hin,L5,36768,anp_Deva
panel2,A,hin_news_2022_1M,hin,L5,36837,anp_Deva
panel2,A,hin_news_2022_1M,hin,L5,36898,hin_Deva
panel2,A,hin_news_2022_1M,hin,L5,36907,hin_Deva
panel2,A,hin_news_2022_1M,hin,L5,36942,hin_Deva
panel2,A,hin_news_2022_1M,hin,L5,36972,hin_Deva
panel2,A,hin_news_2022_1M,hin,L5,37037,hin_Deva
panel2,A,hin_news_2022_1M,hin,L5,37051,hin_Deva
panel2,A,hin_news_2022_1M,hin,L5,37123,hin_Deva
panel2,A,hin_news_2022_1M,hin,L5,37143,hin_Deva
panel2,A,hin_news_2022_1M,hin,L5,37167,hin_Deva
panel2,A,hin_news_2022_1M,hin,L5,37168,hin_Deva
panel2,A,hin_news_2022_1M,hin,L5,37223,hin_Deva
panel2,A,hin_news_2022_1M,hin,L5,37232,hin_Deva
panel2,A,hin_news_2022_1M,hin,L5,37252,hin_Deva
panel2,A,hin_news_2022_1M,hin,L5,37259,hin_Deva
panel2,A,hin_news_2022_1M,hin,L5,37262,anp_Deva
panel2,A,hin_news_2022_1M,hin,L5,37270,hin_Deva
panel2,A,hin_news_2022_1M,hin,L5,37274,hin_Deva
panel2,A,hin_news_2022_1M,hin,L5,37305,hin_Deva
panel2,A,hin_news_2022_1M,hin,L5,37372,hin_Deva
panel2,A,hin_news_2022_1M,hin,L5,37384,anp_Deva
panel2,A,hin_news_2022_1M,hin,L5,37403,hin_Deva
panel2,A,hin_news_2022_1M,hin,L5,37404,hin_Deva
panel2,A,hin_news_2022_1M,hin,L5,37411,hin_Deva
panel2,A,hin_news_2022_1M,hin,L5,37426,hin_Deva
panel2,A,hin_news_2022_1M,hin,L5,37435,hin_Deva
panel2,A,hin_news_2022_1M,hin,L5,37532,hin_Deva
panel2,A,hin_news_2022_1M,hin,L5,37546,hin_Deva
panel2,A,hin_news_2022_1M,hin,L5,37574,hin_Deva
panel2,A,hin_news_2022_1M,hin,L5,37593,anp_Deva
panel2,A,hin_news_2022_1M,hin,L5,37628,hin_Deva
panel2,A,hin_news_2022_1M,hin,L5,37750,anp_Deva
panel2,A,hin_news_2022_1M,hin,L5,37788,hin_Deva
panel2,A,hin_news_2022_1M,hin,L5,37794,hin_Deva
panel2,A,hin_news_2022_1M,hin,L5,37864,anp_Deva
panel2,A,hin_news_2022_1M,hin,L5,37932,hin_Deva
panel2,A,hin_news_2022_1M,hin,L5,37973,anp_Deva
panel2,A,hin_news_2022_1M,hin,L5,38060,hin_Deva
panel2,A,hin_news_2022_1M,hin,L5,38083,hin_Deva
panel2,A,hin_news_2022_1M,hin,L5,38100,hin_Deva
panel2,A,hin_news_2022_1M,hin,L5,38125,hin_Deva
panel2,A,hin_news_2022_1M,hin,L5,38152,hin_Deva
panel2,A,hin_news_2022_1M,hin,L5,38212,hin_Deva
panel2,A,hin_news_2022_1M,hin,L5,38225,hin_Deva
panel2,A,hin_news_2022_1M,hin,L5,38272,anp_Deva
panel2,A,hin_news_2022_1M,hin,L5,38276,hin_Deva
panel2,A,hin_news_2022_1M,hin,L5,38291,hin_Deva
panel2,A,hin_news_2022_1M,hin,L5,38346,hin_Deva
panel2,A,hin_news_2022_1M,hin,L5,38356,hin_Deva
panel2,A,hin_news_2022_1M,hin,L5,38382,anp_Deva
panel2,A,hin_news_2022_1M,hin,L5,38421,hin_Deva
panel2,A,hin_news_2022_1M,hin,L5,38515,hin_Deva
panel2,A,hin_news_2022_1M,hin,L5,38687,hin_Deva
panel2,A,hin_news_2022_1M,hin,L5,38765,hin_Deva
panel2,A,hin_news_2022_1M,hin,L5,38781,hin_Deva
panel2,A,hin_news_2022_1M,hin,L5,38824,hin_Deva
panel2,A,hin_news_2022_1M,hin,L5,38873,hin_Deva
panel2,A,hin_news_2022_1M,hin,L5,38894,hin_Deva
panel2,A,hin_news_2022_1M,hin,L5,38912,hin_Deva
panel2,A,hin_news_2022_1M,hin,L5,38919,hin_Deva
panel2,A,hin_news_2022_1M,hin,L5,38954,hin_Deva
panel2,A,hin_news_2022_1M,hin,L5,38955,anp_Deva
panel2,A,hin_news_2022_1M,hin,L5,38963,hin_Deva
panel2,A,hin_news_2022_1M,hin,L5,38991,hin_Deva
panel2,A,hin_news_2022_1M,hin,L5,39062,hin_Deva
panel2,A,hin_news_2022_1M,hin,L5,39073,hin_Deva
panel2,A,hin_news_2022_1M,hin,L5,39081,hin_Deva
panel2,A,hin_news_2022_1M,hin,L5,39103,hin_Deva
panel2,A,hin_news_2022_1M,hin,L5,39131,hin_Deva
panel2,A,hin_news_2022_1M,hin,L5,39144,hin_Deva
panel2,A,hin_news_2022_1M,hin,L5,39146,hin_Deva
panel2,A,hin_news_2022_1M,hin,L5,39147,hin_Deva
panel2,A,hin_news_2022_1M,hin,L5,39158,hin_Deva
panel2,A,hin_news_2022_1M,hin,L5,39182,hin_Deva
panel2,A,hin_news_2022_1M,hin,L5,39188,hin_Deva
panel2,A,hin_news_2022_1M,hin,L5,39223,hin_Deva
panel2,A,hin_news_2022_1M,hin,L5,39243,hin_Deva
panel2,A,hin_news_2022_1M,hin,L5,39261,hin_Deva
panel2,A,hin_news_2022_1M,hin,L5,39275,hin_Deva
panel2,A,hin_news_2022_1M,hin,L5,39305,hin_Deva
panel2,A,hin_news_2022_1M,hin,L5,39343,hin_Deva
panel2,A,hin_news_2022_1M,hin,L5,39403,hin_Deva
panel2,A,hin_news_2022_1M,hin,L5,39428,anp_Deva
panel2,A,hin_news_2022_1M,hin,L5,39439,hin_Deva
panel2,A,hin_news_2022_1M,hin,L5,39441,hin_Deva
panel2,A,hin_news_2022_1M,hin,L5,39476,hin_Deva
panel2,A,hin_news_2022_1M,hin,L5,39480,hin_Deva
panel2,A,hin_news_2022_1M,hin,L5,39486,hin_Deva
panel2,A,hin_news_2022_1M,hin,L5,39490,hin_Deva
panel2,A,hin_news_2022_1M,hin,L5,39608,hin_Deva
panel2,A,hin_news_2022_1M,hin,L5,39609,hin_Deva
panel2,A,hin_news_2022_1M,hin,L5,39614,hin_Deva
panel2,A,hin_news_2022_1M,hin,L5,39626,hin_Deva
panel2,A,hin_news_2022_1M,hin,L5,39630,hin_Deva
panel2,A,hin_news_2022_1M,hin,L5,39650,hin_Deva
panel2,A,hin_news_2022_1M,hin,L5,39653,anp_Deva
panel2,A,hin_news_2022_1M,hin,L5,39656,hin_Deva
panel2,A,hin_news_2022_1M,hin,L5,39669,hin_Deva
panel2,A,hin_news_2022_1M,hin,L5,39690,hin_Deva
panel2,A,hin_news_2022_1M,hin,L5,39694,hin_Deva
panel2,A,hin_news_2022_1M,hin,L5,39695,hin_Deva
panel2,A,hin_news_2022_1M,hin,L5,39707,hin_Deva
panel2,A,hin_news_2022_1M,hin,L5,39772,hin_Deva
panel2,A,hin_news_2022_1M,hin,L5,39775,hin_Deva
panel2,A,hin_news_2022_1M,hin,L5,39841,hin_Deva
panel2,A,hin_news_2022_1M,hin,L5,39848,hin_Deva
panel2,A,hin_news_2022_1M,hin,L5,39885,hin_Deva
panel2,A,hin_news_2022_1M,hin,L5,39899,hin_Deva
panel2,A,hin_news_2022_1M,hin,L5,39997,hin_Deva
panel2,A,hin_news_2022_1M,hin,L5,40008,hin_Deva
panel2,A,hin_news_2022_1M,hin,L5,40026,hin_Deva
panel2,A,hin_news_2022_1M,hin,L5,40070,hin_Deva
panel2,A,hin_news_2022_1M,hin,L5,40094,hin_Deva
panel2,A,hin_news_2022_1M,hin,L5,40117,hin_Deva
panel2,A,hin_news_2022_1M,hin,L5,40133,hin_Deva
panel2,A,hin_news_2022_1M,hin,L5,40140,hin_Deva
panel2,A,hin_news_2022_1M,hin,L5,40144,hin_Deva
panel2,A,hin_news_2022_1M,hin,L5,40189,hin_Deva
panel2,A,hin_news_2022_1M,hin,L5,40235,hin_Deva
panel2,A,hin_news_2022_1M,hin,L5,40271,hin_Deva
panel2,A,hin_news_2022_1M,hin,L5,40297,hin_Deva
panel2,A,hin_news_2022_1M,hin,L5,40300,hin_Deva
panel2,A,hin_news_2022_1M,hin,L5,40378,hin_Deva
panel2,A,hin_news_2022_1M,hin,L5,40449,anp_Deva
panel2,A,hin_news_2022_1M,hin,L5,40476,hin_Deva
panel2,A,hin_news_2022_1M,hin,L5,40534,hin_Deva
panel2,A,hin_news_2022_1M,hin,L5,40541,hin_Deva
panel2,A,hin_news_2022_1M,hin,L5,40590,hin_Deva
panel2,A,hin_news_2022_1M,hin,L5,40624,hin_Deva
panel2,A,hin_news_2022_1M,hin,L5,40629,hin_Deva
panel2,A,hin_news_2022_1M,hin,L5,40632,hin_Deva
panel2,A,hin_news_2022_1M,hin,L5,40637,hin_Deva
panel2,A,hin_news_2022_1M,hin,L5,40756,hin_Deva
panel2,A,hin_news_2022_1M,hin,L5,40766,hin_Deva
panel2,A,hin_news_2022_1M,hin,L5,40769,hin_Deva
panel2,A,hin_news_2022_1M,hin,L5,40800,anp_Deva
panel2,A,hin_news_2022_1M,hin,L5,40869,anp_Deva
panel2,A,hin_news_2022_1M,hin,L5,40875,hin_Deva
panel2,A,hin_news_2022_1M,hin,L5,40923,hin_Deva
panel2,A,hin_news_2022_1M,hin,L5,40987,hin_Deva
panel2,A,hin_news_2022_1M,hin,L5,40995,anp_Deva
panel2,A,hin_news_2022_1M,hin,L5,41010,hin_Deva
panel2,A,hin_news_2022_1M,hin,L5,41034,anp_Deva
panel2,A,hin_news_2022_1M,hin,L5,41069,hin_Deva
panel2,A,hin_news_2022_1M,hin,L5,41110,hin_Deva
panel2,A,hin_news_2022_1M,hin,L5,41170,hin_Deva
panel2,A,hin_news_2022_1M,hin,L5,41185,hin_Deva
panel2,A,hin_news_2022_1M,hin,L5,41198,hin_Deva
panel2,A,hin_news_2022_1M,hin,L5,41201,hin_Deva
panel2,A,hin_news_2022_1M,hin,L5,41217,hin_Deva
panel2,A,hin_news_2022_1M,hin,L5,41301,hin_Deva
panel2,A,hin_news_2022_1M,hin,L5,41313,hin_Deva
panel2,A,hin_news_2022_1M,hin,L5,41331,hin_Deva
panel2,A,hin_news_2022_1M,hin,L5,41337,hin_Deva
panel2,A,hin_news_2022_1M,hin,L5,41347,hin_Deva
panel2,A,hin_news_2022_1M,hin,L5,41360,hin_Deva
panel2,A,hin_news_2022_1M,hin,L5,41366,anp_Deva
panel2,A,hin_news_2022_1M,hin,L5,41418,hin_Deva
panel2,A,hin_news_2022_1M,hin,L5,41434,hin_Deva
panel2,A,hin_news_2022_1M,hin,L5,41448,hin_Deva
panel2,A,hin_news_2022_1M,hin,L5,41492,hin_Deva
panel2,A,hin_news_2022_1M,hin,L5,41505,anp_Deva
panel2,A,hin_news_2022_1M,hin,L5,41522,hin_Deva
panel2,A,hin_news_2022_1M,hin,L5,41555,hin_Deva
panel2,A,hin_news_2022_1M,hin,L5,41575,hin_Deva
panel2,A,hin_news_2022_1M,hin,L5,41587,hin_Deva
panel2,A,hin_news_2022_1M,hin,L5,41859,hin_Deva
panel2,A,hin_news_2022_1M,hin,L5,41863,hin_Deva
panel2,A,hin_news_2022_1M,hin,L5,41868,hin_Deva
panel2,A,hin_news_2022_1M,hin,L5,41937,hin_Deva
panel2,A,hin_news_2022_1M,hin,L5,41967,anp_Deva
panel2,A,hin_news_2022_1M,hin,L5,42020,hin_Deva
panel2,A,hin_news_2022_1M,hin,L5,42107,hin_Deva
panel2,A,hin_news_2022_1M,hin,L5,42159,hin_Deva
panel2,A,hin_news_2022_1M,hin,L5,42199,hin_Deva
panel2,A,hin_news_2022_1M,hin,L5,42412,hin_Deva
panel2,A,hin_news_2022_1M,hin,L5,42506,hin_Deva
panel2,A,hin_news_2022_1M,hin,L5,42593,hin_Deva
panel2,A,hin_news_2022_1M,hin,L5,42644,hin_Deva
panel2,A,hin_news_2022_1M,hin,L5,42675,hin_Deva
panel2,A,hin_news_2022_1M,hin,L5,42679,hin_Deva
panel2,A,hin_news_2022_1M,hin,L5,42684,hin_Deva
panel2,A,hin_news_2022_1M,hin,L5,42757,hin_Deva
panel2,A,hin_news_2022_1M,hin,L5,42842,hin_Deva
panel2,A,hin_news_2022_1M,hin,L5,42861,hin_Deva
panel2,A,hin_news_2022_1M,hin,L5,42874,hin_Deva
panel2,A,hin_news_2022_1M,hin,L5,42875,hin_Deva
panel2,A,hin_news_2022_1M,hin,L5,42921,hin_Deva
panel2,A,hin_news_2022_1M,hin,L5,43007,hin_Deva
panel2,A,hin_news_2022_1M,hin,L5,43046,hin_Deva
panel2,A,hin_news_2022_1M,hin,L5,43064,hin_Deva
panel2,A,hin_news_2022_1M,hin,L5,43086,hin_Deva
panel2,A,hin_news_2022_1M,hin,L5,43087,hin_Deva
panel2,A,hin_news_2022_1M,hin,L5,43089,hin_Deva
panel2,A,hin_news_2022_1M,hin,L5,43090,hin_Deva
panel2,A,hin_news_2022_1M,hin,L5,43194,hin_Deva
panel2,A,hin_news_2022_1M,hin,L5,43204,hin_Deva
panel2,A,hin_news_2022_1M,hin,L5,43232,hin_Deva
panel2,A,hin_news_2022_1M,hin,L5,43253,hin_Deva
panel2,A,hin_news_2022_1M,hin,L5,43274,hin_Deva
panel2,A,hin_news_2022_1M,hin,L5,43297,hin_Deva
panel2,A,hin_news_2022_1M,hin,L5,43316,hin_Deva
panel2,A,hin_news_2022_1M,hin,L5,43378,hin_Deva
panel2,A,hin_news_2022_1M,hin,L5,43388,hin_Deva
panel2,A,hin_news_2022_1M,hin,L5,43398,anp_Deva
panel2,A,hin_news_2022_1M,hin,L5,43438,hin_Deva
panel2,A,hin_news_2022_1M,hin,L5,43439,hin_Deva
panel2,A,hin_news_2022_1M,hin,L5,43457,hin_Deva
panel2,A,hin_news_2022_1M,hin,L5,43461,hin_Deva
panel2,A,hin_news_2022_1M,hin,L5,43465,hin_Deva
panel2,A,hin_news_2022_1M,hin,L5,43476,hin_Deva
panel2,A,hin_news_2022_1M,hin,L5,43488,hin_Deva
panel2,A,hin_news_2022_1M,hin,L5,43502,hin_Deva
panel2,A,hin_news_2022_1M,hin,L5,43529,hin_Deva
panel2,A,hin_news_2022_1M,hin,L5,43533,hin_Deva
panel2,A,hin_news_2022_1M,hin,L5,43569,hin_Deva
panel2,A,hin_news_2022_1M,hin,L5,43591,hin_Deva
panel2,A,hin_news_2022_1M,hin,L5,43603,anp_Deva
panel2,A,hin_news_2022_1M,hin,L5,43669,hin_Deva
panel2,A,hin_news_2022_1M,hin,L5,43676,anp_Deva
panel2,A,hin_news_2022_1M,hin,L5,43723,anp_Deva
panel2,A,hin_news_2022_1M,hin,L5,43791,hin_Deva
panel2,A,hin_news_2022_1M,hin,L5,43913,hin_Deva
panel2,A,hin_news_2022_1M,hin,L5,43940,hin_Deva
panel2,A,hin_news_2022_1M,hin,L5,43961,hin_Deva
panel2,A,hin_news_2022_1M,hin,L5,43977,hin_Deva
panel2,A,hin_news_2022_1M,hin,L5,43999,hin_Deva
panel2,A,hin_news_2022_1M,hin,L5,44015,hin_Deva
panel2,A,hin_news_2022_1M,hin,L5,44030,anp_Deva
panel2,A,hin_news_2022_1M,hin,L5,44036,hin_Deva
panel2,A,hin_news_2022_1M,hin,L5,44044,hin_Deva
panel2,A,hin_news_2022_1M,hin,L5,44057,hin_Deva
panel2,A,hin_news_2022_1M,hin,L5,44097,hin_Deva
panel2,A,hin_news_2022_1M,hin,L5,44135,hin_Deva
panel2,A,hin_news_2022_1M,hin,L5,44181,hin_Deva
panel2,A,hin_news_2022_1M,hin,L5,44215,hin_Deva
panel2,A,hin_news_2022_1M,hin,L5,44216,hin_Deva
panel2,A,hin_news_2022_1M,hin,L5,44234,hin_Deva
panel2,A,hin_news_2022_1M,hin,L5,44300,hin_Deva
panel2,A,hin_news_2022_1M,hin,L5,44401,hin_Deva
panel2,A,hin_news_2022_1M,hin,L5,44402,hin_Deva
panel2,A,hin_news_2022_1M,hin,L5,44439,anp_Deva
panel2,A,hin_news_2022_1M,hin,L5,44456,hin_Deva
panel2,A,hin_news_2022_1M,hin,L5,44467,hin_Deva
panel2,A,hin_news_2022_1M,hin,L5,44491,hin_Deva
panel2,A,hin_news_2022_1M,hin,L5,44537,hin_Deva
panel2,A,hin_news_2022_1M,hin,L5,44538,hin_Deva
panel2,A,hin_news_2022_1M,hin,L5,44557,hin_Deva
panel2,A,hin_news_2022_1M,hin,L5,44564,hin_Deva
panel2,A,hin_news_2022_1M,hin,L5,44573,hin_Deva
panel2,A,hin_news_2022_1M,hin,L5,44613,hin_Deva
panel2,A,hin_news_2022_1M,hin,L5,44654,anp_Deva
panel2,A,hin_news_2022_1M,hin,L5,44673,hin_Deva
panel2,A,hin_news_2022_1M,hin,L5,44700,hin_Deva
panel2,A,hin_news_2022_1M,hin,L5,44724,hin_Deva
panel2,A,hin_news_2022_1M,hin,L5,44727,hin_Deva
panel2,A,hin_news_2022_1M,hin,L5,44749,hin_Deva
panel2,A,hin_news_2022_1M,hin,L5,44757,hin_Deva
panel2,A,hin_news_2022_1M,hin,L5,44903,hin_Deva
panel2,A,hin_news_2022_1M,hin,L5,44928,anp_Deva
panel2,A,hin_news_2022_1M,hin,L5,44929,hin_Deva
panel2,A,hin_news_2022_1M,hin,L5,44966,hin_Deva
panel2,A,hin_news_2022_1M,hin,L5,45003,hin_Deva
panel2,A,hin_news_2022_1M,hin,L5,45026,hin_Deva
panel2,A,hin_news_2022_1M,hin,L5,45050,hin_Deva
panel2,A,hin_news_2022_1M,hin,L5,45069,hin_Deva
panel2,A,hin_news_2022_1M,hin,L5,45106,hin_Deva
panel2,A,hin_news_2022_1M,hin,L5,45146,hin_Deva
panel2,A,hin_news_2022_1M,hin,L5,45205,hin_Deva
panel2,A,hin_news_2022_1M,hin,L5,45240,hin_Deva
panel2,A,hin_news_2022_1M,hin,L5,45319,anp_Deva
panel2,A,hin_news_2022_1M,hin,L5,45336,hin_Deva
panel2,A,hin_news_2022_1M,hin,L5,45405,hin_Deva
panel2,A,hin_news_2022_1M,hin,L5,45470,anp_Deva
panel2,A,hin_news_2022_1M,hin,L5,45578,hin_Deva
panel2,A,hin_news_2022_1M,hin,L5,45585,hin_Deva
panel2,A,hin_news_2022_1M,hin,L5,45596,anp_Deva
panel2,A,hin_news_2022_1M,hin,L5,45637,hin_Deva
panel2,A,hin_news_2022_1M,hin,L5,45669,hin_Deva
panel2,A,hin_news_2022_1M,hin,L5,45701,anp_Deva
panel2,A,hin_news_2022_1M,hin,L5,45752,hin_Deva
panel2,A,hin_news_2022_1M,hin,L5,45766,hin_Deva
panel2,A,hin_news_2022_1M,hin,L5,45835,hin_Deva
panel2,A,hin_news_2022_1M,hin,L5,45862,hin_Deva
panel2,A,hin_news_2022_1M,hin,L5,45928,hin_Deva
panel2,A,hin_news_2022_1M,hin,L5,45976,hin_Deva
panel2,A,hin_news_2022_1M,hin,L5,46008,hin_Deva
panel2,A,hin_news_2022_1M,hin,L5,46036,hin_Deva
panel2,A,hin_news_2022_1M,hin,L5,46045,hin_Deva
panel2,A,hin_news_2022_1M,hin,L5,46069,hin_Deva
panel2,A,hin_news_2022_1M,hin,L5,46072,hin_Deva
panel2,A,hin_news_2022_1M,hin,L5,46079,hin_Deva
panel2,A,hin_news_2022_1M,hin,L5,46112,hin_Deva
panel2,A,hin_news_2022_1M,hin,L5,46151,hin_Deva
panel2,A,hin_news_2022_1M,hin,L5,46160,hin_Deva
panel2,A,hin_news_2022_1M,hin,L5,46182,hin_Deva
panel2,A,hin_news_2022_1M,hin,L5,46212,hin_Deva
panel2,A,hin_news_2022_1M,hin,L5,46216,hin_Deva
panel2,A,hin_news_2022_1M,hin,L5,46244,hin_Deva
panel2,A,hin_news_2022_1M,hin,L5,46292,hin_Deva
panel2,A,hin_news_2022_1M,hin,L5,46300,hin_Deva
panel2,A,hin_news_2022_1M,hin,L5,46352,hin_Deva
panel2,A,hin_news_2022_1M,hin,L5,46387,hin_Deva
panel2,A,hin_news_2022_1M,hin,L5,46454,hin_Deva
panel2,A,hin_news_2022_1M,hin,L5,46459,hin_Deva
panel2,A,hin_news_2022_1M,hin,L5,46488,hin_Deva
panel2,A,hin_news_2022_1M,hin,L5,46538,hin_Deva
panel2,A,hin_news_2022_1M,hin,L5,46543,hin_Deva
panel2,A,hin_news_2022_1M,hin,L5,46544,anp_Deva
panel2,A,hin_news_2022_1M,hin,L5,46550,hin_Deva
panel2,A,hin_news_2022_1M,hin,L5,46554,hin_Deva
panel2,A,hin_news_2022_1M,hin,L5,46555,hin_Deva
panel2,A,hin_news_2022_1M,hin,L5,46557,anp_Deva
panel2,A,hin_news_2022_1M,hin,L5,46619,hin_Deva
panel2,A,hin_news_2022_1M,hin,L5,46648,hin_Deva
panel2,A,hin_news_2022_1M,hin,L5,46658,hin_Deva
panel2,A,hin_news_2022_1M,hin,L5,46666,hin_Deva
panel2,A,hin_news_2022_1M,hin,L5,46697,hin_Deva
panel2,A,hin_news_2022_1M,hin,L5,46724,hin_Deva
panel2,A,hin_news_2022_1M,hin,L5,46757,hin_Deva
panel2,A,hin_news_2022_1M,hin,L5,46758,hin_Deva
panel2,A,hin_news_2022_1M,hin,L5,46818,hin_Deva
panel2,A,hin_news_2022_1M,hin,L5,46852,hin_Deva
panel2,A,hin_news_2022_1M,hin,L5,46881,hin_Deva
panel2,A,hin_news_2022_1M,hin,L5,46894,hin_Deva
panel2,A,hin_news_2022_1M,hin,L5,46942,hin_Deva
panel2,A,hin_news_2022_1M,hin,L5,46949,hin_Deva
panel2,A,hin_news_2022_1M,hin,L5,46979,hin_Deva
panel2,A,hin_news_2022_1M,hin,L5,47023,hin_Deva
panel2,A,hin_news_2022_1M,hin,L5,47123,anp_Deva
panel2,A,hin_news_2022_1M,hin,L5,47239,hin_Deva
panel2,A,hin_news_2022_1M,hin,L5,47264,hin_Deva
panel2,A,hin_news_2022_1M,hin,L5,47291,hin_Deva
panel2,A,hin_news_2022_1M,hin,L5,47299,hin_Deva
panel2,A,hin_news_2022_1M,hin,L5,47316,hin_Deva
panel2,A,hin_news_2022_1M,hin,L5,47365,hin_Deva
panel2,A,hin_news_2022_1M,hin,L5,47425,hin_Deva
panel2,A,hin_news_2022_1M,hin,L5,47451,hin_Deva
panel2,A,hin_news_2022_1M,hin,L5,47482,hin_Deva
panel2,A,hin_news_2022_1M,hin,L5,47485,hin_Deva
panel2,A,hin_news_2022_1M,hin,L5,47536,hin_Deva
panel2,A,hin_news_2022_1M,hin,L5,47581,anp_Deva
panel2,A,hin_news_2022_1M,hin,L5,47593,hin_Deva
panel2,A,hin_news_2022_1M,hin,L5,47625,hin_Deva
panel2,A,hin_news_2022_1M,hin,L5,47641,hin_Deva
panel2,A,hin_news_2022_1M,hin,L5,47747,hin_Deva
panel2,A,hin_news_2022_1M,hin,L5,47766,hin_Deva
panel2,A,hin_news_2022_1M,hin,L5,47776,hin_Deva
panel2,A,hin_news_2022_1M,hin,L5,47821,anp_Deva
panel2,A,hin_news_2022_1M,hin,L5,47829,hin_Deva
panel2,A,hin_news_2022_1M,hin,L5,47989,hin_Deva
panel2,A,hin_news_2022_1M,hin,L5,48021,hin_Deva
panel2,A,hin_news_2022_1M,hin,L5,48024,hin_Deva
panel2,A,hin_news_2022_1M,hin,L5,48029,hin_Deva
panel2,A,hin_news_2022_1M,hin,L5,48089,hin_Deva
panel2,A,hin_news_2022_1M,hin,L5,48124,hin_Deva
panel2,A,hin_news_2022_1M,hin,L5,48195,hin_Deva
panel2,A,hin_news_2022_1M,hin,L5,48234,hin_Deva
panel2,A,hin_news_2022_1M,hin,L5,48249,hin_Deva
panel2,A,hin_news_2022_1M,hin,L5,48285,hin_Deva
panel2,A,hin_news_2022_1M,hin,L5,48350,hin_Deva
panel2,A,hin_news_2022_1M,hin,L5,48362,hin_Deva
panel2,A,hin_news_2022_1M,hin,L5,48427,hin_Deva
panel2,A,hin_news_2022_1M,hin,L5,48450,hin_Deva
panel2,A,hin_news_2022_1M,hin,L5,48577,hin_Deva
panel2,A,hin_news_2022_1M,hin,L5,48648,hin_Deva
panel2,A,hin_news_2022_1M,hin,L5,48656,hin_Deva
panel2,A,hin_news_2022_1M,hin,L5,48719,hin_Deva
panel2,A,hin_news_2022_1M,hin,L5,48728,hin_Deva
panel2,A,hin_news_2022_1M,hin,L5,48804,hin_Deva
panel2,A,hin_news_2022_1M,hin,L5,48923,hin_Deva
panel2,A,hin_news_2022_1M,hin,L5,48932,hin_Deva
panel2,A,hin_news_2022_1M,hin,L5,48936,hin_Deva
panel2,A,hin_news_2022_1M,hin,L5,48992,hin_Deva
panel2,A,hin_news_2022_1M,hin,L5,49030,hin_Deva
panel2,A,hin_news_2022_1M,hin,L5,49051,hin_Deva
panel2,A,hin_news_2022_1M,hin,L5,49056,hin_Deva
panel2,A,hin_news_2022_1M,hin,L5,49068,hin_Deva
panel2,A,hin_news_2022_1M,hin,L5,49085,hin_Deva
panel2,A,hin_news_2022_1M,hin,L5,49089,hin_Deva
panel2,A,hin_news_2022_1M,hin,L5,49098,hin_Deva
panel2,A,hin_news_2022_1M,hin,L5,49104,hin_Deva
panel2,A,hin_news_2022_1M,hin,L5,49114,hin_Deva
panel2,A,hin_news_2022_1M,hin,L5,49162,hin_Deva
panel2,A,hin_news_2022_1M,hin,L5,49216,anp_Deva
panel2,A,hin_news_2022_1M,hin,L5,49226,hin_Deva
panel2,A,hin_news_2022_1M,hin,L5,49329,hin_Deva
panel2,A,hin_news_2022_1M,hin,L5,49401,hin_Deva
panel2,A,hin_news_2022_1M,hin,L5,49475,hin_Deva
panel2,A,hin_news_2022_1M,hin,L5,49486,hin_Deva
panel2,A,hin_news_2022_1M,hin,L5,49494,hin_Deva
panel2,A,hin_news_2022_1M,hin,L5,49549,hin_Deva
panel2,A,hin_news_2022_1M,hin,L5,49627,anp_Deva
panel2,A,hin_news_2022_1M,hin,L5,49678,hin_Deva
panel2,A,hin_news_2022_1M,hin,L5,49680,hin_Deva
panel2,A,hin_news_2022_1M,hin,L5,49689,anp_Deva
panel2,A,hin_news_2022_1M,hin,L5,49734,hin_Deva
panel2,A,hin_news_2022_1M,hin,L5,49738,hin_Deva
panel2,A,hin_news_2022_1M,hin,L5,49755,hin_Deva
panel2,A,hin_news_2022_1M,hin,L5,49782,anp_Deva
panel2,A,hin_news_2022_1M,hin,L5,49791,hin_Deva
panel2,A,hin_news_2022_1M,hin,L5,49857,hin_Deva
panel2,A,hin_news_2022_1M,hin,L5,49867,hin_Deva
panel2,A,hin_news_2022_1M,hin,L5,49876,hin_Deva
panel2,A,hin_news_2022_1M,hin,L5,49886,hin_Deva
panel2,A,hin_news_2022_1M,hin,L5,49935,hin_Deva
panel2,A,hin_news_2022_1M,hin,L5,49974,hin_Deva
panel2,A,hin_news_2022_1M,hin,L5,50008,hin_Deva
panel2,A,hin_news_2022_1M,hin,L5,50021,hin_Deva
panel2,A,hin_news_2022_1M,hin,L5,50023,hin_Deva
panel2,A,hin_news_2022_1M,hin,L5,50037,hin_Deva
panel2,A,hin_news_2022_1M,hin,L5,50064,hin_Deva
panel2,A,hin_news_2022_1M,hin,L5,50078,hin_Deva
panel2,A,hin_news_2022_1M,hin,L5,50093,hin_Deva
panel2,A,hin_news_2022_1M,hin,L5,50115,hin_Deva
panel2,A,hin_news_2022_1M,hin,L5,50238,hin_Deva
panel2,A,hin_news_2022_1M,hin,L5,50261,hin_Deva
panel2,A,hin_news_2022_1M,hin,L5,50348,hin_Deva
panel2,A,hin_news_2022_1M,hin,L5,50357,hin_Deva
panel2,A,hin_news_2022_1M,hin,L5,50463,hin_Deva
panel2,A,hin_news_2022_1M,hin,L5,50478,hin_Deva
panel2,A,hin_news_2022_1M,hin,L5,50499,hin_Deva
panel2,A,hin_news_2022_1M,hin,L5,50538,hin_Deva
panel2,A,hin_news_2022_1M,hin,L5,50569,hin_Deva
panel2,A,hin_news_2022_1M,hin,L5,50576,hin_Deva
panel2,A,hin_news_2022_1M,hin,L5,50585,hin_Deva
panel2,A,hin_news_2022_1M,hin,L5,50595,hin_Deva
panel2,A,hin_news_2022_1M,hin,L5,50599,hin_Deva
panel2,A,hin_news_2022_1M,hin,L5,50603,hin_Deva
panel2,A,hin_news_2022_1M,hin,L5,50612,hin_Deva
panel2,A,hin_news_2022_1M,hin,L5,50617,hin_Deva
panel2,A,hin_news_2022_1M,hin,L5,50705,anp_Deva
panel2,A,hin_news_2022_1M,hin,L5,50709,hin_Deva
panel2,A,hin_news_2022_1M,hin,L5,50713,hin_Deva
panel2,A,hin_news_2022_1M,hin,L5,50748,hin_Deva
panel2,A,hin_news_2022_1M,hin,L5,50758,hin_Deva
panel2,A,hin_news_2022_1M,hin,L5,50779,hin_Deva
panel2,A,hin_news_2022_1M,hin,L5,50785,hin_Deva
panel2,A,hin_news_2022_1M,hin,L5,50801,hin_Deva
panel2,A,hin_news_2022_1M,hin,L5,50815,hin_Deva
panel2,A,hin_news_2022_1M,hin,L5,50875,hin_Deva
panel2,A,hin_news_2022_1M,hin,L5,50877,hin_Deva
panel2,A,hin_news_2022_1M,hin,L5,50899,hin_Deva
panel2,A,hin_news_2022_1M,hin,L5,50958,hin_Deva
panel2,A,hin_news_2022_1M,hin,L5,50971,hin_Deva
panel2,A,hin_news_2022_1M,hin,L5,50998,hin_Deva
panel2,A,hin_news_2022_1M,hin,L5,51021,hin_Deva
panel2,A,hin_news_2022_1M,hin,L5,51136,hin_Deva
panel2,A,hin_news_2022_1M,hin,L5,51142,hin_Deva
panel2,A,hin_news_2022_1M,hin,L5,51292,hin_Deva
panel2,A,hin_news_2022_1M,hin,L5,51335,hin_Deva
panel2,A,hin_news_2022_1M,hin,L5,51392,hin_Deva
panel2,A,hin_news_2022_1M,hin,L5,51407,hin_Deva
panel2,A,hin_news_2022_1M,hin,L5,51421,hin_Deva
panel2,A,hin_news_2022_1M,hin,L5,51439,hin_Deva
panel2,A,hin_news_2022_1M,hin,L5,51441,hin_Deva
panel2,A,hin_news_2022_1M,hin,L5,51504,hin_Deva
panel2,A,hin_news_2022_1M,hin,L5,51525,hin_Deva
panel2,A,hin_news_2022_1M,hin,L5,51613,hin_Deva
panel2,A,hin_news_2022_1M,hin,L5,51689,hin_Deva
panel2,A,hin_news_2022_1M,hin,L5,51701,hin_Deva
panel2,A,hin_news_2022_1M,hin,L5,51766,hin_Deva
panel2,A,hin_news_2022_1M,hin,L5,51784,hin_Deva
panel2,A,hin_news_2022_1M,hin,L5,51802,hin_Deva
panel2,A,hin_news_2022_1M,hin,L5,51812,hin_Deva
panel2,A,hin_news_2022_1M,hin,L5,51824,hin_Deva
panel2,A,hin_news_2022_1M,hin,L5,51835,hin_Deva
panel2,A,hin_news_2022_1M,hin,L5,51879,hin_Deva
panel2,A,hin_news_2022_1M,hin,L5,51927,hin_Deva
panel2,A,hin_news_2022_1M,hin,L5,52003,anp_Deva
panel2,A,hin_news_2022_1M,hin,L5,52034,hin_Deva
panel2,A,hin_news_2022_1M,hin,L5,52040,hin_Deva
panel2,A,hin_news_2022_1M,hin,L5,52097,hin_Deva
panel2,A,hin_news_2022_1M,hin,L5,52126,hin_Deva
panel2,A,hin_news_2022_1M,hin,L5,52246,hin_Deva
panel2,A,hin_news_2022_1M,hin,L5,52254,hin_Deva
panel2,A,hin_news_2022_1M,hin,L5,52317,hin_Deva
panel2,A,hin_news_2022_1M,hin,L5,52427,hin_Deva
panel2,A,hin_news_2022_1M,hin,L5,52436,hin_Deva
panel2,A,hin_news_2022_1M,hin,L5,52459,hin_Deva
panel2,A,hin_news_2022_1M,hin,L5,52478,hin_Deva
panel2,A,hin_news_2022_1M,hin,L5,52511,hin_Deva
panel2,A,hin_news_2022_1M,hin,L5,52520,hin_Deva
panel2,A,hin_news_2022_1M,hin,L5,52534,hin_Deva
panel2,A,hin_news_2022_1M,hin,L5,52570,hin_Deva
panel2,A,hin_news_2022_1M,hin,L5,52655,hin_Deva
panel2,A,hin_news_2022_1M,hin,L5,52678,hin_Deva
panel2,A,hin_news_2022_1M,hin,L5,52688,hin_Deva
panel2,A,hin_news_2022_1M,hin,L5,52690,hin_Deva
panel2,A,hin_news_2022_1M,hin,L5,52754,hin_Deva
panel2,A,hin_news_2022_1M,hin,L5,52783,hin_Deva
panel2,A,hin_news_2022_1M,hin,L5,52804,hin_Deva
panel2,A,hin_news_2022_1M,hin,L5,52872,hin_Deva
panel2,A,hin_news_2022_1M,hin,L5,52942,hin_Deva
panel2,A,hin_news_2022_1M,hin,L5,52986,hin_Deva
panel2,A,hin_news_2022_1M,hin,L5,53015,hin_Deva
panel2,A,hin_news_2022_1M,hin,L5,53071,hin_Deva
panel2,A,hin_news_2022_1M,hin,L5,53081,hin_Deva
panel2,A,hin_news_2022_1M,hin,L5,53085,hin_Deva
panel2,A,hin_news_2022_1M,hin,L5,53097,hin_Deva
panel2,A,hin_news_2022_1M,hin,L5,53123,anp_Deva
panel2,A,hin_news_2022_1M,hin,L5,53134,hin_Deva
panel2,A,hin_news_2022_1M,hin,L5,53141,hin_Deva
panel2,A,hin_news_2022_1M,hin,L5,53162,hin_Deva
panel2,A,hin_news_2022_1M,hin,L5,53179,hin_Deva
panel2,A,hin_news_2022_1M,hin,L5,53268,hin_Deva
panel2,A,hin_news_2022_1M,hin,L5,53315,hin_Deva
panel2,A,hin_news_2022_1M,hin,L5,53331,anp_Deva
panel2,A,hin_news_2022_1M,hin,L5,53377,hin_Deva
panel2,A,hin_news_2022_1M,hin,L5,53392,hin_Deva
panel2,A,hin_news_2022_1M,hin,L5,53402,hin_Deva
panel2,A,hin_news_2022_1M,hin,L5,53421,hin_Deva
panel2,A,hin_news_2022_1M,hin,L5,53464,hin_Deva
panel2,A,hin_news_2022_1M,hin,L5,53476,hin_Deva
panel2,A,hin_news_2022_1M,hin,L5,53556,hin_Deva
panel2,A,hin_news_2022_1M,hin,L5,53579,hin_Deva
panel2,A,hin_news_2022_1M,hin,L5,53616,hin_Deva
panel2,A,hin_news_2022_1M,hin,L5,53628,hin_Deva
panel2,A,hin_news_2022_1M,hin,L5,53751,hin_Deva
panel2,A,hin_news_2022_1M,hin,L5,53794,hin_Deva
panel2,A,hin_news_2022_1M,hin,L5,53893,anp_Deva
panel2,A,hin_news_2022_1M,hin,L5,53896,hin_Deva
panel2,A,hin_news_2022_1M,hin,L5,53903,hin_Deva
panel2,A,hin_news_2022_1M,hin,L5,53933,hin_Deva
panel2,A,hin_news_2022_1M,hin,L5,53941,hin_Deva
panel2,A,hin_news_2022_1M,hin,L5,54005,anp_Deva
panel2,A,hin_news_2022_1M,hin,L5,54026,hin_Deva
panel2,A,hin_news_2022_1M,hin,L5,54105,hin_Deva
panel2,A,hin_news_2022_1M,hin,L5,54106,hin_Deva
panel2,A,hin_news_2022_1M,hin,L5,54156,hin_Deva
panel2,A,hin_news_2022_1M,hin,L5,54236,hin_Deva
panel2,A,hin_news_2022_1M,hin,L5,54263,hin_Deva
panel2,A,hin_news_2022_1M,hin,L5,54283,hin_Deva
panel2,A,hin_news_2022_1M,hin,L5,54297,hin_Deva
panel2,A,hin_news_2022_1M,hin,L5,54307,hin_Deva
panel2,A,hin_news_2022_1M,hin,L5,54362,hin_Deva
panel2,A,hin_news_2022_1M,hin,L5,54382,hin_Deva
panel2,A,hin_news_2022_1M,hin,L5,54383,hin_Deva
panel2,A,hin_news_2022_1M,hin,L5,54400,hin_Deva
panel2,A,hin_news_2022_1M,hin,L5,54415,hin_Deva
panel2,A,hin_news_2022_1M,hin,L5,54424,hin_Deva
panel2,A,hin_news_2022_1M,hin,L5,54585,hin_Deva
panel2,A,hin_news_2022_1M,hin,L5,54638,hin_Deva
panel2,A,hin_news_2022_1M,hin,L5,54643,hin_Deva
panel2,A,hin_news_2022_1M,hin,L5,54663,hin_Deva
panel2,A,hin_news_2022_1M,hin,L5,54670,hin_Deva
panel2,A,hin_news_2022_1M,hin,L5,54688,hin_Deva
panel2,A,hin_news_2022_1M,hin,L5,54753,hin_Deva
panel2,A,hin_news_2022_1M,hin,L5,54779,hin_Deva
panel2,A,hin_news_2022_1M,hin,L5,54784,hin_Deva
panel2,A,hin_news_2022_1M,hin,L5,54795,hin_Deva
panel2,A,hin_news_2022_1M,hin,L5,54807,hin_Deva
panel2,A,hin_news_2022_1M,hin,L5,54976,hin_Deva
panel2,A,hin_news_2022_1M,hin,L5,54985,hin_Deva
panel2,A,hin_news_2022_1M,hin,L5,55056,hin_Deva
panel2,A,hin_news_2022_1M,hin,L5,55122,hin_Deva
panel2,A,hin_news_2022_1M,hin,L5,55127,hin_Deva
panel2,A,hin_news_2022_1M,hin,L5,55152,hin_Deva
panel2,A,hin_news_2022_1M,hin,L5,55165,hin_Deva
panel2,A,hin_news_2022_1M,hin,L5,55199,hin_Deva
panel2,A,hin_news_2022_1M,hin,L5,55203,hin_Deva
panel2,A,hin_news_2022_1M,hin,L5,55207,hin_Deva
panel2,A,hin_news_2022_1M,hin,L5,55212,hin_Deva
panel2,A,hin_news_2022_1M,hin,L5,55229,anp_Deva
panel2,A,hin_news_2022_1M,hin,L5,55277,hin_Deva
panel2,A,hin_news_2022_1M,hin,L5,55312,hin_Deva
panel2,A,hin_news_2022_1M,hin,L5,55379,hin_Deva
panel2,A,hin_news_2022_1M,hin,L5,55380,hin_Deva
panel2,A,hin_news_2022_1M,hin,L5,55407,hin_Deva
panel2,A,hin_news_2022_1M,hin,L5,55433,hin_Deva
panel2,A,hin_news_2022_1M,hin,L5,55456,hin_Deva
panel2,A,hin_news_2022_1M,hin,L5,55482,anp_Deva
panel2,A,hin_news_2022_1M,hin,L5,55493,hin_Deva
panel2,A,hin_news_2022_1M,hin,L5,55577,hin_Deva
panel2,A,hin_news_2022_1M,hin,L5,55626,hin_Deva
panel2,A,hin_news_2022_1M,hin,L5,55650,hin_Deva
panel2,A,hin_news_2022_1M,hin,L5,55735,hin_Deva
panel2,A,hin_news_2022_1M,hin,L5,55739,hin_Deva
panel2,A,hin_news_2022_1M,hin,L5,55756,hin_Deva
panel2,A,hin_news_2022_1M,hin,L5,55800,hin_Deva
panel2,A,hin_news_2022_1M,hin,L5,55807,hin_Deva
panel2,A,hin_news_2022_1M,hin,L5,55816,hin_Deva
panel2,A,hin_news_2022_1M,hin,L5,55822,hin_Deva
panel2,A,hin_news_2022_1M,hin,L5,55874,hin_Deva
panel2,A,hin_news_2022_1M,hin,L5,55892,hin_Deva
panel2,A,hin_news_2022_1M,hin,L5,55935,hin_Deva
panel2,A,hin_news_2022_1M,hin,L5,55940,hin_Deva
panel2,A,hin_news_2022_1M,hin,L5,55964,hin_Deva
panel2,A,hin_news_2022_1M,hin,L5,55985,hin_Deva
panel2,A,hin_news_2022_1M,hin,L5,56021,hin_Deva
panel2,A,hin_news_2022_1M,hin,L5,56062,hin_Deva
panel2,A,hin_news_2022_1M,hin,L5,56072,hin_Deva
panel2,A,hin_news_2022_1M,hin,L5,56146,hin_Deva
panel2,A,hin_news_2022_1M,hin,L5,56165,hin_Deva
panel2,A,hin_news_2022_1M,hin,L5,56171,hin_Deva
panel2,A,hin_news_2022_1M,hin,L5,56175,hin_Deva
panel2,A,hin_news_2022_1M,hin,L5,56220,hin_Deva
panel2,A,hin_news_2022_1M,hin,L5,56223,hin_Deva
panel2,A,hin_news_2022_1M,hin,L5,56245,hin_Deva
panel2,A,hin_news_2022_1M,hin,L5,56246,hin_Deva
panel2,A,hin_news_2022_1M,hin,L5,56269,hin_Deva
panel2,A,hin_news_2022_1M,hin,L5,56280,hin_Deva
panel2,A,hin_news_2022_1M,hin,L5,56305,hin_Deva
panel2,A,hin_news_2022_1M,hin,L5,56312,hin_Deva
panel2,A,hin_news_2022_1M,hin,L5,56350,hin_Deva
panel2,A,hin_news_2022_1M,hin,L5,56361,hin_Deva
panel2,A,hin_news_2022_1M,hin,L5,56363,hin_Deva
panel2,A,hin_news_2022_1M,hin,L5,56385,hin_Deva
panel2,A,hin_news_2022_1M,hin,L5,56407,hin_Deva
panel2,A,hin_news_2022_1M,hin,L5,56415,hin_Deva
panel2,A,hin_news_2022_1M,hin,L5,56419,hin_Deva
panel2,A,hin_news_2022_1M,hin,L5,56434,hin_Deva
panel2,A,hin_news_2022_1M,hin,L5,56499,hin_Deva
panel2,A,hin_news_2022_1M,hin,L5,56547,hin_Deva
panel2,A,hin_news_2022_1M,hin,L5,56570,anp_Deva
panel2,A,hin_news_2022_1M,hin,L5,56598,hin_Deva
panel2,A,hin_news_2022_1M,hin,L5,56608,hin_Deva
panel2,A,hin_news_2022_1M,hin,L5,56619,hin_Deva
panel2,A,hin_news_2022_1M,hin,L5,56658,hin_Deva
panel2,A,hin_news_2022_1M,hin,L5,56664,hin_Deva
panel2,A,hin_news_2022_1M,hin,L5,56667,hin_Deva
panel2,A,hin_news_2022_1M,hin,L5,56739,hin_Deva
panel2,A,hin_news_2022_1M,hin,L5,56747,anp_Deva
panel2,A,hin_news_2022_1M,hin,L5,56748,anp_Deva
panel2,A,hin_news_2022_1M,hin,L5,56751,hin_Deva
panel2,A,hin_news_2022_1M,hin,L5,56761,hin_Deva
panel2,A,hin_news_2022_1M,hin,L5,56813,hin_Deva
panel2,A,hin_news_2022_1M,hin,L5,56852,hin_Deva
panel2,A,hin_news_2022_1M,hin,L5,56860,hin_Deva
panel2,A,hin_news_2022_1M,hin,L5,56867,hin_Deva
panel2,A,hin_news_2022_1M,hin,L5,56881,hin_Deva
panel2,A,hin_news_2022_1M,hin,L5,56885,anp_Deva
panel2,A,hin_news_2022_1M,hin,L5,56891,hin_Deva
panel2,A,hin_news_2022_1M,hin,L5,56904,hin_Deva
panel2,A,hin_news_2022_1M,hin,L5,57012,hin_Deva
panel2,A,hin_news_2022_1M,hin,L5,57035,hin_Deva
panel2,A,hin_news_2022_1M,hin,L5,57151,anp_Deva
panel2,A,hin_news_2022_1M,hin,L5,57196,hin_Deva
panel2,A,hin_news_2022_1M,hin,L5,57201,hin_Deva
panel2,A,hin_news_2022_1M,hin,L5,57205,hin_Deva
panel2,A,hin_news_2022_1M,hin,L5,57261,hin_Deva
panel2,A,hin_news_2022_1M,hin,L5,57263,hin_Deva
panel2,A,hin_news_2022_1M,hin,L5,57271,hin_Deva
panel2,A,hin_news_2022_1M,hin,L5,57279,hin_Deva
panel2,A,hin_news_2022_1M,hin,L5,57286,hin_Deva
panel2,A,hin_news_2022_1M,hin,L5,57294,hin_Deva
panel2,A,hin_news_2022_1M,hin,L5,57306,hin_Deva
panel2,A,hin_news_2022_1M,hin,L5,57313,hin_Deva
panel2,A,hin_news_2022_1M,hin,L5,57318,hin_Deva
panel2,A,hin_news_2022_1M,hin,L5,57336,hin_Deva
panel2,A,hin_news_2022_1M,hin,L5,57346,hin_Deva
panel2,A,hin_news_2022_1M,hin,L5,57377,hin_Deva
panel2,A,hin_news_2022_1M,hin,L5,57396,hin_Deva
panel2,A,hin_news_2022_1M,hin,L5,57399,hin_Deva
panel2,A,hin_news_2022_1M,hin,L5,57403,hin_Deva
panel2,A,hin_news_2022_1M,hin,L5,57404,hin_Deva
panel2,A,hin_news_2022_1M,hin,L5,57509,hin_Deva
panel2,A,hin_news_2022_1M,hin,L5,57520,hin_Deva
panel2,A,hin_news_2022_1M,hin,L5,57580,hin_Deva
panel2,A,hin_news_2022_1M,hin,L5,57627,hin_Deva
panel2,A,hin_news_2022_1M,hin,L5,57631,hin_Deva
panel2,A,hin_news_2022_1M,hin,L5,57679,anp_Deva
panel2,A,hin_news_2022_1M,hin,L5,57682,hin_Deva
panel2,A,hin_news_2022_1M,hin,L5,57748,hin_Deva
panel2,A,hin_news_2022_1M,hin,L5,57764,hin_Deva
panel2,A,hin_news_2022_1M,hin,L5,57858,hin_Deva
panel2,A,hin_news_2022_1M,hin,L5,57911,hin_Deva
panel2,A,hin_news_2022_1M,hin,L5,57918,hin_Deva
panel2,A,hin_news_2022_1M,hin,L5,57926,hin_Deva
panel2,A,hin_news_2022_1M,hin,L5,57928,hin_Deva
panel2,A,hin_news_2022_1M,hin,L5,57934,hin_Deva
panel2,A,hin_news_2022_1M,hin,L5,57957,hin_Deva
panel2,A,hin_news_2022_1M,hin,L5,58018,anp_Deva
panel2,A,hin_news_2022_1M,hin,L5,58033,hin_Deva
panel2,A,hin_news_2022_1M,hin,L5,58130,hin_Deva
panel2,A,hin_news_2022_1M,hin,L5,58157,hin_Deva
panel2,A,hin_news_2022_1M,hin,L5,58235,hin_Deva
panel2,A,hin_news_2022_1M,hin,L5,58323,hin_Deva
panel2,A,hin_news_2022_1M,hin,L5,58332,hin_Deva
panel2,A,hin_news_2022_1M,hin,L5,58420,hin_Deva
panel2,A,hin_news_2022_1M,hin,L5,58501,hin_Deva
panel2,A,hin_news_2022_1M,hin,L5,58505,hin_Deva
panel2,A,hin_news_2022_1M,hin,L5,58579,hin_Deva
panel2,A,hin_news_2022_1M,hin,L5,58608,hin_Deva
panel2,A,hin_news_2022_1M,hin,L5,58616,hin_Deva
panel2,A,hin_news_2022_1M,hin,L5,58621,hin_Deva
panel2,A,hin_news_2022_1M,hin,L5,58638,hin_Deva
panel2,A,hin_news_2022_1M,hin,L5,58712,hin_Deva
panel2,A,hin_news_2022_1M,hin,L5,58751,hin_Deva
panel2,A,hin_news_2022_1M,hin,L5,58810,hin_Deva
panel2,A,hin_news_2022_1M,hin,L5,58852,hin_Deva
panel2,A,hin_news_2022_1M,hin,L5,58952,hin_Deva
panel2,A,hin_news_2022_1M,hin,L5,58955,hin_Deva
panel2,A,hin_news_2022_1M,hin,L5,58995,hin_Deva
panel2,A,hin_news_2022_1M,hin,L5,59020,hin_Deva
panel2,A,hin_news_2022_1M,hin,L5,59046,hin_Deva
panel2,A,hin_news_2022_1M,hin,L5,59078,anp_Deva
panel2,A,hin_news_2022_1M,hin,L5,59129,hin_Deva
panel2,A,hin_news_2022_1M,hin,L5,59167,anp_Deva
panel2,A,hin_news_2022_1M,hin,L5,59223,hin_Deva
panel2,A,hin_news_2022_1M,hin,L5,59228,hin_Deva
panel2,A,hin_news_2022_1M,hin,L5,59251,anp_Deva
panel2,A,hin_news_2022_1M,hin,L5,59253,anp_Deva
panel2,A,hin_news_2022_1M,hin,L5,59258,hin_Deva
panel2,A,hin_news_2022_1M,hin,L5,59264,hin_Deva
panel2,A,hin_news_2022_1M,hin,L5,59332,hin_Deva
panel2,A,hin_news_2022_1M,hin,L5,59390,hin_Deva
panel2,A,hin_news_2022_1M,hin,L5,59392,hin_Deva
panel2,A,hin_news_2022_1M,hin,L5,59476,anp_Deva
panel2,A,hin_news_2022_1M,hin,L5,59480,hin_Deva
panel2,A,hin_news_2022_1M,hin,L5,59494,hin_Deva
panel2,A,hin_news_2022_1M,hin,L5,59496,anp_Deva
panel2,A,hin_news_2022_1M,hin,L5,59497,hin_Deva
panel2,A,hin_news_2022_1M,hin,L5,59508,hin_Deva
panel2,A,hin_news_2022_1M,hin,L5,59528,hin_Deva
panel2,A,hin_news_2022_1M,hin,L5,59607,hin_Deva
panel2,A,hin_news_2022_1M,hin,L5,59626,anp_Deva
panel2,A,hin_news_2022_1M,hin,L5,59701,hin_Deva
panel2,A,hin_news_2022_1M,hin,L5,59705,hin_Deva
panel2,A,hin_news_2022_1M,hin,L5,59824,hin_Deva
panel2,A,hin_news_2022_1M,hin,L5,59839,hin_Deva
panel2,A,hin_news_2022_1M,hin,L5,59859,hin_Deva
panel2,A,hin_news_2022_1M,hin,L5,59866,hin_Deva
panel2,A,hin_news_2022_1M,hin,L5,59891,hin_Deva
panel2,A,hin_news_2022_1M,hin,L5,59984,hin_Deva
panel2,A,hin_news_2022_1M,hin,L5,60057,hin_Deva
panel2,A,hin_news_2022_1M,hin,L5,60154,hin_Deva
panel2,A,hin_news_2022_1M,hin,L5,60168,hin_Deva
panel2,A,hin_news_2022_1M,hin,L5,60180,hin_Deva
panel2,A,hin_news_2022_1M,hin,L5,60189,hin_Deva
panel2,A,hin_news_2022_1M,hin,L5,60296,hin_Deva
panel2,A,hin_news_2022_1M,hin,L5,60306,hin_Deva
panel2,A,hin_news_2022_1M,hin,L5,60332,hin_Deva
panel2,A,hin_news_2022_1M,hin,L5,60345,hin_Deva
panel2,A,hin_news_2022_1M,hin,L5,60348,hin_Deva
panel2,A,hin_news_2022_1M,hin,L5,60393,anp_Deva
panel2,A,hin_news_2022_1M,hin,L5,60447,hin_Deva
panel2,A,hin_news_2022_1M,hin,L5,60448,hin_Deva
panel2,A,hin_news_2022_1M,hin,L5,60467,anp_Deva
panel2,A,hin_news_2022_1M,hin,L5,60469,hin_Deva
panel2,A,hin_news_2022_1M,hin,L5,60492,hin_Deva
panel2,A,hin_news_2022_1M,hin,L5,60497,hin_Deva
panel2,A,hin_news_2022_1M,hin,L5,60525,hin_Deva
panel2,A,hin_news_2022_1M,hin,L5,60600,hin_Deva
panel2,A,hin_news_2022_1M,hin,L5,60621,hin_Deva
panel2,A,hin_news_2022_1M,hin,L5,60627,hin_Deva
panel2,A,hin_news_2022_1M,hin,L5,60632,hin_Deva
panel2,A,hin_news_2022_1M,hin,L5,60647,hin_Deva
panel2,A,hin_news_2022_1M,hin,L5,60696,hin_Deva
panel2,A,hin_news_2022_1M,hin,L5,60715,hin_Deva
panel2,A,hin_news_2022_1M,hin,L5,60779,hin_Deva
panel2,A,hin_news_2022_1M,hin,L5,60794,anp_Deva
panel2,A,hin_news_2022_1M,hin,L5,60829,anp_Deva
panel2,A,hin_news_2022_1M,hin,L5,60846,hin_Deva
panel2,A,hin_news_2022_1M,hin,L5,60854,hin_Deva
panel2,A,hin_news_2022_1M,hin,L5,60925,hin_Deva
panel2,A,hin_news_2022_1M,hin,L5,60955,hin_Deva
panel2,A,hin_news_2022_1M,hin,L5,61009,hin_Deva
panel2,A,hin_news_2022_1M,hin,L5,61055,hin_Deva
panel2,A,hin_news_2022_1M,hin,L5,61112,hin_Deva
panel2,A,hin_news_2022_1M,hin,L5,61154,hin_Deva
panel2,A,hin_news_2022_1M,hin,L5,61175,hin_Deva
panel2,A,hin_news_2022_1M,hin,L5,61249,hin_Deva
panel2,A,hin_news_2022_1M,hin,L5,61336,hin_Deva
panel2,A,hin_news_2022_1M,hin,L5,61397,hin_Deva
panel2,A,hin_news_2022_1M,hin,L5,61401,hin_Deva
panel2,A,hin_news_2022_1M,hin,L5,61430,hin_Deva
panel2,A,hin_news_2022_1M,hin,L5,61437,hin_Deva
panel2,A,hin_news_2022_1M,hin,L5,61462,hin_Deva
panel2,A,hin_news_2022_1M,hin,L5,61470,anp_Deva
panel2,A,hin_news_2022_1M,hin,L5,61478,anp_Deva
panel2,A,hin_news_2022_1M,hin,L5,61536,hin_Deva
panel2,A,hin_news_2022_1M,hin,L5,61576,hin_Deva
panel2,A,hin_news_2022_1M,hin,L5,61591,hin_Deva
panel2,A,hin_news_2022_1M,hin,L5,61651,hin_Deva
panel2,A,hin_news_2022_1M,hin,L5,61714,hin_Deva
panel2,A,hin_news_2022_1M,hin,L5,61765,hin_Deva
panel2,A,hin_news_2022_1M,hin,L5,61831,hin_Deva
panel2,A,hin_news_2022_1M,hin,L5,61832,anp_Deva
panel2,A,hin_news_2022_1M,hin,L5,61837,hin_Deva
panel2,A,hin_news_2022_1M,hin,L5,61841,hin_Deva
panel2,A,hin_news_2022_1M,hin,L5,61847,hin_Deva
panel2,A,hin_news_2022_1M,hin,L5,61851,hin_Deva
panel2,A,hin_news_2022_1M,hin,L5,61853,hin_Deva
panel2,A,hin_news_2022_1M,hin,L5,61860,anp_Deva
panel2,A,hin_news_2022_1M,hin,L5,61866,hin_Deva
panel2,A,hin_news_2022_1M,hin,L5,61907,hin_Deva
panel2,A,hin_news_2022_1M,hin,L5,61942,anp_Deva
panel2,A,hin_news_2022_1M,hin,L5,61949,hin_Deva
panel2,A,hin_news_2022_1M,hin,L5,62018,hin_Deva
panel2,A,hin_news_2022_1M,hin,L5,62044,hin_Deva
panel2,A,hin_news_2022_1M,hin,L5,62048,hin_Deva
panel2,A,hin_news_2022_1M,hin,L5,62079,hin_Deva
panel2,A,hin_news_2022_1M,hin,L5,62153,anp_Deva
panel2,A,hin_news_2022_1M,hin,L5,62155,hin_Deva
panel2,A,hin_news_2022_1M,hin,L5,62170,hin_Deva
panel2,A,hin_news_2022_1M,hin,L5,62178,hin_Deva
panel2,A,hin_news_2022_1M,hin,L5,62315,anp_Deva
panel2,A,hin_news_2022_1M,hin,L5,62456,hin_Deva
panel2,A,hin_news_2022_1M,hin,L5,62475,hin_Deva
panel2,A,hin_news_2022_1M,hin,L5,62492,hin_Deva
panel2,A,hin_news_2022_1M,hin,L5,62502,hin_Deva
panel2,A,hin_news_2022_1M,hin,L5,62523,hin_Deva
panel2,A,hin_news_2022_1M,hin,L5,62535,hin_Deva
panel2,A,hin_news_2022_1M,hin,L5,62571,hin_Deva
panel2,A,hin_news_2022_1M,hin,L5,62616,hin_Deva
panel2,A,hin_news_2022_1M,hin,L5,62632,hin_Deva
panel2,A,hin_news_2022_1M,hin,L5,62650,hin_Deva
panel2,A,hin_news_2022_1M,hin,L5,62682,hin_Deva
panel2,A,hin_news_2022_1M,hin,L5,62715,hin_Deva
panel2,A,hin_news_2022_1M,hin,L5,62795,anp_Deva
panel2,A,hin_news_2022_1M,hin,L5,62808,hin_Deva
panel2,A,hin_news_2022_1M,hin,L5,62878,hin_Deva
panel2,A,hin_news_2022_1M,hin,L5,62892,hin_Deva
panel2,A,hin_news_2022_1M,hin,L5,62931,hin_Deva
panel2,A,hin_news_2022_1M,hin,L5,62934,hin_Deva
panel2,A,hin_news_2022_1M,hin,L5,62958,hin_Deva
panel2,A,hin_news_2022_1M,hin,L5,62987,anp_Deva
panel2,A,hin_news_2022_1M,hin,L5,62989,hin_Deva
panel2,A,hin_news_2022_1M,hin,L5,63013,hin_Deva
panel2,A,hin_news_2022_1M,hin,L5,63104,hin_Deva
panel2,A,hin_news_2022_1M,hin,L5,63109,hin_Deva
panel2,A,hin_news_2022_1M,hin,L5,63117,hin_Deva
panel2,A,hin_news_2022_1M,hin,L5,63123,hin_Deva
panel2,A,hin_news_2022_1M,hin,L5,63197,hin_Deva
panel2,A,hin_news_2022_1M,hin,L5,63246,hin_Deva
panel2,A,hin_news_2022_1M,hin,L5,63261,hin_Deva
panel2,A,hin_news_2022_1M,hin,L5,63336,hin_Deva
panel2,A,hin_news_2022_1M,hin,L5,63340,anp_Deva
panel2,A,hin_news_2022_1M,hin,L5,63364,hin_Deva
panel2,A,hin_news_2022_1M,hin,L5,63369,hin_Deva
panel2,A,hin_news_2022_1M,hin,L5,63394,hin_Deva
panel2,A,hin_news_2022_1M,hin,L5,63494,hin_Deva
panel2,A,hin_news_2022_1M,hin,L5,63539,anp_Deva
panel2,A,hin_news_2022_1M,hin,L5,63571,hin_Deva
panel2,A,hin_news_2022_1M,hin,L5,63611,hin_Deva
panel2,A,hin_news_2022_1M,hin,L5,63705,anp_Deva
panel2,A,hin_news_2022_1M,hin,L5,63738,hin_Deva
panel2,A,hin_news_2022_1M,hin,L5,63775,hin_Deva
panel2,A,hin_news_2022_1M,hin,L5,63796,hin_Deva
panel2,A,hin_news_2022_1M,hin,L5,63828,hin_Deva
panel2,A,hin_news_2022_1M,hin,L5,63848,hin_Deva
panel2,A,hin_news_2022_1M,hin,L5,63874,hin_Deva
panel2,A,hin_news_2022_1M,hin,L5,63878,hin_Deva
panel2,A,hin_news_2022_1M,hin,L5,63884,hin_Deva
panel2,A,hin_news_2022_1M,hin,L5,63891,hin_Deva
panel2,A,hin_news_2022_1M,hin,L5,63896,hin_Deva
panel2,A,hin_news_2022_1M,hin,L5,63910,hin_Deva
panel2,A,hin_news_2022_1M,hin,L5,63944,hin_Deva
panel2,A,hin_news_2022_1M,hin,L5,63965,hin_Deva
panel2,A,hin_news_2022_1M,hin,L5,63974,hin_Deva
panel2,A,hin_news_2022_1M,hin,L5,64046,hin_Deva
panel2,A,hin_news_2022_1M,hin,L5,64130,hin_Deva
panel2,A,hin_news_2022_1M,hin,L5,64164,hin_Deva
panel2,A,hin_news_2022_1M,hin,L5,64169,anp_Deva
panel2,A,hin_news_2022_1M,hin,L5,64175,anp_Deva
panel2,A,hin_news_2022_1M,hin,L5,64192,hin_Deva
panel2,A,hin_news_2022_1M,hin,L5,64233,hin_Deva
panel2,A,hin_news_2022_1M,hin,L5,64243,anp_Deva
panel2,A,hin_news_2022_1M,hin,L5,64275,hin_Deva
panel2,A,hin_news_2022_1M,hin,L20,1,hin_Deva
panel2,A,hin_news_2022_1M,hin,L20,11,hin_Deva
panel2,A,hin_news_2022_1M,hin,L20,16,hin_Deva
panel2,A,hin_news_2022_1M,hin,L20,22,hin_Deva
panel2,A,hin_news_2022_1M,hin,L20,28,hin_Deva
panel2,A,hin_news_2022_1M,hin,L20,32,hin_Deva
panel2,A,hin_news_2022_1M,hin,L20,35,hin_Deva
panel2,A,hin_news_2022_1M,hin,L20,50,hin_Deva
panel2,A,hin_news_2022_1M,hin,L20,58,hin_Deva
panel2,A,hin_news_2022_1M,hin,L20,76,hin_Deva
panel2,A,hin_news_2022_1M,hin,L20,77,hin_Deva
panel2,A,hin_news_2022_1M,hin,L20,95,anp_Deva
panel2,A,hin_news_2022_1M,hin,L20,99,hin_Deva
panel2,A,hin_news_2022_1M,hin,L20,101,hin_Deva
panel2,A,hin_news_2022_1M,hin,L20,102,hin_Deva
panel2,A,hin_news_2022_1M,hin,L20,113,hin_Deva
panel2,A,hin_news_2022_1M,hin,L20,114,hin_Deva
panel2,A,hin_news_2022_1M,hin,L20,131,hin_Deva
panel2,A,hin_news_2022_1M,hin,L20,136,hin_Deva
panel2,A,hin_news_2022_1M,hin,L20,138,hin_Deva
panel2,A,hin_news_2022_1M,hin,L20,141,anp_Deva
panel2,A,hin_news_2022_1M,hin,L20,144,hin_Deva
panel2,A,hin_news_2022_1M,hin,L20,146,hin_Deva
panel2,A,hin_news_2022_1M,hin,L20,155,hin_Deva
panel2,A,hin_news_2022_1M,hin,L20,158,hin_Deva
panel2,A,hin_news_2022_1M,hin,L20,169,hin_Deva
panel2,A,hin_news_2022_1M,hin,L20,174,anp_Deva
panel2,A,hin_news_2022_1M,hin,L20,179,hin_Deva
panel2,A,hin_news_2022_1M,hin,L20,185,hin_Deva
panel2,A,hin_news_2022_1M,hin,L20,197,hin_Deva
panel2,A,hin_news_2022_1M,hin,L20,205,hin_Deva
panel2,A,hin_news_2022_1M,hin,L20,206,hin_Deva
panel2,A,hin_news_2022_1M,hin,L20,211,hin_Deva
panel2,A,hin_news_2022_1M,hin,L20,223,hin_Deva
panel2,A,hin_news_2022_1M,hin,L20,227,hin_Deva
panel2,A,hin_news_2022_1M,hin,L20,230,hin_Deva
panel2,A,hin_news_2022_1M,hin,L20,237,hin_Deva
panel2,A,hin_news_2022_1M,hin,L20,253,hin_Deva
panel2,A,hin_news_2022_1M,hin,L20,260,hin_Deva
panel2,A,hin_news_2022_1M,hin,L20,262,hin_Deva
panel2,A,hin_news_2022_1M,hin,L20,263,hin_Deva
panel2,A,hin_news_2022_1M,hin,L20,271,hin_Deva
panel2,A,hin_news_2022_1M,hin,L20,272,hin_Deva
panel2,A,hin_news_2022_1M,hin,L20,278,hin_Deva
panel2,A,hin_news_2022_1M,hin,L20,283,hin_Deva
panel2,A,hin_news_2022_1M,hin,L20,284,hin_Deva
panel2,A,hin_news_2022_1M,hin,L20,292,hin_Deva
panel2,A,hin_news_2022_1M,hin,L20,299,hin_Deva
panel2,A,hin_news_2022_1M,hin,L20,302,hin_Deva
panel2,A,hin_news_2022_1M,hin,L20,307,hin_Deva
panel2,A,hin_news_2022_1M,hin,L20,313,hin_Deva
panel2,A,hin_news_2022_1M,hin,L20,320,hin_Deva
panel2,A,hin_news_2022_1M,hin,L20,321,hin_Deva
panel2,A,hin_news_2022_1M,hin,L20,322,hin_Deva
panel2,A,hin_news_2022_1M,hin,L20,332,hin_Deva
panel2,A,hin_news_2022_1M,hin,L20,349,hin_Deva
panel2,A,hin_news_2022_1M,hin,L20,352,hin_Deva
panel2,A,hin_news_2022_1M,hin,L20,358,hin_Deva
panel2,A,hin_news_2022_1M,hin,L20,364,hin_Deva
panel2,A,hin_news_2022_1M,hin,L20,370,hin_Deva
panel2,A,hin_news_2022_1M,hin,L20,372,hin_Deva
panel2,A,hin_news_2022_1M,hin,L20,381,anp_Deva
panel2,A,hin_news_2022_1M,hin,L20,384,hin_Deva
panel2,A,hin_news_2022_1M,hin,L20,386,hin_Deva
panel2,A,hin_news_2022_1M,hin,L20,400,hin_Deva
panel2,A,hin_news_2022_1M,hin,L20,429,hin_Deva
panel2,A,hin_news_2022_1M,hin,L20,432,hin_Deva
panel2,A,hin_news_2022_1M,hin,L20,440,hin_Deva
panel2,A,hin_news_2022_1M,hin,L20,441,anp_Deva
panel2,A,hin_news_2022_1M,hin,L20,447,hin_Deva
panel2,A,hin_news_2022_1M,hin,L20,452,hin_Deva
panel2,A,hin_news_2022_1M,hin,L20,455,hin_Deva
panel2,A,hin_news_2022_1M,hin,L20,463,hin_Deva
panel2,A,hin_news_2022_1M,hin,L20,471,hin_Deva
panel2,A,hin_news_2022_1M,hin,L20,478,hin_Deva
panel2,A,hin_news_2022_1M,hin,L20,479,hin_Deva
panel2,A,hin_news_2022_1M,hin,L20,481,hin_Deva
panel2,A,hin_news_2022_1M,hin,L20,486,hin_Deva
panel2,A,hin_news_2022_1M,hin,L20,490,hin_Deva
panel2,A,hin_news_2022_1M,hin,L20,493,hin_Deva
panel2,A,hin_news_2022_1M,hin,L20,504,hin_Deva
panel2,A,hin_news_2022_1M,hin,L20,523,hin_Deva
panel2,A,hin_news_2022_1M,hin,L20,525,hin_Deva
panel2,A,hin_news_2022_1M,hin,L20,527,hin_Deva
panel2,A,hin_news_2022_1M,hin,L20,534,hin_Deva
panel2,A,hin_news_2022_1M,hin,L20,538,hin_Deva
panel2,A,hin_news_2022_1M,hin,L20,540,anp_Deva
panel2,A,hin_news_2022_1M,hin,L20,550,hin_Deva
panel2,A,hin_news_2022_1M,hin,L20,551,hin_Deva
panel2,A,hin_news_2022_1M,hin,L20,552,anp_Deva
panel2,A,hin_news_2022_1M,hin,L20,561,hin_Deva
panel2,A,hin_news_2022_1M,hin,L20,571,hin_Deva
panel2,A,hin_news_2022_1M,hin,L20,574,hin_Deva
panel2,A,hin_news_2022_1M,hin,L20,576,hin_Deva
panel2,A,hin_news_2022_1M,hin,L20,580,hin_Deva
panel2,A,hin_news_2022_1M,hin,L20,584,anp_Deva
panel2,A,hin_news_2022_1M,hin,L20,587,hin_Deva
panel2,A,hin_news_2022_1M,hin,L20,590,hin_Deva
panel2,A,hin_news_2022_1M,hin,L20,592,hin_Deva
panel2,A,hin_news_2022_1M,hin,L20,607,anp_Deva
panel2,A,hin_news_2022_1M,hin,L20,618,hin_Deva
panel2,A,hin_news_2022_1M,hin,L20,619,hin_Deva
panel2,A,hin_news_2022_1M,hin,L20,621,hin_Deva
panel2,A,hin_news_2022_1M,hin,L20,631,hin_Deva
panel2,A,hin_news_2022_1M,hin,L20,643,hin_Deva
panel2,A,hin_news_2022_1M,hin,L20,644,hin_Deva
panel2,A,hin_news_2022_1M,hin,L20,650,hin_Deva
panel2,A,hin_news_2022_1M,hin,L20,657,anp_Deva
panel2,A,hin_news_2022_1M,hin,L20,658,hin_Deva
panel2,A,hin_news_2022_1M,hin,L20,666,hin_Deva
panel2,A,hin_news_2022_1M,hin,L20,667,hin_Deva
panel2,A,hin_news_2022_1M,hin,L20,670,hin_Deva
panel2,A,hin_news_2022_1M,hin,L20,685,anp_Deva
panel2,A,hin_news_2022_1M,hin,L20,691,hin_Deva
panel2,A,hin_news_2022_1M,hin,L20,692,hin_Deva
panel2,A,hin_news_2022_1M,hin,L20,696,hin_Deva
panel2,A,hin_news_2022_1M,hin,L20,701,hin_Deva
panel2,A,hin_news_2022_1M,hin,L20,717,anp_Deva
panel2,A,hin_news_2022_1M,hin,L20,721,hin_Deva
panel2,A,hin_news_2022_1M,hin,L20,725,hin_Deva
panel2,A,hin_news_2022_1M,hin,L20,730,hin_Deva
panel2,A,hin_news_2022_1M,hin,L20,731,hin_Deva
panel2,A,hin_news_2022_1M,hin,L20,741,hin_Deva
panel2,A,hin_news_2022_1M,hin,L20,746,hin_Deva
panel2,A,hin_news_2022_1M,hin,L20,751,hin_Deva
panel2,A,hin_news_2022_1M,hin,L20,752,hin_Deva
panel2,A,hin_news_2022_1M,hin,L20,755,hin_Deva
panel2,A,hin_news_2022_1M,hin,L20,774,hin_Deva
panel2,A,hin_news_2022_1M,hin,L20,778,hin_Deva
panel2,A,hin_news_2022_1M,hin,L20,779,hin_Deva
panel2,A,hin_news_2022_1M,hin,L20,783,hin_Deva
panel2,A,hin_news_2022_1M,hin,L20,792,hin_Deva
panel2,A,hin_news_2022_1M,hin,L20,795,hin_Deva
panel2,A,hin_news_2022_1M,hin,L20,796,anp_Deva
panel2,A,hin_news_2022_1M,hin,L20,799,hin_Deva
panel2,A,hin_news_2022_1M,hin,L20,817,hin_Deva
panel2,A,hin_news_2022_1M,hin,L20,818,hin_Deva
panel2,A,hin_news_2022_1M,hin,L20,820,hin_Deva
panel2,A,hin_news_2022_1M,hin,L20,821,anp_Deva
panel2,A,hin_news_2022_1M,hin,L20,829,hin_Deva
panel2,A,hin_news_2022_1M,hin,L20,844,hin_Deva
panel2,A,hin_news_2022_1M,hin,L20,848,hin_Deva
panel2,A,hin_news_2022_1M,hin,L20,851,hin_Deva
panel2,A,hin_news_2022_1M,hin,L20,853,hin_Deva
panel2,A,hin_news_2022_1M,hin,L20,865,hin_Deva
panel2,A,hin_news_2022_1M,hin,L20,870,hin_Deva
panel2,A,hin_news_2022_1M,hin,L20,872,hin_Deva
panel2,A,hin_news_2022_1M,hin,L20,888,hin_Deva
panel2,A,hin_news_2022_1M,hin,L20,915,hin_Deva
panel2,A,hin_news_2022_1M,hin,L20,939,hin_Deva
panel2,A,hin_news_2022_1M,hin,L20,944,hin_Deva
panel2,A,hin_news_2022_1M,hin,L20,965,hin_Deva
panel2,A,hin_news_2022_1M,hin,L20,969,hin_Deva
panel2,A,hin_news_2022_1M,hin,L20,976,hin_Deva
panel2,A,hin_news_2022_1M,hin,L20,981,hin_Deva
panel2,A,hin_news_2022_1M,hin,L20,987,hin_Deva
panel2,A,hin_news_2022_1M,hin,L20,1002,anp_Deva
panel2,A,hin_news_2022_1M,hin,L20,1010,hin_Deva
panel2,A,hin_news_2022_1M,hin,L20,1015,hin_Deva
panel2,A,hin_news_2022_1M,hin,L20,1016,hin_Deva
panel2,A,hin_news_2022_1M,hin,L20,1027,hin_Deva
panel2,A,hin_news_2022_1M,hin,L20,1035,hin_Deva
panel2,A,hin_news_2022_1M,hin,L20,1036,anp_Deva
panel2,A,hin_news_2022_1M,hin,L20,1041,hin_Deva
panel2,A,hin_news_2022_1M,hin,L20,1046,hin_Deva
panel2,A,hin_news_2022_1M,hin,L20,1048,hin_Deva
panel2,A,hin_news_2022_1M,hin,L20,1050,hin_Deva
panel2,A,hin_news_2022_1M,hin,L20,1052,hin_Deva
panel2,A,hin_news_2022_1M,hin,L20,1055,hin_Deva
panel2,A,hin_news_2022_1M,hin,L20,1068,hin_Deva
panel2,A,hin_news_2022_1M,hin,L20,1090,anp_Deva
panel2,A,hin_news_2022_1M,hin,L20,1097,hin_Deva
panel2,A,hin_news_2022_1M,hin,L20,1099,hin_Deva
panel2,A,hin_news_2022_1M,hin,L20,1100,hin_Deva
panel2,A,hin_news_2022_1M,hin,L20,1103,hin_Deva
panel2,A,hin_news_2022_1M,hin,L20,1106,hin_Deva
panel2,A,hin_news_2022_1M,hin,L20,1107,hin_Deva
panel2,A,hin_news_2022_1M,hin,L20,1115,hin_Deva
panel2,A,hin_news_2022_1M,hin,L20,1125,hin_Deva
panel2,A,hin_news_2022_1M,hin,L20,1132,hin_Deva
panel2,A,hin_news_2022_1M,hin,L20,1135,anp_Deva
panel2,A,hin_news_2022_1M,hin,L20,1140,hin_Deva
panel2,A,hin_news_2022_1M,hin,L20,1152,hin_Deva
panel2,A,hin_news_2022_1M,hin,L20,1153,hin_Deva
panel2,A,hin_news_2022_1M,hin,L20,1154,anp_Deva
panel2,A,hin_news_2022_1M,hin,L20,1157,hin_Deva
panel2,A,hin_news_2022_1M,hin,L20,1158,hin_Deva
panel2,A,hin_news_2022_1M,hin,L20,1159,hin_Deva
panel2,A,hin_news_2022_1M,hin,L20,1162,hin_Deva
panel2,A,hin_news_2022_1M,hin,L20,1164,hin_Deva
panel2,A,hin_news_2022_1M,hin,L20,1169,hin_Deva
panel2,A,hin_news_2022_1M,hin,L20,1171,hin_Deva
panel2,A,hin_news_2022_1M,hin,L20,1182,hin_Deva
panel2,A,hin_news_2022_1M,hin,L20,1191,hin_Deva
panel2,A,hin_news_2022_1M,hin,L20,1204,hin_Deva
panel2,A,hin_news_2022_1M,hin,L20,1206,hin_Deva
panel2,A,hin_news_2022_1M,hin,L20,1212,hin_Deva
panel2,A,hin_news_2022_1M,hin,L20,1217,hin_Deva
panel2,A,hin_news_2022_1M,hin,L20,1229,hin_Deva
panel2,A,hin_news_2022_1M,hin,L20,1237,hin_Deva
panel2,A,hin_news_2022_1M,hin,L20,1242,hin_Deva
panel2,A,hin_news_2022_1M,hin,L20,1244,hin_Deva
panel2,A,hin_news_2022_1M,hin,L20,1246,hin_Deva
panel2,A,hin_news_2022_1M,hin,L20,1249,hin_Deva
panel2,A,hin_news_2022_1M,hin,L20,1251,hin_Deva
panel2,A,hin_news_2022_1M,hin,L20,1253,hin_Deva
panel2,A,hin_news_2022_1M,hin,L20,1256,hin_Deva
panel2,A,hin_news_2022_1M,hin,L20,1264,hin_Deva
panel2,A,hin_news_2022_1M,hin,L20,1267,hin_Deva
panel2,A,hin_news_2022_1M,hin,L20,1270,hin_Deva
panel2,A,hin_news_2022_1M,hin,L20,1271,hin_Deva
panel2,A,hin_news_2022_1M,hin,L20,1276,hin_Deva
panel2,A,hin_news_2022_1M,hin,L20,1280,hin_Deva
panel2,A,hin_news_2022_1M,hin,L20,1282,hin_Deva
panel2,A,hin_news_2022_1M,hin,L20,1292,hin_Deva
panel2,A,hin_news_2022_1M,hin,L20,1299,anp_Deva
panel2,A,hin_news_2022_1M,hin,L20,1300,hin_Deva
panel2,A,hin_news_2022_1M,hin,L20,1313,hin_Deva
panel2,A,hin_news_2022_1M,hin,L20,1323,hin_Deva
panel2,A,hin_news_2022_1M,hin,L20,1332,hin_Deva
panel2,A,hin_news_2022_1M,hin,L20,1341,hin_Deva
panel2,A,hin_news_2022_1M,hin,L20,1346,hin_Deva
panel2,A,hin_news_2022_1M,hin,L20,1349,hin_Deva
panel2,A,hin_news_2022_1M,hin,L20,1352,hin_Deva
panel2,A,hin_news_2022_1M,hin,L20,1357,anp_Deva
panel2,A,hin_news_2022_1M,hin,L20,1358,hin_Deva
panel2,A,hin_news_2022_1M,hin,L20,1359,hin_Deva
panel2,A,hin_news_2022_1M,hin,L20,1361,hin_Deva
panel2,A,hin_news_2022_1M,hin,L20,1368,hin_Deva
panel2,A,hin_news_2022_1M,hin,L20,1381,hin_Deva
panel2,A,hin_news_2022_1M,hin,L20,1392,hin_Deva
panel2,A,hin_news_2022_1M,hin,L20,1394,hin_Deva
panel2,A,hin_news_2022_1M,hin,L20,1404,anp_Deva
panel2,A,hin_news_2022_1M,hin,L20,1406,hin_Deva
panel2,A,hin_news_2022_1M,hin,L20,1412,hin_Deva
panel2,A,hin_news_2022_1M,hin,L20,1413,hin_Deva
panel2,A,hin_news_2022_1M,hin,L20,1414,hin_Deva
panel2,A,hin_news_2022_1M,hin,L20,1416,hin_Deva
panel2,A,hin_news_2022_1M,hin,L20,1418,hin_Deva
panel2,A,hin_news_2022_1M,hin,L20,1419,hin_Deva
panel2,A,hin_news_2022_1M,hin,L20,1425,hin_Deva
panel2,A,hin_news_2022_1M,hin,L20,1429,hin_Deva
panel2,A,hin_news_2022_1M,hin,L20,1434,hin_Deva
panel2,A,hin_news_2022_1M,hin,L20,1442,hin_Deva
panel2,A,hin_news_2022_1M,hin,L20,1446,hin_Deva
panel2,A,hin_news_2022_1M,hin,L20,1450,hin_Deva
panel2,A,hin_news_2022_1M,hin,L20,1452,hin_Deva
panel2,A,hin_news_2022_1M,hin,L20,1458,hin_Deva
panel2,A,hin_news_2022_1M,hin,L20,1464,hin_Deva
panel2,A,hin_news_2022_1M,hin,L20,1465,hin_Deva
panel2,A,hin_news_2022_1M,hin,L20,1471,hin_Deva
panel2,A,hin_news_2022_1M,hin,L20,1472,hin_Deva
panel2,A,hin_news_2022_1M,hin,L20,1474,hin_Deva
panel2,A,hin_news_2022_1M,hin,L20,1480,hin_Deva
panel2,A,hin_news_2022_1M,hin,L20,1482,hin_Deva
panel2,A,hin_news_2022_1M,hin,L20,1483,hin_Deva
panel2,A,hin_news_2022_1M,hin,L20,1485,hin_Deva
panel2,A,hin_news_2022_1M,hin,L20,1488,hin_Deva
panel2,A,hin_news_2022_1M,hin,L20,1495,hin_Deva
panel2,A,hin_news_2022_1M,hin,L20,1508,hin_Deva
panel2,A,hin_news_2022_1M,hin,L20,1509,hin_Deva
panel2,A,hin_news_2022_1M,hin,L20,1510,hin_Deva
panel2,A,hin_news_2022_1M,hin,L20,1515,hin_Deva
panel2,A,hin_news_2022_1M,hin,L20,1521,hin_Deva
panel2,A,hin_news_2022_1M,hin,L20,1544,anp_Deva
panel2,A,hin_news_2022_1M,hin,L20,1545,hin_Deva
panel2,A,hin_news_2022_1M,hin,L20,1579,hin_Deva
panel2,A,hin_news_2022_1M,hin,L20,1581,hin_Deva
panel2,A,hin_news_2022_1M,hin,L20,1594,hin_Deva
panel2,A,hin_news_2022_1M,hin,L20,1598,hin_Deva
panel2,A,hin_news_2022_1M,hin,L20,1599,hin_Deva
panel2,A,hin_news_2022_1M,hin,L20,1606,hin_Deva
panel2,A,hin_news_2022_1M,hin,L20,1607,hin_Deva
panel2,A,hin_news_2022_1M,hin,L20,1617,hin_Deva
panel2,A,hin_news_2022_1M,hin,L20,1620,hin_Deva
panel2,A,hin_news_2022_1M,hin,L20,1633,anp_Deva
panel2,A,hin_news_2022_1M,hin,L20,1634,hin_Deva
panel2,A,hin_news_2022_1M,hin,L20,1638,hin_Deva
panel2,A,hin_news_2022_1M,hin,L20,1640,hin_Deva
panel2,A,hin_news_2022_1M,hin,L20,1653,hin_Deva
panel2,A,hin_news_2022_1M,hin,L20,1676,hin_Deva
panel2,A,hin_news_2022_1M,hin,L20,1682,hin_Deva
panel2,A,hin_news_2022_1M,hin,L20,1686,hin_Deva
panel2,A,hin_news_2022_1M,hin,L20,1695,anp_Deva
panel2,A,hin_news_2022_1M,hin,L20,1696,hin_Deva
panel2,A,hin_news_2022_1M,hin,L20,1698,hin_Deva
panel2,A,hin_news_2022_1M,hin,L20,1701,hin_Deva
panel2,A,hin_news_2022_1M,hin,L20,1707,hin_Deva
panel2,A,hin_news_2022_1M,hin,L20,1712,hin_Deva
panel2,A,hin_news_2022_1M,hin,L20,1715,hin_Deva
panel2,A,hin_news_2022_1M,hin,L20,1716,hin_Deva
panel2,A,hin_news_2022_1M,hin,L20,1725,hin_Deva
panel2,A,hin_news_2022_1M,hin,L20,1732,hin_Deva
panel2,A,hin_news_2022_1M,hin,L20,1733,hin_Deva
panel2,A,hin_news_2022_1M,hin,L20,1734,anp_Deva
panel2,A,hin_news_2022_1M,hin,L20,1739,hin_Deva
panel2,A,hin_news_2022_1M,hin,L20,1744,hin_Deva
panel2,A,hin_news_2022_1M,hin,L20,1748,hin_Deva
panel2,A,hin_news_2022_1M,hin,L20,1750,hin_Deva
panel2,A,hin_news_2022_1M,hin,L20,1751,hin_Deva
panel2,A,hin_news_2022_1M,hin,L20,1755,hin_Deva
panel2,A,hin_news_2022_1M,hin,L20,1756,hin_Deva
panel2,A,hin_news_2022_1M,hin,L20,1762,hin_Deva
panel2,A,hin_news_2022_1M,hin,L20,1776,hin_Deva
panel2,A,hin_news_2022_1M,hin,L20,1779,hin_Deva
panel2,A,hin_news_2022_1M,hin,L20,1784,hin_Deva
panel2,A,hin_news_2022_1M,hin,L20,1787,hin_Deva
panel2,A,hin_news_2022_1M,hin,L20,1795,hin_Deva
panel2,A,hin_news_2022_1M,hin,L20,1798,hin_Deva
panel2,A,hin_news_2022_1M,hin,L20,1805,hin_Deva
panel2,A,hin_news_2022_1M,hin,L20,1815,hin_Deva
panel2,A,hin_news_2022_1M,hin,L20,1819,hin_Deva
panel2,A,hin_news_2022_1M,hin,L20,1832,hin_Deva
panel2,A,hin_news_2022_1M,hin,L20,1834,hin_Deva
panel2,A,hin_news_2022_1M,hin,L20,1836,hin_Deva
panel2,A,hin_news_2022_1M,hin,L20,1841,hin_Deva
panel2,A,hin_news_2022_1M,hin,L20,1863,hin_Deva
panel2,A,hin_news_2022_1M,hin,L20,1867,hin_Deva
panel2,A,hin_news_2022_1M,hin,L20,1888,hin_Deva
panel2,A,hin_news_2022_1M,hin,L20,1889,hin_Deva
panel2,A,hin_news_2022_1M,hin,L20,1893,hin_Deva
panel2,A,hin_news_2022_1M,hin,L20,1923,hin_Deva
panel2,A,hin_news_2022_1M,hin,L20,1927,hin_Deva
panel2,A,hin_news_2022_1M,hin,L20,1933,hin_Deva
panel2,A,hin_news_2022_1M,hin,L20,1945,hin_Deva
panel2,A,hin_news_2022_1M,hin,L20,1946,hin_Deva
panel2,A,hin_news_2022_1M,hin,L20,1950,hin_Deva
panel2,A,hin_news_2022_1M,hin,L20,1957,hin_Deva
panel2,A,hin_news_2022_1M,hin,L20,1964,hin_Deva
panel2,A,hin_news_2022_1M,hin,L20,1985,hin_Deva
panel2,A,hin_news_2022_1M,hin,L20,1996,hin_Deva
panel2,A,hin_news_2022_1M,hin,L20,2008,hin_Deva
panel2,A,hin_news_2022_1M,hin,L20,2010,hin_Deva
panel2,A,hin_news_2022_1M,hin,L20,2021,anp_Deva
panel2,A,hin_news_2022_1M,hin,L20,2025,hin_Deva
panel2,A,hin_news_2022_1M,hin,L20,2027,hin_Deva
panel2,A,hin_news_2022_1M,hin,L20,2038,anp_Deva
panel2,A,hin_news_2022_1M,hin,L20,2039,hin_Deva
panel2,A,hin_news_2022_1M,hin,L20,2047,hin_Deva
panel2,A,hin_news_2022_1M,hin,L20,2050,hin_Deva
panel2,A,hin_news_2022_1M,hin,L20,2057,hin_Deva
panel2,A,hin_news_2022_1M,hin,L20,2058,hin_Deva
panel2,A,hin_news_2022_1M,hin,L20,2060,hin_Deva
panel2,A,hin_news_2022_1M,hin,L20,2068,hin_Deva
panel2,A,hin_news_2022_1M,hin,L20,2072,hin_Deva
panel2,A,hin_news_2022_1M,hin,L20,2082,hin_Deva
panel2,A,hin_news_2022_1M,hin,L20,2094,hin_Deva
panel2,A,hin_news_2022_1M,hin,L20,2095,hin_Deva
panel2,A,hin_news_2022_1M,hin,L20,2096,hin_Deva
panel2,A,hin_news_2022_1M,hin,L20,2101,hin_Deva
panel2,A,hin_news_2022_1M,hin,L20,2103,hin_Deva
panel2,A,hin_news_2022_1M,hin,L20,2104,hin_Deva
panel2,A,hin_news_2022_1M,hin,L20,2105,anp_Deva
panel2,A,hin_news_2022_1M,hin,L20,2109,hin_Deva
panel2,A,hin_news_2022_1M,hin,L20,2112,hin_Deva
panel2,A,hin_news_2022_1M,hin,L20,2113,hin_Deva
panel2,A,hin_news_2022_1M,hin,L20,2117,hin_Deva
panel2,A,hin_news_2022_1M,hin,L20,2122,hin_Deva
panel2,A,hin_news_2022_1M,hin,L20,2123,hin_Deva
panel2,A,hin_news_2022_1M,hin,L20,2125,hin_Deva
panel2,A,hin_news_2022_1M,hin,L20,2127,hin_Deva
panel2,A,hin_news_2022_1M,hin,L20,2129,hin_Deva
panel2,A,hin_news_2022_1M,hin,L20,2130,hin_Deva
panel2,A,hin_news_2022_1M,hin,L20,2131,hin_Deva
panel2,A,hin_news_2022_1M,hin,L20,2139,hin_Deva
panel2,A,hin_news_2022_1M,hin,L20,2140,hin_Deva
panel2,A,hin_news_2022_1M,hin,L20,2142,hin_Deva
panel2,A,hin_news_2022_1M,hin,L20,2145,hin_Deva
panel2,A,hin_news_2022_1M,hin,L20,2159,hin_Deva
panel2,A,hin_news_2022_1M,hin,L20,2171,hin_Deva
panel2,A,hin_news_2022_1M,hin,L20,2182,hin_Deva
panel2,A,hin_news_2022_1M,hin,L20,2186,anp_Deva
panel2,A,hin_news_2022_1M,hin,L20,2187,hin_Deva
panel2,A,hin_news_2022_1M,hin,L20,2195,hin_Deva
panel2,A,hin_news_2022_1M,hin,L20,2196,hin_Deva
panel2,A,hin_news_2022_1M,hin,L20,2200,hin_Deva
panel2,A,hin_news_2022_1M,hin,L20,2209,hin_Deva
panel2,A,hin_news_2022_1M,hin,L20,2212,hin_Deva
panel2,A,hin_news_2022_1M,hin,L20,2225,hin_Deva
panel2,A,hin_news_2022_1M,hin,L20,2237,hin_Deva
panel2,A,hin_news_2022_1M,hin,L20,2238,hin_Deva
panel2,A,hin_news_2022_1M,hin,L20,2242,hin_Deva
panel2,A,hin_news_2022_1M,hin,L20,2243,hin_Deva
panel2,A,hin_news_2022_1M,hin,L20,2245,anp_Deva
panel2,A,hin_news_2022_1M,hin,L20,2246,hin_Deva
panel2,A,hin_news_2022_1M,hin,L20,2255,hin_Deva
panel2,A,hin_news_2022_1M,hin,L20,2258,hin_Deva
panel2,A,hin_news_2022_1M,hin,L20,2259,hin_Deva
panel2,A,hin_news_2022_1M,hin,L20,2263,hin_Deva
panel2,A,hin_news_2022_1M,hin,L20,2270,hin_Deva
panel2,A,hin_news_2022_1M,hin,L20,2271,anp_Deva
panel2,A,hin_news_2022_1M,hin,L20,2286,hin_Deva
panel2,A,hin_news_2022_1M,hin,L20,2292,anp_Deva
panel2,A,hin_news_2022_1M,hin,L20,2296,hin_Deva
panel2,A,hin_news_2022_1M,hin,L20,2298,anp_Deva
panel2,A,hin_news_2022_1M,hin,L20,2305,hin_Deva
panel2,A,hin_news_2022_1M,hin,L20,2313,hin_Deva
panel2,A,hin_news_2022_1M,hin,L20,2314,hin_Deva
panel2,A,hin_news_2022_1M,hin,L20,2326,anp_Deva
panel2,A,hin_news_2022_1M,hin,L20,2342,hin_Deva
panel2,A,hin_news_2022_1M,hin,L20,2349,hin_Deva
panel2,A,hin_news_2022_1M,hin,L20,2357,hin_Deva
panel2,A,hin_news_2022_1M,hin,L20,2372,hin_Deva
panel2,A,hin_news_2022_1M,hin,L20,2380,hin_Deva
panel2,A,hin_news_2022_1M,hin,L20,2386,hin_Deva
panel2,A,hin_news_2022_1M,hin,L20,2393,hin_Deva
panel2,A,hin_news_2022_1M,hin,L20,2401,hin_Deva
panel2,A,hin_news_2022_1M,hin,L20,2406,hin_Deva
panel2,A,hin_news_2022_1M,hin,L20,2411,anp_Deva
panel2,A,hin_news_2022_1M,hin,L20,2417,anp_Deva
panel2,A,hin_news_2022_1M,hin,L20,2422,hin_Deva
panel2,A,hin_news_2022_1M,hin,L20,2424,hin_Deva
panel2,A,hin_news_2022_1M,hin,L20,2430,hin_Deva
panel2,A,hin_news_2022_1M,hin,L20,2433,hin_Deva
panel2,A,hin_news_2022_1M,hin,L20,2437,hin_Deva
panel2,A,hin_news_2022_1M,hin,L20,2444,hin_Deva
panel2,A,hin_news_2022_1M,hin,L20,2446,anp_Deva
panel2,A,hin_news_2022_1M,hin,L20,2448,hin_Deva
panel2,A,hin_news_2022_1M,hin,L20,2453,hin_Deva
panel2,A,hin_news_2022_1M,hin,L20,2455,hin_Deva
panel2,A,hin_news_2022_1M,hin,L20,2459,hin_Deva
panel2,A,hin_news_2022_1M,hin,L20,2460,hin_Deva
panel2,A,hin_news_2022_1M,hin,L20,2461,hin_Deva
panel2,A,hin_news_2022_1M,hin,L20,2463,hin_Deva
panel2,A,hin_news_2022_1M,hin,L20,2464,hin_Deva
panel2,A,hin_news_2022_1M,hin,L20,2465,hin_Deva
panel2,A,hin_news_2022_1M,hin,L20,2469,anp_Deva
panel2,A,hin_news_2022_1M,hin,L20,2471,hin_Deva
panel2,A,hin_news_2022_1M,hin,L20,2483,hin_Deva
panel2,A,hin_news_2022_1M,hin,L20,2487,hin_Deva
panel2,A,hin_news_2022_1M,hin,L20,2496,hin_Deva
panel2,A,hin_news_2022_1M,hin,L20,2508,hin_Deva
panel2,A,hin_news_2022_1M,hin,L20,2512,hin_Deva
panel2,A,hin_news_2022_1M,hin,L20,2515,hin_Deva
panel2,A,hin_news_2022_1M,hin,L20,2519,hin_Deva
panel2,A,hin_news_2022_1M,hin,L20,2522,hin_Deva
panel2,A,hin_news_2022_1M,hin,L20,2534,hin_Deva
panel2,A,hin_news_2022_1M,hin,L20,2567,hin_Deva
panel2,A,hin_news_2022_1M,hin,L20,2575,hin_Deva
panel2,A,hin_news_2022_1M,hin,L20,2579,hin_Deva
panel2,A,hin_news_2022_1M,hin,L20,2580,hin_Deva
panel2,A,hin_news_2022_1M,hin,L20,2584,hin_Deva
panel2,A,hin_news_2022_1M,hin,L20,2588,hin_Deva
panel2,A,hin_news_2022_1M,hin,L20,2592,hin_Deva
panel2,A,hin_news_2022_1M,hin,L20,2594,hin_Deva
panel2,A,hin_news_2022_1M,hin,L20,2598,hin_Deva
panel2,A,hin_news_2022_1M,hin,L20,2603,hin_Deva
panel2,A,hin_news_2022_1M,hin,L20,2605,hin_Deva
panel2,A,hin_news_2022_1M,hin,L20,2625,hin_Deva
panel2,A,hin_news_2022_1M,hin,L20,2630,hin_Deva
panel2,A,hin_news_2022_1M,hin,L20,2635,hin_Deva
panel2,A,hin_news_2022_1M,hin,L20,2642,hin_Deva
panel2,A,hin_news_2022_1M,hin,L20,2643,hin_Deva
panel2,A,hin_news_2022_1M,hin,L20,2646,anp_Deva
panel2,A,hin_news_2022_1M,hin,L20,2650,hin_Deva
panel2,A,hin_news_2022_1M,hin,L20,2656,hin_Deva
panel2,A,hin_news_2022_1M,hin,L20,2657,hin_Deva
panel2,A,hin_news_2022_1M,hin,L20,2679,hin_Deva
panel2,A,hin_news_2022_1M,hin,L20,2681,anp_Deva
panel2,A,hin_news_2022_1M,hin,L20,2683,hin_Deva
panel2,A,hin_news_2022_1M,hin,L20,2685,hin_Deva
panel2,A,hin_news_2022_1M,hin,L20,2687,hin_Deva
panel2,A,hin_news_2022_1M,hin,L20,2690,anp_Deva
panel2,A,hin_news_2022_1M,hin,L20,2695,hin_Deva
panel2,A,hin_news_2022_1M,hin,L20,2704,hin_Deva
panel2,A,hin_news_2022_1M,hin,L20,2705,hin_Deva
panel2,A,hin_news_2022_1M,hin,L20,2708,hin_Deva
panel2,A,hin_news_2022_1M,hin,L20,2730,hin_Deva
panel2,A,hin_news_2022_1M,hin,L20,2759,hin_Deva
panel2,A,hin_news_2022_1M,hin,L20,2761,hin_Deva
panel2,A,hin_news_2022_1M,hin,L20,2765,hin_Deva
panel2,A,hin_news_2022_1M,hin,L20,2768,hin_Deva
panel2,A,hin_news_2022_1M,hin,L20,2772,hin_Deva
panel2,A,hin_news_2022_1M,hin,L20,2775,hin_Deva
panel2,A,hin_news_2022_1M,hin,L20,2776,hin_Deva
panel2,A,hin_news_2022_1M,hin,L20,2779,hin_Deva
panel2,A,hin_news_2022_1M,hin,L20,2783,hin_Deva
panel2,A,hin_news_2022_1M,hin,L20,2784,hin_Deva
panel2,A,hin_news_2022_1M,hin,L20,2787,hin_Deva
panel2,A,hin_news_2022_1M,hin,L20,2790,anp_Deva
panel2,A,hin_news_2022_1M,hin,L20,2792,hin_Deva
panel2,A,hin_news_2022_1M,hin,L20,2799,hin_Deva
panel2,A,hin_news_2022_1M,hin,L20,2800,hin_Deva
panel2,A,hin_news_2022_1M,hin,L20,2803,hin_Deva
panel2,A,hin_news_2022_1M,hin,L20,2805,hin_Deva
panel2,A,hin_news_2022_1M,hin,L20,2818,anp_Deva
panel2,A,hin_news_2022_1M,hin,L20,2823,hin_Deva
panel2,A,hin_news_2022_1M,hin,L20,2825,hin_Deva
panel2,A,hin_news_2022_1M,hin,L20,2826,hin_Deva
panel2,A,hin_news_2022_1M,hin,L20,2828,anp_Deva
panel2,A,hin_news_2022_1M,hin,L20,2831,hin_Deva
panel2,A,hin_news_2022_1M,hin,L20,2832,hin_Deva
panel2,A,hin_news_2022_1M,hin,L20,2835,hin_Deva
panel2,A,hin_news_2022_1M,hin,L20,2837,hin_Deva
panel2,A,hin_news_2022_1M,hin,L20,2838,hin_Deva
panel2,A,hin_news_2022_1M,hin,L20,2851,anp_Deva
panel2,A,hin_news_2022_1M,hin,L20,2855,hin_Deva
panel2,A,hin_news_2022_1M,hin,L20,2859,hin_Deva
panel2,A,hin_news_2022_1M,hin,L20,2875,anp_Deva
panel2,A,hin_news_2022_1M,hin,L20,2883,hin_Deva
panel2,A,hin_news_2022_1M,hin,L20,2896,hin_Deva
panel2,A,hin_news_2022_1M,hin,L20,2905,hin_Deva
panel2,A,hin_news_2022_1M,hin,L20,2911,hin_Deva
panel2,A,hin_news_2022_1M,hin,L20,2915,hin_Deva
panel2,A,hin_news_2022_1M,hin,L20,2918,hin_Deva
panel2,A,hin_news_2022_1M,hin,L20,2925,hin_Deva
panel2,A,hin_news_2022_1M,hin,L20,2933,hin_Deva
panel2,A,hin_news_2022_1M,hin,L20,2937,hin_Deva
panel2,A,hin_news_2022_1M,hin,L20,2954,hin_Deva
panel2,A,hin_news_2022_1M,hin,L20,2956,hin_Deva
panel2,A,hin_news_2022_1M,hin,L20,2959,anp_Deva
panel2,A,hin_news_2022_1M,hin,L20,2962,hin_Deva
panel2,A,hin_news_2022_1M,hin,L20,2964,anp_Deva
panel2,A,hin_news_2022_1M,hin,L20,2965,anp_Deva
panel2,A,hin_news_2022_1M,hin,L20,2966,hin_Deva
panel2,A,hin_news_2022_1M,hin,L20,2968,hin_Deva
panel2,A,hin_news_2022_1M,hin,L20,2970,hin_Deva
panel2,A,hin_news_2022_1M,hin,L20,2974,hin_Deva
panel2,A,hin_news_2022_1M,hin,L20,2981,hin_Deva
panel2,A,hin_news_2022_1M,hin,L20,2983,hin_Deva
panel2,A,hin_news_2022_1M,hin,L20,2987,anp_Deva
panel2,A,hin_news_2022_1M,hin,L20,2999,hin_Deva
panel2,A,hin_news_2022_1M,hin,L20,3009,hin_Deva
panel2,A,hin_news_2022_1M,hin,L20,3021,hin_Deva
panel2,A,hin_news_2022_1M,hin,L20,3023,hin_Deva
panel2,A,hin_news_2022_1M,hin,L20,3037,anp_Deva
panel2,A,hin_news_2022_1M,hin,L20,3039,hin_Deva
panel2,A,hin_news_2022_1M,hin,L20,3043,hin_Deva
panel2,A,hin_news_2022_1M,hin,L20,3044,hin_Deva
panel2,A,hin_news_2022_1M,hin,L20,3045,anp_Deva
panel2,A,hin_news_2022_1M,hin,L20,3053,hin_Deva
panel2,A,hin_news_2022_1M,hin,L20,3061,hin_Deva
panel2,A,hin_news_2022_1M,hin,L20,3068,hin_Deva
panel2,A,hin_news_2022_1M,hin,L20,3071,hin_Deva
panel2,A,hin_news_2022_1M,hin,L20,3072,hin_Deva
panel2,A,hin_news_2022_1M,hin,L20,3074,hin_Deva
panel2,A,hin_news_2022_1M,hin,L20,3076,hin_Deva
panel2,A,hin_news_2022_1M,hin,L20,3077,hin_Deva
panel2,A,hin_news_2022_1M,hin,L20,3095,hin_Deva
panel2,A,hin_news_2022_1M,hin,L20,3111,hin_Deva
panel2,A,hin_news_2022_1M,hin,L20,3117,hin_Deva
panel2,A,hin_news_2022_1M,hin,L20,3140,hin_Deva
panel2,A,hin_news_2022_1M,hin,L20,3160,hin_Deva
panel2,A,hin_news_2022_1M,hin,L20,3161,hin_Deva
panel2,A,hin_news_2022_1M,hin,L20,3163,hin_Deva
panel2,A,hin_news_2022_1M,hin,L20,3164,hin_Deva
panel2,A,hin_news_2022_1M,hin,L20,3172,hin_Deva
panel2,A,hin_news_2022_1M,hin,L20,3179,hin_Deva
panel2,A,hin_news_2022_1M,hin,L20,3197,hin_Deva
panel2,A,hin_news_2022_1M,hin,L20,3199,hin_Deva
panel2,A,hin_news_2022_1M,hin,L20,3200,hin_Deva
panel2,A,hin_news_2022_1M,hin,L20,3217,hin_Deva
panel2,A,hin_news_2022_1M,hin,L20,3220,hin_Deva
panel2,A,hin_news_2022_1M,hin,L20,3224,hin_Deva
panel2,A,hin_news_2022_1M,hin,L20,3226,hin_Deva
panel2,A,hin_news_2022_1M,hin,L20,3236,hin_Deva
panel2,A,hin_news_2022_1M,hin,L20,3252,hin_Deva
panel2,A,hin_news_2022_1M,hin,L20,3258,anp_Deva
panel2,A,hin_news_2022_1M,hin,L20,3268,hin_Deva
panel2,A,hin_news_2022_1M,hin,L20,3272,hin_Deva
panel2,A,hin_news_2022_1M,hin,L20,3273,hin_Deva
panel2,A,hin_news_2022_1M,hin,L20,3274,hin_Deva
panel2,A,hin_news_2022_1M,hin,L20,3275,hin_Deva
panel2,A,hin_news_2022_1M,hin,L20,3282,hin_Deva
panel2,A,hin_news_2022_1M,hin,L20,3284,hin_Deva
panel2,A,hin_news_2022_1M,hin,L20,3290,hin_Deva
panel2,A,hin_news_2022_1M,hin,L20,3298,hin_Deva
panel2,A,hin_news_2022_1M,hin,L20,3316,hin_Deva
panel2,A,hin_news_2022_1M,hin,L20,3323,hin_Deva
panel2,A,hin_news_2022_1M,hin,L20,3341,hin_Deva
panel2,A,hin_news_2022_1M,hin,L20,3369,hin_Deva
panel2,A,hin_news_2022_1M,hin,L20,3371,hin_Deva
panel2,A,hin_news_2022_1M,hin,L20,3380,hin_Deva
panel2,A,hin_news_2022_1M,hin,L20,3397,hin_Deva
panel2,A,hin_news_2022_1M,hin,L20,3410,hin_Deva
panel2,A,hin_news_2022_1M,hin,L20,3431,hin_Deva
panel2,A,hin_news_2022_1M,hin,L20,3438,hin_Deva
panel2,A,hin_news_2022_1M,hin,L20,3448,hin_Deva
panel2,A,hin_news_2022_1M,hin,L20,3457,hin_Deva
panel2,A,hin_news_2022_1M,hin,L20,3470,hin_Deva
panel2,A,hin_news_2022_1M,hin,L20,3471,hin_Deva
panel2,A,hin_news_2022_1M,hin,L20,3484,hin_Deva
panel2,A,hin_news_2022_1M,hin,L20,3497,hin_Deva
panel2,A,hin_news_2022_1M,hin,L20,3507,hin_Deva
panel2,A,hin_news_2022_1M,hin,L20,3510,hin_Deva
panel2,A,hin_news_2022_1M,hin,L20,3528,hin_Deva
panel2,A,hin_news_2022_1M,hin,L20,3531,hin_Deva
panel2,A,hin_news_2022_1M,hin,L20,3533,hin_Deva
panel2,A,hin_news_2022_1M,hin,L20,3547,hin_Deva
panel2,A,hin_news_2022_1M,hin,L20,3551,hin_Deva
panel2,A,hin_news_2022_1M,hin,L20,3555,hin_Deva
panel2,A,hin_news_2022_1M,hin,L20,3571,hin_Deva
panel2,A,hin_news_2022_1M,hin,L20,3574,hin_Deva
panel2,A,hin_news_2022_1M,hin,L20,3586,hin_Deva
panel2,A,hin_news_2022_1M,hin,L20,3589,hin_Deva
panel2,A,hin_news_2022_1M,hin,L20,3610,hin_Deva
panel2,A,hin_news_2022_1M,hin,L20,3620,hin_Deva
panel2,A,hin_news_2022_1M,hin,L20,3623,anp_Deva
panel2,A,hin_news_2022_1M,hin,L20,3636,hin_Deva
panel2,A,hin_news_2022_1M,hin,L20,3638,hin_Deva
panel2,A,hin_news_2022_1M,hin,L20,3640,anp_Deva
panel2,A,hin_news_2022_1M,hin,L20,3644,hin_Deva
panel2,A,hin_news_2022_1M,hin,L20,3646,hin_Deva
panel2,A,hin_news_2022_1M,hin,L20,3647,hin_Deva
panel2,A,hin_news_2022_1M,hin,L20,3661,hin_Deva
panel2,A,hin_news_2022_1M,hin,L20,3665,hin_Deva
panel2,A,hin_news_2022_1M,hin,L20,3668,anp_Deva
panel2,A,hin_news_2022_1M,hin,L20,3678,hin_Deva
panel2,A,hin_news_2022_1M,hin,L20,3695,hin_Deva
panel2,A,hin_news_2022_1M,hin,L20,3700,anp_Deva
panel2,A,hin_news_2022_1M,hin,L20,3707,hin_Deva
panel2,A,hin_news_2022_1M,hin,L20,3714,hin_Deva
panel2,A,hin_news_2022_1M,hin,L20,3717,hin_Deva
panel2,A,hin_news_2022_1M,hin,L20,3726,hin_Deva
panel2,A,hin_news_2022_1M,hin,L20,3731,hin_Deva
panel2,A,hin_news_2022_1M,hin,L20,3748,hin_Deva
panel2,A,hin_news_2022_1M,hin,L20,3758,hin_Deva
panel2,A,hin_news_2022_1M,hin,L20,3760,hin_Deva
panel2,A,hin_news_2022_1M,hin,L20,3762,hin_Deva
panel2,A,hin_news_2022_1M,hin,L20,3763,hin_Deva
panel2,A,hin_news_2022_1M,hin,L20,3764,hin_Deva
panel2,A,hin_news_2022_1M,hin,L20,3769,hin_Deva
panel2,A,hin_news_2022_1M,hin,L20,3778,hin_Deva
panel2,A,hin_news_2022_1M,hin,L20,3793,hin_Deva
panel2,A,hin_news_2022_1M,hin,L20,3796,hin_Deva
panel2,A,hin_news_2022_1M,hin,L20,3797,hin_Deva
panel2,A,hin_news_2022_1M,hin,L20,3813,hin_Deva
panel2,A,hin_news_2022_1M,hin,L20,3817,hin_Deva
panel2,A,hin_news_2022_1M,hin,L20,3821,anp_Deva
panel2,A,hin_news_2022_1M,hin,L20,3823,hin_Deva
panel2,A,hin_news_2022_1M,hin,L20,3834,hin_Deva
panel2,A,hin_news_2022_1M,hin,L20,3837,hin_Deva
panel2,A,hin_news_2022_1M,hin,L20,3853,hin_Deva
panel2,A,hin_news_2022_1M,hin,L20,3855,hin_Deva
panel2,A,hin_news_2022_1M,hin,L20,3863,anp_Deva
panel2,A,hin_news_2022_1M,hin,L20,3874,hin_Deva
panel2,A,hin_news_2022_1M,hin,L20,3875,hin_Deva
panel2,A,hin_news_2022_1M,hin,L20,3884,hin_Deva
panel2,A,hin_news_2022_1M,hin,L20,3894,hin_Deva
panel2,A,hin_news_2022_1M,hin,L20,3898,anp_Deva
panel2,A,hin_news_2022_1M,hin,L20,3912,hin_Deva
panel2,A,hin_news_2022_1M,hin,L20,3914,hin_Deva
panel2,A,hin_news_2022_1M,hin,L20,3925,hin_Deva
panel2,A,hin_news_2022_1M,hin,L20,3934,hin_Deva
panel2,A,hin_news_2022_1M,hin,L20,3942,hin_Deva
panel2,A,hin_news_2022_1M,hin,L20,3948,hin_Deva
panel2,A,hin_news_2022_1M,hin,L20,3950,hin_Deva
panel2,A,hin_news_2022_1M,hin,L20,3972,hin_Deva
panel2,A,hin_news_2022_1M,hin,L20,3983,hin_Deva
panel2,A,hin_news_2022_1M,hin,L20,3989,hin_Deva
panel2,A,hin_news_2022_1M,hin,L20,3995,hin_Deva
panel2,A,hin_news_2022_1M,hin,L20,4001,hin_Deva
panel2,A,hin_news_2022_1M,hin,L20,4002,anp_Deva
panel2,A,hin_news_2022_1M,hin,L20,4009,anp_Deva
panel2,A,hin_news_2022_1M,hin,L20,4015,hin_Deva
panel2,A,hin_news_2022_1M,hin,L20,4017,hin_Deva
panel2,A,hin_news_2022_1M,hin,L20,4018,hin_Deva
panel2,A,hin_news_2022_1M,hin,L20,4020,hin_Deva
panel2,A,hin_news_2022_1M,hin,L20,4022,hin_Deva
panel2,A,hin_news_2022_1M,hin,L20,4035,hin_Deva
panel2,A,hin_news_2022_1M,hin,L20,4039,hin_Deva
panel2,A,hin_news_2022_1M,hin,L20,4045,hin_Deva
panel2,A,hin_news_2022_1M,hin,L20,4049,hin_Deva
panel2,A,hin_news_2022_1M,hin,L20,4055,hin_Deva
panel2,A,hin_news_2022_1M,hin,L20,4078,hin_Deva
panel2,A,hin_news_2022_1M,hin,L20,4097,hin_Deva
panel2,A,hin_news_2022_1M,hin,L20,4098,hin_Deva
panel2,A,hin_news_2022_1M,hin,L20,4107,hin_Deva
panel2,A,hin_news_2022_1M,hin,L20,4112,anp_Deva
panel2,A,hin_news_2022_1M,hin,L20,4115,hin_Deva
panel2,A,hin_news_2022_1M,hin,L20,4117,hin_Deva
panel2,A,hin_news_2022_1M,hin,L20,4122,hin_Deva
panel2,A,hin_news_2022_1M,hin,L20,4129,hin_Deva
panel2,A,hin_news_2022_1M,hin,L20,4136,hin_Deva
panel2,A,hin_news_2022_1M,hin,L20,4138,anp_Deva
panel2,A,hin_news_2022_1M,hin,L20,4143,hin_Deva
panel2,A,hin_news_2022_1M,hin,L20,4160,hin_Deva
panel2,A,hin_news_2022_1M,hin,L20,4165,anp_Deva
panel2,A,hin_news_2022_1M,hin,L20,4170,hin_Deva
panel2,A,hin_news_2022_1M,hin,L20,4181,hin_Deva
panel2,A,hin_news_2022_1M,hin,L20,4186,hin_Deva
panel2,A,hin_news_2022_1M,hin,L20,4196,hin_Deva
panel2,A,hin_news_2022_1M,hin,L20,4200,hin_Deva
panel2,A,hin_news_2022_1M,hin,L20,4201,hin_Deva
panel2,A,hin_news_2022_1M,hin,L20,4217,anp_Deva
panel2,A,hin_news_2022_1M,hin,L20,4219,hin_Deva
panel2,A,hin_news_2022_1M,hin,L20,4221,hin_Deva
panel2,A,hin_news_2022_1M,hin,L20,4226,hin_Deva
panel2,A,hin_news_2022_1M,hin,L20,4230,hin_Deva
panel2,A,hin_news_2022_1M,hin,L20,4240,hin_Deva
panel2,A,hin_news_2022_1M,hin,L20,4241,hin_Deva
panel2,A,hin_news_2022_1M,hin,L20,4244,hin_Deva
panel2,A,hin_news_2022_1M,hin,L20,4250,hin_Deva
panel2,A,hin_news_2022_1M,hin,L20,4254,hin_Deva
panel2,A,hin_news_2022_1M,hin,L20,4265,hin_Deva
panel2,A,hin_news_2022_1M,hin,L20,4270,hin_Deva
panel2,A,hin_news_2022_1M,hin,L20,4272,hin_Deva
panel2,A,hin_news_2022_1M,hin,L20,4273,hin_Deva
panel2,A,hin_news_2022_1M,hin,L20,4290,hin_Deva
panel2,A,hin_news_2022_1M,hin,L20,4294,hin_Deva
panel2,A,hin_news_2022_1M,hin,L20,4301,anp_Deva
panel2,A,hin_news_2022_1M,hin,L20,4303,hin_Deva
panel2,A,hin_news_2022_1M,hin,L20,4310,hin_Deva
panel2,A,hin_news_2022_1M,hin,L20,4312,hin_Deva
panel2,A,hin_news_2022_1M,hin,L20,4320,hin_Deva
panel2,A,hin_news_2022_1M,hin,L20,4327,hin_Deva
panel2,A,hin_news_2022_1M,hin,L20,4333,hin_Deva
panel2,A,hin_news_2022_1M,hin,L20,4344,hin_Deva
panel2,A,hin_news_2022_1M,hin,L20,4346,hin_Deva
panel2,A,hin_news_2022_1M,hin,L20,4350,hin_Deva
panel2,A,hin_news_2022_1M,hin,L20,4368,hin_Deva
panel2,A,hin_news_2022_1M,hin,L20,4373,hin_Deva
panel2,A,hin_news_2022_1M,hin,L20,4381,hin_Deva
panel2,A,hin_news_2022_1M,hin,L20,4393,hin_Deva
panel2,A,hin_news_2022_1M,hin,L20,4394,hin_Deva
panel2,A,hin_news_2022_1M,hin,L20,4396,hin_Deva
panel2,A,hin_news_2022_1M,hin,L20,4416,hin_Deva
panel2,A,hin_news_2022_1M,hin,L20,4419,hin_Deva
panel2,A,hin_news_2022_1M,hin,L20,4421,hin_Deva
panel2,A,hin_news_2022_1M,hin,L20,4426,hin_Deva
panel2,A,hin_news_2022_1M,hin,L20,4430,hin_Deva
panel2,A,hin_news_2022_1M,hin,L20,4431,hin_Deva
panel2,A,hin_news_2022_1M,hin,L20,4446,hin_Deva
panel2,A,hin_news_2022_1M,hin,L20,4451,anp_Deva
panel2,A,hin_news_2022_1M,hin,L20,4457,hin_Deva
panel2,A,hin_news_2022_1M,hin,L20,4464,hin_Deva
panel2,A,hin_news_2022_1M,hin,L20,4465,hin_Deva
panel2,A,hin_news_2022_1M,hin,L20,4467,hin_Deva
panel2,A,hin_news_2022_1M,hin,L20,4483,hin_Deva
panel2,A,hin_news_2022_1M,hin,L20,4488,anp_Deva
panel2,A,hin_news_2022_1M,hin,L20,4492,hin_Deva
panel2,A,hin_news_2022_1M,hin,L20,4494,hin_Deva
panel2,A,hin_news_2022_1M,hin,L20,4504,anp_Deva
panel2,A,hin_news_2022_1M,hin,L20,4508,hin_Deva
panel2,A,hin_news_2022_1M,hin,L20,4513,hin_Deva
panel2,A,hin_news_2022_1M,hin,L20,4514,hin_Deva
panel2,A,hin_news_2022_1M,hin,L20,4515,hin_Deva
panel2,A,hin_news_2022_1M,hin,L20,4521,hin_Deva
panel2,A,hin_news_2022_1M,hin,L20,4524,hin_Deva
panel2,A,hin_news_2022_1M,hin,L20,4526,hin_Deva
panel2,A,hin_news_2022_1M,hin,L20,4529,hin_Deva
panel2,A,hin_news_2022_1M,hin,L20,4538,hin_Deva
panel2,A,hin_news_2022_1M,hin,L20,4542,hin_Deva
panel2,A,hin_news_2022_1M,hin,L20,4544,hin_Deva
panel2,A,hin_news_2022_1M,hin,L20,4550,anp_Deva
panel2,A,hin_news_2022_1M,hin,L20,4560,hin_Deva
panel2,A,hin_news_2022_1M,hin,L20,4578,hin_Deva
panel2,A,hin_news_2022_1M,hin,L20,4586,hin_Deva
panel2,A,hin_news_2022_1M,hin,L20,4589,anp_Deva
panel2,A,hin_news_2022_1M,hin,L20,4600,hin_Deva
panel2,A,hin_news_2022_1M,hin,L20,4614,hin_Deva
panel2,A,hin_news_2022_1M,hin,L20,4619,hin_Deva
panel2,A,hin_news_2022_1M,hin,L20,4622,hin_Deva
panel2,A,hin_news_2022_1M,hin,L20,4624,hin_Deva
panel2,A,hin_news_2022_1M,hin,L20,4626,hin_Deva
panel2,A,hin_news_2022_1M,hin,L20,4642,hin_Deva
panel2,A,hin_news_2022_1M,hin,L20,4648,hin_Deva
panel2,A,hin_news_2022_1M,hin,L20,4650,hin_Deva
panel2,A,hin_news_2022_1M,hin,L20,4675,hin_Deva
panel2,A,hin_news_2022_1M,hin,L20,4682,hin_Deva
panel2,A,hin_news_2022_1M,hin,L20,4686,hin_Deva
panel2,A,hin_news_2022_1M,hin,L20,4705,hin_Deva
panel2,A,hin_news_2022_1M,hin,L20,4708,hin_Deva
panel2,A,hin_news_2022_1M,hin,L20,4727,hin_Deva
panel2,A,hin_news_2022_1M,hin,L20,4746,hin_Deva
panel2,A,hin_news_2022_1M,hin,L20,4752,hin_Deva
panel2,A,hin_news_2022_1M,hin,L20,4753,hin_Deva
panel2,A,hin_news_2022_1M,hin,L20,4755,hin_Deva
panel2,A,hin_news_2022_1M,hin,L20,4765,hin_Deva
panel2,A,hin_news_2022_1M,hin,L20,4768,hin_Deva
panel2,A,hin_news_2022_1M,hin,L20,4769,hin_Deva
panel2,A,hin_news_2022_1M,hin,L20,4775,hin_Deva
panel2,A,hin_news_2022_1M,hin,L20,4781,hin_Deva
panel2,A,hin_news_2022_1M,hin,L20,4792,hin_Deva
panel2,A,hin_news_2022_1M,hin,L20,4793,hin_Deva
panel2,A,hin_news_2022_1M,hin,L20,4795,hin_Deva
panel2,A,hin_news_2022_1M,hin,L20,4799,anp_Deva
panel2,A,hin_news_2022_1M,hin,L20,4804,hin_Deva
panel2,A,hin_news_2022_1M,hin,L20,4805,hin_Deva
panel2,A,hin_news_2022_1M,hin,L20,4807,hin_Deva
panel2,A,hin_news_2022_1M,hin,L20,4822,hin_Deva
panel2,A,hin_news_2022_1M,hin,L20,4824,hin_Deva
panel2,A,hin_news_2022_1M,hin,L20,4826,hin_Deva
panel2,A,hin_news_2022_1M,hin,L20,4827,hin_Deva
panel2,A,hin_news_2022_1M,hin,L20,4833,hin_Deva
panel2,A,hin_news_2022_1M,hin,L20,4834,hin_Deva
panel2,A,hin_news_2022_1M,hin,L20,4840,hin_Deva
panel2,A,hin_news_2022_1M,hin,L20,4852,hin_Deva
panel2,A,hin_news_2022_1M,hin,L20,4859,hin_Deva
panel2,A,hin_news_2022_1M,hin,L20,4866,hin_Deva
panel2,A,hin_news_2022_1M,hin,L20,4867,hin_Deva
panel2,A,hin_news_2022_1M,hin,L20,4898,hin_Deva
panel2,A,hin_news_2022_1M,hin,L20,4900,hin_Deva
panel2,A,hin_news_2022_1M,hin,L20,4906,hin_Deva
panel2,A,hin_news_2022_1M,hin,L20,4908,anp_Deva
panel2,A,hin_news_2022_1M,hin,L20,4909,hin_Deva
panel2,A,hin_news_2022_1M,hin,L20,4910,hin_Deva
panel2,A,hin_news_2022_1M,hin,L20,4918,hin_Deva
panel2,A,hin_news_2022_1M,hin,L20,4928,hin_Deva
panel2,A,hin_news_2022_1M,hin,L20,4935,hin_Deva
panel2,A,hin_news_2022_1M,hin,L20,4938,hin_Deva
panel2,A,hin_news_2022_1M,hin,L20,4940,hin_Deva
panel2,A,hin_news_2022_1M,hin,L20,4948,anp_Deva
panel2,A,hin_news_2022_1M,hin,L20,4951,hin_Deva
panel2,A,hin_news_2022_1M,hin,L20,4953,hin_Deva
panel2,A,hin_news_2022_1M,hin,L20,4960,hin_Deva
panel2,A,hin_news_2022_1M,hin,L20,4961,hin_Deva
panel2,A,hin_news_2022_1M,hin,L20,4981,hin_Deva
panel2,A,hin_news_2022_1M,hin,L20,4985,hin_Deva
panel2,A,hin_news_2022_1M,hin,L20,4989,hin_Deva
panel2,A,hin_news_2022_1M,hin,L20,4992,hin_Deva
panel2,A,hin_news_2022_1M,hin,L20,5003,hin_Deva
panel2,A,hin_news_2022_1M,hin,L20,5008,hin_Deva
panel2,A,hin_news_2022_1M,hin,L20,5010,hin_Deva
panel2,A,hin_news_2022_1M,hin,L20,5012,hin_Deva
panel2,A,hin_news_2022_1M,hin,L20,5035,hin_Deva
panel2,A,hin_news_2022_1M,hin,L20,5040,hin_Deva
panel2,A,hin_news_2022_1M,hin,L20,5043,hin_Deva
panel2,A,hin_news_2022_1M,hin,L20,5052,hin_Deva
panel2,A,hin_news_2022_1M,hin,L20,5074,hin_Deva
panel2,A,hin_news_2022_1M,hin,L20,5077,hin_Deva
panel2,A,hin_news_2022_1M,hin,L20,5078,hin_Deva
panel2,A,hin_news_2022_1M,hin,L20,5083,hin_Deva
panel2,A,hin_news_2022_1M,hin,L20,5084,hin_Deva
panel2,A,hin_news_2022_1M,hin,L20,5086,hin_Deva
panel2,A,hin_news_2022_1M,hin,L20,5087,anp_Deva
panel2,A,hin_news_2022_1M,hin,L20,5093,hin_Deva
panel2,A,hin_news_2022_1M,hin,L20,5094,hin_Deva
panel2,A,hin_news_2022_1M,hin,L20,5095,hin_Deva
panel2,A,hin_news_2022_1M,hin,L20,5098,hin_Deva
panel2,A,hin_news_2022_1M,hin,L20,5113,hin_Deva
panel2,A,hin_news_2022_1M,hin,L20,5116,hin_Deva
panel2,A,hin_news_2022_1M,hin,L20,5118,hin_Deva
panel2,A,hin_news_2022_1M,hin,L20,5123,hin_Deva
panel2,A,hin_news_2022_1M,hin,L20,5141,hin_Deva
panel2,A,hin_news_2022_1M,hin,L20,5156,hin_Deva
panel2,A,hin_news_2022_1M,hin,L20,5163,hin_Deva
panel2,A,hin_news_2022_1M,hin,L20,5170,hin_Deva
panel2,A,hin_news_2022_1M,hin,L20,5185,hin_Deva
panel2,A,hin_news_2022_1M,hin,L20,5198,hin_Deva
panel2,A,hin_news_2022_1M,hin,L20,5203,hin_Deva
panel2,A,hin_news_2022_1M,hin,L20,5206,hin_Deva
panel2,A,hin_news_2022_1M,hin,L20,5208,hin_Deva
panel2,A,hin_news_2022_1M,hin,L20,5220,hin_Deva
panel2,A,hin_news_2022_1M,hin,L20,5222,hin_Deva
panel2,A,hin_news_2022_1M,hin,L20,5223,hin_Deva
panel2,A,hin_news_2022_1M,hin,L20,5229,hin_Deva
panel2,A,hin_news_2022_1M,hin,L20,5231,hin_Deva
panel2,A,hin_news_2022_1M,hin,L20,5236,hin_Deva
panel2,A,hin_news_2022_1M,hin,L20,5250,hin_Deva
panel2,A,hin_news_2022_1M,hin,L20,5253,hin_Deva
panel2,A,hin_news_2022_1M,hin,L20,5258,hin_Deva
panel2,A,hin_news_2022_1M,hin,L20,5269,hin_Deva
panel2,A,hin_news_2022_1M,hin,L20,5272,hin_Deva
panel2,A,hin_news_2022_1M,hin,L20,5278,hin_Deva
panel2,A,hin_news_2022_1M,hin,L20,5279,hin_Deva
panel2,A,hin_news_2022_1M,hin,L20,5295,hin_Deva
panel2,A,hin_news_2022_1M,hin,L20,5298,hin_Deva
panel2,A,hin_news_2022_1M,hin,L20,5303,hin_Deva
panel2,A,hin_news_2022_1M,hin,L20,5340,hin_Deva
panel2,A,hin_news_2022_1M,hin,L20,5345,hin_Deva
panel2,A,hin_news_2022_1M,hin,L20,5349,hin_Deva
panel2,A,hin_news_2022_1M,hin,L20,5352,hin_Deva
panel2,A,hin_news_2022_1M,hin,L20,5355,hin_Deva
panel2,A,hin_news_2022_1M,hin,L20,5359,hin_Deva
panel2,A,hin_news_2022_1M,hin,L20,5362,hin_Deva
panel2,A,hin_news_2022_1M,hin,L20,5368,hin_Deva
panel2,A,hin_news_2022_1M,hin,L20,5369,hin_Deva
panel2,A,hin_news_2022_1M,hin,L20,5371,hin_Deva
panel2,A,hin_news_2022_1M,hin,L20,5374,hin_Deva
panel2,A,hin_news_2022_1M,hin,L20,5394,hin_Deva
panel2,A,hin_news_2022_1M,hin,L20,5396,hin_Deva
panel2,A,hin_news_2022_1M,hin,L20,5399,hin_Deva
panel2,A,hin_news_2022_1M,hin,L20,5404,hin_Deva
panel2,A,hin_news_2022_1M,hin,L20,5415,hin_Deva
panel2,A,hin_news_2022_1M,hin,L20,5416,hin_Deva
panel2,A,hin_news_2022_1M,hin,L20,5420,hin_Deva
panel2,A,hin_news_2022_1M,hin,L20,5424,hin_Deva
panel2,A,hin_news_2022_1M,hin,L20,5439,hin_Deva
panel2,A,hin_news_2022_1M,hin,L20,5443,hin_Deva
panel2,A,hin_news_2022_1M,hin,L20,5448,hin_Deva
panel2,A,hin_news_2022_1M,hin,L20,5453,hin_Deva
panel2,A,hin_news_2022_1M,hin,L20,5454,hin_Deva
panel2,A,hin_news_2022_1M,hin,L20,5455,hin_Deva
panel2,A,hin_news_2022_1M,hin,L20,5461,hin_Deva
panel2,A,hin_news_2022_1M,hin,L20,5463,hin_Deva
panel2,A,hin_news_2022_1M,hin,L20,5470,anp_Deva
panel2,A,hin_news_2022_1M,hin,L20,5473,hin_Deva
panel2,A,hin_news_2022_1M,hin,L20,5481,hin_Deva
panel2,A,hin_news_2022_1M,hin,L20,5482,anp_Deva
panel2,A,hin_news_2022_1M,hin,L20,5487,hin_Deva
panel2,A,hin_news_2022_1M,hin,L20,5499,hin_Deva
panel2,A,hin_news_2022_1M,hin,L20,5514,hin_Deva
panel2,A,hin_news_2022_1M,hin,L20,5519,anp_Deva
panel2,A,hin_news_2022_1M,hin,L20,5528,hin_Deva
panel2,A,hin_news_2022_1M,hin,L20,5531,hin_Deva
panel2,A,hin_news_2022_1M,hin,L20,5535,hin_Deva
panel2,A,hin_news_2022_1M,hin,L20,5548,hin_Deva
panel2,A,hin_news_2022_1M,hin,L20,5549,hin_Deva
panel2,A,hin_news_2022_1M,hin,L20,5566,hin_Deva
panel2,A,hin_news_2022_1M,hin,L20,5575,anp_Deva
panel2,A,hin_news_2022_1M,hin,L20,5576,hin_Deva
panel2,A,hin_news_2022_1M,hin,L20,5586,hin_Deva
panel2,A,hin_news_2022_1M,hin,L20,5597,hin_Deva
panel2,A,hin_news_2022_1M,hin,L20,5601,hin_Deva
panel2,A,hin_news_2022_1M,hin,L20,5608,hin_Deva
panel2,A,hin_news_2022_1M,hin,L20,5611,hin_Deva
panel2,A,hin_news_2022_1M,hin,L20,5625,hin_Deva
panel2,A,hin_news_2022_1M,hin,L20,5627,hin_Deva
panel2,A,hin_news_2022_1M,hin,L20,5629,hin_Deva
panel2,A,hin_news_2022_1M,hin,L20,5642,hin_Deva
panel2,A,hin_news_2022_1M,hin,L20,5647,anp_Deva
panel2,A,hin_news_2022_1M,hin,L20,5660,hin_Deva
panel2,A,hin_news_2022_1M,hin,L20,5661,hin_Deva
panel2,A,hin_news_2022_1M,hin,L20,5662,hin_Deva
panel2,A,hin_news_2022_1M,hin,L20,5663,hin_Deva
panel2,A,hin_news_2022_1M,hin,L20,5672,hin_Deva
panel2,A,hin_news_2022_1M,hin,L20,5700,hin_Deva
panel2,A,hin_news_2022_1M,hin,L20,5709,hin_Deva
panel2,A,hin_news_2022_1M,hin,L20,5713,hin_Deva
panel2,A,hin_news_2022_1M,hin,L20,5715,hin_Deva
panel2,A,hin_news_2022_1M,hin,L20,5719,hin_Deva
panel2,A,hin_news_2022_1M,hin,L20,5736,hin_Deva
panel2,A,hin_news_2022_1M,hin,L20,5737,hin_Deva
panel2,A,hin_news_2022_1M,hin,L20,5750,hin_Deva
panel2,A,hin_news_2022_1M,hin,L20,5753,hin_Deva
panel2,A,hin_news_2022_1M,hin,L20,5754,hin_Deva
panel2,A,hin_news_2022_1M,hin,L20,5762,hin_Deva
panel2,A,hin_news_2022_1M,hin,L20,5775,hin_Deva
panel2,A,hin_news_2022_1M,hin,L20,5778,hin_Deva
panel2,A,hin_news_2022_1M,hin,L20,5781,hin_Deva
panel2,A,hin_news_2022_1M,hin,L20,5791,hin_Deva
panel2,A,hin_news_2022_1M,hin,L20,5793,hin_Deva
panel2,A,hin_news_2022_1M,hin,L20,5804,hin_Deva
panel2,A,hin_news_2022_1M,hin,L20,5808,hin_Deva
panel2,A,hin_news_2022_1M,hin,L20,5831,hin_Deva
panel2,A,hin_news_2022_1M,hin,L20,5835,anp_Deva
panel2,A,hin_news_2022_1M,hin,L20,5846,anp_Deva
panel2,A,hin_news_2022_1M,hin,L20,5883,hin_Deva
panel2,A,hin_news_2022_1M,hin,L20,5900,hin_Deva
panel2,A,hin_news_2022_1M,hin,L20,5911,hin_Deva
panel2,A,hin_news_2022_1M,hin,L20,5912,hin_Deva
panel2,A,hin_news_2022_1M,hin,L20,5921,hin_Deva
panel2,A,hin_news_2022_1M,hin,L20,5926,hin_Deva
panel2,A,hin_news_2022_1M,hin,L20,5944,hin_Deva
panel2,A,hin_news_2022_1M,hin,L20,5947,hin_Deva
panel2,A,hin_news_2022_1M,hin,L20,5954,hin_Deva
panel2,A,hin_news_2022_1M,hin,L20,5956,hin_Deva
panel2,A,hin_news_2022_1M,hin,L20,5957,hin_Deva
panel2,A,hin_news_2022_1M,hin,L20,5977,hin_Deva
panel2,A,hin_news_2022_1M,hin,L20,5982,hin_Deva
panel2,A,hin_news_2022_1M,hin,L20,5991,hin_Deva
panel2,A,hin_news_2022_1M,hin,L20,6002,hin_Deva
panel2,A,hin_news_2022_1M,hin,L20,6003,hin_Deva
panel2,A,hin_news_2022_1M,hin,L20,6017,hin_Deva
panel2,A,hin_news_2022_1M,hin,L20,6025,hin_Deva
panel2,A,hin_news_2022_1M,hin,L20,6029,hin_Deva
panel2,A,hin_news_2022_1M,hin,L20,6034,hin_Deva
panel2,A,hin_news_2022_1M,hin,L20,6039,anp_Deva
panel2,A,hin_news_2022_1M,hin,L20,6044,hin_Deva
panel2,A,hin_news_2022_1M,hin,L20,6049,hin_Deva
panel2,A,hin_news_2022_1M,hin,L20,6057,hin_Deva
panel2,A,hin_news_2022_1M,hin,L20,6070,hin_Deva
panel2,A,hin_news_2022_1M,hin,L20,6075,anp_Deva
panel2,A,hin_news_2022_1M,hin,L20,6076,anp_Deva
panel2,A,hin_news_2022_1M,hin,L20,6091,hin_Deva
panel2,A,hin_news_2022_1M,hin,L20,6092,hin_Deva
panel2,A,hin_news_2022_1M,hin,L20,6094,hin_Deva
panel2,A,hin_news_2022_1M,hin,L20,6106,hin_Deva
panel2,A,hin_news_2022_1M,hin,L20,6118,hin_Deva
panel2,A,hin_news_2022_1M,hin,L20,6128,hin_Deva
panel2,A,hin_news_2022_1M,hin,L20,6132,hin_Deva
panel2,A,hin_news_2022_1M,hin,L20,6135,hin_Deva
panel2,A,hin_news_2022_1M,hin,L20,6137,hin_Deva
panel2,A,hin_news_2022_1M,hin,L20,6145,hin_Deva
panel2,A,hin_news_2022_1M,hin,L20,6157,hin_Deva
panel2,A,hin_news_2022_1M,hin,L20,6158,hin_Deva
panel2,A,hin_news_2022_1M,hin,L20,6159,anp_Deva
panel2,A,hin_news_2022_1M,hin,L20,6164,hin_Deva
panel2,A,hin_news_2022_1M,hin,L20,6180,hin_Deva
panel2,A,hin_news_2022_1M,hin,L20,6189,hin_Deva
panel2,A,hin_news_2022_1M,hin,L20,6195,hin_Deva
panel2,A,hin_news_2022_1M,hin,L20,6201,hin_Deva
panel2,A,hin_news_2022_1M,hin,L20,6204,hin_Deva
panel2,A,hin_news_2022_1M,hin,L20,6207,anp_Deva
panel2,A,hin_news_2022_1M,hin,L20,6211,anp_Deva
panel2,A,hin_news_2022_1M,hin,L20,6216,hin_Deva
panel2,A,hin_news_2022_1M,hin,L20,6222,hin_Deva
panel2,A,hin_news_2022_1M,hin,L20,6229,hin_Deva
panel2,A,hin_news_2022_1M,hin,L20,6231,hin_Deva
panel2,A,hin_news_2022_1M,hin,L20,6234,hin_Deva
panel2,A,hin_news_2022_1M,hin,L20,6249,hin_Deva
panel2,A,hin_news_2022_1M,hin,L20,6252,hin_Deva
panel2,A,hin_news_2022_1M,hin,L20,6256,hin_Deva
panel2,A,hin_news_2022_1M,hin,L20,6260,hin_Deva
panel2,A,hin_news_2022_1M,hin,L20,6268,hin_Deva
panel2,A,hin_news_2022_1M,hin,L20,6280,hin_Deva
panel2,A,hin_news_2022_1M,hin,L20,6282,hin_Deva
panel2,A,hin_news_2022_1M,hin,L20,6284,hin_Deva
panel2,A,hin_news_2022_1M,hin,L20,6293,hin_Deva
panel2,A,hin_news_2022_1M,hin,L20,6297,hin_Deva
panel2,A,hin_news_2022_1M,hin,L20,6299,hin_Deva
panel2,A,hin_news_2022_1M,hin,L20,6300,hin_Deva
panel2,A,hin_news_2022_1M,hin,L20,6327,hin_Deva
panel2,A,hin_news_2022_1M,hin,L20,6343,hin_Deva
panel2,A,hin_news_2022_1M,hin,L20,6349,hin_Deva
panel2,A,hin_news_2022_1M,hin,L20,6354,hin_Deva
panel2,A,hin_news_2022_1M,hin,L20,6364,hin_Deva
panel2,A,hin_news_2022_1M,hin,L20,6367,hin_Deva
panel2,A,hin_news_2022_1M,hin,L20,6369,hin_Deva
panel2,A,hin_news_2022_1M,hin,L20,6370,hin_Deva
panel2,A,hin_news_2022_1M,hin,L20,6372,hin_Deva
panel2,A,hin_news_2022_1M,hin,L20,6379,hin_Deva
panel2,A,hin_news_2022_1M,hin,L20,6391,hin_Deva
panel2,A,hin_news_2022_1M,hin,L20,6393,hin_Deva
panel2,A,hin_news_2022_1M,hin,L20,6406,hin_Deva
panel2,A,hin_news_2022_1M,hin,L20,6408,hin_Deva
panel2,A,hin_news_2022_1M,hin,L20,6409,hin_Deva
panel2,A,hin_news_2022_1M,hin,L20,6410,hin_Deva
panel2,A,hin_news_2022_1M,hin,L20,6412,hin_Deva
panel2,A,hin_news_2022_1M,hin,L20,6416,anp_Deva
panel2,A,hin_news_2022_1M,hin,L20,6421,hin_Deva
panel2,A,hin_news_2022_1M,hin,L20,6424,hin_Deva
panel2,A,hin_news_2022_1M,hin,L20,6430,hin_Deva
panel2,A,hin_news_2022_1M,hin,L20,6442,hin_Deva
panel2,A,hin_news_2022_1M,hin,L20,6449,hin_Deva
panel2,A,hin_news_2022_1M,hin,L20,6469,hin_Deva
panel2,A,hin_news_2022_1M,hin,L20,6470,hin_Deva
panel2,A,hin_news_2022_1M,hin,L20,6478,hin_Deva
panel2,A,hin_news_2022_1M,hin,L20,6490,hin_Deva
panel2,A,hin_news_2022_1M,hin,L20,6491,hin_Deva
panel2,A,hin_news_2022_1M,hin,L20,6498,hin_Deva
panel2,A,hin_news_2022_1M,hin,L20,6505,hin_Deva
panel2,A,hin_news_2022_1M,hin,L20,6512,hin_Deva
panel2,A,hin_news_2022_1M,hin,L20,6530,hin_Deva
panel2,A,hin_news_2022_1M,hin,L20,6533,anp_Deva
panel2,A,hin_news_2022_1M,hin,L20,6541,hin_Deva
panel2,A,hin_news_2022_1M,hin,L20,6544,hin_Deva
panel2,A,hin_news_2022_1M,hin,L20,6554,hin_Deva
panel2,A,hin_news_2022_1M,hin,L20,6562,hin_Deva
panel2,A,hin_news_2022_1M,hin,L20,6565,hin_Deva
panel2,A,hin_news_2022_1M,hin,L20,6576,hin_Deva
panel2,A,hin_news_2022_1M,hin,L20,6577,hin_Deva
panel2,A,hin_news_2022_1M,hin,L20,6579,hin_Deva
panel2,A,hin_news_2022_1M,hin,L20,6581,hin_Deva
panel2,A,hin_news_2022_1M,hin,L20,6583,hin_Deva
panel2,A,hin_news_2022_1M,hin,L20,6589,hin_Deva
panel2,A,hin_news_2022_1M,hin,L20,6592,hin_Deva
panel2,A,hin_news_2022_1M,hin,L20,6593,hin_Deva
panel2,A,hin_news_2022_1M,hin,L20,6595,hin_Deva
panel2,A,hin_news_2022_1M,hin,L20,6598,hin_Deva
panel2,A,hin_news_2022_1M,hin,L20,6610,hin_Deva
panel2,A,hin_news_2022_1M,hin,L20,6616,hin_Deva
panel2,A,hin_news_2022_1M,hin,L20,6622,hin_Deva
panel2,A,hin_news_2022_1M,hin,L20,6631,hin_Deva
panel2,A,hin_news_2022_1M,hin,L20,6637,anp_Deva
panel2,A,hin_news_2022_1M,hin,L20,6643,hin_Deva
panel2,A,hin_news_2022_1M,hin,L20,6645,hin_Deva
panel2,A,hin_news_2022_1M,hin,L20,6683,hin_Deva
panel2,A,hin_news_2022_1M,hin,L20,6684,hin_Deva
panel2,A,hin_news_2022_1M,hin,L20,6702,hin_Deva
panel2,A,hin_news_2022_1M,hin,L20,6703,hin_Deva
panel2,A,hin_news_2022_1M,hin,L20,6705,hin_Deva
panel2,A,hin_news_2022_1M,hin,L20,6722,hin_Deva
panel2,A,hin_news_2022_1M,hin,L20,6723,hin_Deva
panel2,A,hin_news_2022_1M,hin,L20,6727,hin_Deva
panel2,A,hin_news_2022_1M,hin,L20,6731,hin_Deva
panel2,A,hin_news_2022_1M,hin,L20,6738,hin_Deva
panel2,A,hin_news_2022_1M,hin,L20,6739,anp_Deva
panel2,A,hin_news_2022_1M,hin,L20,6743,hin_Deva
panel2,A,hin_news_2022_1M,hin,L20,6751,hin_Deva
panel2,A,hin_news_2022_1M,hin,L20,6763,hin_Deva
panel2,A,hin_news_2022_1M,hin,L20,6768,hin_Deva
panel2,A,hin_news_2022_1M,hin,L20,6769,hin_Deva
panel2,A,hin_news_2022_1M,hin,L20,6770,hin_Deva
panel2,A,hin_news_2022_1M,hin,L20,6771,anp_Deva
panel2,A,hin_news_2022_1M,hin,L20,6775,hin_Deva
panel2,A,hin_news_2022_1M,hin,L20,6777,hin_Deva
panel2,A,hin_news_2022_1M,hin,L20,6786,anp_Deva
panel2,A,hin_news_2022_1M,hin,L20,6788,hin_Deva
panel2,A,hin_news_2022_1M,hin,L20,6794,hin_Deva
panel2,A,hin_news_2022_1M,hin,L20,6799,hin_Deva
panel2,A,hin_news_2022_1M,hin,L20,6800,hin_Deva
panel2,A,hin_news_2022_1M,hin,L20,6803,hin_Deva
panel2,A,hin_news_2022_1M,hin,L20,6809,hin_Deva
panel2,A,hin_news_2022_1M,hin,L20,6813,anp_Deva
panel2,A,hin_news_2022_1M,hin,L20,6839,hin_Deva
panel2,A,hin_news_2022_1M,hin,L20,6848,hin_Deva
panel2,A,hin_news_2022_1M,hin,L20,6854,anp_Deva
panel2,A,hin_news_2022_1M,hin,L20,6874,hin_Deva
panel2,A,hin_news_2022_1M,hin,L20,6876,anp_Deva
panel2,A,hin_news_2022_1M,hin,L20,6886,hin_Deva
panel2,A,hin_news_2022_1M,hin,L20,6887,hin_Deva
panel2,A,hin_news_2022_1M,hin,L20,6892,hin_Deva
panel2,A,hin_news_2022_1M,hin,L20,6894,hin_Deva
panel2,A,hin_news_2022_1M,hin,L20,6905,hin_Deva
panel2,A,hin_news_2022_1M,hin,L20,6914,hin_Deva
panel2,A,hin_news_2022_1M,hin,L20,6916,hin_Deva
panel2,A,hin_news_2022_1M,hin,L20,6922,hin_Deva
panel2,A,hin_news_2022_1M,hin,L20,6923,hin_Deva
panel2,A,hin_news_2022_1M,hin,L20,6931,hin_Deva
panel2,A,hin_news_2022_1M,hin,L20,6932,hin_Deva
panel2,A,hin_news_2022_1M,hin,L20,6947,hin_Deva
panel2,A,hin_news_2022_1M,hin,L20,6948,hin_Deva
panel2,A,hin_news_2022_1M,hin,L20,6957,hin_Deva
panel2,A,hin_news_2022_1M,hin,L20,6966,hin_Deva
panel2,A,hin_news_2022_1M,hin,L20,6984,hin_Deva
panel2,A,hin_news_2022_1M,hin,L20,6993,hin_Deva
panel2,A,hin_news_2022_1M,hin,L20,6996,hin_Deva
panel2,A,hin_news_2022_1M,hin,L20,7002,hin_Deva
panel2,A,hin_news_2022_1M,hin,L20,7006,hin_Deva
panel2,A,hin_news_2022_1M,hin,L20,7009,hin_Deva
panel2,A,hin_news_2022_1M,hin,L20,7010,hin_Deva
panel2,A,hin_news_2022_1M,hin,L20,7014,hin_Deva
panel2,A,hin_news_2022_1M,hin,L20,7016,anp_Deva
panel2,A,hin_news_2022_1M,hin,L20,7017,hin_Deva
panel2,A,hin_news_2022_1M,hin,L20,7024,hin_Deva
panel2,A,hin_news_2022_1M,hin,L20,7025,hin_Deva
panel2,A,hin_news_2022_1M,hin,L20,7026,hin_Deva
panel2,A,hin_news_2022_1M,hin,L20,7031,hin_Deva
panel2,A,hin_news_2022_1M,hin,L20,7040,hin_Deva
panel2,A,hin_news_2022_1M,hin,L20,7041,hin_Deva
panel2,A,hin_news_2022_1M,hin,L20,7054,hin_Deva
panel2,A,hin_news_2022_1M,hin,L20,7067,hin_Deva
panel2,A,hin_news_2022_1M,hin,L20,7069,hin_Deva
panel2,A,hin_news_2022_1M,hin,L20,7075,hin_Deva
panel2,A,hin_news_2022_1M,hin,L20,7080,hin_Deva
panel2,A,hin_news_2022_1M,hin,L20,7083,anp_Deva
panel2,A,hin_news_2022_1M,hin,L20,7087,hin_Deva
panel2,A,hin_news_2022_1M,hin,L20,7111,hin_Deva
panel2,A,hin_news_2022_1M,hin,L20,7123,hin_Deva
panel2,A,hin_news_2022_1M,hin,L20,7133,hin_Deva
panel2,A,hin_news_2022_1M,hin,L20,7145,hin_Deva
panel2,A,hin_news_2022_1M,hin,L20,7149,hin_Deva
panel2,A,hin_news_2022_1M,hin,L20,7155,hin_Deva
panel2,A,hin_news_2022_1M,hin,L20,7156,hin_Deva
panel2,A,hin_news_2022_1M,hin,L20,7164,hin_Deva
panel2,A,hin_news_2022_1M,hin,L20,7178,hin_Deva
panel2,A,hin_news_2022_1M,hin,L20,7190,hin_Deva
panel2,A,hin_news_2022_1M,hin,L20,7191,hin_Deva
panel2,A,hin_news_2022_1M,hin,L20,7213,hin_Deva
panel2,A,hin_news_2022_1M,hin,L20,7221,hin_Deva
panel2,A,hin_news_2022_1M,hin,L20,7224,hin_Deva
panel2,A,hin_news_2022_1M,hin,L20,7228,hin_Deva
panel2,A,hin_news_2022_1M,hin,L20,7233,anp_Deva
panel2,A,hin_news_2022_1M,hin,L20,7238,anp_Deva
panel2,A,hin_news_2022_1M,hin,L20,7244,hin_Deva
panel2,A,hin_news_2022_1M,hin,L20,7254,hin_Deva
panel2,A,hin_news_2022_1M,hin,L20,7261,hin_Deva
panel2,A,hin_news_2022_1M,hin,L20,7269,hin_Deva
panel2,A,hin_news_2022_1M,hin,L20,7270,hin_Deva
panel2,A,hin_news_2022_1M,hin,L20,7271,hin_Deva
panel2,A,hin_news_2022_1M,hin,L20,7276,hin_Deva
panel2,A,hin_news_2022_1M,hin,L20,7279,hin_Deva
panel2,A,hin_news_2022_1M,hin,L20,7281,hin_Deva
panel2,A,hin_news_2022_1M,hin,L20,7282,hin_Deva
panel2,A,hin_news_2022_1M,hin,L20,7295,hin_Deva
panel2,A,hin_news_2022_1M,hin,L20,7299,hin_Deva
panel2,A,hin_news_2022_1M,hin,L20,7300,hin_Deva
panel2,A,hin_news_2022_1M,hin,L20,7307,hin_Deva
panel2,A,hin_news_2022_1M,hin,L20,7309,hin_Deva
panel2,A,hin_news_2022_1M,hin,L20,7324,anp_Deva
panel2,A,hin_news_2022_1M,hin,L20,7325,anp_Deva
panel2,A,hin_news_2022_1M,hin,L20,7329,hin_Deva
panel2,A,hin_news_2022_1M,hin,L20,7336,hin_Deva
panel2,A,hin_news_2022_1M,hin,L20,7337,hin_Deva
panel2,A,hin_news_2022_1M,hin,L20,7339,hin_Deva
panel2,A,hin_news_2022_1M,hin,L20,7353,hin_Deva
panel2,A,hin_news_2022_1M,hin,L20,7356,hin_Deva
panel2,A,hin_news_2022_1M,hin,L20,7357,hin_Deva
panel2,A,hin_news_2022_1M,hin,L20,7369,hin_Deva
panel2,A,hin_news_2022_1M,hin,L20,7371,hin_Deva
panel2,A,hin_news_2022_1M,hin,L20,7376,hin_Deva
panel2,A,hin_news_2022_1M,hin,L20,7382,hin_Deva
panel2,A,hin_news_2022_1M,hin,L20,7383,hin_Deva
panel2,A,hin_news_2022_1M,hin,L20,7385,hin_Deva
panel2,A,hin_news_2022_1M,hin,L20,7390,hin_Deva
panel2,A,hin_news_2022_1M,hin,L20,7405,hin_Deva
panel2,A,hin_news_2022_1M,hin,L20,7408,hin_Deva
panel2,A,hin_news_2022_1M,hin,L20,7409,hin_Deva
panel2,A,hin_news_2022_1M,hin,L20,7416,hin_Deva
panel2,A,hin_news_2022_1M,hin,L20,7419,hin_Deva
panel2,A,hin_news_2022_1M,hin,L20,7420,hin_Deva
panel2,A,hin_news_2022_1M,hin,L20,7425,hin_Deva
panel2,A,hin_news_2022_1M,hin,L20,7432,hin_Deva
panel2,A,hin_news_2022_1M,hin,L20,7436,hin_Deva
panel2,A,hin_news_2022_1M,hin,L20,7444,hin_Deva
panel2,A,hin_news_2022_1M,hin,L20,7478,hin_Deva
panel2,A,hin_news_2022_1M,hin,L20,7479,hin_Deva
panel2,A,hin_news_2022_1M,hin,L20,7489,hin_Deva
panel2,A,hin_news_2022_1M,hin,L20,7493,hin_Deva
panel2,A,hin_news_2022_1M,hin,L20,7497,hin_Deva
panel2,A,hin_news_2022_1M,hin,L20,7503,hin_Deva
panel2,A,hin_news_2022_1M,hin,L20,7505,hin_Deva
panel2,A,hin_news_2022_1M,hin,L20,7513,hin_Deva
panel2,A,hin_news_2022_1M,hin,L20,7531,hin_Deva
panel2,A,hin_news_2022_1M,hin,L20,7548,anp_Deva
panel2,A,hin_news_2022_1M,hin,L20,7568,hin_Deva
panel2,A,hin_news_2022_1M,hin,L20,7577,hin_Deva
panel2,A,hin_news_2022_1M,hin,L20,7593,hin_Deva
panel2,A,hin_news_2022_1M,hin,L20,7604,hin_Deva
panel2,A,hin_news_2022_1M,hin,L20,7608,hin_Deva
panel2,A,hin_news_2022_1M,hin,L20,7611,hin_Deva
panel2,A,hin_news_2022_1M,hin,L20,7613,hin_Deva
panel2,A,hin_news_2022_1M,hin,L20,7625,hin_Deva
panel2,A,hin_news_2022_1M,hin,L20,7626,hin_Deva
panel2,A,hin_news_2022_1M,hin,L20,7633,hin_Deva
panel2,A,hin_news_2022_1M,hin,L20,7649,hin_Deva
panel2,A,hin_news_2022_1M,hin,L20,7650,hin_Deva
panel2,A,hin_news_2022_1M,hin,L20,7655,hin_Deva
panel2,A,hin_news_2022_1M,hin,L20,7659,anp_Deva
panel2,A,hin_news_2022_1M,hin,L20,7660,hin_Deva
panel2,A,hin_news_2022_1M,hin,L20,7679,hin_Deva
panel2,A,hin_news_2022_1M,hin,L20,7696,hin_Deva
panel2,A,hin_news_2022_1M,hin,L20,7702,hin_Deva
panel2,A,hin_news_2022_1M,hin,L20,7703,hin_Deva
panel2,A,hin_news_2022_1M,hin,L20,7712,hin_Deva
panel2,A,hin_news_2022_1M,hin,L20,7716,hin_Deva
panel2,A,hin_news_2022_1M,hin,L20,7723,hin_Deva
panel2,A,hin_news_2022_1M,hin,L20,7744,hin_Deva
panel2,A,hin_news_2022_1M,hin,L20,7746,hin_Deva
panel2,A,hin_news_2022_1M,hin,L20,7758,hin_Deva
panel2,A,hin_news_2022_1M,hin,L20,7775,hin_Deva
panel2,A,hin_news_2022_1M,hin,L20,7777,hin_Deva
panel2,A,hin_news_2022_1M,hin,L20,7779,hin_Deva
panel2,A,hin_news_2022_1M,hin,L20,7793,hin_Deva
panel2,A,hin_news_2022_1M,hin,L20,7801,hin_Deva
panel2,A,hin_news_2022_1M,hin,L20,7803,hin_Deva
panel2,A,hin_news_2022_1M,hin,L20,7804,anp_Deva
panel2,A,hin_news_2022_1M,hin,L20,7822,hin_Deva
panel2,A,hin_news_2022_1M,hin,L20,7824,hin_Deva
panel2,A,hin_news_2022_1M,hin,L20,7832,hin_Deva
panel2,A,hin_news_2022_1M,hin,L20,7837,hin_Deva
panel2,A,hin_news_2022_1M,hin,L20,7841,hin_Deva
panel2,A,hin_news_2022_1M,hin,L20,7846,hin_Deva
panel2,A,hin_news_2022_1M,hin,L20,7848,hin_Deva
panel2,A,hin_news_2022_1M,hin,L20,7853,hin_Deva
panel2,A,hin_news_2022_1M,hin,L20,7856,anp_Deva
panel2,A,hin_news_2022_1M,hin,L20,7864,hin_Deva
panel2,A,hin_news_2022_1M,hin,L20,7867,hin_Deva
panel2,A,hin_news_2022_1M,hin,L20,7868,hin_Deva
panel2,A,hin_news_2022_1M,hin,L20,7873,hin_Deva
panel2,A,hin_news_2022_1M,hin,L20,7878,hin_Deva
panel2,A,hin_news_2022_1M,hin,L20,7886,hin_Deva
panel2,A,hin_news_2022_1M,hin,L20,7890,hin_Deva
panel2,A,hin_news_2022_1M,hin,L20,7896,hin_Deva
panel2,A,hin_news_2022_1M,hin,L20,7897,hin_Deva
panel2,A,hin_news_2022_1M,hin,L20,7924,hin_Deva
panel2,A,hin_news_2022_1M,hin,L20,7929,hin_Deva
panel2,A,hin_news_2022_1M,hin,L20,7933,hin_Deva
panel2,A,hin_news_2022_1M,hin,L20,7938,hin_Deva
panel2,A,hin_news_2022_1M,hin,L20,7950,hin_Deva
panel2,A,hin_news_2022_1M,hin,L20,7953,hin_Deva
panel2,A,hin_news_2022_1M,hin,L20,7964,hin_Deva
panel2,A,hin_news_2022_1M,hin,L20,7973,hin_Deva
panel2,A,hin_news_2022_1M,hin,L20,7984,hin_Deva
panel2,A,hin_news_2022_1M,hin,L20,7993,hin_Deva
panel2,A,hin_news_2022_1M,hin,L20,7995,hin_Deva
panel2,A,hin_news_2022_1M,hin,L20,8004,hin_Deva
panel2,A,hin_news_2022_1M,hin,L20,8015,hin_Deva
panel2,A,hin_news_2022_1M,hin,L20,8029,hin_Deva
panel2,A,hin_news_2022_1M,hin,L20,8038,hin_Deva
panel2,A,hin_news_2022_1M,hin,L20,8041,hin_Deva
panel2,A,hin_news_2022_1M,hin,L20,8044,hin_Deva
panel2,A,hin_news_2022_1M,hin,L20,8048,hin_Deva
panel2,A,hin_news_2022_1M,hin,L20,8053,hin_Deva
panel2,A,hin_news_2022_1M,hin,L20,8081,hin_Deva
panel2,A,hin_news_2022_1M,hin,L20,8090,hin_Deva
panel2,A,hin_news_2022_1M,hin,L20,8099,hin_Deva
panel2,A,hin_news_2022_1M,hin,L20,8100,hin_Deva
panel2,A,hin_news_2022_1M,hin,L20,8103,hin_Deva
panel2,A,hin_news_2022_1M,hin,L20,8114,hin_Deva
panel2,A,hin_news_2022_1M,hin,L20,8117,hin_Deva
panel2,A,hin_news_2022_1M,hin,L20,8129,hin_Deva
panel2,A,hin_news_2022_1M,hin,L20,8139,hin_Deva
panel2,A,hin_news_2022_1M,hin,L20,8152,hin_Deva
panel2,A,hin_news_2022_1M,hin,L20,8159,hin_Deva
panel2,A,hin_news_2022_1M,hin,L20,8163,anp_Deva
panel2,A,hin_news_2022_1M,hin,L20,8180,hin_Deva
panel2,A,hin_news_2022_1M,hin,L20,8184,hin_Deva
panel2,A,hin_news_2022_1M,hin,L20,8194,hin_Deva
panel2,A,hin_news_2022_1M,hin,L20,8212,hin_Deva
panel2,A,hin_news_2022_1M,hin,L20,8220,hin_Deva
panel2,A,hin_news_2022_1M,hin,L20,8229,hin_Deva
panel2,A,hin_news_2022_1M,hin,L20,8236,hin_Deva
panel2,A,hin_news_2022_1M,hin,L20,8244,anp_Deva
panel2,A,hin_news_2022_1M,hin,L20,8254,hin_Deva
panel2,A,hin_news_2022_1M,hin,L20,8261,hin_Deva
panel2,A,hin_news_2022_1M,hin,L20,8283,hin_Deva
panel2,A,hin_news_2022_1M,hin,L20,8309,hin_Deva
panel2,A,hin_news_2022_1M,hin,L20,8310,hin_Deva
panel2,A,hin_news_2022_1M,hin,L20,8319,hin_Deva
panel2,A,hin_news_2022_1M,hin,L20,8324,hin_Deva
panel2,A,hin_news_2022_1M,hin,L20,8326,hin_Deva
panel2,A,hin_news_2022_1M,hin,L20,8327,hin_Deva
panel2,A,hin_news_2022_1M,hin,L20,8328,hin_Deva
panel2,A,hin_news_2022_1M,hin,L20,8331,hin_Deva
panel2,A,hin_news_2022_1M,hin,L20,8332,hin_Deva
panel2,A,hin_news_2022_1M,hin,L20,8334,hin_Deva
panel2,A,hin_news_2022_1M,hin,L20,8354,hin_Deva
panel2,A,hin_news_2022_1M,hin,L20,8365,hin_Deva
panel2,A,hin_news_2022_1M,hin,L20,8368,hin_Deva
panel2,A,hin_news_2022_1M,hin,L20,8371,anp_Deva
panel2,A,hin_news_2022_1M,hin,L20,8372,hin_Deva
panel2,A,hin_news_2022_1M,hin,L20,8381,hin_Deva
panel2,A,hin_news_2022_1M,hin,L20,8387,hin_Deva
panel2,A,hin_news_2022_1M,hin,L20,8391,anp_Deva
panel2,A,hin_news_2022_1M,hin,L20,8400,hin_Deva
panel2,A,hin_news_2022_1M,hin,L20,8402,hin_Deva
panel2,A,hin_news_2022_1M,hin,L20,8405,hin_Deva
panel2,A,hin_news_2022_1M,hin,L20,8407,anp_Deva
panel2,A,hin_news_2022_1M,hin,L20,8410,hin_Deva
panel2,A,hin_news_2022_1M,hin,L20,8418,hin_Deva
panel2,A,hin_news_2022_1M,hin,L20,8420,hin_Deva
panel2,A,hin_news_2022_1M,hin,L20,8429,hin_Deva
panel2,A,hin_news_2022_1M,hin,L20,8435,hin_Deva
panel2,A,hin_news_2022_1M,hin,L20,8437,hin_Deva
panel2,A,hin_news_2022_1M,hin,L20,8438,hin_Deva
panel2,A,hin_news_2022_1M,hin,L20,8441,hin_Deva
panel2,A,hin_news_2022_1M,hin,L20,8442,hin_Deva
panel2,A,hin_news_2022_1M,hin,L20,8446,hin_Deva
panel2,A,hin_news_2022_1M,hin,L20,8455,hin_Deva
panel2,A,hin_news_2022_1M,hin,L20,8459,hin_Deva
panel2,A,hin_news_2022_1M,hin,L20,8466,hin_Deva
panel2,A,hin_news_2022_1M,hin,L20,8472,hin_Deva
panel2,A,hin_news_2022_1M,hin,L20,8492,anp_Deva
panel2,A,hin_news_2022_1M,hin,L20,8493,hin_Deva
panel2,A,hin_news_2022_1M,hin,L20,8496,hin_Deva
panel2,A,hin_news_2022_1M,hin,L20,8497,anp_Deva
panel2,A,hin_news_2022_1M,hin,L20,8503,hin_Deva
panel2,A,hin_news_2022_1M,hin,L20,8513,hin_Deva
panel2,A,hin_news_2022_1M,hin,L20,8514,hin_Deva
panel2,A,hin_news_2022_1M,hin,L20,8515,hin_Deva
panel2,A,hin_news_2022_1M,hin,L20,8520,hin_Deva
panel2,A,hin_news_2022_1M,hin,L20,8521,hin_Deva
panel2,A,hin_news_2022_1M,hin,L20,8525,hin_Deva
panel2,A,hin_news_2022_1M,hin,L20,8527,hin_Deva
panel2,A,hin_news_2022_1M,hin,L20,8533,hin_Deva
panel2,A,hin_news_2022_1M,hin,L20,8542,hin_Deva
panel2,A,hin_news_2022_1M,hin,L20,8545,hin_Deva
panel2,A,hin_news_2022_1M,hin,L20,8553,hin_Deva
panel2,A,hin_news_2022_1M,hin,L20,8557,hin_Deva
panel2,A,hin_news_2022_1M,hin,L20,8558,hin_Deva
panel2,A,hin_news_2022_1M,hin,L20,8563,hin_Deva
panel2,A,hin_news_2022_1M,hin,L20,8570,hin_Deva
panel2,A,hin_news_2022_1M,hin,L20,8577,hin_Deva
panel2,A,hin_news_2022_1M,hin,L20,8578,hin_Deva
panel2,A,hin_news_2022_1M,hin,L20,8579,hin_Deva
panel2,A,hin_news_2022_1M,hin,L20,8581,hin_Deva
panel2,A,hin_news_2022_1M,hin,L20,8585,hin_Deva
panel2,A,hin_news_2022_1M,hin,L20,8588,hin_Deva
panel2,A,hin_news_2022_1M,hin,L20,8591,hin_Deva
panel2,A,hin_news_2022_1M,hin,L20,8595,hin_Deva
panel2,A,hin_news_2022_1M,hin,L20,8598,hin_Deva
panel2,A,hin_news_2022_1M,hin,L20,8610,hin_Deva
panel2,A,hin_news_2022_1M,hin,L20,8611,hin_Deva
panel2,A,hin_news_2022_1M,hin,L20,8617,anp_Deva
panel2,A,hin_news_2022_1M,hin,L20,8622,hin_Deva
panel2,A,hin_news_2022_1M,hin,L20,8635,hin_Deva
panel2,A,hin_news_2022_1M,hin,L20,8638,hin_Deva
panel2,A,hin_news_2022_1M,hin,L20,8639,hin_Deva
panel2,A,hin_news_2022_1M,hin,L20,8644,anp_Deva
panel2,A,hin_news_2022_1M,hin,L20,8651,hin_Deva
panel2,A,hin_news_2022_1M,hin,L20,8664,hin_Deva
panel2,A,hin_news_2022_1M,hin,L20,8666,hin_Deva
panel2,A,hin_news_2022_1M,hin,L20,8668,hin_Deva
panel2,A,hin_news_2022_1M,hin,L20,8670,hin_Deva
panel2,A,hin_news_2022_1M,hin,L20,8675,hin_Deva
panel2,A,hin_news_2022_1M,hin,L20,8676,hin_Deva
panel2,A,hin_news_2022_1M,hin,L20,8680,hin_Deva
panel2,A,hin_news_2022_1M,hin,L20,8686,hin_Deva
panel2,A,hin_news_2022_1M,hin,L20,8687,hin_Deva
panel2,A,hin_news_2022_1M,hin,L20,8690,hin_Deva
panel2,A,hin_news_2022_1M,hin,L20,8692,hin_Deva
panel2,A,hin_news_2022_1M,hin,L20,8693,hin_Deva
panel2,A,hin_news_2022_1M,hin,L20,8694,hin_Deva
panel2,A,hin_news_2022_1M,hin,L20,8699,hin_Deva
panel2,A,hin_news_2022_1M,hin,L20,8710,hin_Deva
panel2,A,hin_news_2022_1M,hin,L20,8717,hin_Deva
panel2,A,hin_news_2022_1M,hin,L20,8725,hin_Deva
panel2,A,hin_news_2022_1M,hin,L20,8729,hin_Deva
panel2,A,hin_news_2022_1M,hin,L20,8731,hin_Deva
panel2,A,hin_news_2022_1M,hin,L20,8733,hin_Deva
panel2,A,hin_news_2022_1M,hin,L20,8736,hin_Deva
panel2,A,hin_news_2022_1M,hin,L20,8754,hin_Deva
panel2,A,hin_news_2022_1M,hin,L20,8763,hin_Deva
panel2,A,hin_news_2022_1M,hin,L20,8767,hin_Deva
panel2,A,hin_news_2022_1M,hin,L20,8768,hin_Deva
panel2,A,hin_news_2022_1M,hin,L20,8772,hin_Deva
panel2,A,hin_news_2022_1M,hin,L20,8775,hin_Deva
panel2,A,hin_news_2022_1M,hin,L20,8778,hin_Deva
panel2,A,hin_news_2022_1M,hin,L20,8782,hin_Deva
panel2,A,hin_news_2022_1M,hin,L20,8789,hin_Deva
panel2,A,hin_news_2022_1M,hin,L20,8794,hin_Deva
panel2,A,hin_news_2022_1M,hin,L20,8801,hin_Deva
panel2,A,hin_news_2022_1M,hin,L20,8805,hin_Deva
panel2,A,hin_news_2022_1M,hin,L20,8815,hin_Deva
panel2,A,hin_news_2022_1M,hin,L20,8816,hin_Deva
panel2,A,hin_news_2022_1M,hin,L20,8824,hin_Deva
panel2,A,hin_news_2022_1M,hin,L20,8825,hin_Deva
panel2,A,hin_news_2022_1M,hin,L20,8836,hin_Deva
panel2,A,hin_news_2022_1M,hin,L20,8840,hin_Deva
panel2,A,hin_news_2022_1M,hin,L20,8842,hin_Deva
panel2,A,hin_news_2022_1M,hin,L20,8848,hin_Deva
panel2,A,hin_news_2022_1M,hin,L20,8851,hin_Deva
panel2,A,hin_news_2022_1M,hin,L20,8859,hin_Deva
panel2,A,hin_news_2022_1M,hin,L20,8864,hin_Deva
panel2,A,hin_news_2022_1M,hin,L20,8872,hin_Deva
panel2,A,hin_news_2022_1M,hin,L20,8882,hin_Deva
panel2,A,hin_news_2022_1M,hin,L20,8890,hin_Deva
panel2,A,hin_news_2022_1M,hin,L20,8895,hin_Deva
panel2,A,hin_news_2022_1M,hin,L20,8907,hin_Deva
panel2,A,hin_news_2022_1M,hin,L20,8935,hin_Deva
panel2,A,hin_news_2022_1M,hin,L20,8936,anp_Deva
panel2,A,hin_news_2022_1M,hin,L20,8950,hin_Deva
panel2,A,hin_news_2022_1M,hin,L20,8952,hin_Deva
panel2,A,hin_news_2022_1M,hin,L20,8954,hin_Deva
panel2,A,hin_news_2022_1M,hin,L20,8961,hin_Deva
panel2,A,hin_news_2022_1M,hin,L20,8962,hin_Deva
panel2,A,hin_news_2022_1M,hin,L20,8969,hin_Deva
panel2,A,hin_news_2022_1M,hin,L20,8975,hin_Deva
panel2,A,hin_news_2022_1M,hin,L20,8982,hin_Deva
panel2,A,hin_news_2022_1M,hin,L20,8985,hin_Deva
panel2,A,hin_news_2022_1M,hin,L20,8986,hin_Deva
panel2,A,hin_news_2022_1M,hin,L20,8987,hin_Deva
panel2,A,hin_news_2022_1M,hin,L20,8990,hin_Deva
panel2,A,hin_news_2022_1M,hin,L20,9008,hin_Deva
panel2,A,hin_news_2022_1M,hin,L20,9009,hin_Deva
panel2,A,hin_news_2022_1M,hin,L20,9022,hin_Deva
panel2,A,hin_news_2022_1M,hin,L20,9035,hin_Deva
panel2,A,hin_news_2022_1M,hin,L20,9040,hin_Deva
panel2,A,hin_news_2022_1M,hin,L20,9049,hin_Deva
panel2,A,hin_news_2022_1M,hin,L20,9064,hin_Deva
panel2,A,hin_news_2022_1M,hin,L20,9068,hin_Deva
panel2,A,hin_news_2022_1M,hin,L20,9072,hin_Deva
panel2,A,hin_news_2022_1M,hin,L20,9078,hin_Deva
panel2,A,hin_news_2022_1M,hin,L20,9079,hin_Deva
panel2,A,hin_news_2022_1M,hin,L20,9084,hin_Deva
panel2,A,hin_news_2022_1M,hin,L20,9087,hin_Deva
panel2,A,hin_news_2022_1M,hin,L20,9093,hin_Deva
panel2,A,hin_news_2022_1M,hin,L20,9095,hin_Deva
panel2,A,hin_news_2022_1M,hin,L20,9107,hin_Deva
panel2,A,hin_news_2022_1M,hin,L20,9108,hin_Deva
panel2,A,hin_news_2022_1M,hin,L20,9110,hin_Deva
panel2,A,hin_news_2022_1M,hin,L20,9124,hin_Deva
panel2,A,hin_news_2022_1M,hin,L20,9126,hin_Deva
panel2,A,hin_news_2022_1M,hin,L20,9130,hin_Deva
panel2,A,hin_news_2022_1M,hin,L20,9132,hin_Deva
panel2,A,hin_news_2022_1M,hin,L20,9135,hin_Deva
panel2,A,hin_news_2022_1M,hin,L20,9145,hin_Deva
panel2,A,hin_news_2022_1M,hin,L20,9146,hin_Deva
panel2,A,hin_news_2022_1M,hin,L20,9170,hin_Deva
panel2,A,hin_news_2022_1M,hin,L20,9172,hin_Deva
panel2,A,hin_news_2022_1M,hin,L20,9174,hin_Deva
panel2,A,hin_news_2022_1M,hin,L20,9176,anp_Deva
panel2,A,hin_news_2022_1M,hin,L20,9178,hin_Deva
panel2,A,hin_news_2022_1M,hin,L20,9180,hin_Deva
panel2,A,hin_news_2022_1M,hin,L20,9189,hin_Deva
panel2,A,hin_news_2022_1M,hin,L20,9193,hin_Deva
panel2,A,hin_news_2022_1M,hin,L20,9198,hin_Deva
panel2,A,hin_news_2022_1M,hin,L20,9205,hin_Deva
panel2,A,hin_news_2022_1M,hin,L20,9215,hin_Deva
panel2,A,hin_news_2022_1M,hin,L20,9219,hin_Deva
panel2,A,hin_news_2022_1M,hin,L20,9222,hin_Deva
panel2,A,hin_news_2022_1M,hin,L20,9224,hin_Deva
panel2,A,hin_news_2022_1M,hin,L20,9229,hin_Deva
panel2,A,hin_news_2022_1M,hin,L20,9236,hin_Deva
panel2,A,hin_news_2022_1M,hin,L20,9243,hin_Deva
panel2,A,hin_news_2022_1M,hin,L20,9245,hin_Deva
panel2,A,hin_news_2022_1M,hin,L20,9247,hin_Deva
panel2,A,hin_news_2022_1M,hin,L20,9259,hin_Deva
panel2,A,hin_news_2022_1M,hin,L20,9271,hin_Deva
panel2,A,hin_news_2022_1M,hin,L20,9276,hin_Deva
panel2,A,hin_news_2022_1M,hin,L20,9280,hin_Deva
panel2,A,hin_news_2022_1M,hin,L20,9284,hin_Deva
panel2,A,hin_news_2022_1M,hin,L20,9295,hin_Deva
panel2,A,hin_news_2022_1M,hin,L20,9298,hin_Deva
panel2,A,hin_news_2022_1M,hin,L20,9299,hin_Deva
panel2,A,hin_news_2022_1M,hin,L20,9300,hin_Deva
panel2,A,hin_news_2022_1M,hin,L20,9302,hin_Deva
panel2,A,hin_news_2022_1M,hin,L20,9303,anp_Deva
panel2,A,hin_news_2022_1M,hin,L20,9319,hin_Deva
panel2,A,hin_news_2022_1M,hin,L20,9320,anp_Deva
panel2,A,hin_news_2022_1M,hin,L20,9327,hin_Deva
panel2,A,hin_news_2022_1M,hin,L20,9333,hin_Deva
panel2,A,hin_news_2022_1M,hin,L20,9337,anp_Deva
panel2,A,hin_news_2022_1M,hin,L20,9340,hin_Deva
panel2,A,hin_news_2022_1M,hin,L20,9344,hin_Deva
panel2,A,hin_news_2022_1M,hin,L20,9357,hin_Deva
panel2,A,hin_news_2022_1M,hin,L20,9365,hin_Deva
panel2,A,hin_news_2022_1M,hin,L20,9371,hin_Deva
panel2,A,hin_news_2022_1M,hin,L20,9377,hin_Deva
panel2,A,hin_news_2022_1M,hin,L20,9387,hin_Deva
panel2,A,hin_news_2022_1M,hin,L20,9390,hin_Deva
panel2,A,hin_news_2022_1M,hin,L20,9395,hin_Deva
panel2,A,hin_news_2022_1M,hin,L20,9396,hin_Deva
panel2,A,hin_news_2022_1M,hin,L20,9404,hin_Deva
panel2,A,hin_news_2022_1M,hin,L20,9410,hin_Deva
panel2,A,hin_news_2022_1M,hin,L20,9411,hin_Deva
panel2,A,hin_news_2022_1M,hin,L20,9413,hin_Deva
panel2,A,hin_news_2022_1M,hin,L20,9419,anp_Deva
panel2,A,hin_news_2022_1M,hin,L20,9427,hin_Deva
panel2,A,hin_news_2022_1M,hin,L20,9431,hin_Deva
panel2,A,hin_news_2022_1M,hin,L20,9434,hin_Deva
panel2,A,hin_news_2022_1M,hin,L20,9443,hin_Deva
panel2,A,hin_news_2022_1M,hin,L20,9446,hin_Deva
panel2,A,hin_news_2022_1M,hin,L20,9447,hin_Deva
panel2,A,hin_news_2022_1M,hin,L20,9450,hin_Deva
panel2,A,hin_news_2022_1M,hin,L20,9454,hin_Deva
panel2,A,hin_news_2022_1M,hin,L20,9462,hin_Deva
panel2,A,hin_news_2022_1M,hin,L20,9470,hin_Deva
panel2,A,hin_news_2022_1M,hin,L20,9475,hin_Deva
panel2,A,hin_news_2022_1M,hin,L20,9477,anp_Deva
panel2,A,hin_news_2022_1M,hin,L20,9480,hin_Deva
panel2,A,hin_news_2022_1M,hin,L20,9481,hin_Deva
panel2,A,hin_news_2022_1M,hin,L20,9489,hin_Deva
panel2,A,hin_news_2022_1M,hin,L20,9498,hin_Deva
panel2,A,hin_news_2022_1M,hin,L20,9514,hin_Deva
panel2,A,hin_news_2022_1M,hin,L20,9515,hin_Deva
panel2,A,hin_news_2022_1M,hin,L20,9518,hin_Deva
panel2,A,hin_news_2022_1M,hin,L20,9523,hin_Deva
panel2,A,hin_news_2022_1M,hin,L20,9524,anp_Deva
panel2,A,hin_news_2022_1M,hin,L20,9533,hin_Deva
panel2,A,hin_news_2022_1M,hin,L20,9535,hin_Deva
panel2,A,hin_news_2022_1M,hin,L20,9542,hin_Deva
panel2,A,hin_news_2022_1M,hin,L20,9543,hin_Deva
panel2,A,hin_news_2022_1M,hin,L20,9556,hin_Deva
panel2,A,hin_news_2022_1M,hin,L20,9559,hin_Deva
panel2,A,hin_news_2022_1M,hin,L20,9561,hin_Deva
panel2,A,hin_news_2022_1M,hin,L20,9568,hin_Deva
panel2,A,hin_news_2022_1M,hin,L20,9570,hin_Deva
panel2,A,hin_news_2022_1M,hin,L20,9571,hin_Deva
panel2,A,hin_news_2022_1M,hin,L20,9573,hin_Deva
panel2,A,hin_news_2022_1M,hin,L20,9574,hin_Deva
panel2,A,hin_news_2022_1M,hin,L20,9575,hin_Deva
panel2,A,hin_news_2022_1M,hin,L20,9582,hin_Deva
panel2,A,hin_news_2022_1M,hin,L20,9585,anp_Deva
panel2,A,hin_news_2022_1M,hin,L20,9596,hin_Deva
panel2,A,hin_news_2022_1M,hin,L20,9599,hin_Deva
panel2,A,hin_news_2022_1M,hin,L20,9607,hin_Deva
panel2,A,hin_news_2022_1M,hin,L20,9610,anp_Deva
panel2,A,hin_news_2022_1M,hin,L20,9619,hin_Deva
panel2,A,hin_news_2022_1M,hin,L20,9627,hin_Deva
panel2,A,hin_news_2022_1M,hin,L20,9631,hin_Deva
panel2,A,hin_news_2022_1M,hin,L20,9635,hin_Deva
panel2,A,hin_news_2022_1M,hin,L20,9658,hin_Deva
panel2,A,hin_news_2022_1M,hin,L20,9662,hin_Deva
panel2,A,hin_news_2022_1M,hin,L20,9673,hin_Deva
panel2,A,hin_news_2022_1M,hin,L20,9681,hin_Deva
panel2,A,hin_news_2022_1M,hin,L20,9682,hin_Deva
panel2,A,hin_news_2022_1M,hin,L20,9696,hin_Deva
panel2,A,hin_news_2022_1M,hin,L20,9698,hin_Deva
panel2,A,hin_news_2022_1M,hin,L20,9714,hin_Deva
panel2,A,hin_news_2022_1M,hin,L20,9721,hin_Deva
panel2,A,hin_news_2022_1M,hin,L20,9724,hin_Deva
panel2,A,hin_news_2022_1M,hin,L20,9726,hin_Deva
panel2,A,hin_news_2022_1M,hin,L20,9732,hin_Deva
panel2,A,hin_news_2022_1M,hin,L20,9734,anp_Deva
panel2,A,hin_news_2022_1M,hin,L20,9735,hin_Deva
panel2,A,hin_news_2022_1M,hin,L20,9739,hin_Deva
panel2,A,hin_news_2022_1M,hin,L20,9753,hin_Deva
panel2,A,hin_news_2022_1M,hin,L20,9757,hin_Deva
panel2,A,hin_news_2022_1M,hin,L20,9759,hin_Deva
panel2,A,hin_news_2022_1M,hin,L20,9770,hin_Deva
panel2,A,hin_news_2022_1M,hin,L20,9771,hin_Deva
panel2,A,hin_news_2022_1M,hin,L20,9773,hin_Deva
panel2,A,hin_news_2022_1M,hin,L20,9774,hin_Deva
panel2,A,hin_news_2022_1M,hin,L20,9805,hin_Deva
panel2,A,hin_news_2022_1M,hin,L20,9830,hin_Deva
panel2,A,hin_news_2022_1M,hin,L20,9833,hin_Deva
panel2,A,hin_news_2022_1M,hin,L20,9838,hin_Deva
panel2,A,hin_news_2022_1M,hin,L20,9843,hin_Deva
panel2,A,hin_news_2022_1M,hin,L20,9855,hin_Deva
panel2,A,hin_news_2022_1M,hin,L20,9861,hin_Deva
panel2,A,hin_news_2022_1M,hin,L20,9863,hin_Deva
panel2,A,hin_news_2022_1M,hin,L20,9867,hin_Deva
panel2,A,hin_news_2022_1M,hin,L20,9876,hin_Deva
panel2,A,hin_news_2022_1M,hin,L20,9881,hin_Deva
panel2,A,hin_news_2022_1M,hin,L20,9890,hin_Deva
panel2,A,hin_news_2022_1M,hin,L20,9894,hin_Deva
panel2,A,hin_news_2022_1M,hin,L20,9896,hin_Deva
panel2,A,hin_news_2022_1M,hin,L20,9901,hin_Deva
panel2,A,hin_news_2022_1M,hin,L20,9904,hin_Deva
panel2,A,hin_news_2022_1M,hin,L20,9920,hin_Deva
panel2,A,hin_news_2022_1M,hin,L20,9929,hin_Deva
panel2,A,hin_news_2022_1M,hin,L20,9936,hin_Deva
panel2,A,hin_news_2022_1M,hin,L20,9937,hin_Deva
panel2,A,hin_news_2022_1M,hin,L20,9938,hin_Deva
panel2,A,hin_news_2022_1M,hin,L20,9944,hin_Deva
panel2,A,hin_news_2022_1M,hin,L20,9945,hin_Deva
panel2,A,hin_news_2022_1M,hin,L20,9952,hin_Deva
panel2,A,hin_news_2022_1M,hin,L20,9958,hin_Deva
panel2,A,hin_news_2022_1M,hin,L20,9959,hin_Deva
panel2,A,hin_news_2022_1M,hin,L20,9960,hin_Deva
panel2,A,hin_news_2022_1M,hin,L20,9962,hin_Deva
panel2,A,hin_news_2022_1M,hin,L20,9970,hin_Deva
panel2,A,hin_news_2022_1M,hin,L20,9972,hin_Deva
panel2,A,hin_news_2022_1M,hin,L20,9984,hin_Deva
panel2,A,hin_news_2022_1M,hin,L20,9986,hin_Deva
panel2,A,hin_news_2022_1M,hin,L20,10001,hin_Deva
panel2,A,hin_news_2022_1M,hin,L20,10006,hin_Deva
panel2,A,hin_news_2022_1M,hin,L20,10010,hin_Deva
panel2,A,hin_news_2022_1M,hin,L20,10022,hin_Deva
panel2,A,hin_news_2022_1M,hin,L20,10023,hin_Deva
panel2,A,hin_news_2022_1M,hin,L20,10028,hin_Deva
panel2,A,hin_news_2022_1M,hin,L20,10030,hin_Deva
panel2,A,hin_news_2022_1M,hin,L20,10039,hin_Deva
panel2,A,hin_news_2022_1M,hin,L20,10054,hin_Deva
panel2,A,hin_news_2022_1M,hin,L20,10060,hin_Deva
panel2,A,hin_news_2022_1M,hin,L20,10062,hin_Deva
panel2,A,hin_news_2022_1M,hin,L20,10082,hin_Deva
panel2,A,hin_news_2022_1M,hin,L20,10086,hin_Deva
panel2,A,hin_news_2022_1M,hin,L20,10087,hin_Deva
panel2,A,hin_news_2022_1M,hin,L20,10091,hin_Deva
panel2,A,hin_news_2022_1M,hin,L20,10104,hin_Deva
panel2,A,hin_news_2022_1M,hin,L20,10116,hin_Deva
panel2,A,hin_news_2022_1M,hin,L20,10142,hin_Deva
panel2,A,hin_news_2022_1M,hin,L20,10147,hin_Deva
panel2,A,hin_news_2022_1M,hin,L20,10148,hin_Deva
panel2,A,hin_news_2022_1M,hin,L20,10153,hin_Deva
panel2,A,hin_news_2022_1M,hin,L20,10155,hin_Deva
panel2,A,hin_news_2022_1M,hin,L20,10160,hin_Deva
panel2,A,hin_news_2022_1M,hin,L20,10161,hin_Deva
panel2,A,hin_news_2022_1M,hin,L20,10167,hin_Deva
panel2,A,hin_news_2022_1M,hin,L20,10175,hin_Deva
panel2,A,hin_news_2022_1M,hin,L20,10177,hin_Deva
panel2,A,hin_news_2022_1M,hin,L20,10178,hin_Deva
panel2,A,hin_news_2022_1M,hin,L20,10184,hin_Deva
panel2,A,hin_news_2022_1M,hin,L20,10187,hin_Deva
panel2,A,hin_news_2022_1M,hin,L20,10210,hin_Deva
panel2,A,hin_news_2022_1M,hin,L20,10230,hin_Deva
panel2,A,hin_news_2022_1M,hin,L20,10233,anp_Deva
panel2,A,hin_news_2022_1M,hin,L20,10236,hin_Deva
panel2,A,hin_news_2022_1M,hin,L20,10245,hin_Deva
panel2,A,hin_news_2022_1M,hin,L20,10248,hin_Deva
panel2,A,hin_news_2022_1M,hin,L20,10253,hin_Deva
panel2,A,hin_news_2022_1M,hin,L20,10258,hin_Deva
panel2,A,hin_news_2022_1M,hin,L20,10259,hin_Deva
panel2,A,hin_news_2022_1M,hin,L20,10262,hin_Deva
panel2,A,hin_news_2022_1M,hin,L20,10265,hin_Deva
panel2,A,hin_news_2022_1M,hin,L20,10270,hin_Deva
panel2,A,hin_news_2022_1M,hin,L20,10279,hin_Deva
panel2,A,hin_news_2022_1M,hin,L20,10305,hin_Deva
panel2,A,hin_news_2022_1M,hin,L20,10307,hin_Deva
panel2,A,hin_news_2022_1M,hin,L20,10308,hin_Deva
panel2,A,hin_news_2022_1M,hin,L20,10311,hin_Deva
panel2,A,hin_news_2022_1M,hin,L20,10317,hin_Deva
panel2,A,hin_news_2022_1M,hin,L20,10323,anp_Deva
panel2,A,hin_news_2022_1M,hin,L20,10327,hin_Deva
panel2,A,hin_news_2022_1M,hin,L20,10331,hin_Deva
panel2,A,hin_news_2022_1M,hin,L20,10345,hin_Deva
panel2,A,hin_news_2022_1M,hin,L20,10353,hin_Deva
panel2,A,hin_news_2022_1M,hin,L20,10355,hin_Deva
panel2,A,hin_news_2022_1M,hin,L20,10357,hin_Deva
panel2,A,hin_news_2022_1M,hin,L20,10361,hin_Deva
panel2,A,hin_news_2022_1M,hin,L20,10362,anp_Deva
panel2,A,hin_news_2022_1M,hin,L20,10372,hin_Deva
panel2,A,hin_news_2022_1M,hin,L20,10384,hin_Deva
panel2,A,hin_news_2022_1M,hin,L20,10389,hin_Deva
panel2,A,hin_news_2022_1M,hin,L20,10395,hin_Deva
panel2,A,hin_news_2022_1M,hin,L20,10396,hin_Deva
panel2,A,hin_news_2022_1M,hin,L20,10403,hin_Deva
panel2,A,hin_news_2022_1M,hin,L20,10404,anp_Deva
panel2,A,hin_news_2022_1M,hin,L20,10415,hin_Deva
panel2,A,hin_news_2022_1M,hin,L20,10417,hin_Deva
panel2,A,hin_news_2022_1M,hin,L20,10418,hin_Deva
panel2,A,hin_news_2022_1M,hin,L20,10420,anp_Deva
panel2,A,hin_news_2022_1M,hin,L20,10429,hin_Deva
panel2,A,hin_news_2022_1M,hin,L20,10430,hin_Deva
panel2,A,hin_news_2022_1M,hin,L20,10441,hin_Deva
panel2,A,hin_news_2022_1M,hin,L20,10453,hin_Deva
panel2,A,hin_news_2022_1M,hin,L20,10460,hin_Deva
panel2,A,hin_news_2022_1M,hin,L20,10461,hin_Deva
panel2,A,hin_news_2022_1M,hin,L20,10465,anp_Deva
panel2,A,hin_news_2022_1M,hin,L20,10466,hin_Deva
panel2,A,hin_news_2022_1M,hin,L20,10468,hin_Deva
panel2,A,hin_news_2022_1M,hin,L20,10473,hin_Deva
panel2,A,hin_news_2022_1M,hin,L20,10475,hin_Deva
panel2,A,hin_news_2022_1M,hin,L20,10487,hin_Deva
panel2,A,hin_news_2022_1M,hin,L20,10488,hin_Deva
panel2,A,hin_news_2022_1M,hin,L20,10493,hin_Deva
panel2,A,hin_news_2022_1M,hin,L20,10497,hin_Deva
panel2,A,hin_news_2022_1M,hin,L20,10499,hin_Deva
panel2,A,hin_news_2022_1M,hin,L20,10510,hin_Deva
panel2,A,hin_news_2022_1M,hin,L20,10521,hin_Deva
panel2,A,hin_news_2022_1M,hin,L20,10525,hin_Deva
panel2,A,hin_news_2022_1M,hin,L20,10526,hin_Deva
panel2,A,hin_news_2022_1M,hin,L20,10529,hin_Deva
panel2,A,hin_news_2022_1M,hin,L20,10531,hin_Deva
panel2,A,hin_news_2022_1M,hin,L20,10538,hin_Deva
panel2,A,hin_news_2022_1M,hin,L20,10540,hin_Deva
panel2,A,hin_news_2022_1M,hin,L20,10546,hin_Deva
panel2,A,hin_news_2022_1M,hin,L20,10555,hin_Deva
panel2,A,hin_news_2022_1M,hin,L20,10559,hin_Deva
panel2,A,hin_news_2022_1M,hin,L20,10572,hin_Deva
panel2,A,hin_news_2022_1M,hin,L20,10585,hin_Deva
panel2,A,hin_news_2022_1M,hin,L20,10587,hin_Deva
panel2,A,hin_news_2022_1M,hin,L20,10602,hin_Deva
panel2,A,hin_news_2022_1M,hin,L20,10608,hin_Deva
panel2,A,hin_news_2022_1M,hin,L20,10615,hin_Deva
panel2,A,hin_news_2022_1M,hin,L20,10621,hin_Deva
panel2,A,hin_news_2022_1M,hin,L20,10625,hin_Deva
panel2,A,hin_news_2022_1M,hin,L20,10630,hin_Deva
panel2,A,hin_news_2022_1M,hin,L20,10640,hin_Deva
panel2,A,hin_news_2022_1M,hin,L20,10641,anp_Deva
panel2,A,hin_news_2022_1M,hin,L20,10653,hin_Deva
panel2,A,hin_news_2022_1M,hin,L20,10670,hin_Deva
panel2,A,hin_news_2022_1M,hin,L20,10671,hin_Deva
panel2,A,hin_news_2022_1M,hin,L20,10680,anp_Deva
panel2,A,hin_news_2022_1M,hin,L20,10684,hin_Deva
panel2,A,hin_news_2022_1M,hin,L20,10688,hin_Deva
panel2,A,hin_news_2022_1M,hin,L20,10693,hin_Deva
panel2,A,hin_news_2022_1M,hin,L20,10694,hin_Deva
panel2,A,hin_news_2022_1M,hin,L20,10700,hin_Deva
panel2,A,hin_news_2022_1M,hin,L20,10704,hin_Deva
panel2,A,hin_news_2022_1M,hin,L20,10707,hin_Deva
panel2,A,hin_news_2022_1M,hin,L20,10709,hin_Deva
panel2,A,hin_news_2022_1M,hin,L20,10720,hin_Deva
panel2,A,hin_news_2022_1M,hin,L20,10734,hin_Deva
panel2,A,hin_news_2022_1M,hin,L20,10747,hin_Deva
panel2,A,hin_news_2022_1M,hin,L20,10750,hin_Deva
panel2,A,hin_news_2022_1M,hin,L20,10753,hin_Deva
panel2,A,hin_news_2022_1M,hin,L20,10762,hin_Deva
panel2,A,hin_news_2022_1M,hin,L20,10768,hin_Deva
panel2,A,hin_news_2022_1M,hin,L20,10778,hin_Deva
panel2,A,hin_news_2022_1M,hin,L20,10780,hin_Deva
panel2,A,hin_news_2022_1M,hin,L20,10782,hin_Deva
panel2,A,hin_news_2022_1M,hin,L20,10792,hin_Deva
panel2,A,hin_news_2022_1M,hin,L20,10794,hin_Deva
panel2,A,hin_news_2022_1M,hin,L20,10795,hin_Deva
panel2,A,hin_news_2022_1M,hin,L20,10799,hin_Deva
panel2,A,hin_news_2022_1M,hin,L20,10802,hin_Deva
panel2,A,hin_news_2022_1M,hin,L20,10805,hin_Deva
panel2,A,hin_news_2022_1M,hin,L20,10806,hin_Deva
panel2,A,hin_news_2022_1M,hin,L20,10813,hin_Deva
panel2,A,hin_news_2022_1M,hin,L20,10821,hin_Deva
panel2,A,hin_news_2022_1M,hin,L20,10822,hin_Deva
panel2,A,hin_news_2022_1M,hin,L20,10825,anp_Deva
panel2,A,hin_news_2022_1M,hin,L20,10829,hin_Deva
panel2,A,hin_news_2022_1M,hin,L20,10834,hin_Deva
panel2,A,hin_news_2022_1M,hin,L20,10854,hin_Deva
panel2,A,hin_news_2022_1M,hin,L20,10861,hin_Deva
panel2,A,hin_news_2022_1M,hin,L20,10862,hin_Deva
panel2,A,hin_news_2022_1M,hin,L20,10873,hin_Deva
panel2,A,hin_news_2022_1M,hin,L20,10893,hin_Deva
panel2,A,hin_news_2022_1M,hin,L20,10904,hin_Deva
panel2,A,hin_news_2022_1M,hin,L20,10918,hin_Deva
panel2,A,hin_news_2022_1M,hin,L20,10920,hin_Deva
panel2,A,hin_news_2022_1M,hin,L20,10929,hin_Deva
panel2,A,hin_news_2022_1M,hin,L20,10933,hin_Deva
panel2,A,hin_news_2022_1M,hin,L20,10935,hin_Deva
panel2,A,hin_news_2022_1M,hin,L20,10939,hin_Deva
panel2,A,hin_news_2022_1M,hin,L20,10947,anp_Deva
panel2,A,hin_news_2022_1M,hin,L20,10953,hin_Deva
panel2,A,hin_news_2022_1M,hin,L20,10960,hin_Deva
panel2,A,hin_news_2022_1M,hin,L20,10974,hin_Deva
panel2,A,hin_news_2022_1M,hin,L20,10975,hin_Deva
panel2,A,hin_news_2022_1M,hin,L20,10977,hin_Deva
panel2,A,hin_news_2022_1M,hin,L20,10988,hin_Deva
panel2,A,hin_news_2022_1M,hin,L20,10990,hin_Deva
panel2,A,hin_news_2022_1M,hin,L20,11010,hin_Deva
panel2,A,hin_news_2022_1M,hin,L20,11012,hin_Deva
panel2,A,hin_news_2022_1M,hin,L20,11017,hin_Deva
panel2,A,hin_news_2022_1M,hin,L20,11021,hin_Deva
panel2,A,hin_news_2022_1M,hin,L20,11022,hin_Deva
panel2,A,hin_news_2022_1M,hin,L20,11026,hin_Deva
panel2,A,hin_news_2022_1M,hin,L20,11027,hin_Deva
panel2,A,hin_news_2022_1M,hin,L20,11034,hin_Deva
panel2,A,hin_news_2022_1M,hin,L20,11037,hin_Deva
panel2,A,hin_news_2022_1M,hin,L20,11041,hin_Deva
panel2,A,hin_news_2022_1M,hin,L20,11061,hin_Deva
panel2,A,hin_news_2022_1M,hin,L20,11062,hin_Deva
panel2,A,hin_news_2022_1M,hin,L20,11064,hin_Deva
panel2,A,hin_news_2022_1M,hin,L20,11067,hin_Deva
panel2,A,hin_news_2022_1M,hin,L20,11070,hin_Deva
panel2,A,hin_news_2022_1M,hin,L20,11087,hin_Deva
panel2,A,hin_news_2022_1M,hin,L20,11090,hin_Deva
panel2,A,hin_news_2022_1M,hin,L20,11106,hin_Deva
panel2,A,hin_news_2022_1M,hin,L20,11118,hin_Deva
panel2,A,hin_news_2022_1M,hin,L20,11133,hin_Deva
panel2,A,hin_news_2022_1M,hin,L20,11134,hin_Deva
panel2,A,hin_news_2022_1M,hin,L20,11135,hin_Deva
panel2,A,hin_news_2022_1M,hin,L20,11156,hin_Deva
panel2,A,hin_news_2022_1M,hin,L20,11166,anp_Deva
panel2,A,hin_news_2022_1M,hin,L20,11179,hin_Deva
panel2,A,hin_news_2022_1M,hin,L20,11180,hin_Deva
panel2,A,hin_news_2022_1M,hin,L20,11181,hin_Deva
panel2,A,hin_news_2022_1M,hin,L20,11183,hin_Deva
panel2,A,hin_news_2022_1M,hin,L20,11193,hin_Deva
panel2,A,hin_news_2022_1M,hin,L20,11213,hin_Deva
panel2,A,hin_news_2022_1M,hin,L20,11220,hin_Deva
panel2,A,hin_news_2022_1M,hin,L20,11228,hin_Deva
panel2,A,hin_news_2022_1M,hin,L20,11229,hin_Deva
panel2,A,hin_news_2022_1M,hin,L20,11230,anp_Deva
panel2,A,hin_news_2022_1M,hin,L20,11249,hin_Deva
panel2,A,hin_news_2022_1M,hin,L20,11250,hin_Deva
panel2,A,hin_news_2022_1M,hin,L20,11253,hin_Deva
panel2,A,hin_news_2022_1M,hin,L20,11256,hin_Deva
panel2,A,hin_news_2022_1M,hin,L20,11257,hin_Deva
panel2,A,hin_news_2022_1M,hin,L20,11258,hin_Deva
panel2,A,hin_news_2022_1M,hin,L20,11262,hin_Deva
panel2,A,hin_news_2022_1M,hin,L20,11264,hin_Deva
panel2,A,hin_news_2022_1M,hin,L20,11265,anp_Deva
panel2,A,hin_news_2022_1M,hin,L20,11266,hin_Deva
panel2,A,hin_news_2022_1M,hin,L20,11268,hin_Deva
panel2,A,hin_news_2022_1M,hin,L20,11272,hin_Deva
panel2,A,hin_news_2022_1M,hin,L20,11283,hin_Deva
panel2,A,hin_news_2022_1M,hin,L20,11284,hin_Deva
panel2,A,hin_news_2022_1M,hin,L20,11296,hin_Deva
panel2,A,hin_news_2022_1M,hin,L20,11302,hin_Deva
panel2,A,hin_news_2022_1M,hin,L20,11303,hin_Deva
panel2,A,hin_news_2022_1M,hin,L20,11306,hin_Deva
panel2,A,hin_news_2022_1M,hin,L20,11307,hin_Deva
panel2,A,hin_news_2022_1M,hin,L20,11314,hin_Deva
panel2,A,hin_news_2022_1M,hin,L20,11321,hin_Deva
panel2,A,hin_news_2022_1M,hin,L20,11325,hin_Deva
panel2,A,hin_news_2022_1M,hin,L20,11326,hin_Deva
panel2,A,hin_news_2022_1M,hin,L20,11328,hin_Deva
panel2,A,hin_news_2022_1M,hin,L20,11330,hin_Deva
panel2,A,hin_news_2022_1M,hin,L20,11336,hin_Deva
panel2,A,hin_news_2022_1M,hin,L20,11342,hin_Deva
panel2,A,hin_news_2022_1M,hin,L20,11348,hin_Deva
panel2,A,hin_news_2022_1M,hin,L20,11350,hin_Deva
panel2,A,hin_news_2022_1M,hin,L20,11359,hin_Deva
panel2,A,hin_news_2022_1M,hin,L20,11362,hin_Deva
panel2,A,hin_news_2022_1M,hin,L20,11365,hin_Deva
panel2,A,hin_news_2022_1M,hin,L20,11370,hin_Deva
panel2,A,hin_news_2022_1M,hin,L20,11371,hin_Deva
panel2,A,hin_news_2022_1M,hin,L20,11384,hin_Deva
panel2,A,hin_news_2022_1M,hin,L20,11395,hin_Deva
panel2,A,hin_news_2022_1M,hin,L20,11411,hin_Deva
panel2,A,hin_news_2022_1M,hin,L20,11419,anp_Deva
panel2,A,hin_news_2022_1M,hin,L20,11423,hin_Deva
panel2,A,hin_news_2022_1M,hin,L20,11440,hin_Deva
panel2,A,hin_news_2022_1M,hin,L20,11457,hin_Deva
panel2,A,hin_news_2022_1M,hin,L20,11459,hin_Deva
panel2,A,hin_news_2022_1M,hin,L20,11467,hin_Deva
panel2,A,hin_news_2022_1M,hin,L20,11475,hin_Deva
panel2,A,hin_news_2022_1M,hin,L20,11480,hin_Deva
panel2,A,hin_news_2022_1M,hin,L20,11482,hin_Deva
panel2,A,hin_news_2022_1M,hin,L20,11491,hin_Deva
panel2,A,hin_news_2022_1M,hin,L20,11497,hin_Deva
panel2,A,hin_news_2022_1M,hin,L20,11499,hin_Deva
panel2,A,hin_news_2022_1M,hin,L20,11502,hin_Deva
panel2,A,hin_news_2022_1M,hin,L20,11505,hin_Deva
panel2,A,hin_news_2022_1M,hin,L20,11510,hin_Deva
panel2,A,hin_news_2022_1M,hin,L20,11511,hin_Deva
panel2,A,hin_news_2022_1M,hin,L20,11514,hin_Deva
panel2,A,hin_news_2022_1M,hin,L20,11521,hin_Deva
panel2,A,hin_news_2022_1M,hin,L20,11527,hin_Deva
panel2,A,hin_news_2022_1M,hin,L20,11531,hin_Deva
panel2,A,hin_news_2022_1M,hin,L20,11547,hin_Deva
panel2,A,hin_news_2022_1M,hin,L20,11561,hin_Deva
panel2,A,hin_news_2022_1M,hin,L20,11577,hin_Deva
panel2,A,hin_news_2022_1M,hin,L20,11578,hin_Deva
panel2,A,hin_news_2022_1M,hin,L20,11581,hin_Deva
panel2,A,hin_news_2022_1M,hin,L20,11582,hin_Deva
panel2,A,hin_news_2022_1M,hin,L20,11607,hin_Deva
panel2,A,hin_news_2022_1M,hin,L20,11617,hin_Deva
panel2,A,hin_news_2022_1M,hin,L20,11618,hin_Deva
panel2,A,hin_news_2022_1M,hin,L20,11619,hin_Deva
panel2,A,hin_news_2022_1M,hin,L20,11628,hin_Deva
panel2,A,hin_news_2022_1M,hin,L20,11630,hin_Deva
panel2,A,hin_news_2022_1M,hin,L20,11651,hin_Deva
panel2,A,hin_news_2022_1M,hin,L20,11659,hin_Deva
panel2,A,hin_news_2022_1M,hin,L20,11687,hin_Deva
panel2,A,hin_news_2022_1M,hin,L20,11702,hin_Deva
panel2,A,hin_news_2022_1M,hin,L20,11712,hin_Deva
panel2,A,hin_news_2022_1M,hin,L20,11724,hin_Deva
panel2,A,hin_news_2022_1M,hin,L20,11735,anp_Deva
panel2,A,hin_news_2022_1M,hin,L20,11742,hin_Deva
panel2,A,hin_news_2022_1M,hin,L20,11745,hin_Deva
panel2,A,hin_news_2022_1M,hin,L20,11747,hin_Deva
panel2,A,hin_news_2022_1M,hin,L20,11753,hin_Deva
panel2,A,hin_news_2022_1M,hin,L20,11756,hin_Deva
panel2,A,hin_news_2022_1M,hin,L20,11764,hin_Deva
panel2,A,hin_news_2022_1M,hin,L20,11778,hin_Deva
panel2,A,hin_news_2022_1M,hin,L20,11781,hin_Deva
panel2,A,hin_news_2022_1M,hin,L20,11795,hin_Deva
panel2,A,hin_news_2022_1M,hin,L20,11796,hin_Deva
panel2,A,hin_news_2022_1M,hin,L20,11797,hin_Deva
panel2,A,hin_news_2022_1M,hin,L20,11802,hin_Deva
panel2,A,hin_news_2022_1M,hin,L20,11815,hin_Deva
panel2,A,hin_news_2022_1M,hin,L20,11817,hin_Deva
panel2,A,hin_news_2022_1M,hin,L20,11834,hin_Deva
panel2,A,hin_news_2022_1M,hin,L20,11835,hin_Deva
panel2,A,hin_news_2022_1M,hin,L20,11839,hin_Deva
panel2,A,hin_news_2022_1M,hin,L20,11840,hin_Deva
panel2,A,hin_news_2022_1M,hin,L20,11843,hin_Deva
panel2,A,hin_news_2022_1M,hin,L20,11846,hin_Deva
panel2,A,hin_news_2022_1M,hin,L20,11852,hin_Deva
panel2,A,hin_news_2022_1M,hin,L20,11859,hin_Deva
panel2,A,hin_news_2022_1M,hin,L20,11864,hin_Deva
panel2,A,hin_news_2022_1M,hin,L20,11870,hin_Deva
panel2,A,hin_news_2022_1M,hin,L20,11872,hin_Deva
panel2,A,hin_news_2022_1M,hin,L20,11877,hin_Deva
panel2,A,hin_news_2022_1M,hin,L20,11903,hin_Deva
panel2,A,hin_news_2022_1M,hin,L20,11904,hin_Deva
panel2,A,hin_news_2022_1M,hin,L20,11918,hin_Deva
panel2,A,hin_news_2022_1M,hin,L20,11919,anp_Deva
panel2,A,hin_news_2022_1M,hin,L20,11923,hin_Deva
panel2,A,hin_news_2022_1M,hin,L20,11925,hin_Deva
panel2,A,hin_news_2022_1M,hin,L20,11929,hin_Deva
panel2,A,hin_news_2022_1M,hin,L20,11933,hin_Deva
panel2,A,hin_news_2022_1M,hin,L20,11941,hin_Deva
panel2,A,hin_news_2022_1M,hin,L20,11962,hin_Deva
panel2,A,hin_news_2022_1M,hin,L20,11964,hin_Deva
panel2,A,hin_news_2022_1M,hin,L20,11968,anp_Deva
panel2,A,hin_news_2022_1M,hin,L20,11982,hin_Deva
panel2,A,hin_news_2022_1M,hin,L20,11988,hin_Deva
panel2,A,hin_news_2022_1M,hin,L20,11993,hin_Deva
panel2,A,hin_news_2022_1M,hin,L20,11996,hin_Deva
panel2,A,hin_news_2022_1M,hin,L20,12000,hin_Deva
panel2,A,hin_news_2022_1M,hin,L20,12001,hin_Deva
panel2,A,hin_news_2022_1M,hin,L20,12008,hin_Deva
panel2,A,hin_news_2022_1M,hin,L20,12014,hin_Deva
panel2,A,hin_news_2022_1M,hin,L20,12015,hin_Deva
panel2,A,hin_news_2022_1M,hin,L20,12017,hin_Deva
panel2,A,hin_news_2022_1M,hin,L20,12018,hin_Deva
panel2,A,hin_news_2022_1M,hin,L20,12031,anp_Deva
panel2,A,hin_news_2022_1M,hin,L20,12047,hin_Deva
panel2,A,hin_news_2022_1M,hin,L20,12051,hin_Deva
panel2,A,hin_news_2022_1M,hin,L20,12060,hin_Deva
panel2,A,hin_news_2022_1M,hin,L20,12062,hin_Deva
panel2,A,hin_news_2022_1M,hin,L20,12076,hin_Deva
panel2,A,hin_news_2022_1M,hin,L20,12083,hin_Deva
panel2,A,hin_news_2022_1M,hin,L20,12094,hin_Deva
panel2,A,hin_news_2022_1M,hin,L20,12101,hin_Deva
panel2,A,hin_news_2022_1M,hin,L20,12102,hin_Deva
panel2,A,hin_news_2022_1M,hin,L20,12106,hin_Deva
panel2,A,hin_news_2022_1M,hin,L20,12117,hin_Deva
panel2,A,hin_news_2022_1M,hin,L20,12121,hin_Deva
panel2,A,hin_news_2022_1M,hin,L20,12125,hin_Deva
panel2,A,hin_news_2022_1M,hin,L20,12131,hin_Deva
panel2,A,hin_news_2022_1M,hin,L20,12133,hin_Deva
panel2,A,hin_news_2022_1M,hin,L20,12137,hin_Deva
panel2,A,hin_news_2022_1M,hin,L20,12147,hin_Deva
panel2,A,hin_news_2022_1M,hin,L20,12163,hin_Deva
panel2,A,hin_news_2022_1M,hin,L20,12169,hin_Deva
panel2,A,hin_news_2022_1M,hin,L20,12170,hin_Deva
panel2,A,hin_news_2022_1M,hin,L20,12176,hin_Deva
panel2,A,hin_news_2022_1M,hin,L20,12185,hin_Deva
panel2,A,hin_news_2022_1M,hin,L20,12194,hin_Deva
panel2,A,hin_news_2022_1M,hin,L20,12199,hin_Deva
panel2,A,hin_news_2022_1M,hin,L20,12204,hin_Deva
panel2,A,hin_news_2022_1M,hin,L20,12205,hin_Deva
panel2,A,hin_news_2022_1M,hin,L20,12208,hin_Deva
panel2,A,hin_news_2022_1M,hin,L20,12211,hin_Deva
panel2,A,hin_news_2022_1M,hin,L20,12220,hin_Deva
panel2,A,hin_news_2022_1M,hin,L20,12225,hin_Deva
panel2,A,hin_news_2022_1M,hin,L20,12227,hin_Deva
panel2,A,hin_news_2022_1M,hin,L20,12230,hin_Deva
panel2,A,hin_news_2022_1M,hin,L20,12235,hin_Deva
panel2,A,hin_news_2022_1M,hin,L20,12237,hin_Deva
panel2,A,hin_news_2022_1M,hin,L20,12256,hin_Deva
panel2,A,hin_news_2022_1M,hin,L20,12263,hin_Deva
panel2,A,hin_news_2022_1M,hin,L20,12265,hin_Deva
panel2,A,hin_news_2022_1M,hin,L20,12274,hin_Deva
panel2,A,hin_news_2022_1M,hin,L20,12275,hin_Deva
panel2,A,hin_news_2022_1M,hin,L20,12281,hin_Deva
panel2,A,hin_news_2022_1M,hin,L20,12282,hin_Deva
panel2,A,hin_news_2022_1M,hin,L20,12285,hin_Deva
panel2,A,hin_news_2022_1M,hin,L20,12292,hin_Deva
panel2,A,hin_news_2022_1M,hin,L20,12296,hin_Deva
panel2,A,hin_news_2022_1M,hin,L20,12301,hin_Deva
panel2,A,hin_news_2022_1M,hin,L20,12304,hin_Deva
panel2,A,hin_news_2022_1M,hin,L20,12305,hin_Deva
panel2,A,hin_news_2022_1M,hin,L20,12309,hin_Deva
panel2,A,hin_news_2022_1M,hin,L20,12310,hin_Deva
panel2,A,hin_news_2022_1M,hin,L20,12313,hin_Deva
panel2,A,hin_news_2022_1M,hin,L20,12314,hin_Deva
panel2,A,hin_news_2022_1M,hin,L20,12323,hin_Deva
panel2,A,hin_news_2022_1M,hin,L20,12327,hin_Deva
panel2,A,hin_news_2022_1M,hin,L20,12330,hin_Deva
panel2,A,hin_news_2022_1M,hin,L20,12340,hin_Deva
panel2,A,hin_news_2022_1M,hin,L20,12353,hin_Deva
panel2,A,hin_news_2022_1M,hin,L20,12357,hin_Deva
panel2,A,hin_news_2022_1M,hin,L20,12360,hin_Deva
panel2,A,hin_news_2022_1M,hin,L20,12375,hin_Deva
panel2,A,hin_news_2022_1M,hin,L20,12400,hin_Deva
panel2,A,hin_news_2022_1M,hin,L20,12403,hin_Deva
panel2,A,hin_news_2022_1M,hin,L20,12405,hin_Deva
panel2,A,hin_news_2022_1M,hin,L20,12406,hin_Deva
panel2,A,hin_news_2022_1M,hin,L20,12414,hin_Deva
panel2,A,hin_news_2022_1M,hin,L20,12417,hin_Deva
panel2,A,hin_news_2022_1M,hin,L20,12421,hin_Deva
panel2,A,hin_news_2022_1M,hin,L20,12442,hin_Deva
panel2,A,hin_news_2022_1M,hin,L20,12450,hin_Deva
panel2,A,hin_news_2022_1M,hin,L20,12463,hin_Deva
panel2,A,hin_news_2022_1M,hin,L20,12466,hin_Deva
panel2,A,hin_news_2022_1M,hin,L20,12467,hin_Deva
panel2,A,hin_news_2022_1M,hin,L20,12468,hin_Deva
panel2,A,hin_news_2022_1M,hin,L20,12476,hin_Deva
panel2,A,hin_news_2022_1M,hin,L20,12477,hin_Deva
panel2,A,hin_news_2022_1M,hin,L20,12480,hin_Deva
panel2,A,hin_news_2022_1M,hin,L20,12487,hin_Deva
panel2,A,hin_news_2022_1M,hin,L20,12496,hin_Deva
panel2,A,hin_news_2022_1M,hin,L20,12500,anp_Deva
panel2,A,hin_news_2022_1M,hin,L20,12522,hin_Deva
panel2,A,hin_news_2022_1M,hin,L20,12523,hin_Deva
panel2,A,nep_news_2020_300K,nep,L1,309,npi_Deva
panel2,A,nep_news_2020_300K,nep,L1,390,npi_Deva
panel2,A,nep_news_2020_300K,nep,L1,438,npi_Deva
panel2,A,nep_news_2020_300K,nep,L1,483,npi_Deva
panel2,A,nep_news_2020_300K,nep,L1,564,npi_Deva
panel2,A,nep_news_2020_300K,nep,L1,838,npi_Deva
panel2,A,nep_news_2020_300K,nep,L1,868,npi_Deva
panel2,A,nep_news_2020_300K,nep,L1,960,npi_Deva
panel2,A,nep_news_2020_300K,nep,L1,1040,npi_Deva
panel2,A,nep_news_2020_300K,nep,L1,1106,npi_Deva
panel2,A,nep_news_2020_300K,nep,L1,1450,npi_Deva
panel2,A,nep_news_2020_300K,nep,L1,1700,awa_Deva
panel2,A,nep_news_2020_300K,nep,L1,1902,npi_Deva
panel2,A,nep_news_2020_300K,nep,L1,2055,npi_Deva
panel2,A,nep_news_2020_300K,nep,L1,2228,npi_Deva
panel2,A,nep_news_2020_300K,nep,L1,2316,npi_Deva
panel2,A,nep_news_2020_300K,nep,L1,2405,npi_Deva
panel2,A,nep_news_2020_300K,nep,L1,2753,npi_Deva
panel2,A,nep_news_2020_300K,nep,L1,2787,npi_Deva
panel2,A,nep_news_2020_300K,nep,L1,2874,npi_Deva
panel2,A,nep_news_2020_300K,nep,L1,3222,npi_Deva
panel2,A,nep_news_2020_300K,nep,L1,3227,npi_Deva
panel2,A,nep_news_2020_300K,nep,L1,3356,npi_Deva
panel2,A,nep_news_2020_300K,nep,L1,3604,npi_Deva
panel2,A,nep_news_2020_300K,nep,L1,3702,npi_Deva
panel2,A,nep_news_2020_300K,nep,L1,3787,npi_Deva
panel2,A,nep_news_2020_300K,nep,L1,3838,npi_Deva
panel2,A,nep_news_2020_300K,nep,L1,4167,npi_Deva
panel2,A,nep_news_2020_300K,nep,L1,4236,npi_Deva
panel2,A,nep_news_2020_300K,nep,L1,4388,npi_Deva
panel2,A,nep_news_2020_300K,nep,L1,4952,npi_Deva
panel2,A,nep_news_2020_300K,nep,L1,5026,npi_Deva
panel2,A,nep_news_2020_300K,nep,L1,5068,npi_Deva
panel2,A,nep_news_2020_300K,nep,L1,5237,npi_Deva
panel2,A,nep_news_2020_300K,nep,L1,5441,npi_Deva
panel2,A,nep_news_2020_300K,nep,L1,5481,npi_Deva
panel2,A,nep_news_2020_300K,nep,L1,5562,npi_Deva
panel2,A,nep_news_2020_300K,nep,L1,5717,npi_Deva
panel2,A,nep_news_2020_300K,nep,L1,6260,npi_Deva
panel2,A,nep_news_2020_300K,nep,L1,6633,npi_Deva
panel2,A,nep_news_2020_300K,nep,L1,6697,npi_Deva
panel2,A,nep_news_2020_300K,nep,L1,6716,mai_Deva
panel2,A,nep_news_2020_300K,nep,L1,6733,npi_Deva
panel2,A,nep_news_2020_300K,nep,L1,6735,npi_Deva
panel2,A,nep_news_2020_300K,nep,L1,6831,npi_Deva
panel2,A,nep_news_2020_300K,nep,L1,7031,npi_Deva
panel2,A,nep_news_2020_300K,nep,L1,7103,npi_Deva
panel2,A,nep_news_2020_300K,nep,L1,7200,npi_Deva
panel2,A,nep_news_2020_300K,nep,L1,7201,npi_Deva
panel2,A,nep_news_2020_300K,nep,L1,7281,npi_Deva
panel2,A,nep_news_2020_300K,nep,L1,7449,npi_Deva
panel2,A,nep_news_2020_300K,nep,L1,7725,npi_Deva
panel2,A,nep_news_2020_300K,nep,L1,7792,npi_Deva
panel2,A,nep_news_2020_300K,nep,L1,8494,npi_Deva
panel2,A,nep_news_2020_300K,nep,L1,8865,npi_Deva
panel2,A,nep_news_2020_300K,nep,L1,9041,npi_Deva
panel2,A,nep_news_2020_300K,nep,L1,9070,npi_Deva
panel2,A,nep_news_2020_300K,nep,L1,9444,npi_Deva
panel2,A,nep_news_2020_300K,nep,L1,9455,npi_Deva
panel2,A,nep_news_2020_300K,nep,L1,9683,npi_Deva
panel2,A,nep_news_2020_300K,nep,L1,9865,npi_Deva
panel2,A,nep_news_2020_300K,nep,L1,10193,npi_Deva
panel2,A,nep_news_2020_300K,nep,L1,10284,npi_Deva
panel2,A,nep_news_2020_300K,nep,L1,10350,npi_Deva
panel2,A,nep_news_2020_300K,nep,L1,10572,npi_Deva
panel2,A,nep_news_2020_300K,nep,L1,10667,npi_Deva
panel2,A,nep_news_2020_300K,nep,L1,10691,npi_Deva
panel2,A,nep_news_2020_300K,nep,L1,10743,npi_Deva
panel2,A,nep_news_2020_300K,nep,L1,11044,npi_Deva
panel2,A,nep_news_2020_300K,nep,L1,11295,npi_Deva
panel2,A,nep_news_2020_300K,nep,L1,11475,npi_Deva
panel2,A,nep_news_2020_300K,nep,L1,11491,npi_Deva
panel2,A,nep_news_2020_300K,nep,L1,11558,npi_Deva
panel2,A,nep_news_2020_300K,nep,L1,11969,npi_Deva
panel2,A,nep_news_2020_300K,nep,L1,12118,npi_Deva
panel2,A,nep_news_2020_300K,nep,L1,12133,npi_Deva
panel2,A,nep_news_2020_300K,nep,L1,12134,npi_Deva
panel2,A,nep_news_2020_300K,nep,L1,12734,npi_Deva
panel2,A,nep_news_2020_300K,nep,L1,13007,npi_Deva
panel2,A,nep_news_2020_300K,nep,L1,13075,npi_Deva
panel2,A,nep_news_2020_300K,nep,L1,13148,npi_Deva
panel2,A,nep_news_2020_300K,nep,L1,13218,npi_Deva
panel2,A,nep_news_2020_300K,nep,L1,13294,npi_Deva
panel2,A,nep_news_2020_300K,nep,L1,13801,npi_Deva
panel2,A,nep_news_2020_300K,nep,L1,13856,npi_Deva
panel2,A,nep_news_2020_300K,nep,L1,13938,npi_Deva
panel2,A,nep_news_2020_300K,nep,L1,13955,npi_Deva
panel2,A,nep_news_2020_300K,nep,L1,14261,npi_Deva
panel2,A,nep_news_2020_300K,nep,L1,14292,npi_Deva
panel2,A,nep_news_2020_300K,nep,L1,14444,npi_Deva
panel2,A,nep_news_2020_300K,nep,L1,14530,npi_Deva
panel2,A,nep_news_2020_300K,nep,L1,14532,npi_Deva
panel2,A,nep_news_2020_300K,nep,L1,15195,npi_Deva
panel2,A,nep_news_2020_300K,nep,L1,15365,npi_Deva
panel2,A,nep_news_2020_300K,nep,L1,15381,npi_Deva
panel2,A,nep_news_2020_300K,nep,L1,15441,npi_Deva
panel2,A,nep_news_2020_300K,nep,L1,15446,npi_Deva
panel2,A,nep_news_2020_300K,nep,L1,15457,npi_Deva
panel2,A,nep_news_2020_300K,nep,L1,15502,npi_Deva
panel2,A,nep_news_2020_300K,nep,L1,15530,npi_Deva
panel2,A,nep_news_2020_300K,nep,L1,15637,npi_Deva
panel2,A,nep_news_2020_300K,nep,L1,15751,npi_Deva
panel2,A,nep_news_2020_300K,nep,L1,16403,npi_Deva
panel2,A,nep_news_2020_300K,nep,L1,16599,npi_Deva
panel2,A,nep_news_2020_300K,nep,L1,16631,npi_Deva
panel2,A,nep_news_2020_300K,nep,L1,16705,npi_Deva
panel2,A,nep_news_2020_300K,nep,L1,16724,npi_Deva
panel2,A,nep_news_2020_300K,nep,L1,16954,npi_Deva
panel2,A,nep_news_2020_300K,nep,L1,17290,npi_Deva
panel2,A,nep_news_2020_300K,nep,L1,17311,npi_Deva
panel2,A,nep_news_2020_300K,nep,L1,17352,npi_Deva
panel2,A,nep_news_2020_300K,nep,L1,17438,npi_Deva
panel2,A,nep_news_2020_300K,nep,L1,17551,npi_Deva
panel2,A,nep_news_2020_300K,nep,L1,17842,npi_Deva
panel2,A,nep_news_2020_300K,nep,L1,17883,npi_Deva
panel2,A,nep_news_2020_300K,nep,L1,18337,npi_Deva
panel2,A,nep_news_2020_300K,nep,L1,18456,npi_Deva
panel2,A,nep_news_2020_300K,nep,L1,18524,npi_Deva
panel2,A,nep_news_2020_300K,nep,L1,18586,npi_Deva
panel2,A,nep_news_2020_300K,nep,L1,18601,npi_Deva
panel2,A,nep_news_2020_300K,nep,L1,18783,npi_Deva
panel2,A,nep_news_2020_300K,nep,L1,18818,npi_Deva
panel2,A,nep_news_2020_300K,nep,L1,18840,npi_Deva
panel2,A,nep_news_2020_300K,nep,L1,19042,npi_Deva
panel2,A,nep_news_2020_300K,nep,L1,19205,npi_Deva
panel2,A,nep_news_2020_300K,nep,L1,19231,npi_Deva
panel2,A,nep_news_2020_300K,nep,L1,19276,npi_Deva
panel2,A,nep_news_2020_300K,nep,L1,19327,npi_Deva
panel2,A,nep_news_2020_300K,nep,L1,19417,npi_Deva
panel2,A,nep_news_2020_300K,nep,L1,19476,npi_Deva
panel2,A,nep_news_2020_300K,nep,L1,19509,npi_Deva
panel2,A,nep_news_2020_300K,nep,L1,19560,npi_Deva
panel2,A,nep_news_2020_300K,nep,L1,19629,npi_Deva
panel2,A,nep_news_2020_300K,nep,L1,19806,npi_Deva
panel2,A,nep_news_2020_300K,nep,L1,20007,npi_Deva
panel2,A,nep_news_2020_300K,nep,L1,20165,npi_Deva
panel2,A,nep_news_2020_300K,nep,L1,20217,npi_Deva
panel2,A,nep_news_2020_300K,nep,L1,20282,npi_Deva
panel2,A,nep_news_2020_300K,nep,L1,20330,npi_Deva
panel2,A,nep_news_2020_300K,nep,L1,20435,npi_Deva
panel2,A,nep_news_2020_300K,nep,L1,20453,npi_Deva
panel2,A,nep_news_2020_300K,nep,L1,20726,npi_Deva
panel2,A,nep_news_2020_300K,nep,L1,20731,npi_Deva
panel2,A,nep_news_2020_300K,nep,L1,20734,npi_Deva
panel2,A,nep_news_2020_300K,nep,L1,20755,npi_Deva
panel2,A,nep_news_2020_300K,nep,L1,20770,npi_Deva
panel2,A,nep_news_2020_300K,nep,L1,20780,npi_Deva
panel2,A,nep_news_2020_300K,nep,L1,20857,npi_Deva
panel2,A,nep_news_2020_300K,nep,L1,21018,npi_Deva
panel2,A,nep_news_2020_300K,nep,L1,21233,npi_Deva
panel2,A,nep_news_2020_300K,nep,L1,21408,npi_Deva
panel2,A,nep_news_2020_300K,nep,L1,21586,npi_Deva
panel2,A,nep_news_2020_300K,nep,L1,21640,npi_Deva
panel2,A,nep_news_2020_300K,nep,L1,21758,npi_Deva
panel2,A,nep_news_2020_300K,nep,L1,21815,npi_Deva
panel2,A,nep_news_2020_300K,nep,L1,21854,npi_Deva
panel2,A,nep_news_2020_300K,nep,L1,22138,npi_Deva
panel2,A,nep_news_2020_300K,nep,L1,22305,npi_Deva
panel2,A,nep_news_2020_300K,nep,L1,22392,npi_Deva
panel2,A,nep_news_2020_300K,nep,L1,22452,npi_Deva
panel2,A,nep_news_2020_300K,nep,L1,22849,npi_Deva
panel2,A,nep_news_2020_300K,nep,L1,23003,npi_Deva
panel2,A,nep_news_2020_300K,nep,L1,23043,npi_Deva
panel2,A,nep_news_2020_300K,nep,L1,23083,npi_Deva
panel2,A,nep_news_2020_300K,nep,L1,23130,npi_Deva
panel2,A,nep_news_2020_300K,nep,L1,23167,npi_Deva
panel2,A,nep_news_2020_300K,nep,L1,23285,npi_Deva
panel2,A,nep_news_2020_300K,nep,L1,23297,npi_Deva
panel2,A,nep_news_2020_300K,nep,L1,23308,npi_Deva
panel2,A,nep_news_2020_300K,nep,L1,23674,npi_Deva
panel2,A,nep_news_2020_300K,nep,L1,23854,npi_Deva
panel2,A,nep_news_2020_300K,nep,L1,23943,npi_Deva
panel2,A,nep_news_2020_300K,nep,L1,23978,npi_Deva
panel2,A,nep_news_2020_300K,nep,L1,24333,npi_Deva
panel2,A,nep_news_2020_300K,nep,L1,24448,npi_Deva
panel2,A,nep_news_2020_300K,nep,L1,24547,npi_Deva
panel2,A,nep_news_2020_300K,nep,L1,24798,npi_Deva
panel2,A,nep_news_2020_300K,nep,L1,24909,npi_Deva
panel2,A,nep_news_2020_300K,nep,L1,25516,npi_Deva
panel2,A,nep_news_2020_300K,nep,L1,25618,npi_Deva
panel2,A,nep_news_2020_300K,nep,L1,25628,npi_Deva
panel2,A,nep_news_2020_300K,nep,L1,25746,npi_Deva
panel2,A,nep_news_2020_300K,nep,L1,26011,npi_Deva
panel2,A,nep_news_2020_300K,nep,L1,26161,npi_Deva
panel2,A,nep_news_2020_300K,nep,L1,26330,npi_Deva
panel2,A,nep_news_2020_300K,nep,L1,26366,npi_Deva
panel2,A,nep_news_2020_300K,nep,L1,26453,npi_Deva
panel2,A,nep_news_2020_300K,nep,L1,26562,npi_Deva
panel2,A,nep_news_2020_300K,nep,L1,26665,npi_Deva
panel2,A,nep_news_2020_300K,nep,L1,26683,npi_Deva
panel2,A,nep_news_2020_300K,nep,L1,26788,npi_Deva
panel2,A,nep_news_2020_300K,nep,L1,27052,npi_Deva
panel2,A,nep_news_2020_300K,nep,L1,27124,npi_Deva
panel2,A,nep_news_2020_300K,nep,L1,27581,npi_Deva
panel2,A,nep_news_2020_300K,nep,L1,27675,npi_Deva
panel2,A,nep_news_2020_300K,nep,L1,27740,npi_Deva
panel2,A,nep_news_2020_300K,nep,L1,27813,npi_Deva
panel2,A,nep_news_2020_300K,nep,L1,28041,npi_Deva
panel2,A,nep_news_2020_300K,nep,L1,28099,npi_Deva
panel2,A,nep_news_2020_300K,nep,L1,28286,npi_Deva
panel2,A,nep_news_2020_300K,nep,L1,28413,npi_Deva
panel2,A,nep_news_2020_300K,nep,L1,28448,npi_Deva
panel2,A,nep_news_2020_300K,nep,L1,28499,npi_Deva
panel2,A,nep_news_2020_300K,nep,L1,28853,npi_Deva
panel2,A,nep_news_2020_300K,nep,L1,29071,npi_Deva
panel2,A,nep_news_2020_300K,nep,L1,29487,npi_Deva
panel2,A,nep_news_2020_300K,nep,L1,29680,npi_Deva
panel2,A,nep_news_2020_300K,nep,L1,29705,npi_Deva
panel2,A,nep_news_2020_300K,nep,L1,29800,npi_Deva
panel2,A,nep_news_2020_300K,nep,L1,30057,npi_Deva
panel2,A,nep_news_2020_300K,nep,L1,30174,npi_Deva
panel2,A,nep_news_2020_300K,nep,L1,30643,npi_Deva
panel2,A,nep_news_2020_300K,nep,L1,30952,npi_Deva
panel2,A,nep_news_2020_300K,nep,L1,31166,npi_Deva
panel2,A,nep_news_2020_300K,nep,L1,31342,npi_Deva
panel2,A,nep_news_2020_300K,nep,L1,31417,npi_Deva
panel2,A,nep_news_2020_300K,nep,L1,31447,npi_Deva
panel2,A,nep_news_2020_300K,nep,L1,31665,npi_Deva
panel2,A,nep_news_2020_300K,nep,L1,32138,npi_Deva
panel2,A,nep_news_2020_300K,nep,L1,32723,npi_Deva
panel2,A,nep_news_2020_300K,nep,L1,32992,npi_Deva
panel2,A,nep_news_2020_300K,nep,L1,33099,npi_Deva
panel2,A,nep_news_2020_300K,nep,L1,33135,npi_Deva
panel2,A,nep_news_2020_300K,nep,L1,33192,npi_Deva
panel2,A,nep_news_2020_300K,nep,L1,33891,npi_Deva
panel2,A,nep_news_2020_300K,nep,L1,33997,npi_Deva
panel2,A,nep_news_2020_300K,nep,L1,34021,npi_Deva
panel2,A,nep_news_2020_300K,nep,L1,34032,npi_Deva
panel2,A,nep_news_2020_300K,nep,L1,34045,npi_Deva
panel2,A,nep_news_2020_300K,nep,L1,34124,npi_Deva
panel2,A,nep_news_2020_300K,nep,L1,34126,npi_Deva
panel2,A,nep_news_2020_300K,nep,L1,34401,new_Deva
panel2,A,nep_news_2020_300K,nep,L1,34501,npi_Deva
panel2,A,nep_news_2020_300K,nep,L1,34527,npi_Deva
panel2,A,nep_news_2020_300K,nep,L1,34808,npi_Deva
panel2,A,nep_news_2020_300K,nep,L1,34824,npi_Deva
panel2,A,nep_news_2020_300K,nep,L1,34864,npi_Deva
panel2,A,nep_news_2020_300K,nep,L1,34981,npi_Deva
panel2,A,nep_news_2020_300K,nep,L1,35185,npi_Deva
panel2,A,nep_news_2020_300K,nep,L1,35309,npi_Deva
panel2,A,nep_news_2020_300K,nep,L1,35368,npi_Deva
panel2,A,nep_news_2020_300K,nep,L1,35479,npi_Deva
panel2,A,nep_news_2020_300K,nep,L1,35578,npi_Deva
panel2,A,nep_news_2020_300K,nep,L1,35623,npi_Deva
panel2,A,nep_news_2020_300K,nep,L1,35731,npi_Deva
panel2,A,nep_news_2020_300K,nep,L1,35774,npi_Deva
panel2,A,nep_news_2020_300K,nep,L1,35805,npi_Deva
panel2,A,nep_news_2020_300K,nep,L1,36052,npi_Deva
panel2,A,nep_news_2020_300K,nep,L1,36380,npi_Deva
panel2,A,nep_news_2020_300K,nep,L1,36443,npi_Deva
panel2,A,nep_news_2020_300K,nep,L1,37004,npi_Deva
panel2,A,nep_news_2020_300K,nep,L1,37098,npi_Deva
panel2,A,nep_news_2020_300K,nep,L1,37244,npi_Deva
panel2,A,nep_news_2020_300K,nep,L1,37322,npi_Deva
panel2,A,nep_news_2020_300K,nep,L1,37451,npi_Deva
panel2,A,nep_news_2020_300K,nep,L1,37529,npi_Deva
panel2,A,nep_news_2020_300K,nep,L1,37621,npi_Deva
panel2,A,nep_news_2020_300K,nep,L1,37873,npi_Deva
panel2,A,nep_news_2020_300K,nep,L1,37874,npi_Deva
panel2,A,nep_news_2020_300K,nep,L1,38366,npi_Deva
panel2,A,nep_news_2020_300K,nep,L1,38415,npi_Deva
panel2,A,nep_news_2020_300K,nep,L1,38603,npi_Deva
panel2,A,nep_news_2020_300K,nep,L1,38686,npi_Deva
panel2,A,nep_news_2020_300K,nep,L1,38718,npi_Deva
panel2,A,nep_news_2020_300K,nep,L1,39396,npi_Deva
panel2,A,nep_news_2020_300K,nep,L1,39869,npi_Deva
panel2,A,nep_news_2020_300K,nep,L1,39879,npi_Deva
panel2,A,nep_news_2020_300K,nep,L1,39925,npi_Deva
panel2,A,nep_news_2020_300K,nep,L1,40248,npi_Deva
panel2,A,nep_news_2020_300K,nep,L1,40484,npi_Deva
panel2,A,nep_news_2020_300K,nep,L1,41611,npi_Deva
panel2,A,nep_news_2020_300K,nep,L1,41687,npi_Deva
panel2,A,nep_news_2020_300K,nep,L1,42178,npi_Deva
panel2,A,nep_news_2020_300K,nep,L1,42431,npi_Deva
panel2,A,nep_news_2020_300K,nep,L1,42539,npi_Deva
panel2,A,nep_news_2020_300K,nep,L1,42702,npi_Deva
panel2,A,nep_news_2020_300K,nep,L1,42853,npi_Deva
panel2,A,nep_news_2020_300K,nep,L1,42860,npi_Deva
panel2,A,nep_news_2020_300K,nep,L1,42988,npi_Deva
panel2,A,nep_news_2020_300K,nep,L1,43131,npi_Deva
panel2,A,nep_news_2020_300K,nep,L1,43250,npi_Deva
panel2,A,nep_news_2020_300K,nep,L1,43328,npi_Deva
panel2,A,nep_news_2020_300K,nep,L1,43560,npi_Deva
panel2,A,nep_news_2020_300K,nep,L1,43563,npi_Deva
panel2,A,nep_news_2020_300K,nep,L1,43627,npi_Deva
panel2,A,nep_news_2020_300K,nep,L1,43634,npi_Deva
panel2,A,nep_news_2020_300K,nep,L1,43701,npi_Deva
panel2,A,nep_news_2020_300K,nep,L1,43932,npi_Deva
panel2,A,nep_news_2020_300K,nep,L1,43983,npi_Deva
panel2,A,nep_news_2020_300K,nep,L1,43987,npi_Deva
panel2,A,nep_news_2020_300K,nep,L1,44006,npi_Deva
panel2,A,nep_news_2020_300K,nep,L1,44035,npi_Deva
panel2,A,nep_news_2020_300K,nep,L1,44192,npi_Deva
panel2,A,nep_news_2020_300K,nep,L1,44377,npi_Deva
panel2,A,nep_news_2020_300K,nep,L1,44412,npi_Deva
panel2,A,nep_news_2020_300K,nep,L1,44558,npi_Deva
panel2,A,nep_news_2020_300K,nep,L1,44762,npi_Deva
panel2,A,nep_news_2020_300K,nep,L1,45119,npi_Deva
panel2,A,nep_news_2020_300K,nep,L1,45137,npi_Deva
panel2,A,nep_news_2020_300K,nep,L1,45175,npi_Deva
panel2,A,nep_news_2020_300K,nep,L1,45249,npi_Deva
panel2,A,nep_news_2020_300K,nep,L1,45340,npi_Deva
panel2,A,nep_news_2020_300K,nep,L1,45861,npi_Deva
panel2,A,nep_news_2020_300K,nep,L1,45870,npi_Deva
panel2,A,nep_news_2020_300K,nep,L1,46068,npi_Deva
panel2,A,nep_news_2020_300K,nep,L1,46208,npi_Deva
panel2,A,nep_news_2020_300K,nep,L1,46365,npi_Deva
panel2,A,nep_news_2020_300K,nep,L1,46401,npi_Deva
panel2,A,nep_news_2020_300K,nep,L1,46847,npi_Deva
panel2,A,nep_news_2020_300K,nep,L1,47006,npi_Deva
panel2,A,nep_news_2020_300K,nep,L1,47008,npi_Deva
panel2,A,nep_news_2020_300K,nep,L1,47093,npi_Deva
panel2,A,nep_news_2020_300K,nep,L1,47234,npi_Deva
panel2,A,nep_news_2020_300K,nep,L1,47467,npi_Deva
panel2,A,nep_news_2020_300K,nep,L1,47644,npi_Deva
panel2,A,nep_news_2020_300K,nep,L1,47895,npi_Deva
panel2,A,nep_news_2020_300K,nep,L1,48269,npi_Deva
panel2,A,nep_news_2020_300K,nep,L1,48310,npi_Deva
panel2,A,nep_news_2020_300K,nep,L1,48366,npi_Deva
panel2,A,nep_news_2020_300K,nep,L1,48383,npi_Deva
panel2,A,nep_news_2020_300K,nep,L1,48405,npi_Deva
panel2,A,nep_news_2020_300K,nep,L1,48585,npi_Deva
panel2,A,nep_news_2020_300K,nep,L1,48711,npi_Deva
panel2,A,nep_news_2020_300K,nep,L1,48934,npi_Deva
panel2,A,nep_news_2020_300K,nep,L1,49100,npi_Deva
panel2,A,nep_news_2020_300K,nep,L1,49177,npi_Deva
panel2,A,nep_news_2020_300K,nep,L1,49382,npi_Deva
panel2,A,nep_news_2020_300K,nep,L1,49566,npi_Deva
panel2,A,nep_news_2020_300K,nep,L1,49804,npi_Deva
panel2,A,nep_news_2020_300K,nep,L1,49817,npi_Deva
panel2,A,nep_news_2020_300K,nep,L1,50220,npi_Deva
panel2,A,nep_news_2020_300K,nep,L1,50315,npi_Deva
panel2,A,nep_news_2020_300K,nep,L1,50391,npi_Deva
panel2,A,nep_news_2020_300K,nep,L1,50656,npi_Deva
panel2,A,nep_news_2020_300K,nep,L1,50929,npi_Deva
panel2,A,nep_news_2020_300K,nep,L1,51270,npi_Deva
panel2,A,nep_news_2020_300K,nep,L1,51439,npi_Deva
panel2,A,nep_news_2020_300K,nep,L1,51671,npi_Deva
panel2,A,nep_news_2020_300K,nep,L1,51680,npi_Deva
panel2,A,nep_news_2020_300K,nep,L1,51761,npi_Deva
panel2,A,nep_news_2020_300K,nep,L1,51829,npi_Deva
panel2,A,nep_news_2020_300K,nep,L1,52193,npi_Deva
panel2,A,nep_news_2020_300K,nep,L1,52472,npi_Deva
panel2,A,nep_news_2020_300K,nep,L1,52723,npi_Deva
panel2,A,nep_news_2020_300K,nep,L1,52830,npi_Deva
panel2,A,nep_news_2020_300K,nep,L1,52880,npi_Deva
panel2,A,nep_news_2020_300K,nep,L1,53147,npi_Deva
panel2,A,nep_news_2020_300K,nep,L1,53180,npi_Deva
panel2,A,nep_news_2020_300K,nep,L1,53701,npi_Deva
panel2,A,nep_news_2020_300K,nep,L1,53780,npi_Deva
panel2,A,nep_news_2020_300K,nep,L1,53891,npi_Deva
panel2,A,nep_news_2020_300K,nep,L1,54280,npi_Deva
panel2,A,nep_news_2020_300K,nep,L1,54381,npi_Deva
panel2,A,nep_news_2020_300K,nep,L1,54608,npi_Deva
panel2,A,nep_news_2020_300K,nep,L1,54707,npi_Deva
panel2,A,nep_news_2020_300K,nep,L1,54866,npi_Deva
panel2,A,nep_news_2020_300K,nep,L1,55035,npi_Deva
panel2,A,nep_news_2020_300K,nep,L1,55039,npi_Deva
panel2,A,nep_news_2020_300K,nep,L1,55084,npi_Deva
panel2,A,nep_news_2020_300K,nep,L1,55175,npi_Deva
panel2,A,nep_news_2020_300K,nep,L1,55440,npi_Deva
panel2,A,nep_news_2020_300K,nep,L1,55616,npi_Deva
panel2,A,nep_news_2020_300K,nep,L1,55619,npi_Deva
panel2,A,nep_news_2020_300K,nep,L1,55712,npi_Deva
panel2,A,nep_news_2020_300K,nep,L1,55801,npi_Deva
panel2,A,nep_news_2020_300K,nep,L1,55936,npi_Deva
panel2,A,nep_news_2020_300K,nep,L1,56025,npi_Deva
panel2,A,nep_news_2020_300K,nep,L1,56110,npi_Deva
panel2,A,nep_news_2020_300K,nep,L1,56289,npi_Deva
panel2,A,nep_news_2020_300K,nep,L1,56332,npi_Deva
panel2,A,nep_news_2020_300K,nep,L1,56364,npi_Deva
panel2,A,nep_news_2020_300K,nep,L1,56410,npi_Deva
panel2,A,nep_news_2020_300K,nep,L1,56448,npi_Deva
panel2,A,nep_news_2020_300K,nep,L1,56564,npi_Deva
panel2,A,nep_news_2020_300K,nep,L1,56601,npi_Deva
panel2,A,nep_news_2020_300K,nep,L1,56629,npi_Deva
panel2,A,nep_news_2020_300K,nep,L1,56729,npi_Deva
panel2,A,nep_news_2020_300K,nep,L1,56851,npi_Deva
panel2,A,nep_news_2020_300K,nep,L1,56870,npi_Deva
panel2,A,nep_news_2020_300K,nep,L1,57005,npi_Deva
panel2,A,nep_news_2020_300K,nep,L1,57124,npi_Deva
panel2,A,nep_news_2020_300K,nep,L1,57182,npi_Deva
panel2,A,nep_news_2020_300K,nep,L1,57219,npi_Deva
panel2,A,nep_news_2020_300K,nep,L1,57431,npi_Deva
panel2,A,nep_news_2020_300K,nep,L1,58003,npi_Deva
panel2,A,nep_news_2020_300K,nep,L1,58022,npi_Deva
panel2,A,nep_news_2020_300K,nep,L1,58484,npi_Deva
panel2,A,nep_news_2020_300K,nep,L1,58504,npi_Deva
panel2,A,nep_news_2020_300K,nep,L1,58543,npi_Deva
panel2,A,nep_news_2020_300K,nep,L1,58604,npi_Deva
panel2,A,nep_news_2020_300K,nep,L1,58642,npi_Deva
panel2,A,nep_news_2020_300K,nep,L1,58734,npi_Deva
panel2,A,nep_news_2020_300K,nep,L1,58874,npi_Deva
panel2,A,nep_news_2020_300K,nep,L1,58996,npi_Deva
panel2,A,nep_news_2020_300K,nep,L1,59010,npi_Deva
panel2,A,nep_news_2020_300K,nep,L1,59111,npi_Deva
panel2,A,nep_news_2020_300K,nep,L1,59165,npi_Deva
panel2,A,nep_news_2020_300K,nep,L1,59167,npi_Deva
panel2,A,nep_news_2020_300K,nep,L1,59571,npi_Deva
panel2,A,nep_news_2020_300K,nep,L1,59744,npi_Deva
panel2,A,nep_news_2020_300K,nep,L1,60260,npi_Deva
panel2,A,nep_news_2020_300K,nep,L1,60560,npi_Deva
panel2,A,nep_news_2020_300K,nep,L1,60732,npi_Deva
panel2,A,nep_news_2020_300K,nep,L1,60881,npi_Deva
panel2,A,nep_news_2020_300K,nep,L1,60925,npi_Deva
panel2,A,nep_news_2020_300K,nep,L1,60939,npi_Deva
panel2,A,nep_news_2020_300K,nep,L1,60944,npi_Deva
panel2,A,nep_news_2020_300K,nep,L1,61163,npi_Deva
panel2,A,nep_news_2020_300K,nep,L1,61592,npi_Deva
panel2,A,nep_news_2020_300K,nep,L1,61730,npi_Deva
panel2,A,nep_news_2020_300K,nep,L1,62357,npi_Deva
panel2,A,nep_news_2020_300K,nep,L1,62445,npi_Deva
panel2,A,nep_news_2020_300K,nep,L1,62695,npi_Deva
panel2,A,nep_news_2020_300K,nep,L1,62837,npi_Deva
panel2,A,nep_news_2020_300K,nep,L1,62874,npi_Deva
panel2,A,nep_news_2020_300K,nep,L1,63069,npi_Deva
panel2,A,nep_news_2020_300K,nep,L1,63318,npi_Deva
panel2,A,nep_news_2020_300K,nep,L1,63615,npi_Deva
panel2,A,nep_news_2020_300K,nep,L1,63782,npi_Deva
panel2,A,nep_news_2020_300K,nep,L1,63897,npi_Deva
panel2,A,nep_news_2020_300K,nep,L1,64134,npi_Deva
panel2,A,nep_news_2020_300K,nep,L1,64209,npi_Deva
panel2,A,nep_news_2020_300K,nep,L1,64217,npi_Deva
panel2,A,nep_news_2020_300K,nep,L1,64220,npi_Deva
panel2,A,nep_news_2020_300K,nep,L1,64331,npi_Deva
panel2,A,nep_news_2020_300K,nep,L1,64361,npi_Deva
panel2,A,nep_news_2020_300K,nep,L1,64491,npi_Deva
panel2,A,nep_news_2020_300K,nep,L1,64503,npi_Deva
panel2,A,nep_news_2020_300K,nep,L1,64616,npi_Deva
panel2,A,nep_news_2020_300K,nep,L1,64932,npi_Deva
panel2,A,nep_news_2020_300K,nep,L1,65001,npi_Deva
panel2,A,nep_news_2020_300K,nep,L1,65427,npi_Deva
panel2,A,nep_news_2020_300K,nep,L1,65485,npi_Deva
panel2,A,nep_news_2020_300K,nep,L1,65615,npi_Deva
panel2,A,nep_news_2020_300K,nep,L1,65646,npi_Deva
panel2,A,nep_news_2020_300K,nep,L1,65730,npi_Deva
panel2,A,nep_news_2020_300K,nep,L1,66191,npi_Deva
panel2,A,nep_news_2020_300K,nep,L1,66597,npi_Deva
panel2,A,nep_news_2020_300K,nep,L1,66663,npi_Deva
panel2,A,nep_news_2020_300K,nep,L1,66778,npi_Deva
panel2,A,nep_news_2020_300K,nep,L1,66784,npi_Deva
panel2,A,nep_news_2020_300K,nep,L1,66791,npi_Deva
panel2,A,nep_news_2020_300K,nep,L1,66795,npi_Deva
panel2,A,nep_news_2020_300K,nep,L1,66819,npi_Deva
panel2,A,nep_news_2020_300K,nep,L1,66990,npi_Deva
panel2,A,nep_news_2020_300K,nep,L1,67374,npi_Deva
panel2,A,nep_news_2020_300K,nep,L1,67494,npi_Deva
panel2,A,nep_news_2020_300K,nep,L1,67629,npi_Deva
panel2,A,nep_news_2020_300K,nep,L1,68021,npi_Deva
panel2,A,nep_news_2020_300K,nep,L1,68052,npi_Deva
panel2,A,nep_news_2020_300K,nep,L1,68108,npi_Deva
panel2,A,nep_news_2020_300K,nep,L1,68432,npi_Deva
panel2,A,nep_news_2020_300K,nep,L1,68708,npi_Deva
panel2,A,nep_news_2020_300K,nep,L1,68780,npi_Deva
panel2,A,nep_news_2020_300K,nep,L1,68915,npi_Deva
panel2,A,nep_news_2020_300K,nep,L1,69011,npi_Deva
panel2,A,nep_news_2020_300K,nep,L1,69632,npi_Deva
panel2,A,nep_news_2020_300K,nep,L1,69686,npi_Deva
panel2,A,nep_news_2020_300K,nep,L1,69852,npi_Deva
panel2,A,nep_news_2020_300K,nep,L1,69863,npi_Deva
panel2,A,nep_news_2020_300K,nep,L1,70071,npi_Deva
panel2,A,nep_news_2020_300K,nep,L1,70164,npi_Deva
panel2,A,nep_news_2020_300K,nep,L1,70370,npi_Deva
panel2,A,nep_news_2020_300K,nep,L1,70412,npi_Deva
panel2,A,nep_news_2020_300K,nep,L1,70570,npi_Deva
panel2,A,nep_news_2020_300K,nep,L1,70630,npi_Deva
panel2,A,nep_news_2020_300K,nep,L1,70750,npi_Deva
panel2,A,nep_news_2020_300K,nep,L1,70846,npi_Deva
panel2,A,nep_news_2020_300K,nep,L1,71081,npi_Deva
panel2,A,nep_news_2020_300K,nep,L1,71552,npi_Deva
panel2,A,nep_news_2020_300K,nep,L1,71752,npi_Deva
panel2,A,nep_news_2020_300K,nep,L1,71899,npi_Deva
panel2,A,nep_news_2020_300K,nep,L1,71904,npi_Deva
panel2,A,nep_news_2020_300K,nep,L1,72109,npi_Deva
panel2,A,nep_news_2020_300K,nep,L1,72148,npi_Deva
panel2,A,nep_news_2020_300K,nep,L1,72183,npi_Deva
panel2,A,nep_news_2020_300K,nep,L1,72254,npi_Deva
panel2,A,nep_news_2020_300K,nep,L1,72393,npi_Deva
panel2,A,nep_news_2020_300K,nep,L1,72404,npi_Deva
panel2,A,nep_news_2020_300K,nep,L1,72415,npi_Deva
panel2,A,nep_news_2020_300K,nep,L1,72505,npi_Deva
panel2,A,nep_news_2020_300K,nep,L1,72614,npi_Deva
panel2,A,nep_news_2020_300K,nep,L1,72631,npi_Deva
panel2,A,nep_news_2020_300K,nep,L1,73151,npi_Deva
panel2,A,nep_news_2020_300K,nep,L1,73267,npi_Deva
panel2,A,nep_news_2020_300K,nep,L1,73342,npi_Deva
panel2,A,nep_news_2020_300K,nep,L1,73384,npi_Deva
panel2,A,nep_news_2020_300K,nep,L1,73537,npi_Deva
panel2,A,nep_news_2020_300K,nep,L1,73849,npi_Deva
panel2,A,nep_news_2020_300K,nep,L1,73874,npi_Deva
panel2,A,nep_news_2020_300K,nep,L1,73974,npi_Deva
panel2,A,nep_news_2020_300K,nep,L1,74163,npi_Deva
panel2,A,nep_news_2020_300K,nep,L1,74262,npi_Deva
panel2,A,nep_news_2020_300K,nep,L1,74300,npi_Deva
panel2,A,nep_news_2020_300K,nep,L1,74326,npi_Deva
panel2,A,nep_news_2020_300K,nep,L1,74392,npi_Deva
panel2,A,nep_news_2020_300K,nep,L1,74651,npi_Deva
panel2,A,nep_news_2020_300K,nep,L1,74690,npi_Deva
panel2,A,nep_news_2020_300K,nep,L1,74850,npi_Deva
panel2,A,nep_news_2020_300K,nep,L1,74942,npi_Deva
panel2,A,nep_news_2020_300K,nep,L1,74988,npi_Deva
panel2,A,nep_news_2020_300K,nep,L1,75109,npi_Deva
panel2,A,nep_news_2020_300K,nep,L1,75208,npi_Deva
panel2,A,nep_news_2020_300K,nep,L1,75221,npi_Deva
panel2,A,nep_news_2020_300K,nep,L1,75245,npi_Deva
panel2,A,nep_news_2020_300K,nep,L1,75730,npi_Deva
panel2,A,nep_news_2020_300K,nep,L1,75737,npi_Deva
panel2,A,nep_news_2020_300K,nep,L1,75959,npi_Deva
panel2,A,nep_news_2020_300K,nep,L1,76043,npi_Deva
panel2,A,nep_news_2020_300K,nep,L1,76266,npi_Deva
panel2,A,nep_news_2020_300K,nep,L1,76268,npi_Deva
panel2,A,nep_news_2020_300K,nep,L1,76327,npi_Deva
panel2,A,nep_news_2020_300K,nep,L1,76376,npi_Deva
panel2,A,nep_news_2020_300K,nep,L1,76519,npi_Deva
panel2,A,nep_news_2020_300K,nep,L1,76580,npi_Deva
panel2,A,nep_news_2020_300K,nep,L1,76612,npi_Deva
panel2,A,nep_news_2020_300K,nep,L1,76687,npi_Deva
panel2,A,nep_news_2020_300K,nep,L1,76708,npi_Deva
panel2,A,nep_news_2020_300K,nep,L1,76740,npi_Deva
panel2,A,nep_news_2020_300K,nep,L1,76809,npi_Deva
panel2,A,nep_news_2020_300K,nep,L1,76823,npi_Deva
panel2,A,nep_news_2020_300K,nep,L1,76886,npi_Deva
panel2,A,nep_news_2020_300K,nep,L1,76921,npi_Deva
panel2,A,nep_news_2020_300K,nep,L1,77021,npi_Deva
panel2,A,nep_news_2020_300K,nep,L1,77035,npi_Deva
panel2,A,nep_news_2020_300K,nep,L1,77166,npi_Deva
panel2,A,nep_news_2020_300K,nep,L1,77643,npi_Deva
panel2,A,nep_news_2020_300K,nep,L1,78465,npi_Deva
panel2,A,nep_news_2020_300K,nep,L1,78765,npi_Deva
panel2,A,nep_news_2020_300K,nep,L1,78774,npi_Deva
panel2,A,nep_news_2020_300K,nep,L1,79201,npi_Deva
panel2,A,nep_news_2020_300K,nep,L1,79295,npi_Deva
panel2,A,nep_news_2020_300K,nep,L1,79331,npi_Deva
panel2,A,nep_news_2020_300K,nep,L1,79337,npi_Deva
panel2,A,nep_news_2020_300K,nep,L1,79559,npi_Deva
panel2,A,nep_news_2020_300K,nep,L1,79909,npi_Deva
panel2,A,nep_news_2020_300K,nep,L1,80052,npi_Deva
panel2,A,nep_news_2020_300K,nep,L1,80204,npi_Deva
panel2,A,nep_news_2020_300K,nep,L1,80419,npi_Deva
panel2,A,nep_news_2020_300K,nep,L1,80576,npi_Deva
panel2,A,nep_news_2020_300K,nep,L1,80577,npi_Deva
panel2,A,nep_news_2020_300K,nep,L1,80892,npi_Deva
panel2,A,nep_news_2020_300K,nep,L1,80956,npi_Deva
panel2,A,nep_news_2020_300K,nep,L1,81061,npi_Deva
panel2,A,nep_news_2020_300K,nep,L1,81507,npi_Deva
panel2,A,nep_news_2020_300K,nep,L1,81737,npi_Deva
panel2,A,nep_news_2020_300K,nep,L1,81998,npi_Deva
panel2,A,nep_news_2020_300K,nep,L1,82026,npi_Deva
panel2,A,nep_news_2020_300K,nep,L1,82108,npi_Deva
panel2,A,nep_news_2020_300K,nep,L1,82174,npi_Deva
panel2,A,nep_news_2020_300K,nep,L1,82232,npi_Deva
panel2,A,nep_news_2020_300K,nep,L1,82551,npi_Deva
panel2,A,nep_news_2020_300K,nep,L1,82563,npi_Deva
panel2,A,nep_news_2020_300K,nep,L1,82573,npi_Deva
panel2,A,nep_news_2020_300K,nep,L1,82632,npi_Deva
panel2,A,nep_news_2020_300K,nep,L1,82900,npi_Deva
panel2,A,nep_news_2020_300K,nep,L1,82927,npi_Deva
panel2,A,nep_news_2020_300K,nep,L1,82960,npi_Deva
panel2,A,nep_news_2020_300K,nep,L1,82986,npi_Deva
panel2,A,nep_news_2020_300K,nep,L1,83004,npi_Deva
panel2,A,nep_news_2020_300K,nep,L1,83084,npi_Deva
panel2,A,nep_news_2020_300K,nep,L1,83385,npi_Deva
panel2,A,nep_news_2020_300K,nep,L1,83394,npi_Deva
panel2,A,nep_news_2020_300K,nep,L1,83833,npi_Deva
panel2,A,nep_news_2020_300K,nep,L1,84025,npi_Deva
panel2,A,nep_news_2020_300K,nep,L1,84059,npi_Deva
panel2,A,nep_news_2020_300K,nep,L1,84208,npi_Deva
panel2,A,nep_news_2020_300K,nep,L1,84289,npi_Deva
panel2,A,nep_news_2020_300K,nep,L1,84306,npi_Deva
panel2,A,nep_news_2020_300K,nep,L1,84404,npi_Deva
panel2,A,nep_news_2020_300K,nep,L1,84419,npi_Deva
panel2,A,nep_news_2020_300K,nep,L1,84643,new_Deva
panel2,A,nep_news_2020_300K,nep,L1,84779,npi_Deva
panel2,A,nep_news_2020_300K,nep,L1,84814,npi_Deva
panel2,A,nep_news_2020_300K,nep,L1,84871,npi_Deva
panel2,A,nep_news_2020_300K,nep,L1,84931,npi_Deva
panel2,A,nep_news_2020_300K,nep,L1,85036,npi_Deva
panel2,A,nep_news_2020_300K,nep,L1,85042,npi_Deva
panel2,A,nep_news_2020_300K,nep,L1,85078,npi_Deva
panel2,A,nep_news_2020_300K,nep,L1,85298,npi_Deva
panel2,A,nep_news_2020_300K,nep,L1,85327,npi_Deva
panel2,A,nep_news_2020_300K,nep,L1,85377,npi_Deva
panel2,A,nep_news_2020_300K,nep,L1,85946,npi_Deva
panel2,A,nep_news_2020_300K,nep,L1,86004,npi_Deva
panel2,A,nep_news_2020_300K,nep,L1,86479,npi_Deva
panel2,A,nep_news_2020_300K,nep,L1,86680,npi_Deva
panel2,A,nep_news_2020_300K,nep,L1,86708,npi_Deva
panel2,A,nep_news_2020_300K,nep,L1,86887,npi_Deva
panel2,A,nep_news_2020_300K,nep,L1,87207,npi_Deva
panel2,A,nep_news_2020_300K,nep,L1,87269,npi_Deva
panel2,A,nep_news_2020_300K,nep,L1,87494,npi_Deva
panel2,A,nep_news_2020_300K,nep,L1,87560,npi_Deva
panel2,A,nep_news_2020_300K,nep,L1,87854,npi_Deva
panel2,A,nep_news_2020_300K,nep,L1,87950,npi_Deva
panel2,A,nep_news_2020_300K,nep,L1,87978,npi_Deva
panel2,A,nep_news_2020_300K,nep,L1,88117,npi_Deva
panel2,A,nep_news_2020_300K,nep,L1,88134,npi_Deva
panel2,A,nep_news_2020_300K,nep,L1,88226,npi_Deva
panel2,A,nep_news_2020_300K,nep,L1,88320,npi_Deva
panel2,A,nep_news_2020_300K,nep,L1,88654,npi_Deva
panel2,A,nep_news_2020_300K,nep,L1,88684,npi_Deva
panel2,A,nep_news_2020_300K,nep,L1,88736,npi_Deva
panel2,A,nep_news_2020_300K,nep,L1,88933,npi_Deva
panel2,A,nep_news_2020_300K,nep,L1,88937,npi_Deva
panel2,A,nep_news_2020_300K,nep,L1,89073,npi_Deva
panel2,A,nep_news_2020_300K,nep,L1,89088,npi_Deva
panel2,A,nep_news_2020_300K,nep,L1,89134,npi_Deva
panel2,A,nep_news_2020_300K,nep,L1,89269,npi_Deva
panel2,A,nep_news_2020_300K,nep,L1,89334,npi_Deva
panel2,A,nep_news_2020_300K,nep,L1,89444,npi_Deva
panel2,A,nep_news_2020_300K,nep,L1,89577,npi_Deva
panel2,A,nep_news_2020_300K,nep,L1,89774,npi_Deva
panel2,A,nep_news_2020_300K,nep,L1,89803,npi_Deva
panel2,A,nep_news_2020_300K,nep,L1,90166,npi_Deva
panel2,A,nep_news_2020_300K,nep,L1,90194,npi_Deva
panel2,A,nep_news_2020_300K,nep,L1,90200,npi_Deva
panel2,A,nep_news_2020_300K,nep,L1,90344,npi_Deva
panel2,A,nep_news_2020_300K,nep,L1,90568,npi_Deva
panel2,A,nep_news_2020_300K,nep,L1,90808,npi_Deva
panel2,A,nep_news_2020_300K,nep,L1,90910,npi_Deva
panel2,A,nep_news_2020_300K,nep,L1,91198,npi_Deva
panel2,A,nep_news_2020_300K,nep,L1,91703,npi_Deva
panel2,A,nep_news_2020_300K,nep,L1,91805,npi_Deva
panel2,A,nep_news_2020_300K,nep,L1,91837,npi_Deva
panel2,A,nep_news_2020_300K,nep,L1,92352,npi_Deva
panel2,A,nep_news_2020_300K,nep,L1,92468,npi_Deva
panel2,A,nep_news_2020_300K,nep,L1,92497,npi_Deva
panel2,A,nep_news_2020_300K,nep,L1,92767,npi_Deva
panel2,A,nep_news_2020_300K,nep,L1,92821,npi_Deva
panel2,A,nep_news_2020_300K,nep,L1,92970,npi_Deva
panel2,A,nep_news_2020_300K,nep,L1,93077,npi_Deva
panel2,A,nep_news_2020_300K,nep,L1,93104,npi_Deva
panel2,A,nep_news_2020_300K,nep,L1,93402,npi_Deva
panel2,A,nep_news_2020_300K,nep,L1,93403,npi_Deva
panel2,A,nep_news_2020_300K,nep,L1,93424,npi_Deva
panel2,A,nep_news_2020_300K,nep,L1,93748,npi_Deva
panel2,A,nep_news_2020_300K,nep,L1,93768,npi_Deva
panel2,A,nep_news_2020_300K,nep,L1,93779,npi_Deva
panel2,A,nep_news_2020_300K,nep,L1,94350,npi_Deva
panel2,A,nep_news_2020_300K,nep,L1,94490,npi_Deva
panel2,A,nep_news_2020_300K,nep,L1,94507,npi_Deva
panel2,A,nep_news_2020_300K,nep,L1,94628,npi_Deva
panel2,A,nep_news_2020_300K,nep,L1,94774,npi_Deva
panel2,A,nep_news_2020_300K,nep,L1,94870,npi_Deva
panel2,A,nep_news_2020_300K,nep,L1,94877,npi_Deva
panel2,A,nep_news_2020_300K,nep,L1,95202,npi_Deva
panel2,A,nep_news_2020_300K,nep,L1,95245,npi_Deva
panel2,A,nep_news_2020_300K,nep,L1,95437,npi_Deva
panel2,A,nep_news_2020_300K,nep,L1,95514,npi_Deva
panel2,A,nep_news_2020_300K,nep,L1,95698,npi_Deva
panel2,A,nep_news_2020_300K,nep,L1,96407,npi_Deva
panel2,A,nep_news_2020_300K,nep,L1,96453,npi_Deva
panel2,A,nep_news_2020_300K,nep,L1,96543,npi_Deva
panel2,A,nep_news_2020_300K,nep,L1,96791,npi_Deva
panel2,A,nep_news_2020_300K,nep,L1,96796,npi_Deva
panel2,A,nep_news_2020_300K,nep,L1,96838,npi_Deva
panel2,A,nep_news_2020_300K,nep,L1,97172,npi_Deva
panel2,A,nep_news_2020_300K,nep,L1,97237,npi_Deva
panel2,A,nep_news_2020_300K,nep,L1,97240,npi_Deva
panel2,A,nep_news_2020_300K,nep,L1,97297,npi_Deva
panel2,A,nep_news_2020_300K,nep,L1,97563,npi_Deva
panel2,A,nep_news_2020_300K,nep,L1,97634,npi_Deva
panel2,A,nep_news_2020_300K,nep,L1,97759,npi_Deva
panel2,A,nep_news_2020_300K,nep,L1,98185,npi_Deva
panel2,A,nep_news_2020_300K,nep,L1,98276,npi_Deva
panel2,A,nep_news_2020_300K,nep,L1,98451,npi_Deva
panel2,A,nep_news_2020_300K,nep,L1,98699,npi_Deva
panel2,A,nep_news_2020_300K,nep,L1,98946,npi_Deva
panel2,A,nep_news_2020_300K,nep,L1,99002,npi_Deva
panel2,A,nep_news_2020_300K,nep,L1,99093,npi_Deva
panel2,A,nep_news_2020_300K,nep,L1,99256,npi_Deva
panel2,A,nep_news_2020_300K,nep,L1,99427,npi_Deva
panel2,A,nep_news_2020_300K,nep,L1,99502,npi_Deva
panel2,A,nep_news_2020_300K,nep,L1,99993,npi_Deva
panel2,A,nep_news_2020_300K,nep,L1,100000,npi_Deva
panel2,A,nep_news_2020_300K,nep,L1,100001,npi_Deva
panel2,A,nep_news_2020_300K,nep,L1,100146,npi_Deva
panel2,A,nep_news_2020_300K,nep,L1,100287,npi_Deva
panel2,A,nep_news_2020_300K,nep,L1,100304,npi_Deva
panel2,A,nep_news_2020_300K,nep,L1,100611,npi_Deva
panel2,A,nep_news_2020_300K,nep,L1,100812,npi_Deva
panel2,A,nep_news_2020_300K,nep,L1,101103,npi_Deva
panel2,A,nep_news_2020_300K,nep,L1,101383,npi_Deva
panel2,A,nep_news_2020_300K,nep,L1,101658,npi_Deva
panel2,A,nep_news_2020_300K,nep,L1,101718,npi_Deva
panel2,A,nep_news_2020_300K,nep,L1,101755,npi_Deva
panel2,A,nep_news_2020_300K,nep,L1,101992,npi_Deva
panel2,A,nep_news_2020_300K,nep,L1,102097,npi_Deva
panel2,A,nep_news_2020_300K,nep,L1,102301,npi_Deva
panel2,A,nep_news_2020_300K,nep,L1,102491,npi_Deva
panel2,A,nep_news_2020_300K,nep,L1,102504,npi_Deva
panel2,A,nep_news_2020_300K,nep,L1,102562,npi_Deva
panel2,A,nep_news_2020_300K,nep,L1,102777,npi_Deva
panel2,A,nep_news_2020_300K,nep,L1,103084,npi_Deva
panel2,A,nep_news_2020_300K,nep,L1,103101,npi_Deva
panel2,A,nep_news_2020_300K,nep,L1,103286,npi_Deva
panel2,A,nep_news_2020_300K,nep,L1,103560,npi_Deva
panel2,A,nep_news_2020_300K,nep,L1,103591,npi_Deva
panel2,A,nep_news_2020_300K,nep,L1,103646,npi_Deva
panel2,A,nep_news_2020_300K,nep,L1,103662,npi_Deva
panel2,A,nep_news_2020_300K,nep,L1,103755,npi_Deva
panel2,A,nep_news_2020_300K,nep,L1,103786,npi_Deva
panel2,A,nep_news_2020_300K,nep,L1,104056,npi_Deva
panel2,A,nep_news_2020_300K,nep,L1,104145,npi_Deva
panel2,A,nep_news_2020_300K,nep,L1,104299,npi_Deva
panel2,A,nep_news_2020_300K,nep,L1,105209,npi_Deva
panel2,A,nep_news_2020_300K,nep,L1,105223,npi_Deva
panel2,A,nep_news_2020_300K,nep,L1,105237,npi_Deva
panel2,A,nep_news_2020_300K,nep,L1,105617,npi_Deva
panel2,A,nep_news_2020_300K,nep,L1,105751,npi_Deva
panel2,A,nep_news_2020_300K,nep,L1,106110,npi_Deva
panel2,A,nep_news_2020_300K,nep,L1,106388,npi_Deva
panel2,A,nep_news_2020_300K,nep,L1,106500,npi_Deva
panel2,A,nep_news_2020_300K,nep,L1,106859,npi_Deva
panel2,A,nep_news_2020_300K,nep,L1,107116,npi_Deva
panel2,A,nep_news_2020_300K,nep,L1,107201,npi_Deva
panel2,A,nep_news_2020_300K,nep,L1,107235,npi_Deva
panel2,A,nep_news_2020_300K,nep,L1,107287,npi_Deva
panel2,A,nep_news_2020_300K,nep,L1,107331,npi_Deva
panel2,A,nep_news_2020_300K,nep,L1,107484,npi_Deva
panel2,A,nep_news_2020_300K,nep,L1,107566,npi_Deva
panel2,A,nep_news_2020_300K,nep,L1,107878,anp_Deva
panel2,A,nep_news_2020_300K,nep,L1,108003,npi_Deva
panel2,A,nep_news_2020_300K,nep,L1,108004,npi_Deva
panel2,A,nep_news_2020_300K,nep,L1,108006,npi_Deva
panel2,A,nep_news_2020_300K,nep,L1,108158,npi_Deva
panel2,A,nep_news_2020_300K,nep,L1,108306,npi_Deva
panel2,A,nep_news_2020_300K,nep,L1,108553,npi_Deva
panel2,A,nep_news_2020_300K,nep,L1,108601,npi_Deva
panel2,A,nep_news_2020_300K,nep,L1,108942,npi_Deva
panel2,A,nep_news_2020_300K,nep,L1,109006,npi_Deva
panel2,A,nep_news_2020_300K,nep,L1,109022,npi_Deva
panel2,A,nep_news_2020_300K,nep,L1,109044,npi_Deva
panel2,A,nep_news_2020_300K,nep,L1,109127,npi_Deva
panel2,A,nep_news_2020_300K,nep,L1,109130,npi_Deva
panel2,A,nep_news_2020_300K,nep,L1,109607,npi_Deva
panel2,A,nep_news_2020_300K,nep,L1,109863,npi_Deva
panel2,A,nep_news_2020_300K,nep,L1,109891,npi_Deva
panel2,A,nep_news_2020_300K,nep,L1,109938,npi_Deva
panel2,A,nep_news_2020_300K,nep,L1,110019,npi_Deva
panel2,A,nep_news_2020_300K,nep,L1,110109,npi_Deva
panel2,A,nep_news_2020_300K,nep,L1,110304,npi_Deva
panel2,A,nep_news_2020_300K,nep,L1,110452,npi_Deva
panel2,A,nep_news_2020_300K,nep,L1,110526,npi_Deva
panel2,A,nep_news_2020_300K,nep,L1,110538,npi_Deva
panel2,A,nep_news_2020_300K,nep,L1,110967,npi_Deva
panel2,A,nep_news_2020_300K,nep,L1,111024,npi_Deva
panel2,A,nep_news_2020_300K,nep,L1,111058,npi_Deva
panel2,A,nep_news_2020_300K,nep,L1,111165,npi_Deva
panel2,A,nep_news_2020_300K,nep,L1,111422,npi_Deva
panel2,A,nep_news_2020_300K,nep,L1,111536,npi_Deva
panel2,A,nep_news_2020_300K,nep,L1,111572,npi_Deva
panel2,A,nep_news_2020_300K,nep,L1,111703,npi_Deva
panel2,A,nep_news_2020_300K,nep,L1,111997,npi_Deva
panel2,A,nep_news_2020_300K,nep,L1,112258,awa_Deva
panel2,A,nep_news_2020_300K,nep,L1,112374,npi_Deva
panel2,A,nep_news_2020_300K,nep,L1,112490,npi_Deva
panel2,A,nep_news_2020_300K,nep,L1,112796,npi_Deva
panel2,A,nep_news_2020_300K,nep,L1,112938,npi_Deva
panel2,A,nep_news_2020_300K,nep,L1,113045,npi_Deva
panel2,A,nep_news_2020_300K,nep,L1,113202,npi_Deva
panel2,A,nep_news_2020_300K,nep,L1,113644,npi_Deva
panel2,A,nep_news_2020_300K,nep,L1,113720,npi_Deva
panel2,A,nep_news_2020_300K,nep,L1,113804,npi_Deva
panel2,A,nep_news_2020_300K,nep,L1,114079,npi_Deva
panel2,A,nep_news_2020_300K,nep,L1,114460,npi_Deva
panel2,A,nep_news_2020_300K,nep,L1,114617,npi_Deva
panel2,A,nep_news_2020_300K,nep,L1,114664,npi_Deva
panel2,A,nep_news_2020_300K,nep,L1,114923,npi_Deva
panel2,A,nep_news_2020_300K,nep,L1,115039,npi_Deva
panel2,A,nep_news_2020_300K,nep,L1,115105,npi_Deva
panel2,A,nep_news_2020_300K,nep,L1,115172,npi_Deva
panel2,A,nep_news_2020_300K,nep,L1,115288,npi_Deva
panel2,A,nep_news_2020_300K,nep,L1,115546,npi_Deva
panel2,A,nep_news_2020_300K,nep,L1,115807,npi_Deva
panel2,A,nep_news_2020_300K,nep,L1,115866,npi_Deva
panel2,A,nep_news_2020_300K,nep,L1,116117,npi_Deva
panel2,A,nep_news_2020_300K,nep,L1,116436,npi_Deva
panel2,A,nep_news_2020_300K,nep,L1,116519,npi_Deva
panel2,A,nep_news_2020_300K,nep,L1,116770,npi_Deva
panel2,A,nep_news_2020_300K,nep,L1,116858,npi_Deva
panel2,A,nep_news_2020_300K,nep,L1,116943,npi_Deva
panel2,A,nep_news_2020_300K,nep,L1,116982,npi_Deva
panel2,A,nep_news_2020_300K,nep,L1,117098,npi_Deva
panel2,A,nep_news_2020_300K,nep,L1,117116,npi_Deva
panel2,A,nep_news_2020_300K,nep,L1,117204,npi_Deva
panel2,A,nep_news_2020_300K,nep,L1,117335,npi_Deva
panel2,A,nep_news_2020_300K,nep,L1,118285,npi_Deva
panel2,A,nep_news_2020_300K,nep,L1,118394,npi_Deva
panel2,A,nep_news_2020_300K,nep,L1,118432,npi_Deva
panel2,A,nep_news_2020_300K,nep,L1,118571,npi_Deva
panel2,A,nep_news_2020_300K,nep,L1,118666,npi_Deva
panel2,A,nep_news_2020_300K,nep,L1,118857,npi_Deva
panel2,A,nep_news_2020_300K,nep,L1,119063,npi_Deva
panel2,A,nep_news_2020_300K,nep,L1,119225,anp_Deva
panel2,A,nep_news_2020_300K,nep,L1,119238,npi_Deva
panel2,A,nep_news_2020_300K,nep,L1,119350,npi_Deva
panel2,A,nep_news_2020_300K,nep,L1,119795,npi_Deva
panel2,A,nep_news_2020_300K,nep,L1,119816,npi_Deva
panel2,A,nep_news_2020_300K,nep,L1,119832,npi_Deva
panel2,A,nep_news_2020_300K,nep,L1,119924,npi_Deva
panel2,A,nep_news_2020_300K,nep,L1,119998,npi_Deva
panel2,A,nep_news_2020_300K,nep,L1,120461,npi_Deva
panel2,A,nep_news_2020_300K,nep,L1,120515,npi_Deva
panel2,A,nep_news_2020_300K,nep,L1,120702,npi_Deva
panel2,A,nep_news_2020_300K,nep,L1,120841,npi_Deva
panel2,A,nep_news_2020_300K,nep,L1,120941,npi_Deva
panel2,A,nep_news_2020_300K,nep,L1,121266,npi_Deva
panel2,A,nep_news_2020_300K,nep,L1,121268,npi_Deva
panel2,A,nep_news_2020_300K,nep,L1,121513,npi_Deva
panel2,A,nep_news_2020_300K,nep,L1,121576,npi_Deva
panel2,A,nep_news_2020_300K,nep,L1,121675,npi_Deva
panel2,A,nep_news_2020_300K,nep,L1,121685,npi_Deva
panel2,A,nep_news_2020_300K,nep,L1,121908,npi_Deva
panel2,A,nep_news_2020_300K,nep,L1,121984,npi_Deva
panel2,A,nep_news_2020_300K,nep,L1,122026,npi_Deva
panel2,A,nep_news_2020_300K,nep,L1,122180,npi_Deva
panel2,A,nep_news_2020_300K,nep,L1,122268,npi_Deva
panel2,A,nep_news_2020_300K,nep,L1,122337,npi_Deva
panel2,A,nep_news_2020_300K,nep,L1,122423,npi_Deva
panel2,A,nep_news_2020_300K,nep,L1,122425,npi_Deva
panel2,A,nep_news_2020_300K,nep,L1,122467,npi_Deva
panel2,A,nep_news_2020_300K,nep,L1,122530,npi_Deva
panel2,A,nep_news_2020_300K,nep,L1,122611,npi_Deva
panel2,A,nep_news_2020_300K,nep,L1,122672,npi_Deva
panel2,A,nep_news_2020_300K,nep,L1,122803,npi_Deva
panel2,A,nep_news_2020_300K,nep,L1,123230,npi_Deva
panel2,A,nep_news_2020_300K,nep,L1,123435,npi_Deva
panel2,A,nep_news_2020_300K,nep,L1,123444,npi_Deva
panel2,A,nep_news_2020_300K,nep,L1,123727,dty_Deva
panel2,A,nep_news_2020_300K,nep,L1,123822,npi_Deva
panel2,A,nep_news_2020_300K,nep,L1,124276,npi_Deva
panel2,A,nep_news_2020_300K,nep,L1,124617,npi_Deva
panel2,A,nep_news_2020_300K,nep,L1,124634,npi_Deva
panel2,A,nep_news_2020_300K,nep,L1,124771,npi_Deva
panel2,A,nep_news_2020_300K,nep,L1,124796,npi_Deva
panel2,A,nep_news_2020_300K,nep,L1,124877,npi_Deva
panel2,A,nep_news_2020_300K,nep,L1,124956,npi_Deva
panel2,A,nep_news_2020_300K,nep,L1,125254,npi_Deva
panel2,A,nep_news_2020_300K,nep,L1,125255,npi_Deva
panel2,A,nep_news_2020_300K,nep,L1,125297,npi_Deva
panel2,A,nep_news_2020_300K,nep,L1,125601,npi_Deva
panel2,A,nep_news_2020_300K,nep,L1,125626,npi_Deva
panel2,A,nep_news_2020_300K,nep,L1,125946,npi_Deva
panel2,A,nep_news_2020_300K,nep,L1,126119,npi_Deva
panel2,A,nep_news_2020_300K,nep,L1,126147,npi_Deva
panel2,A,nep_news_2020_300K,nep,L1,126219,npi_Deva
panel2,A,nep_news_2020_300K,nep,L1,126223,npi_Deva
panel2,A,nep_news_2020_300K,nep,L1,126486,npi_Deva
panel2,A,nep_news_2020_300K,nep,L1,126579,npi_Deva
panel2,A,nep_news_2020_300K,nep,L1,126591,npi_Deva
panel2,A,nep_news_2020_300K,nep,L1,126658,npi_Deva
panel2,A,nep_news_2020_300K,nep,L1,127098,npi_Deva
panel2,A,nep_news_2020_300K,nep,L1,127348,npi_Deva
panel2,A,nep_news_2020_300K,nep,L1,127696,npi_Deva
panel2,A,nep_news_2020_300K,nep,L1,127821,npi_Deva
panel2,A,nep_news_2020_300K,nep,L1,128037,npi_Deva
panel2,A,nep_news_2020_300K,nep,L1,128357,npi_Deva
panel2,A,nep_news_2020_300K,nep,L1,128766,npi_Deva
panel2,A,nep_news_2020_300K,nep,L1,129174,npi_Deva
panel2,A,nep_news_2020_300K,nep,L1,129202,npi_Deva
panel2,A,nep_news_2020_300K,nep,L1,129280,npi_Deva
panel2,A,nep_news_2020_300K,nep,L1,129297,npi_Deva
panel2,A,nep_news_2020_300K,nep,L1,129450,npi_Deva
panel2,A,nep_news_2020_300K,nep,L1,129532,npi_Deva
panel2,A,nep_news_2020_300K,nep,L1,129651,npi_Deva
panel2,A,nep_news_2020_300K,nep,L1,129879,npi_Deva
panel2,A,nep_news_2020_300K,nep,L1,129899,npi_Deva
panel2,A,nep_news_2020_300K,nep,L1,130170,npi_Deva
panel2,A,nep_news_2020_300K,nep,L1,130382,npi_Deva
panel2,A,nep_news_2020_300K,nep,L1,130568,npi_Deva
panel2,A,nep_news_2020_300K,nep,L1,130698,npi_Deva
panel2,A,nep_news_2020_300K,nep,L1,130867,npi_Deva
panel2,A,nep_news_2020_300K,nep,L1,131033,npi_Deva
panel2,A,nep_news_2020_300K,nep,L1,131489,npi_Deva
panel2,A,nep_news_2020_300K,nep,L1,131763,npi_Deva
panel2,A,nep_news_2020_300K,nep,L1,132115,npi_Deva
panel2,A,nep_news_2020_300K,nep,L1,132327,npi_Deva
panel2,A,nep_news_2020_300K,nep,L1,132369,npi_Deva
panel2,A,nep_news_2020_300K,nep,L1,132403,npi_Deva
panel2,A,nep_news_2020_300K,nep,L1,132565,npi_Deva
panel2,A,nep_news_2020_300K,nep,L1,132601,npi_Deva
panel2,A,nep_news_2020_300K,nep,L1,132899,npi_Deva
panel2,A,nep_news_2020_300K,nep,L1,133080,npi_Deva
panel2,A,nep_news_2020_300K,nep,L1,133189,npi_Deva
panel2,A,nep_news_2020_300K,nep,L1,133380,npi_Deva
panel2,A,nep_news_2020_300K,nep,L1,133551,npi_Deva
panel2,A,nep_news_2020_300K,nep,L1,133698,npi_Deva
panel2,A,nep_news_2020_300K,nep,L1,133704,npi_Deva
panel2,A,nep_news_2020_300K,nep,L1,133707,npi_Deva
panel2,A,nep_news_2020_300K,nep,L1,133811,npi_Deva
panel2,A,nep_news_2020_300K,nep,L1,133989,npi_Deva
panel2,A,nep_news_2020_300K,nep,L1,134212,npi_Deva
panel2,A,nep_news_2020_300K,nep,L1,134271,npi_Deva
panel2,A,nep_news_2020_300K,nep,L1,134276,npi_Deva
panel2,A,nep_news_2020_300K,nep,L1,134622,npi_Deva
panel2,A,nep_news_2020_300K,nep,L1,135330,npi_Deva
panel2,A,nep_news_2020_300K,nep,L1,135340,npi_Deva
panel2,A,nep_news_2020_300K,nep,L1,135786,npi_Deva
panel2,A,nep_news_2020_300K,nep,L1,135905,npi_Deva
panel2,A,nep_news_2020_300K,nep,L1,135963,npi_Deva
panel2,A,nep_news_2020_300K,nep,L1,135974,npi_Deva
panel2,A,nep_news_2020_300K,nep,L1,136147,npi_Deva
panel2,A,nep_news_2020_300K,nep,L1,136267,npi_Deva
panel2,A,nep_news_2020_300K,nep,L1,136295,npi_Deva
panel2,A,nep_news_2020_300K,nep,L1,136707,npi_Deva
panel2,A,nep_news_2020_300K,nep,L1,137246,npi_Deva
panel2,A,nep_news_2020_300K,nep,L1,137259,npi_Deva
panel2,A,nep_news_2020_300K,nep,L1,137574,npi_Deva
panel2,A,nep_news_2020_300K,nep,L1,137683,npi_Deva
panel2,A,nep_news_2020_300K,nep,L1,137860,npi_Deva
panel2,A,nep_news_2020_300K,nep,L1,137935,npi_Deva
panel2,A,nep_news_2020_300K,nep,L1,138015,npi_Deva
panel2,A,nep_news_2020_300K,nep,L1,138040,npi_Deva
panel2,A,nep_news_2020_300K,nep,L1,138261,npi_Deva
panel2,A,nep_news_2020_300K,nep,L1,138323,anp_Deva
panel2,A,nep_news_2020_300K,nep,L1,138531,npi_Deva
panel2,A,nep_news_2020_300K,nep,L1,138656,npi_Deva
panel2,A,nep_news_2020_300K,nep,L1,138738,npi_Deva
panel2,A,nep_news_2020_300K,nep,L1,138799,npi_Deva
panel2,A,nep_news_2020_300K,nep,L1,139062,npi_Deva
panel2,A,nep_news_2020_300K,nep,L1,139081,npi_Deva
panel2,A,nep_news_2020_300K,nep,L1,139293,npi_Deva
panel2,A,nep_news_2020_300K,nep,L1,139345,npi_Deva
panel2,A,nep_news_2020_300K,nep,L1,139371,npi_Deva
panel2,A,nep_news_2020_300K,nep,L1,139448,npi_Deva
panel2,A,nep_news_2020_300K,nep,L1,139480,npi_Deva
panel2,A,nep_news_2020_300K,nep,L1,139498,npi_Deva
panel2,A,nep_news_2020_300K,nep,L1,139544,npi_Deva
panel2,A,nep_news_2020_300K,nep,L1,139703,npi_Deva
panel2,A,nep_news_2020_300K,nep,L1,139728,npi_Deva
panel2,A,nep_news_2020_300K,nep,L1,139955,npi_Deva
panel2,A,nep_news_2020_300K,nep,L1,139989,npi_Deva
panel2,A,nep_news_2020_300K,nep,L1,140269,npi_Deva
panel2,A,nep_news_2020_300K,nep,L1,140319,npi_Deva
panel2,A,nep_news_2020_300K,nep,L1,140331,npi_Deva
panel2,A,nep_news_2020_300K,nep,L1,140419,npi_Deva
panel2,A,nep_news_2020_300K,nep,L1,140469,npi_Deva
panel2,A,nep_news_2020_300K,nep,L1,140613,npi_Deva
panel2,A,nep_news_2020_300K,nep,L1,140869,anp_Deva
panel2,A,nep_news_2020_300K,nep,L1,140901,npi_Deva
panel2,A,nep_news_2020_300K,nep,L1,140990,npi_Deva
panel2,A,nep_news_2020_300K,nep,L1,141012,npi_Deva
panel2,A,nep_news_2020_300K,nep,L1,141053,npi_Deva
panel2,A,nep_news_2020_300K,nep,L1,141055,npi_Deva
panel2,A,nep_news_2020_300K,nep,L1,141180,npi_Deva
panel2,A,nep_news_2020_300K,nep,L1,141214,npi_Deva
panel2,A,nep_news_2020_300K,nep,L1,141217,npi_Deva
panel2,A,nep_news_2020_300K,nep,L1,141974,npi_Deva
panel2,A,nep_news_2020_300K,nep,L1,142158,npi_Deva
panel2,A,nep_news_2020_300K,nep,L1,142229,npi_Deva
panel2,A,nep_news_2020_300K,nep,L1,142339,npi_Deva
panel2,A,nep_news_2020_300K,nep,L1,142508,npi_Deva
panel2,A,nep_news_2020_300K,nep,L1,142543,npi_Deva
panel2,A,nep_news_2020_300K,nep,L1,142606,npi_Deva
panel2,A,nep_news_2020_300K,nep,L1,142701,npi_Deva
panel2,A,nep_news_2020_300K,nep,L1,142777,npi_Deva
panel2,A,nep_news_2020_300K,nep,L1,142916,npi_Deva
panel2,A,nep_news_2020_300K,nep,L1,142930,npi_Deva
panel2,A,nep_news_2020_300K,nep,L1,143009,npi_Deva
panel2,A,nep_news_2020_300K,nep,L1,143249,npi_Deva
panel2,A,nep_news_2020_300K,nep,L1,143536,npi_Deva
panel2,A,nep_news_2020_300K,nep,L1,143622,npi_Deva
panel2,A,nep_news_2020_300K,nep,L1,143734,npi_Deva
panel2,A,nep_news_2020_300K,nep,L1,143873,npi_Deva
panel2,A,nep_news_2020_300K,nep,L1,144030,npi_Deva
panel2,A,nep_news_2020_300K,nep,L1,144422,npi_Deva
panel2,A,nep_news_2020_300K,nep,L1,144711,npi_Deva
panel2,A,nep_news_2020_300K,nep,L1,144809,npi_Deva
panel2,A,nep_news_2020_300K,nep,L1,144961,npi_Deva
panel2,A,nep_news_2020_300K,nep,L1,145043,npi_Deva
panel2,A,nep_news_2020_300K,nep,L1,145110,npi_Deva
panel2,A,nep_news_2020_300K,nep,L1,145189,npi_Deva
panel2,A,nep_news_2020_300K,nep,L1,145305,npi_Deva
panel2,A,nep_news_2020_300K,nep,L1,145380,npi_Deva
panel2,A,nep_news_2020_300K,nep,L1,145449,npi_Deva
panel2,A,nep_news_2020_300K,nep,L1,145985,npi_Deva
panel2,A,nep_news_2020_300K,nep,L1,146630,npi_Deva
panel2,A,nep_news_2020_300K,nep,L1,146863,npi_Deva
panel2,A,nep_news_2020_300K,nep,L1,146899,npi_Deva
panel2,A,nep_news_2020_300K,nep,L1,146904,npi_Deva
panel2,A,nep_news_2020_300K,nep,L1,146914,npi_Deva
panel2,A,nep_news_2020_300K,nep,L1,146937,npi_Deva
panel2,A,nep_news_2020_300K,nep,L1,147086,npi_Deva
panel2,A,nep_news_2020_300K,nep,L1,147092,npi_Deva
panel2,A,nep_news_2020_300K,nep,L1,147172,npi_Deva
panel2,A,nep_news_2020_300K,nep,L1,147193,npi_Deva
panel2,A,nep_news_2020_300K,nep,L1,147432,npi_Deva
panel2,A,nep_news_2020_300K,nep,L1,148165,npi_Deva
panel2,A,nep_news_2020_300K,nep,L1,148279,npi_Deva
panel2,A,nep_news_2020_300K,nep,L1,148350,npi_Deva
panel2,A,nep_news_2020_300K,nep,L1,148390,npi_Deva
panel2,A,nep_news_2020_300K,nep,L1,148391,npi_Deva
panel2,A,nep_news_2020_300K,nep,L1,148541,npi_Deva
panel2,A,nep_news_2020_300K,nep,L1,148561,npi_Deva
panel2,A,nep_news_2020_300K,nep,L1,148770,npi_Deva
panel2,A,nep_news_2020_300K,nep,L1,149086,npi_Deva
panel2,A,nep_news_2020_300K,nep,L1,149146,npi_Deva
panel2,A,nep_news_2020_300K,nep,L1,149214,npi_Deva
panel2,A,nep_news_2020_300K,nep,L1,149747,npi_Deva
panel2,A,nep_news_2020_300K,nep,L1,149795,npi_Deva
panel2,A,nep_news_2020_300K,nep,L1,149973,npi_Deva
panel2,A,nep_news_2020_300K,nep,L1,150057,npi_Deva
panel2,A,nep_news_2020_300K,nep,L1,150184,npi_Deva
panel2,A,nep_news_2020_300K,nep,L1,150362,npi_Deva
panel2,A,nep_news_2020_300K,nep,L1,150399,npi_Deva
panel2,A,nep_news_2020_300K,nep,L1,150412,npi_Deva
panel2,A,nep_news_2020_300K,nep,L1,150450,npi_Deva
panel2,A,nep_news_2020_300K,nep,L1,150569,npi_Deva
panel2,A,nep_news_2020_300K,nep,L1,150690,npi_Deva
panel2,A,nep_news_2020_300K,nep,L1,150864,npi_Deva
panel2,A,nep_news_2020_300K,nep,L1,151027,npi_Deva
panel2,A,nep_news_2020_300K,nep,L1,151073,npi_Deva
panel2,A,nep_news_2020_300K,nep,L1,151172,npi_Deva
panel2,A,nep_news_2020_300K,nep,L1,151199,npi_Deva
panel2,A,nep_news_2020_300K,nep,L1,151367,npi_Deva
panel2,A,nep_news_2020_300K,nep,L1,151584,npi_Deva
panel2,A,nep_news_2020_300K,nep,L1,151706,npi_Deva
panel2,A,nep_news_2020_300K,nep,L1,151709,npi_Deva
panel2,A,nep_news_2020_300K,nep,L1,152125,npi_Deva
panel2,A,nep_news_2020_300K,nep,L1,152365,npi_Deva
panel2,A,nep_news_2020_300K,nep,L1,152439,npi_Deva
panel2,A,nep_news_2020_300K,nep,L1,152468,npi_Deva
panel2,A,nep_news_2020_300K,nep,L1,153493,npi_Deva
panel2,A,nep_news_2020_300K,nep,L1,153496,npi_Deva
panel2,A,nep_news_2020_300K,nep,L1,153923,npi_Deva
panel2,A,nep_news_2020_300K,nep,L1,154117,npi_Deva
panel2,A,nep_news_2020_300K,nep,L1,154280,npi_Deva
panel2,A,nep_news_2020_300K,nep,L1,154395,npi_Deva
panel2,A,nep_news_2020_300K,nep,L1,154475,npi_Deva
panel2,A,nep_news_2020_300K,nep,L1,154622,npi_Deva
panel2,A,nep_news_2020_300K,nep,L1,154713,npi_Deva
panel2,A,nep_news_2020_300K,nep,L1,154716,npi_Deva
panel2,A,nep_news_2020_300K,nep,L1,155065,npi_Deva
panel2,A,nep_news_2020_300K,nep,L1,155201,npi_Deva
panel2,A,nep_news_2020_300K,nep,L1,155273,npi_Deva
panel2,A,nep_news_2020_300K,nep,L1,156400,npi_Deva
panel2,A,nep_news_2020_300K,nep,L1,156435,npi_Deva
panel2,A,nep_news_2020_300K,nep,L1,156538,npi_Deva
panel2,A,nep_news_2020_300K,nep,L1,156615,npi_Deva
panel2,A,nep_news_2020_300K,nep,L1,156913,npi_Deva
panel2,A,nep_news_2020_300K,nep,L1,156925,npi_Deva
panel2,A,nep_news_2020_300K,nep,L1,156930,npi_Deva
panel2,A,nep_news_2020_300K,nep,L1,157321,npi_Deva
panel2,A,nep_news_2020_300K,nep,L1,157497,npi_Deva
panel2,A,nep_news_2020_300K,nep,L1,157731,npi_Deva
panel2,A,nep_news_2020_300K,nep,L1,158091,npi_Deva
panel2,A,nep_news_2020_300K,nep,L1,158130,npi_Deva
panel2,A,nep_news_2020_300K,nep,L1,158176,npi_Deva
panel2,A,nep_news_2020_300K,nep,L1,158365,npi_Deva
panel2,A,nep_news_2020_300K,nep,L1,158436,npi_Deva
panel2,A,nep_news_2020_300K,nep,L1,158481,npi_Deva
panel2,A,nep_news_2020_300K,nep,L1,158734,npi_Deva
panel2,A,nep_news_2020_300K,nep,L1,158969,npi_Deva
panel2,A,nep_news_2020_300K,nep,L1,158974,npi_Deva
panel2,A,nep_news_2020_300K,nep,L1,158982,npi_Deva
panel2,A,nep_news_2020_300K,nep,L1,159239,npi_Deva
panel2,A,nep_news_2020_300K,nep,L1,159658,npi_Deva
panel2,A,nep_news_2020_300K,nep,L1,159679,npi_Deva
panel2,A,nep_news_2020_300K,nep,L1,159801,npi_Deva
panel2,A,nep_news_2020_300K,nep,L1,159827,npi_Deva
panel2,A,nep_news_2020_300K,nep,L1,160003,npi_Deva
panel2,A,nep_news_2020_300K,nep,L1,160049,npi_Deva
panel2,A,nep_news_2020_300K,nep,L1,160137,npi_Deva
panel2,A,nep_news_2020_300K,nep,L1,160198,npi_Deva
panel2,A,nep_news_2020_300K,nep,L1,160646,npi_Deva
panel2,A,nep_news_2020_300K,nep,L1,161032,npi_Deva
panel2,A,nep_news_2020_300K,nep,L1,161131,npi_Deva
panel2,A,nep_news_2020_300K,nep,L1,161242,npi_Deva
panel2,A,nep_news_2020_300K,nep,L1,161413,npi_Deva
panel2,A,nep_news_2020_300K,nep,L1,161500,npi_Deva
panel2,A,nep_news_2020_300K,nep,L1,161589,npi_Deva
panel2,A,nep_news_2020_300K,nep,L1,161954,npi_Deva
panel2,A,nep_news_2020_300K,nep,L1,162026,npi_Deva
panel2,A,nep_news_2020_300K,nep,L1,162137,npi_Deva
panel2,A,nep_news_2020_300K,nep,L1,162195,npi_Deva
panel2,A,nep_news_2020_300K,nep,L1,162274,npi_Deva
panel2,A,nep_news_2020_300K,nep,L1,162327,npi_Deva
panel2,A,nep_news_2020_300K,nep,L1,162785,npi_Deva
panel2,A,nep_news_2020_300K,nep,L1,162903,npi_Deva
panel2,A,nep_news_2020_300K,nep,L1,163036,npi_Deva
panel2,A,nep_news_2020_300K,nep,L1,163225,npi_Deva
panel2,A,nep_news_2020_300K,nep,L1,163348,npi_Deva
panel2,A,nep_news_2020_300K,nep,L1,163741,npi_Deva
panel2,A,nep_news_2020_300K,nep,L1,163832,npi_Deva
panel2,A,nep_news_2020_300K,nep,L1,163970,anp_Deva
panel2,A,nep_news_2020_300K,nep,L1,164188,npi_Deva
panel2,A,nep_news_2020_300K,nep,L1,164362,npi_Deva
panel2,A,nep_news_2020_300K,nep,L1,164738,npi_Deva
panel2,A,nep_news_2020_300K,nep,L1,164967,npi_Deva
panel2,A,nep_news_2020_300K,nep,L1,165030,npi_Deva
panel2,A,nep_news_2020_300K,nep,L1,165068,npi_Deva
panel2,A,nep_news_2020_300K,nep,L1,165852,npi_Deva
panel2,A,nep_news_2020_300K,nep,L1,165962,npi_Deva
panel2,A,nep_news_2020_300K,nep,L1,166401,npi_Deva
panel2,A,nep_news_2020_300K,nep,L1,166647,npi_Deva
panel2,A,nep_news_2020_300K,nep,L1,166668,npi_Deva
panel2,A,nep_news_2020_300K,nep,L1,167302,npi_Deva
panel2,A,nep_news_2020_300K,nep,L1,167369,npi_Deva
panel2,A,nep_news_2020_300K,nep,L1,167476,npi_Deva
panel2,A,nep_news_2020_300K,nep,L1,167508,npi_Deva
panel2,A,nep_news_2020_300K,nep,L1,168084,npi_Deva
panel2,A,nep_news_2020_300K,nep,L1,168287,npi_Deva
panel2,A,nep_news_2020_300K,nep,L1,168319,npi_Deva
panel2,A,nep_news_2020_300K,nep,L1,168579,npi_Deva
panel2,A,nep_news_2020_300K,nep,L1,168613,npi_Deva
panel2,A,nep_news_2020_300K,nep,L1,168646,npi_Deva
panel2,A,nep_news_2020_300K,nep,L1,168735,npi_Deva
panel2,A,nep_news_2020_300K,nep,L1,168834,npi_Deva
panel2,A,nep_news_2020_300K,nep,L1,168878,npi_Deva
panel2,A,nep_news_2020_300K,nep,L1,168917,npi_Deva
panel2,A,nep_news_2020_300K,nep,L1,168971,npi_Deva
panel2,A,nep_news_2020_300K,nep,L1,169069,npi_Deva
panel2,A,nep_news_2020_300K,nep,L1,169256,npi_Deva
panel2,A,nep_news_2020_300K,nep,L1,169399,npi_Deva
panel2,A,nep_news_2020_300K,nep,L1,169438,npi_Deva
panel2,A,nep_news_2020_300K,nep,L1,169573,npi_Deva
panel2,A,nep_news_2020_300K,nep,L1,169648,npi_Deva
panel2,A,nep_news_2020_300K,nep,L1,170028,npi_Deva
panel2,A,nep_news_2020_300K,nep,L1,170163,npi_Deva
panel2,A,nep_news_2020_300K,nep,L1,170534,npi_Deva
panel2,A,nep_news_2020_300K,nep,L1,170656,npi_Deva
panel2,A,nep_news_2020_300K,nep,L1,171078,npi_Deva
panel2,A,nep_news_2020_300K,nep,L1,171149,npi_Deva
panel2,A,nep_news_2020_300K,nep,L1,171156,npi_Deva
panel2,A,nep_news_2020_300K,nep,L1,171224,npi_Deva
panel2,A,nep_news_2020_300K,nep,L1,171235,npi_Deva
panel2,A,nep_news_2020_300K,nep,L1,171374,npi_Deva
panel2,A,nep_news_2020_300K,nep,L1,171515,npi_Deva
panel2,A,nep_news_2020_300K,nep,L1,171546,npi_Deva
panel2,A,nep_news_2020_300K,nep,L1,171715,npi_Deva
panel2,A,nep_news_2020_300K,nep,L1,171881,npi_Deva
panel2,A,nep_news_2020_300K,nep,L1,171907,npi_Deva
panel2,A,nep_news_2020_300K,nep,L1,171914,npi_Deva
panel2,A,nep_news_2020_300K,nep,L1,171936,npi_Deva
panel2,A,nep_news_2020_300K,nep,L1,172141,npi_Deva
panel2,A,nep_news_2020_300K,nep,L1,172627,npi_Deva
panel2,A,nep_news_2020_300K,nep,L1,172658,npi_Deva
panel2,A,nep_news_2020_300K,nep,L1,172752,npi_Deva
panel2,A,nep_news_2020_300K,nep,L1,172840,npi_Deva
panel2,A,nep_news_2020_300K,nep,L1,173628,npi_Deva
panel2,A,nep_news_2020_300K,nep,L1,173678,npi_Deva
panel2,A,nep_news_2020_300K,nep,L1,173720,npi_Deva
panel2,A,nep_news_2020_300K,nep,L1,173803,npi_Deva
panel2,A,nep_news_2020_300K,nep,L1,173896,npi_Deva
panel2,A,nep_news_2020_300K,nep,L1,173933,npi_Deva
panel2,A,nep_news_2020_300K,nep,L1,174501,npi_Deva
panel2,A,nep_news_2020_300K,nep,L1,174563,npi_Deva
panel2,A,nep_news_2020_300K,nep,L1,174660,npi_Deva
panel2,A,nep_news_2020_300K,nep,L1,174994,npi_Deva
panel2,A,nep_news_2020_300K,nep,L1,175055,npi_Deva
panel2,A,nep_news_2020_300K,nep,L1,175197,npi_Deva
panel2,A,nep_news_2020_300K,nep,L1,175206,npi_Deva
panel2,A,nep_news_2020_300K,nep,L1,175480,npi_Deva
panel2,A,nep_news_2020_300K,nep,L1,175872,npi_Deva
panel2,A,nep_news_2020_300K,nep,L1,175913,npi_Deva
panel2,A,nep_news_2020_300K,nep,L1,176431,npi_Deva
panel2,A,nep_news_2020_300K,nep,L1,176712,npi_Deva
panel2,A,nep_news_2020_300K,nep,L1,176924,npi_Deva
panel2,A,nep_news_2020_300K,nep,L1,176953,npi_Deva
panel2,A,nep_news_2020_300K,nep,L1,177028,npi_Deva
panel2,A,nep_news_2020_300K,nep,L1,177095,npi_Deva
panel2,A,nep_news_2020_300K,nep,L1,177312,npi_Deva
panel2,A,nep_news_2020_300K,nep,L1,177348,npi_Deva
panel2,A,nep_news_2020_300K,nep,L1,177457,npi_Deva
panel2,A,nep_news_2020_300K,nep,L1,177459,npi_Deva
panel2,A,nep_news_2020_300K,nep,L1,177462,npi_Deva
panel2,A,nep_news_2020_300K,nep,L1,177646,npi_Deva
panel2,A,nep_news_2020_300K,nep,L1,177678,npi_Deva
panel2,A,nep_news_2020_300K,nep,L1,177870,npi_Deva
panel2,A,nep_news_2020_300K,nep,L1,177876,npi_Deva
panel2,A,nep_news_2020_300K,nep,L1,178203,npi_Deva
panel2,A,nep_news_2020_300K,nep,L1,178443,npi_Deva
panel2,A,nep_news_2020_300K,nep,L1,178527,npi_Deva
panel2,A,nep_news_2020_300K,nep,L1,178602,npi_Deva
panel2,A,nep_news_2020_300K,nep,L1,178636,npi_Deva
panel2,A,nep_news_2020_300K,nep,L1,178701,npi_Deva
panel2,A,nep_news_2020_300K,nep,L1,178714,npi_Deva
panel2,A,nep_news_2020_300K,nep,L1,179244,npi_Deva
panel2,A,nep_news_2020_300K,nep,L1,179391,npi_Deva
panel2,A,nep_news_2020_300K,nep,L1,179538,npi_Deva
panel2,A,nep_news_2020_300K,nep,L1,179658,npi_Deva
panel2,A,nep_news_2020_300K,nep,L1,179667,npi_Deva
panel2,A,nep_news_2020_300K,nep,L1,179703,npi_Deva
panel2,A,nep_news_2020_300K,nep,L1,179769,npi_Deva
panel2,A,nep_news_2020_300K,nep,L1,179895,npi_Deva
panel2,A,nep_news_2020_300K,nep,L1,180134,npi_Deva
panel2,A,nep_news_2020_300K,nep,L1,180290,npi_Deva
panel2,A,nep_news_2020_300K,nep,L1,180467,npi_Deva
panel2,A,nep_news_2020_300K,nep,L1,180475,npi_Deva
panel2,A,nep_news_2020_300K,nep,L1,180557,npi_Deva
panel2,A,nep_news_2020_300K,nep,L1,180819,npi_Deva
panel2,A,nep_news_2020_300K,nep,L1,180865,npi_Deva
panel2,A,nep_news_2020_300K,nep,L1,181338,npi_Deva
panel2,A,nep_news_2020_300K,nep,L1,181360,npi_Deva
panel2,A,nep_news_2020_300K,nep,L1,181410,npi_Deva
panel2,A,nep_news_2020_300K,nep,L1,181463,npi_Deva
panel2,A,nep_news_2020_300K,nep,L1,181529,npi_Deva
panel2,A,nep_news_2020_300K,nep,L1,181695,npi_Deva
panel2,A,nep_news_2020_300K,nep,L1,181696,npi_Deva
panel2,A,nep_news_2020_300K,nep,L1,181780,npi_Deva
panel2,A,nep_news_2020_300K,nep,L1,181879,npi_Deva
panel2,A,nep_news_2020_300K,nep,L1,182337,npi_Deva
panel2,A,nep_news_2020_300K,nep,L1,182646,npi_Deva
panel2,A,nep_news_2020_300K,nep,L1,182652,npi_Deva
panel2,A,nep_news_2020_300K,nep,L1,182656,npi_Deva
panel2,A,nep_news_2020_300K,nep,L1,182743,npi_Deva
panel2,A,nep_news_2020_300K,nep,L1,182983,npi_Deva
panel2,A,nep_news_2020_300K,nep,L1,183172,npi_Deva
panel2,A,nep_news_2020_300K,nep,L1,183273,npi_Deva
panel2,A,nep_news_2020_300K,nep,L1,183825,npi_Deva
panel2,A,nep_news_2020_300K,nep,L1,184259,npi_Deva
panel2,A,nep_news_2020_300K,nep,L1,184411,npi_Deva
panel2,A,nep_news_2020_300K,nep,L1,184430,npi_Deva
panel2,A,nep_news_2020_300K,nep,L1,184525,npi_Deva
panel2,A,nep_news_2020_300K,nep,L1,184707,npi_Deva
panel2,A,nep_news_2020_300K,nep,L1,185138,npi_Deva
panel2,A,nep_news_2020_300K,nep,L1,185325,npi_Deva
panel2,A,nep_news_2020_300K,nep,L1,185481,npi_Deva
panel2,A,nep_news_2020_300K,nep,L1,185695,npi_Deva
panel2,A,nep_news_2020_300K,nep,L1,185780,npi_Deva
panel2,A,nep_news_2020_300K,nep,L1,185976,npi_Deva
panel2,A,nep_news_2020_300K,nep,L1,186233,npi_Deva
panel2,A,nep_news_2020_300K,nep,L1,186234,npi_Deva
panel2,A,nep_news_2020_300K,nep,L1,186336,npi_Deva
panel2,A,nep_news_2020_300K,nep,L1,186393,npi_Deva
panel2,A,nep_news_2020_300K,nep,L1,186444,anp_Deva
panel2,A,nep_news_2020_300K,nep,L1,186579,npi_Deva
panel2,A,nep_news_2020_300K,nep,L1,186633,npi_Deva
panel2,A,nep_news_2020_300K,nep,L1,186821,npi_Deva
panel2,A,nep_news_2020_300K,nep,L1,187033,npi_Deva
panel2,A,nep_news_2020_300K,nep,L1,187210,npi_Deva
panel2,A,nep_news_2020_300K,nep,L1,187309,npi_Deva
panel2,A,nep_news_2020_300K,nep,L1,187333,npi_Deva
panel2,A,nep_news_2020_300K,nep,L1,187348,npi_Deva
panel2,A,nep_news_2020_300K,nep,L1,187394,npi_Deva
panel2,A,nep_news_2020_300K,nep,L1,187622,npi_Deva
panel2,A,nep_news_2020_300K,nep,L1,188139,npi_Deva
panel2,A,nep_news_2020_300K,nep,L1,188234,npi_Deva
panel2,A,nep_news_2020_300K,nep,L1,188240,npi_Deva
panel2,A,nep_news_2020_300K,nep,L1,188247,npi_Deva
panel2,A,nep_news_2020_300K,nep,L1,188375,npi_Deva
panel2,A,nep_news_2020_300K,nep,L1,188840,npi_Deva
panel2,A,nep_news_2020_300K,nep,L1,189090,npi_Deva
panel2,A,nep_news_2020_300K,nep,L1,189098,npi_Deva
panel2,A,nep_news_2020_300K,nep,L1,189300,npi_Deva
panel2,A,nep_news_2020_300K,nep,L1,189332,npi_Deva
panel2,A,nep_news_2020_300K,nep,L1,189414,npi_Deva
panel2,A,nep_news_2020_300K,nep,L1,189561,npi_Deva
panel2,A,nep_news_2020_300K,nep,L1,189844,npi_Deva
panel2,A,nep_news_2020_300K,nep,L1,189896,npi_Deva
panel2,A,nep_news_2020_300K,nep,L1,189908,npi_Deva
panel2,A,nep_news_2020_300K,nep,L1,190055,npi_Deva
panel2,A,nep_news_2020_300K,nep,L1,190118,npi_Deva
panel2,A,nep_news_2020_300K,nep,L1,190152,npi_Deva
panel2,A,nep_news_2020_300K,nep,L1,190281,npi_Deva
panel2,A,nep_news_2020_300K,nep,L1,190381,npi_Deva
panel2,A,nep_news_2020_300K,nep,L1,190611,npi_Deva
panel2,A,nep_news_2020_300K,nep,L1,190650,npi_Deva
panel2,A,nep_news_2020_300K,nep,L1,190748,npi_Deva
panel2,A,nep_news_2020_300K,nep,L1,190822,npi_Deva
panel2,A,nep_news_2020_300K,nep,L1,191449,npi_Deva
panel2,A,nep_news_2020_300K,nep,L1,191676,npi_Deva
panel2,A,nep_news_2020_300K,nep,L1,191837,npi_Deva
panel2,A,nep_news_2020_300K,nep,L1,191901,npi_Deva
panel2,A,nep_news_2020_300K,nep,L1,191960,npi_Deva
panel2,A,nep_news_2020_300K,nep,L1,192274,npi_Deva
panel2,A,nep_news_2020_300K,nep,L1,192480,npi_Deva
panel2,A,nep_news_2020_300K,nep,L1,192661,npi_Deva
panel2,A,nep_news_2020_300K,nep,L1,192701,npi_Deva
panel2,A,nep_news_2020_300K,nep,L1,192814,npi_Deva
panel2,A,nep_news_2020_300K,nep,L1,193065,npi_Deva
panel2,A,nep_news_2020_300K,nep,L1,193125,npi_Deva
panel2,A,nep_news_2020_300K,nep,L1,193205,npi_Deva
panel2,A,nep_news_2020_300K,nep,L1,193452,npi_Deva
panel2,A,nep_news_2020_300K,nep,L1,193811,npi_Deva
panel2,A,nep_news_2020_300K,nep,L1,193936,npi_Deva
panel2,A,nep_news_2020_300K,nep,L1,194324,npi_Deva
panel2,A,nep_news_2020_300K,nep,L1,194357,npi_Deva
panel2,A,nep_news_2020_300K,nep,L1,194600,npi_Deva
panel2,A,nep_news_2020_300K,nep,L1,194629,npi_Deva
panel2,A,nep_news_2020_300K,nep,L1,194641,npi_Deva
panel2,A,nep_news_2020_300K,nep,L1,194671,npi_Deva
panel2,A,nep_news_2020_300K,nep,L1,194740,npi_Deva
panel2,A,nep_news_2020_300K,nep,L1,194922,npi_Deva
panel2,A,nep_news_2020_300K,nep,L1,195054,npi_Deva
panel2,A,nep_news_2020_300K,nep,L1,195128,npi_Deva
panel2,A,nep_news_2020_300K,nep,L1,195512,npi_Deva
panel2,A,nep_news_2020_300K,nep,L1,195590,npi_Deva
panel2,A,nep_news_2020_300K,nep,L1,195598,npi_Deva
panel2,A,nep_news_2020_300K,nep,L1,195642,npi_Deva
panel2,A,nep_news_2020_300K,nep,L1,195958,npi_Deva
panel2,A,nep_news_2020_300K,nep,L1,196250,npi_Deva
panel2,A,nep_news_2020_300K,nep,L1,196462,npi_Deva
panel2,A,nep_news_2020_300K,nep,L1,196741,npi_Deva
panel2,A,nep_news_2020_300K,nep,L1,196789,npi_Deva
panel2,A,nep_news_2020_300K,nep,L1,196888,npi_Deva
panel2,A,nep_news_2020_300K,nep,L1,197181,npi_Deva
panel2,A,nep_news_2020_300K,nep,L1,197249,npi_Deva
panel2,A,nep_news_2020_300K,nep,L1,197358,npi_Deva
panel2,A,nep_news_2020_300K,nep,L1,197438,npi_Deva
panel2,A,nep_news_2020_300K,nep,L1,197522,npi_Deva
panel2,A,nep_news_2020_300K,nep,L1,197534,npi_Deva
panel2,A,nep_news_2020_300K,nep,L1,197600,npi_Deva
panel2,A,nep_news_2020_300K,nep,L1,197720,npi_Deva
panel2,A,nep_news_2020_300K,nep,L1,197902,npi_Deva
panel2,A,nep_news_2020_300K,nep,L1,198293,npi_Deva
panel2,A,nep_news_2020_300K,nep,L1,198443,npi_Deva
panel2,A,nep_news_2020_300K,nep,L1,198456,npi_Deva
panel2,A,nep_news_2020_300K,nep,L1,198697,npi_Deva
panel2,A,nep_news_2020_300K,nep,L1,198792,npi_Deva
panel2,A,nep_news_2020_300K,nep,L1,198927,npi_Deva
panel2,A,nep_news_2020_300K,nep,L1,199128,npi_Deva
panel2,A,nep_news_2020_300K,nep,L1,199260,npi_Deva
panel2,A,nep_news_2020_300K,nep,L1,199289,npi_Deva
panel2,A,nep_news_2020_300K,nep,L1,199365,new_Deva
panel2,A,nep_news_2020_300K,nep,L1,199369,npi_Deva
panel2,A,nep_news_2020_300K,nep,L1,199431,npi_Deva
panel2,A,nep_news_2020_300K,nep,L1,199584,npi_Deva
panel2,A,nep_news_2020_300K,nep,L1,199649,npi_Deva
panel2,A,nep_news_2020_300K,nep,L1,199750,npi_Deva
panel2,A,nep_news_2020_300K,nep,L1,199976,npi_Deva
panel2,A,nep_news_2020_300K,nep,L1,199996,npi_Deva
panel2,A,nep_news_2020_300K,nep,L1,200048,npi_Deva
panel2,A,nep_news_2020_300K,nep,L1,200171,npi_Deva
panel2,A,nep_news_2020_300K,nep,L1,200225,npi_Deva
panel2,A,nep_news_2020_300K,nep,L1,200551,npi_Deva
panel2,A,nep_news_2020_300K,nep,L1,200613,npi_Deva
panel2,A,nep_news_2020_300K,nep,L1,200633,npi_Deva
panel2,A,nep_news_2020_300K,nep,L1,200709,npi_Deva
panel2,A,nep_news_2020_300K,nep,L1,201042,npi_Deva
panel2,A,nep_news_2020_300K,nep,L1,201073,npi_Deva
panel2,A,nep_news_2020_300K,nep,L1,201108,npi_Deva
panel2,A,nep_news_2020_300K,nep,L1,201246,npi_Deva
panel2,A,nep_news_2020_300K,nep,L1,201370,npi_Deva
panel2,A,nep_news_2020_300K,nep,L1,201394,npi_Deva
panel2,A,nep_news_2020_300K,nep,L1,201407,npi_Deva
panel2,A,nep_news_2020_300K,nep,L1,201625,npi_Deva
panel2,A,nep_news_2020_300K,nep,L1,201824,npi_Deva
panel2,A,nep_news_2020_300K,nep,L1,201843,npi_Deva
panel2,A,nep_news_2020_300K,nep,L1,201953,npi_Deva
panel2,A,nep_news_2020_300K,nep,L1,202062,npi_Deva
panel2,A,nep_news_2020_300K,nep,L1,202120,npi_Deva
panel2,A,nep_news_2020_300K,nep,L1,202177,npi_Deva
panel2,A,nep_news_2020_300K,nep,L1,202376,npi_Deva
panel2,A,nep_news_2020_300K,nep,L1,202559,npi_Deva
panel2,A,nep_news_2020_300K,nep,L1,202586,npi_Deva
panel2,A,nep_news_2020_300K,nep,L1,203099,npi_Deva
panel2,A,nep_news_2020_300K,nep,L1,203298,npi_Deva
panel2,A,nep_news_2020_300K,nep,L1,203386,npi_Deva
panel2,A,nep_news_2020_300K,nep,L1,203695,npi_Deva
panel2,A,nep_news_2020_300K,nep,L1,204287,npi_Deva
panel2,A,nep_news_2020_300K,nep,L1,204566,npi_Deva
panel2,A,nep_news_2020_300K,nep,L1,204581,npi_Deva
panel2,A,nep_news_2020_300K,nep,L1,204814,npi_Deva
panel2,A,nep_news_2020_300K,nep,L1,205203,npi_Deva
panel2,A,nep_news_2020_300K,nep,L1,205732,npi_Deva
panel2,A,nep_news_2020_300K,nep,L1,206206,npi_Deva
panel2,A,nep_news_2020_300K,nep,L1,206504,npi_Deva
panel2,A,nep_news_2020_300K,nep,L1,206510,npi_Deva
panel2,A,nep_news_2020_300K,nep,L1,206628,npi_Deva
panel2,A,nep_news_2020_300K,nep,L1,206823,npi_Deva
panel2,A,nep_news_2020_300K,nep,L1,207091,npi_Deva
panel2,A,nep_news_2020_300K,nep,L1,207495,npi_Deva
panel2,A,nep_news_2020_300K,nep,L1,207610,npi_Deva
panel2,A,nep_news_2020_300K,nep,L1,208430,npi_Deva
panel2,A,nep_news_2020_300K,nep,L1,208626,npi_Deva
panel2,A,nep_news_2020_300K,nep,L1,208748,npi_Deva
panel2,A,nep_news_2020_300K,nep,L1,209439,npi_Deva
panel2,A,nep_news_2020_300K,nep,L1,209520,npi_Deva
panel2,A,nep_news_2020_300K,nep,L1,209597,npi_Deva
panel2,A,nep_news_2020_300K,nep,L1,209713,npi_Deva
panel2,A,nep_news_2020_300K,nep,L1,209725,npi_Deva
panel2,A,nep_news_2020_300K,nep,L1,209727,npi_Deva
panel2,A,nep_news_2020_300K,nep,L1,209870,npi_Deva
panel2,A,nep_news_2020_300K,nep,L1,209990,npi_Deva
panel2,A,nep_news_2020_300K,nep,L1,210008,npi_Deva
panel2,A,nep_news_2020_300K,nep,L1,210014,npi_Deva
panel2,A,nep_news_2020_300K,nep,L1,210143,npi_Deva
panel2,A,nep_news_2020_300K,nep,L1,210235,npi_Deva
panel2,A,nep_news_2020_300K,nep,L1,210305,npi_Deva
panel2,A,nep_news_2020_300K,nep,L1,210340,npi_Deva
panel2,A,nep_news_2020_300K,nep,L1,210552,npi_Deva
panel2,A,nep_news_2020_300K,nep,L1,210778,npi_Deva
panel2,A,nep_news_2020_300K,nep,L1,210874,npi_Deva
panel2,A,nep_news_2020_300K,nep,L1,210911,npi_Deva
panel2,A,nep_news_2020_300K,nep,L1,210972,npi_Deva
panel2,A,nep_news_2020_300K,nep,L1,211263,npi_Deva
panel2,A,nep_news_2020_300K,nep,L1,211267,npi_Deva
panel2,A,nep_news_2020_300K,nep,L1,211377,npi_Deva
panel2,A,nep_news_2020_300K,nep,L1,211877,npi_Deva
panel2,A,nep_news_2020_300K,nep,L1,212025,npi_Deva
panel2,A,nep_news_2020_300K,nep,L1,212189,npi_Deva
panel2,A,nep_news_2020_300K,nep,L1,212223,npi_Deva
panel2,A,nep_news_2020_300K,nep,L1,212261,npi_Deva
panel2,A,nep_news_2020_300K,nep,L1,212457,npi_Deva
panel2,A,nep_news_2020_300K,nep,L1,212590,npi_Deva
panel2,A,nep_news_2020_300K,nep,L1,212603,npi_Deva
panel2,A,nep_news_2020_300K,nep,L1,212627,npi_Deva
panel2,A,nep_news_2020_300K,nep,L1,212703,npi_Deva
panel2,A,nep_news_2020_300K,nep,L1,212899,npi_Deva
panel2,A,nep_news_2020_300K,nep,L1,212918,npi_Deva
panel2,A,nep_news_2020_300K,nep,L1,213100,npi_Deva
panel2,A,nep_news_2020_300K,nep,L1,213206,npi_Deva
panel2,A,nep_news_2020_300K,nep,L1,213339,npi_Deva
panel2,A,nep_news_2020_300K,nep,L1,213377,npi_Deva
panel2,A,nep_news_2020_300K,nep,L1,213673,npi_Deva
panel2,A,nep_news_2020_300K,nep,L1,213872,npi_Deva
panel2,A,nep_news_2020_300K,nep,L1,214064,npi_Deva
panel2,A,nep_news_2020_300K,nep,L1,214083,npi_Deva
panel2,A,nep_news_2020_300K,nep,L1,214099,npi_Deva
panel2,A,nep_news_2020_300K,nep,L1,214125,npi_Deva
panel2,A,nep_news_2020_300K,nep,L1,214184,npi_Deva
panel2,A,nep_news_2020_300K,nep,L1,214259,npi_Deva
panel2,A,nep_news_2020_300K,nep,L1,214366,npi_Deva
panel2,A,nep_news_2020_300K,nep,L1,214370,npi_Deva
panel2,A,nep_news_2020_300K,nep,L1,214409,npi_Deva
panel2,A,nep_news_2020_300K,nep,L1,214431,npi_Deva
panel2,A,nep_news_2020_300K,nep,L1,214443,npi_Deva
panel2,A,nep_news_2020_300K,nep,L1,214702,npi_Deva
panel2,A,nep_news_2020_300K,nep,L1,214796,npi_Deva
panel2,A,nep_news_2020_300K,nep,L1,214873,npi_Deva
panel2,A,nep_news_2020_300K,nep,L1,215331,npi_Deva
panel2,A,nep_news_2020_300K,nep,L1,215413,npi_Deva
panel2,A,nep_news_2020_300K,nep,L1,215439,npi_Deva
panel2,A,nep_news_2020_300K,nep,L1,215584,npi_Deva
panel2,A,nep_news_2020_300K,nep,L1,215593,npi_Deva
panel2,A,nep_news_2020_300K,nep,L1,215648,npi_Deva
panel2,A,nep_news_2020_300K,nep,L1,215724,npi_Deva
panel2,A,nep_news_2020_300K,nep,L1,216041,npi_Deva
panel2,A,nep_news_2020_300K,nep,L1,216190,npi_Deva
panel2,A,nep_news_2020_300K,nep,L1,216191,npi_Deva
panel2,A,nep_news_2020_300K,nep,L1,216661,npi_Deva
panel2,A,nep_news_2020_300K,nep,L1,216808,npi_Deva
panel2,A,nep_news_2020_300K,nep,L1,216908,npi_Deva
panel2,A,nep_news_2020_300K,nep,L1,217043,npi_Deva
panel2,A,nep_news_2020_300K,nep,L1,217371,npi_Deva
panel2,A,nep_news_2020_300K,nep,L1,217386,npi_Deva
panel2,A,nep_news_2020_300K,nep,L1,217746,npi_Deva
panel2,A,nep_news_2020_300K,nep,L1,217765,npi_Deva
panel2,A,nep_news_2020_300K,nep,L1,217800,npi_Deva
panel2,A,nep_news_2020_300K,nep,L1,217926,npi_Deva
panel2,A,nep_news_2020_300K,nep,L1,218421,npi_Deva
panel2,A,nep_news_2020_300K,nep,L1,218643,npi_Deva
panel2,A,nep_news_2020_300K,nep,L1,218802,npi_Deva
panel2,A,nep_news_2020_300K,nep,L1,219407,npi_Deva
panel2,A,nep_news_2020_300K,nep,L1,219482,npi_Deva
panel2,A,nep_news_2020_300K,nep,L1,219649,npi_Deva
panel2,A,nep_news_2020_300K,nep,L1,220129,npi_Deva
panel2,A,nep_news_2020_300K,nep,L1,220131,npi_Deva
panel2,A,nep_news_2020_300K,nep,L1,221002,npi_Deva
panel2,A,nep_news_2020_300K,nep,L1,221082,npi_Deva
panel2,A,nep_news_2020_300K,nep,L1,221423,npi_Deva
panel2,A,nep_news_2020_300K,nep,L1,221531,npi_Deva
panel2,A,nep_news_2020_300K,nep,L1,221593,npi_Deva
panel2,A,nep_news_2020_300K,nep,L1,221595,npi_Deva
panel2,A,nep_news_2020_300K,nep,L1,221983,npi_Deva
panel2,A,nep_news_2020_300K,nep,L1,222026,npi_Deva
panel2,A,nep_news_2020_300K,nep,L1,222065,npi_Deva
panel2,A,nep_news_2020_300K,nep,L1,222353,npi_Deva
panel2,A,nep_news_2020_300K,nep,L1,222680,npi_Deva
panel2,A,nep_news_2020_300K,nep,L1,222926,npi_Deva
panel2,A,nep_news_2020_300K,nep,L1,223118,npi_Deva
panel2,A,nep_news_2020_300K,nep,L1,223226,npi_Deva
panel2,A,nep_news_2020_300K,nep,L1,223316,npi_Deva
panel2,A,nep_news_2020_300K,nep,L1,223778,npi_Deva
panel2,A,nep_news_2020_300K,nep,L1,224097,npi_Deva
panel2,A,nep_news_2020_300K,nep,L1,224245,npi_Deva
panel2,A,nep_news_2020_300K,nep,L1,224303,npi_Deva
panel2,A,nep_news_2020_300K,nep,L1,224414,npi_Deva
panel2,A,nep_news_2020_300K,nep,L1,224614,npi_Deva
panel2,A,nep_news_2020_300K,nep,L1,224772,npi_Deva
panel2,A,nep_news_2020_300K,nep,L1,224912,npi_Deva
panel2,A,nep_news_2020_300K,nep,L1,224978,npi_Deva
panel2,A,nep_news_2020_300K,nep,L1,225075,npi_Deva
panel2,A,nep_news_2020_300K,nep,L1,225355,npi_Deva
panel2,A,nep_news_2020_300K,nep,L1,225499,npi_Deva
panel2,A,nep_news_2020_300K,nep,L1,225796,npi_Deva
panel2,A,nep_news_2020_300K,nep,L1,225863,npi_Deva
panel2,A,nep_news_2020_300K,nep,L1,226035,npi_Deva
panel2,A,nep_news_2020_300K,nep,L1,226190,npi_Deva
panel2,A,nep_news_2020_300K,nep,L1,226223,npi_Deva
panel2,A,nep_news_2020_300K,nep,L1,226469,npi_Deva
panel2,A,nep_news_2020_300K,nep,L1,226701,npi_Deva
panel2,A,nep_news_2020_300K,nep,L1,226736,npi_Deva
panel2,A,nep_news_2020_300K,nep,L1,226898,npi_Deva
panel2,A,nep_news_2020_300K,nep,L1,227037,npi_Deva
panel2,A,nep_news_2020_300K,nep,L1,227109,npi_Deva
panel2,A,nep_news_2020_300K,nep,L1,227400,npi_Deva
panel2,A,nep_news_2020_300K,nep,L1,227602,npi_Deva
panel2,A,nep_news_2020_300K,nep,L1,227603,npi_Deva
panel2,A,nep_news_2020_300K,nep,L1,227609,npi_Deva
panel2,A,nep_news_2020_300K,nep,L1,227972,npi_Deva
panel2,A,nep_news_2020_300K,nep,L1,228028,npi_Deva
panel2,A,nep_news_2020_300K,nep,L1,228138,npi_Deva
panel2,A,nep_news_2020_300K,nep,L1,228261,npi_Deva
panel2,A,nep_news_2020_300K,nep,L1,228325,npi_Deva
panel2,A,nep_news_2020_300K,nep,L1,228389,npi_Deva
panel2,A,nep_news_2020_300K,nep,L1,228453,npi_Deva
panel2,A,nep_news_2020_300K,nep,L1,228592,npi_Deva
panel2,A,nep_news_2020_300K,nep,L1,228603,npi_Deva
panel2,A,nep_news_2020_300K,nep,L1,229010,npi_Deva
panel2,A,nep_news_2020_300K,nep,L1,229021,npi_Deva
panel2,A,nep_news_2020_300K,nep,L1,229247,npi_Deva
panel2,A,nep_news_2020_300K,nep,L1,229504,npi_Deva
panel2,A,nep_news_2020_300K,nep,L1,229619,npi_Deva
panel2,A,nep_news_2020_300K,nep,L1,229693,anp_Deva
panel2,A,nep_news_2020_300K,nep,L1,229787,npi_Deva
panel2,A,nep_news_2020_300K,nep,L1,229911,npi_Deva
panel2,A,nep_news_2020_300K,nep,L1,229951,npi_Deva
panel2,A,nep_news_2020_300K,nep,L1,230442,npi_Deva
panel2,A,nep_news_2020_300K,nep,L1,230563,npi_Deva
panel2,A,nep_news_2020_300K,nep,L1,230675,npi_Deva
panel2,A,nep_news_2020_300K,nep,L1,230926,npi_Deva
panel2,A,nep_news_2020_300K,nep,L1,230974,npi_Deva
panel2,A,nep_news_2020_300K,nep,L1,231179,npi_Deva
panel2,A,nep_news_2020_300K,nep,L1,231195,npi_Deva
panel2,A,nep_news_2020_300K,nep,L1,231255,npi_Deva
panel2,A,nep_news_2020_300K,nep,L1,231280,npi_Deva
panel2,A,nep_news_2020_300K,nep,L1,231314,npi_Deva
panel2,A,nep_news_2020_300K,nep,L1,231326,npi_Deva
panel2,A,nep_news_2020_300K,nep,L1,231414,npi_Deva
panel2,A,nep_news_2020_300K,nep,L1,231561,npi_Deva
panel2,A,nep_news_2020_300K,nep,L1,231784,npi_Deva
panel2,A,nep_news_2020_300K,nep,L1,231892,npi_Deva
panel2,A,nep_news_2020_300K,nep,L1,231928,npi_Deva
panel2,A,nep_news_2020_300K,nep,L1,231984,npi_Deva
panel2,A,nep_news_2020_300K,nep,L1,232421,npi_Deva
panel2,A,nep_news_2020_300K,nep,L1,232484,npi_Deva
panel2,A,nep_news_2020_300K,nep,L1,232505,npi_Deva
panel2,A,nep_news_2020_300K,nep,L1,232537,npi_Deva
panel2,A,nep_news_2020_300K,nep,L1,232611,npi_Deva
panel2,A,nep_news_2020_300K,nep,L1,232724,npi_Deva
panel2,A,nep_news_2020_300K,nep,L1,232728,npi_Deva
panel2,A,nep_news_2020_300K,nep,L1,232729,npi_Deva
panel2,A,nep_news_2020_300K,nep,L1,233099,npi_Deva
panel2,A,nep_news_2020_300K,nep,L1,233139,npi_Deva
panel2,A,nep_news_2020_300K,nep,L1,233177,npi_Deva
panel2,A,nep_news_2020_300K,nep,L1,233245,npi_Deva
panel2,A,nep_news_2020_300K,nep,L1,233280,npi_Deva
panel2,A,nep_news_2020_300K,nep,L1,233494,npi_Deva
panel2,A,nep_news_2020_300K,nep,L1,233539,npi_Deva
panel2,A,nep_news_2020_300K,nep,L1,233712,npi_Deva
panel2,A,nep_news_2020_300K,nep,L1,234078,npi_Deva
panel2,A,nep_news_2020_300K,nep,L1,234398,npi_Deva
panel2,A,nep_news_2020_300K,nep,L1,234473,npi_Deva
panel2,A,nep_news_2020_300K,nep,L1,234587,npi_Deva
panel2,A,nep_news_2020_300K,nep,L1,234747,npi_Deva
panel2,A,nep_news_2020_300K,nep,L1,234767,npi_Deva
panel2,A,nep_news_2020_300K,nep,L1,234786,npi_Deva
panel2,A,nep_news_2020_300K,nep,L1,234811,npi_Deva
panel2,A,nep_news_2020_300K,nep,L1,234885,npi_Deva
panel2,A,nep_news_2020_300K,nep,L1,234909,npi_Deva
panel2,A,nep_news_2020_300K,nep,L1,235289,npi_Deva
panel2,A,nep_news_2020_300K,nep,L1,235422,npi_Deva
panel2,A,nep_news_2020_300K,nep,L1,235514,npi_Deva
panel2,A,nep_news_2020_300K,nep,L1,235644,npi_Deva
panel2,A,nep_news_2020_300K,nep,L1,235920,npi_Deva
panel2,A,nep_news_2020_300K,nep,L1,236181,npi_Deva
panel2,A,nep_news_2020_300K,nep,L1,236187,npi_Deva
panel2,A,nep_news_2020_300K,nep,L1,236327,npi_Deva
panel2,A,nep_news_2020_300K,nep,L1,236586,npi_Deva
panel2,A,nep_news_2020_300K,nep,L1,236726,npi_Deva
panel2,A,nep_news_2020_300K,nep,L1,236796,npi_Deva
panel2,A,nep_news_2020_300K,nep,L1,236834,npi_Deva
panel2,A,nep_news_2020_300K,nep,L1,236905,npi_Deva
panel2,A,nep_news_2020_300K,nep,L1,236956,npi_Deva
panel2,A,nep_news_2020_300K,nep,L1,237032,npi_Deva
panel2,A,nep_news_2020_300K,nep,L1,237071,npi_Deva
panel2,A,nep_news_2020_300K,nep,L1,237207,npi_Deva
panel2,A,nep_news_2020_300K,nep,L1,237240,npi_Deva
panel2,A,nep_news_2020_300K,nep,L1,237421,npi_Deva
panel2,A,nep_news_2020_300K,nep,L1,237430,npi_Deva
panel2,A,nep_news_2020_300K,nep,L1,237487,npi_Deva
panel2,A,nep_news_2020_300K,nep,L1,237549,npi_Deva
panel2,A,nep_news_2020_300K,nep,L1,237660,npi_Deva
panel2,A,nep_news_2020_300K,nep,L1,238028,npi_Deva
panel2,A,nep_news_2020_300K,nep,L1,238300,npi_Deva
panel2,A,nep_news_2020_300K,nep,L1,238337,npi_Deva
panel2,A,nep_news_2020_300K,nep,L1,238340,npi_Deva
panel2,A,nep_news_2020_300K,nep,L1,238371,npi_Deva
panel2,A,nep_news_2020_300K,nep,L1,238576,npi_Deva
panel2,A,nep_news_2020_300K,nep,L1,238589,npi_Deva
panel2,A,nep_news_2020_300K,nep,L1,238591,npi_Deva
panel2,A,nep_news_2020_300K,nep,L1,238747,npi_Deva
panel2,A,nep_news_2020_300K,nep,L1,238790,npi_Deva
panel2,A,nep_news_2020_300K,nep,L1,238968,npi_Deva
panel2,A,nep_news_2020_300K,nep,L1,239039,npi_Deva
panel2,A,nep_news_2020_300K,nep,L1,239237,npi_Deva
panel2,A,nep_news_2020_300K,nep,L1,239523,npi_Deva
panel2,A,nep_news_2020_300K,nep,L1,239762,npi_Deva
panel2,A,nep_news_2020_300K,nep,L1,239887,npi_Deva
panel2,A,nep_news_2020_300K,nep,L1,239958,npi_Deva
panel2,A,nep_news_2020_300K,nep,L1,240176,npi_Deva
panel2,A,nep_news_2020_300K,nep,L1,240303,npi_Deva
panel2,A,nep_news_2020_300K,nep,L1,240357,npi_Deva
panel2,A,nep_news_2020_300K,nep,L1,240387,npi_Deva
panel2,A,nep_news_2020_300K,nep,L1,240472,npi_Deva
panel2,A,nep_news_2020_300K,nep,L1,240961,npi_Deva
panel2,A,nep_news_2020_300K,nep,L1,240968,npi_Deva
panel2,A,nep_news_2020_300K,nep,L1,240969,npi_Deva
panel2,A,nep_news_2020_300K,nep,L1,241019,npi_Deva
panel2,A,nep_news_2020_300K,nep,L1,241093,npi_Deva
panel2,A,nep_news_2020_300K,nep,L1,241258,npi_Deva
panel2,A,nep_news_2020_300K,nep,L1,241432,npi_Deva
panel2,A,nep_news_2020_300K,nep,L1,241489,npi_Deva
panel2,A,nep_news_2020_300K,nep,L1,241667,npi_Deva
panel2,A,nep_news_2020_300K,nep,L1,241767,npi_Deva
panel2,A,nep_news_2020_300K,nep,L1,241862,npi_Deva
panel2,A,nep_news_2020_300K,nep,L1,241899,npi_Deva
panel2,A,nep_news_2020_300K,nep,L1,241921,npi_Deva
panel2,A,nep_news_2020_300K,nep,L1,242030,npi_Deva
panel2,A,nep_news_2020_300K,nep,L1,242081,npi_Deva
panel2,A,nep_news_2020_300K,nep,L1,242164,npi_Deva
panel2,A,nep_news_2020_300K,nep,L1,242276,npi_Deva
panel2,A,nep_news_2020_300K,nep,L1,242332,npi_Deva
panel2,A,nep_news_2020_300K,nep,L1,242428,npi_Deva
panel2,A,nep_news_2020_300K,nep,L1,242465,npi_Deva
panel2,A,nep_news_2020_300K,nep,L1,242843,npi_Deva
panel2,A,nep_news_2020_300K,nep,L1,242851,npi_Deva
panel2,A,nep_news_2020_300K,nep,L1,242979,npi_Deva
panel2,A,nep_news_2020_300K,nep,L1,243039,npi_Deva
panel2,A,nep_news_2020_300K,nep,L1,243238,npi_Deva
panel2,A,nep_news_2020_300K,nep,L1,243331,npi_Deva
panel2,A,nep_news_2020_300K,nep,L1,243385,npi_Deva
panel2,A,nep_news_2020_300K,nep,L1,243392,npi_Deva
panel2,A,nep_news_2020_300K,nep,L1,243957,npi_Deva
panel2,A,nep_news_2020_300K,nep,L1,243983,npi_Deva
panel2,A,nep_news_2020_300K,nep,L1,244158,npi_Deva
panel2,A,nep_news_2020_300K,nep,L1,244248,npi_Deva
panel2,A,nep_news_2020_300K,nep,L1,244302,npi_Deva
panel2,A,nep_news_2020_300K,nep,L1,244388,npi_Deva
panel2,A,nep_news_2020_300K,nep,L1,244716,npi_Deva
panel2,A,nep_news_2020_300K,nep,L1,244728,npi_Deva
panel2,A,nep_news_2020_300K,nep,L1,244761,npi_Deva
panel2,A,nep_news_2020_300K,nep,L1,244801,npi_Deva
panel2,A,nep_news_2020_300K,nep,L1,245148,npi_Deva
panel2,A,nep_news_2020_300K,nep,L1,245266,npi_Deva
panel2,A,nep_news_2020_300K,nep,L1,245633,npi_Deva
panel2,A,nep_news_2020_300K,nep,L1,246077,npi_Deva
panel2,A,nep_news_2020_300K,nep,L1,246265,npi_Deva
panel2,A,nep_news_2020_300K,nep,L1,246298,npi_Deva
panel2,A,nep_news_2020_300K,nep,L1,246470,npi_Deva
panel2,A,nep_news_2020_300K,nep,L1,246608,npi_Deva
panel2,A,nep_news_2020_300K,nep,L1,246624,npi_Deva
panel2,A,nep_news_2020_300K,nep,L1,246707,npi_Deva
panel2,A,nep_news_2020_300K,nep,L1,246715,npi_Deva
panel2,A,nep_news_2020_300K,nep,L1,246734,npi_Deva
panel2,A,nep_news_2020_300K,nep,L1,246787,npi_Deva
panel2,A,nep_news_2020_300K,nep,L1,246942,npi_Deva
panel2,A,nep_news_2020_300K,nep,L1,246964,npi_Deva
panel2,A,nep_news_2020_300K,nep,L1,247338,npi_Deva
panel2,A,nep_news_2020_300K,nep,L1,247495,npi_Deva
panel2,A,nep_news_2020_300K,nep,L1,247754,npi_Deva
panel2,A,nep_news_2020_300K,nep,L1,247898,npi_Deva
panel2,A,nep_news_2020_300K,nep,L1,247949,npi_Deva
panel2,A,nep_news_2020_300K,nep,L1,247985,npi_Deva
panel2,A,nep_news_2020_300K,nep,L1,248020,npi_Deva
panel2,A,nep_news_2020_300K,nep,L1,248152,npi_Deva
panel2,A,nep_news_2020_300K,nep,L1,248213,npi_Deva
panel2,A,nep_news_2020_300K,nep,L1,248268,npi_Deva
panel2,A,nep_news_2020_300K,nep,L1,248468,npi_Deva
panel2,A,nep_news_2020_300K,nep,L1,248498,npi_Deva
panel2,A,nep_news_2020_300K,nep,L1,248678,npi_Deva
panel2,A,nep_news_2020_300K,nep,L1,248833,npi_Deva
panel2,A,nep_news_2020_300K,nep,L1,248981,npi_Deva
panel2,A,nep_news_2020_300K,nep,L1,249048,npi_Deva
panel2,A,nep_news_2020_300K,nep,L1,249132,npi_Deva
panel2,A,nep_news_2020_300K,nep,L1,249305,npi_Deva
panel2,A,nep_news_2020_300K,nep,L1,249566,npi_Deva
panel2,A,nep_news_2020_300K,nep,L1,249588,npi_Deva
panel2,A,nep_news_2020_300K,nep,L1,249854,npi_Deva
panel2,A,nep_news_2020_300K,nep,L1,249943,npi_Deva
panel2,A,nep_news_2020_300K,nep,L1,250228,npi_Deva
panel2,A,nep_news_2020_300K,nep,L1,250600,npi_Deva
panel2,A,nep_news_2020_300K,nep,L1,250682,npi_Deva
panel2,A,nep_news_2020_300K,nep,L1,250852,npi_Deva
panel2,A,nep_news_2020_300K,nep,L1,250993,npi_Deva
panel2,A,nep_news_2020_300K,nep,L1,251024,npi_Deva
panel2,A,nep_news_2020_300K,nep,L1,251249,npi_Deva
panel2,A,nep_news_2020_300K,nep,L1,251304,npi_Deva
panel2,A,nep_news_2020_300K,nep,L1,251402,npi_Deva
panel2,A,nep_news_2020_300K,nep,L1,251422,npi_Deva
panel2,A,nep_news_2020_300K,nep,L1,251730,npi_Deva
panel2,A,nep_news_2020_300K,nep,L1,251814,npi_Deva
panel2,A,nep_news_2020_300K,nep,L1,252048,npi_Deva
panel2,A,nep_news_2020_300K,nep,L1,252075,npi_Deva
panel2,A,nep_news_2020_300K,nep,L1,252177,npi_Deva
panel2,A,nep_news_2020_300K,nep,L1,252208,npi_Deva
panel2,A,nep_news_2020_300K,nep,L1,252394,npi_Deva
panel2,A,nep_news_2020_300K,nep,L1,252445,npi_Deva
panel2,A,nep_news_2020_300K,nep,L1,252585,npi_Deva
panel2,A,nep_news_2020_300K,nep,L1,253082,npi_Deva
panel2,A,nep_news_2020_300K,nep,L1,253156,npi_Deva
panel2,A,nep_news_2020_300K,nep,L1,253282,npi_Deva
panel2,A,nep_news_2020_300K,nep,L1,253431,npi_Deva
panel2,A,nep_news_2020_300K,nep,L1,253483,npi_Deva
panel2,A,nep_news_2020_300K,nep,L1,253563,npi_Deva
panel2,A,nep_news_2020_300K,nep,L1,253678,npi_Deva
panel2,A,nep_news_2020_300K,nep,L1,253888,npi_Deva
panel2,A,nep_news_2020_300K,nep,L1,253992,npi_Deva
panel2,A,nep_news_2020_300K,nep,L1,254003,npi_Deva
panel2,A,nep_news_2020_300K,nep,L1,254070,npi_Deva
panel2,A,nep_news_2020_300K,nep,L1,254406,npi_Deva
panel2,A,nep_news_2020_300K,nep,L1,254409,npi_Deva
panel2,A,nep_news_2020_300K,nep,L1,254578,npi_Deva
panel2,A,nep_news_2020_300K,nep,L1,254582,npi_Deva
panel2,A,nep_news_2020_300K,nep,L1,254598,npi_Deva
panel2,A,nep_news_2020_300K,nep,L1,254648,npi_Deva
panel2,A,nep_news_2020_300K,nep,L1,254799,npi_Deva
panel2,A,nep_news_2020_300K,nep,L1,255416,npi_Deva
panel2,A,nep_news_2020_300K,nep,L1,255548,npi_Deva
panel2,A,nep_news_2020_300K,nep,L1,255571,npi_Deva
panel2,A,nep_news_2020_300K,nep,L1,256255,npi_Deva
panel2,A,nep_news_2020_300K,nep,L1,256356,npi_Deva
panel2,A,nep_news_2020_300K,nep,L1,256843,npi_Deva
panel2,A,nep_news_2020_300K,nep,L1,257155,npi_Deva
panel2,A,nep_news_2020_300K,nep,L1,257274,npi_Deva
panel2,A,nep_news_2020_300K,nep,L1,257309,npi_Deva
panel2,A,nep_news_2020_300K,nep,L1,257328,npi_Deva
panel2,A,nep_news_2020_300K,nep,L1,257600,npi_Deva
panel2,A,nep_news_2020_300K,nep,L1,258179,npi_Deva
panel2,A,nep_news_2020_300K,nep,L1,258389,npi_Deva
panel2,A,nep_news_2020_300K,nep,L1,258442,npi_Deva
panel2,A,nep_news_2020_300K,nep,L1,258557,npi_Deva
panel2,A,nep_news_2020_300K,nep,L1,258749,npi_Deva
panel2,A,nep_news_2020_300K,nep,L1,258821,npi_Deva
panel2,A,nep_news_2020_300K,nep,L1,259002,npi_Deva
panel2,A,nep_news_2020_300K,nep,L1,259161,npi_Deva
panel2,A,nep_news_2020_300K,nep,L1,259309,npi_Deva
panel2,A,nep_news_2020_300K,nep,L1,259581,npi_Deva
panel2,A,nep_news_2020_300K,nep,L1,259585,npi_Deva
panel2,A,nep_news_2020_300K,nep,L1,259726,npi_Deva
panel2,A,nep_news_2020_300K,nep,L1,259805,npi_Deva
panel2,A,nep_news_2020_300K,nep,L1,260091,npi_Deva
panel2,A,nep_news_2020_300K,nep,L1,260294,npi_Deva
panel2,A,nep_news_2020_300K,nep,L1,260357,npi_Deva
panel2,A,nep_news_2020_300K,nep,L1,260719,npi_Deva
panel2,A,nep_news_2020_300K,nep,L1,260880,npi_Deva
panel2,A,nep_news_2020_300K,nep,L1,260891,npi_Deva
panel2,A,nep_news_2020_300K,nep,L1,260973,npi_Deva
panel2,A,nep_news_2020_300K,nep,L1,261109,npi_Deva
panel2,A,nep_news_2020_300K,nep,L1,261259,npi_Deva
panel2,A,nep_news_2020_300K,nep,L1,261511,npi_Deva
panel2,A,nep_news_2020_300K,nep,L1,261550,npi_Deva
panel2,A,nep_news_2020_300K,nep,L1,261728,npi_Deva
panel2,A,nep_news_2020_300K,nep,L1,261763,npi_Deva
panel2,A,nep_news_2020_300K,nep,L1,261847,npi_Deva
panel2,A,nep_news_2020_300K,nep,L1,262017,npi_Deva
panel2,A,nep_news_2020_300K,nep,L1,262226,npi_Deva
panel2,A,nep_news_2020_300K,nep,L1,262261,npi_Deva
panel2,A,nep_news_2020_300K,nep,L1,262524,npi_Deva
panel2,A,nep_news_2020_300K,nep,L1,262525,npi_Deva
panel2,A,nep_news_2020_300K,nep,L1,262563,npi_Deva
panel2,A,nep_news_2020_300K,nep,L1,262740,npi_Deva
panel2,A,nep_news_2020_300K,nep,L1,262932,npi_Deva
panel2,A,nep_news_2020_300K,nep,L1,263255,npi_Deva
panel2,A,nep_news_2020_300K,nep,L1,263263,npi_Deva
panel2,A,nep_news_2020_300K,nep,L1,263357,npi_Deva
panel2,A,nep_news_2020_300K,nep,L1,263469,npi_Deva
panel2,A,nep_news_2020_300K,nep,L1,263728,npi_Deva
panel2,A,nep_news_2020_300K,nep,L1,263851,npi_Deva
panel2,A,nep_news_2020_300K,nep,L1,264065,npi_Deva
panel2,A,nep_news_2020_300K,nep,L1,264146,npi_Deva
panel2,A,nep_news_2020_300K,nep,L1,264199,npi_Deva
panel2,A,nep_news_2020_300K,nep,L1,264605,npi_Deva
panel2,A,nep_news_2020_300K,nep,L1,264864,npi_Deva
panel2,A,nep_news_2020_300K,nep,L1,264939,npi_Deva
panel2,A,nep_news_2020_300K,nep,L1,264959,npi_Deva
panel2,A,nep_news_2020_300K,nep,L1,265078,npi_Deva
panel2,A,nep_news_2020_300K,nep,L1,265725,npi_Deva
panel2,A,nep_news_2020_300K,nep,L1,265739,npi_Deva
panel2,A,nep_news_2020_300K,nep,L1,265792,npi_Deva
panel2,A,nep_news_2020_300K,nep,L1,265797,npi_Deva
panel2,A,nep_news_2020_300K,nep,L1,266107,npi_Deva
panel2,A,nep_news_2020_300K,nep,L1,266243,npi_Deva
panel2,A,nep_news_2020_300K,nep,L1,266329,npi_Deva
panel2,A,nep_news_2020_300K,nep,L1,266348,npi_Deva
panel2,A,nep_news_2020_300K,nep,L1,266448,npi_Deva
panel2,A,nep_news_2020_300K,nep,L1,266555,npi_Deva
panel2,A,nep_news_2020_300K,nep,L1,266684,npi_Deva
panel2,A,nep_news_2020_300K,nep,L1,266843,npi_Deva
panel2,A,nep_news_2020_300K,nep,L1,266941,npi_Deva
panel2,A,nep_news_2020_300K,nep,L1,266984,npi_Deva
panel2,A,nep_news_2020_300K,nep,L1,267222,npi_Deva
panel2,A,nep_news_2020_300K,nep,L1,267360,npi_Deva
panel2,A,nep_news_2020_300K,nep,L1,267416,npi_Deva
panel2,A,nep_news_2020_300K,nep,L1,267530,npi_Deva
panel2,A,nep_news_2020_300K,nep,L1,267533,npi_Deva
panel2,A,nep_news_2020_300K,nep,L1,267567,npi_Deva
panel2,A,nep_news_2020_300K,nep,L1,267585,npi_Deva
panel2,A,nep_news_2020_300K,nep,L1,268139,npi_Deva
panel2,A,nep_news_2020_300K,nep,L1,268352,npi_Deva
panel2,A,nep_news_2020_300K,nep,L1,268534,npi_Deva
panel2,A,nep_news_2020_300K,nep,L1,268899,npi_Deva
panel2,A,nep_news_2020_300K,nep,L1,269044,npi_Deva
panel2,A,nep_news_2020_300K,nep,L1,269205,npi_Deva
panel2,A,nep_news_2020_300K,nep,L1,269362,npi_Deva
panel2,A,nep_news_2020_300K,nep,L1,269658,npi_Deva
panel2,A,nep_news_2020_300K,nep,L1,269694,npi_Deva
panel2,A,nep_news_2020_300K,nep,L1,269876,npi_Deva
panel2,A,nep_news_2020_300K,nep,L1,270180,npi_Deva
panel2,A,nep_news_2020_300K,nep,L1,270199,npi_Deva
panel2,A,nep_news_2020_300K,nep,L1,270287,npi_Deva
panel2,A,nep_news_2020_300K,nep,L1,270464,npi_Deva
panel2,A,nep_news_2020_300K,nep,L1,270548,npi_Deva
panel2,A,nep_news_2020_300K,nep,L1,270675,npi_Deva
panel2,A,nep_news_2020_300K,nep,L1,270702,npi_Deva
panel2,A,nep_news_2020_300K,nep,L1,270828,npi_Deva
panel2,A,nep_news_2020_300K,nep,L1,271146,npi_Deva
panel2,A,nep_news_2020_300K,nep,L1,271642,npi_Deva
panel2,A,nep_news_2020_300K,nep,L1,271649,npi_Deva
panel2,A,nep_news_2020_300K,nep,L1,272346,npi_Deva
panel2,A,nep_news_2020_300K,nep,L1,272487,npi_Deva
panel2,A,nep_news_2020_300K,nep,L1,272670,npi_Deva
panel2,A,nep_news_2020_300K,nep,L1,272716,npi_Deva
panel2,A,nep_news_2020_300K,nep,L1,272800,npi_Deva
panel2,A,nep_news_2020_300K,nep,L1,272981,npi_Deva
panel2,A,nep_news_2020_300K,nep,L1,273027,npi_Deva
panel2,A,nep_news_2020_300K,nep,L1,273159,npi_Deva
panel2,A,nep_news_2020_300K,nep,L1,273458,npi_Deva
panel2,A,nep_news_2020_300K,nep,L1,273590,npi_Deva
panel2,A,nep_news_2020_300K,nep,L1,273700,npi_Deva
panel2,A,nep_news_2020_300K,nep,L1,273737,npi_Deva
panel2,A,nep_news_2020_300K,nep,L1,273936,npi_Deva
panel2,A,nep_news_2020_300K,nep,L1,273988,npi_Deva
panel2,A,nep_news_2020_300K,nep,L1,274322,npi_Deva
panel2,A,nep_news_2020_300K,nep,L1,274512,npi_Deva
panel2,A,nep_news_2020_300K,nep,L1,274541,npi_Deva
panel2,A,nep_news_2020_300K,nep,L1,274652,npi_Deva
panel2,A,nep_news_2020_300K,nep,L1,274784,npi_Deva
panel2,A,nep_news_2020_300K,nep,L1,274786,npi_Deva
panel2,A,nep_news_2020_300K,nep,L1,275028,npi_Deva
panel2,A,nep_news_2020_300K,nep,L1,275930,npi_Deva
panel2,A,nep_news_2020_300K,nep,L1,275932,npi_Deva
panel2,A,nep_news_2020_300K,nep,L1,275962,npi_Deva
panel2,A,nep_news_2020_300K,nep,L1,276107,npi_Deva
panel2,A,nep_news_2020_300K,nep,L1,276254,npi_Deva
panel2,A,nep_news_2020_300K,nep,L1,276564,npi_Deva
panel2,A,nep_news_2020_300K,nep,L1,276872,npi_Deva
panel2,A,nep_news_2020_300K,nep,L1,276921,npi_Deva
panel2,A,nep_news_2020_300K,nep,L1,276924,npi_Deva
panel2,A,nep_news_2020_300K,nep,L1,277396,npi_Deva
panel2,A,nep_news_2020_300K,nep,L1,277478,npi_Deva
panel2,A,nep_news_2020_300K,nep,L1,277897,npi_Deva
panel2,A,nep_news_2020_300K,nep,L1,277929,npi_Deva
panel2,A,nep_news_2020_300K,nep,L1,278200,npi_Deva
panel2,A,nep_news_2020_300K,nep,L1,278268,npi_Deva
panel2,A,nep_news_2020_300K,nep,L1,278280,npi_Deva
panel2,A,nep_news_2020_300K,nep,L1,278372,npi_Deva
panel2,A,nep_news_2020_300K,nep,L1,278393,npi_Deva
panel2,A,nep_news_2020_300K,nep,L1,278731,npi_Deva
panel2,A,nep_news_2020_300K,nep,L1,278805,npi_Deva
panel2,A,nep_news_2020_300K,nep,L1,278828,npi_Deva
panel2,A,nep_news_2020_300K,nep,L1,279337,npi_Deva
panel2,A,nep_news_2020_300K,nep,L1,279566,npi_Deva
panel2,A,nep_news_2020_300K,nep,L1,279879,npi_Deva
panel2,A,nep_news_2020_300K,nep,L1,279907,npi_Deva
panel2,A,nep_news_2020_300K,nep,L1,280151,npi_Deva
panel2,A,nep_news_2020_300K,nep,L1,280173,npi_Deva
panel2,A,nep_news_2020_300K,nep,L1,280247,npi_Deva
panel2,A,nep_news_2020_300K,nep,L1,280273,npi_Deva
panel2,A,nep_news_2020_300K,nep,L1,280281,npi_Deva
panel2,A,nep_news_2020_300K,nep,L1,280322,npi_Deva
panel2,A,nep_news_2020_300K,nep,L1,280553,npi_Deva
panel2,A,nep_news_2020_300K,nep,L1,280674,npi_Deva
panel2,A,nep_news_2020_300K,nep,L1,281279,npi_Deva
panel2,A,nep_news_2020_300K,nep,L1,281314,npi_Deva
panel2,A,nep_news_2020_300K,nep,L1,281865,npi_Deva
panel2,A,nep_news_2020_300K,nep,L1,281924,npi_Deva
panel2,A,nep_news_2020_300K,nep,L1,281990,npi_Deva
panel2,A,nep_news_2020_300K,nep,L1,282153,npi_Deva
panel2,A,nep_news_2020_300K,nep,L1,282174,npi_Deva
panel2,A,nep_news_2020_300K,nep,L1,282185,npi_Deva
panel2,A,nep_news_2020_300K,nep,L1,282232,npi_Deva
panel2,A,nep_news_2020_300K,nep,L1,282445,npi_Deva
panel2,A,nep_news_2020_300K,nep,L1,282537,npi_Deva
panel2,A,nep_news_2020_300K,nep,L1,282596,npi_Deva
panel2,A,nep_news_2020_300K,nep,L1,282614,npi_Deva
panel2,A,nep_news_2020_300K,nep,L1,283122,npi_Deva
panel2,A,nep_news_2020_300K,nep,L1,283206,npi_Deva
panel2,A,nep_news_2020_300K,nep,L1,283211,npi_Deva
panel2,A,nep_news_2020_300K,nep,L1,283472,npi_Deva
panel2,A,nep_news_2020_300K,nep,L1,283560,npi_Deva
panel2,A,nep_news_2020_300K,nep,L1,283956,npi_Deva
panel2,A,nep_news_2020_300K,nep,L1,283986,npi_Deva
panel2,A,nep_news_2020_300K,nep,L1,284244,npi_Deva
panel2,A,nep_news_2020_300K,nep,L1,284469,npi_Deva
panel2,A,nep_news_2020_300K,nep,L1,284688,npi_Deva
panel2,A,nep_news_2020_300K,nep,L1,284839,npi_Deva
panel2,A,nep_news_2020_300K,nep,L1,284913,npi_Deva
panel2,A,nep_news_2020_300K,nep,L1,285090,npi_Deva
panel2,A,nep_news_2020_300K,nep,L1,285150,npi_Deva
panel2,A,nep_news_2020_300K,nep,L1,285187,npi_Deva
panel2,A,nep_news_2020_300K,nep,L1,285204,npi_Deva
panel2,A,nep_news_2020_300K,nep,L1,285304,npi_Deva
panel2,A,nep_news_2020_300K,nep,L1,285537,npi_Deva
panel2,A,nep_news_2020_300K,nep,L1,285656,npi_Deva
panel2,A,nep_news_2020_300K,nep,L1,285728,npi_Deva
panel2,A,nep_news_2020_300K,nep,L1,286050,npi_Deva
panel2,A,nep_news_2020_300K,nep,L1,286306,npi_Deva
panel2,A,nep_news_2020_300K,nep,L1,286449,npi_Deva
panel2,A,nep_news_2020_300K,nep,L1,286453,npi_Deva
panel2,A,nep_news_2020_300K,nep,L1,286650,npi_Deva
panel2,A,nep_news_2020_300K,nep,L1,286745,npi_Deva
panel2,A,nep_news_2020_300K,nep,L1,287128,npi_Deva
panel2,A,nep_news_2020_300K,nep,L1,287145,npi_Deva
panel2,A,nep_news_2020_300K,nep,L1,287417,npi_Deva
panel2,A,nep_news_2020_300K,nep,L1,287576,npi_Deva
panel2,A,nep_news_2020_300K,nep,L1,287603,npi_Deva
panel2,A,nep_news_2020_300K,nep,L1,287891,npi_Deva
panel2,A,nep_news_2020_300K,nep,L1,287894,npi_Deva
panel2,A,nep_news_2020_300K,nep,L1,288321,npi_Deva
panel2,A,nep_news_2020_300K,nep,L1,288510,npi_Deva
panel2,A,nep_news_2020_300K,nep,L1,288629,npi_Deva
panel2,A,nep_news_2020_300K,nep,L1,288650,npi_Deva
panel2,A,nep_news_2020_300K,nep,L1,288727,npi_Deva
panel2,A,nep_news_2020_300K,nep,L1,288840,npi_Deva
panel2,A,nep_news_2020_300K,nep,L1,288950,npi_Deva
panel2,A,nep_news_2020_300K,nep,L1,288956,npi_Deva
panel2,A,nep_news_2020_300K,nep,L1,289301,npi_Deva
panel2,A,nep_news_2020_300K,nep,L1,289348,npi_Deva
panel2,A,nep_news_2020_300K,nep,L1,289498,npi_Deva
panel2,A,nep_news_2020_300K,nep,L1,289562,npi_Deva
panel2,A,nep_news_2020_300K,nep,L1,289640,npi_Deva
panel2,A,nep_news_2020_300K,nep,L1,289743,npi_Deva
panel2,A,nep_news_2020_300K,nep,L1,289744,npi_Deva
panel2,A,nep_news_2020_300K,nep,L1,289783,npi_Deva
panel2,A,nep_news_2020_300K,nep,L1,289789,npi_Deva
panel2,A,nep_news_2020_300K,nep,L1,289795,npi_Deva
panel2,A,nep_news_2020_300K,nep,L1,290042,npi_Deva
panel2,A,nep_news_2020_300K,nep,L1,290057,npi_Deva
panel2,A,nep_news_2020_300K,nep,L1,290520,npi_Deva
panel2,A,nep_news_2020_300K,nep,L1,290636,npi_Deva
panel2,A,nep_news_2020_300K,nep,L1,290713,npi_Deva
panel2,A,nep_news_2020_300K,nep,L1,290957,npi_Deva
panel2,A,nep_news_2020_300K,nep,L1,291275,npi_Deva
panel2,A,nep_news_2020_300K,nep,L1,291530,npi_Deva
panel2,A,nep_news_2020_300K,nep,L1,291553,npi_Deva
panel2,A,nep_news_2020_300K,nep,L1,291625,npi_Deva
panel2,A,nep_news_2020_300K,nep,L1,291766,npi_Deva
panel2,A,nep_news_2020_300K,nep,L1,291870,npi_Deva
panel2,A,nep_news_2020_300K,nep,L1,291952,npi_Deva
panel2,A,nep_news_2020_300K,nep,L1,292223,npi_Deva
panel2,A,nep_news_2020_300K,nep,L1,292243,npi_Deva
panel2,A,nep_news_2020_300K,nep,L1,292283,npi_Deva
panel2,A,nep_news_2020_300K,nep,L1,292459,npi_Deva
panel2,A,nep_news_2020_300K,nep,L1,292588,npi_Deva
panel2,A,nep_news_2020_300K,nep,L1,292691,npi_Deva
panel2,A,nep_news_2020_300K,nep,L1,292769,npi_Deva
panel2,A,nep_news_2020_300K,nep,L1,292845,npi_Deva
panel2,A,nep_news_2020_300K,nep,L1,292874,npi_Deva
panel2,A,nep_news_2020_300K,nep,L1,293093,npi_Deva
panel2,A,nep_news_2020_300K,nep,L1,293660,npi_Deva
panel2,A,nep_news_2020_300K,nep,L1,293705,npi_Deva
panel2,A,nep_news_2020_300K,nep,L1,293902,npi_Deva
panel2,A,nep_news_2020_300K,nep,L1,293995,npi_Deva
panel2,A,nep_news_2020_300K,nep,L1,294545,npi_Deva
panel2,A,nep_news_2020_300K,nep,L1,294650,npi_Deva
panel2,A,nep_news_2020_300K,nep,L1,295002,npi_Deva
panel2,A,nep_news_2020_300K,nep,L1,295125,npi_Deva
panel2,A,nep_news_2020_300K,nep,L1,295231,npi_Deva
panel2,A,nep_news_2020_300K,nep,L1,295334,npi_Deva
panel2,A,nep_news_2020_300K,nep,L1,295385,npi_Deva
panel2,A,nep_news_2020_300K,nep,L1,295498,npi_Deva
panel2,A,nep_news_2020_300K,nep,L1,295728,npi_Deva
panel2,A,nep_news_2020_300K,nep,L1,295729,npi_Deva
panel2,A,nep_news_2020_300K,nep,L1,295866,npi_Deva
panel2,A,nep_news_2020_300K,nep,L1,296169,npi_Deva
panel2,A,nep_news_2020_300K,nep,L1,296182,npi_Deva
panel2,A,nep_news_2020_300K,nep,L1,296277,npi_Deva
panel2,A,nep_news_2020_300K,nep,L1,296319,npi_Deva
panel2,A,nep_news_2020_300K,nep,L1,296431,npi_Deva
panel2,A,nep_news_2020_300K,nep,L1,296456,npi_Deva
panel2,A,nep_news_2020_300K,nep,L1,296589,npi_Deva
panel2,A,nep_news_2020_300K,nep,L1,296736,npi_Deva
panel2,A,nep_news_2020_300K,nep,L1,297098,npi_Deva
panel2,A,nep_news_2020_300K,nep,L1,297223,npi_Deva
panel2,A,nep_news_2020_300K,nep,L1,297240,npi_Deva
panel2,A,nep_news_2020_300K,nep,L1,297306,npi_Deva
panel2,A,nep_news_2020_300K,nep,L1,297358,npi_Deva
panel2,A,nep_news_2020_300K,nep,L1,297433,npi_Deva
panel2,A,nep_news_2020_300K,nep,L1,297672,npi_Deva
panel2,A,nep_news_2020_300K,nep,L1,297709,npi_Deva
panel2,A,nep_news_2020_300K,nep,L1,297766,npi_Deva
panel2,A,nep_news_2020_300K,nep,L1,298007,npi_Deva
panel2,A,nep_news_2020_300K,nep,L1,298126,npi_Deva
panel2,A,nep_news_2020_300K,nep,L1,298210,npi_Deva
panel2,A,nep_news_2020_300K,nep,L1,298357,npi_Deva
panel2,A,nep_news_2020_300K,nep,L1,298358,npi_Deva
panel2,A,nep_news_2020_300K,nep,L1,298450,npi_Deva
panel2,A,nep_news_2020_300K,nep,L1,298993,npi_Deva
panel2,A,nep_news_2020_300K,nep,L1,299219,npi_Deva
panel2,A,nep_news_2020_300K,nep,L1,299383,npi_Deva
panel2,A,nep_news_2020_300K,nep,L1,299427,npi_Deva
panel2,A,nep_news_2020_300K,nep,L1,299460,npi_Deva
panel2,A,nep_news_2020_300K,nep,L1,299472,npi_Deva
panel2,A,nep_news_2020_300K,nep,L1,299508,npi_Deva
panel2,A,nep_news_2020_300K,nep,L1,299612,npi_Deva
panel2,A,nep_news_2020_300K,nep,L1,299704,npi_Deva
panel2,A,nep_news_2020_300K,nep,L5,19,npi_Deva
panel2,A,nep_news_2020_300K,nep,L5,23,npi_Deva
panel2,A,nep_news_2020_300K,nep,L5,28,npi_Deva
panel2,A,nep_news_2020_300K,nep,L5,34,npi_Deva
panel2,A,nep_news_2020_300K,nep,L5,36,npi_Deva
panel2,A,nep_news_2020_300K,nep,L5,63,npi_Deva
panel2,A,nep_news_2020_300K,nep,L5,72,npi_Deva
panel2,A,nep_news_2020_300K,nep,L5,77,npi_Deva
panel2,A,nep_news_2020_300K,nep,L5,84,npi_Deva
panel2,A,nep_news_2020_300K,nep,L5,97,npi_Deva
panel2,A,nep_news_2020_300K,nep,L5,104,npi_Deva
panel2,A,nep_news_2020_300K,nep,L5,106,npi_Deva
panel2,A,nep_news_2020_300K,nep,L5,122,npi_Deva
panel2,A,nep_news_2020_300K,nep,L5,143,npi_Deva
panel2,A,nep_news_2020_300K,nep,L5,166,npi_Deva
panel2,A,nep_news_2020_300K,nep,L5,174,npi_Deva
panel2,A,nep_news_2020_300K,nep,L5,175,npi_Deva
panel2,A,nep_news_2020_300K,nep,L5,181,npi_Deva
panel2,A,nep_news_2020_300K,nep,L5,183,npi_Deva
panel2,A,nep_news_2020_300K,nep,L5,205,npi_Deva
panel2,A,nep_news_2020_300K,nep,L5,211,npi_Deva
panel2,A,nep_news_2020_300K,nep,L5,215,npi_Deva
panel2,A,nep_news_2020_300K,nep,L5,221,npi_Deva
panel2,A,nep_news_2020_300K,nep,L5,231,npi_Deva
panel2,A,nep_news_2020_300K,nep,L5,234,npi_Deva
panel2,A,nep_news_2020_300K,nep,L5,245,npi_Deva
panel2,A,nep_news_2020_300K,nep,L5,255,npi_Deva
panel2,A,nep_news_2020_300K,nep,L5,271,npi_Deva
panel2,A,nep_news_2020_300K,nep,L5,272,npi_Deva
panel2,A,nep_news_2020_300K,nep,L5,273,npi_Deva
panel2,A,nep_news_2020_300K,nep,L5,277,npi_Deva
panel2,A,nep_news_2020_300K,nep,L5,290,npi_Deva
panel2,A,nep_news_2020_300K,nep,L5,296,npi_Deva
panel2,A,nep_news_2020_300K,nep,L5,313,npi_Deva
panel2,A,nep_news_2020_300K,nep,L5,334,npi_Deva
panel2,A,nep_news_2020_300K,nep,L5,351,npi_Deva
panel2,A,nep_news_2020_300K,nep,L5,358,npi_Deva
panel2,A,nep_news_2020_300K,nep,L5,367,npi_Deva
panel2,A,nep_news_2020_300K,nep,L5,368,npi_Deva
panel2,A,nep_news_2020_300K,nep,L5,377,npi_Deva
panel2,A,nep_news_2020_300K,nep,L5,391,npi_Deva
panel2,A,nep_news_2020_300K,nep,L5,397,npi_Deva
panel2,A,nep_news_2020_300K,nep,L5,408,npi_Deva
panel2,A,nep_news_2020_300K,nep,L5,416,npi_Deva
panel2,A,nep_news_2020_300K,nep,L5,428,npi_Deva
panel2,A,nep_news_2020_300K,nep,L5,449,npi_Deva
panel2,A,nep_news_2020_300K,nep,L5,451,npi_Deva
panel2,A,nep_news_2020_300K,nep,L5,456,npi_Deva
panel2,A,nep_news_2020_300K,nep,L5,476,npi_Deva
panel2,A,nep_news_2020_300K,nep,L5,484,npi_Deva
panel2,A,nep_news_2020_300K,nep,L5,493,npi_Deva
panel2,A,nep_news_2020_300K,nep,L5,498,npi_Deva
panel2,A,nep_news_2020_300K,nep,L5,501,npi_Deva
panel2,A,nep_news_2020_300K,nep,L5,502,npi_Deva
panel2,A,nep_news_2020_300K,nep,L5,504,npi_Deva
panel2,A,nep_news_2020_300K,nep,L5,508,npi_Deva
panel2,A,nep_news_2020_300K,nep,L5,511,npi_Deva
panel2,A,nep_news_2020_300K,nep,L5,527,npi_Deva
panel2,A,nep_news_2020_300K,nep,L5,529,npi_Deva
panel2,A,nep_news_2020_300K,nep,L5,530,npi_Deva
panel2,A,nep_news_2020_300K,nep,L5,548,npi_Deva
panel2,A,nep_news_2020_300K,nep,L5,552,npi_Deva
panel2,A,nep_news_2020_300K,nep,L5,553,npi_Deva
panel2,A,nep_news_2020_300K,nep,L5,558,npi_Deva
panel2,A,nep_news_2020_300K,nep,L5,574,npi_Deva
panel2,A,nep_news_2020_300K,nep,L5,577,npi_Deva
panel2,A,nep_news_2020_300K,nep,L5,578,npi_Deva
panel2,A,nep_news_2020_300K,nep,L5,590,npi_Deva
panel2,A,nep_news_2020_300K,nep,L5,603,npi_Deva
panel2,A,nep_news_2020_300K,nep,L5,604,npi_Deva
panel2,A,nep_news_2020_300K,nep,L5,612,npi_Deva
panel2,A,nep_news_2020_300K,nep,L5,624,npi_Deva
panel2,A,nep_news_2020_300K,nep,L5,627,npi_Deva
panel2,A,nep_news_2020_300K,nep,L5,634,npi_Deva
panel2,A,nep_news_2020_300K,nep,L5,667,npi_Deva
panel2,A,nep_news_2020_300K,nep,L5,678,npi_Deva
panel2,A,nep_news_2020_300K,nep,L5,679,npi_Deva
panel2,A,nep_news_2020_300K,nep,L5,685,npi_Deva
panel2,A,nep_news_2020_300K,nep,L5,695,npi_Deva
panel2,A,nep_news_2020_300K,nep,L5,704,npi_Deva
panel2,A,nep_news_2020_300K,nep,L5,707,npi_Deva
panel2,A,nep_news_2020_300K,nep,L5,716,npi_Deva
panel2,A,nep_news_2020_300K,nep,L5,723,npi_Deva
panel2,A,nep_news_2020_300K,nep,L5,736,npi_Deva
panel2,A,nep_news_2020_300K,nep,L5,746,npi_Deva
panel2,A,nep_news_2020_300K,nep,L5,776,npi_Deva
panel2,A,nep_news_2020_300K,nep,L5,778,npi_Deva
panel2,A,nep_news_2020_300K,nep,L5,780,npi_Deva
panel2,A,nep_news_2020_300K,nep,L5,781,npi_Deva
panel2,A,nep_news_2020_300K,nep,L5,785,npi_Deva
panel2,A,nep_news_2020_300K,nep,L5,796,npi_Deva
panel2,A,nep_news_2020_300K,nep,L5,812,npi_Deva
panel2,A,nep_news_2020_300K,nep,L5,817,npi_Deva
panel2,A,nep_news_2020_300K,nep,L5,818,npi_Deva
panel2,A,nep_news_2020_300K,nep,L5,828,npi_Deva
panel2,A,nep_news_2020_300K,nep,L5,830,npi_Deva
panel2,A,nep_news_2020_300K,nep,L5,832,npi_Deva
panel2,A,nep_news_2020_300K,nep,L5,849,npi_Deva
panel2,A,nep_news_2020_300K,nep,L5,854,npi_Deva
panel2,A,nep_news_2020_300K,nep,L5,860,npi_Deva
panel2,A,nep_news_2020_300K,nep,L5,869,npi_Deva
panel2,A,nep_news_2020_300K,nep,L5,876,npi_Deva
panel2,A,nep_news_2020_300K,nep,L5,879,npi_Deva
panel2,A,nep_news_2020_300K,nep,L5,888,npi_Deva
panel2,A,nep_news_2020_300K,nep,L5,907,npi_Deva
panel2,A,nep_news_2020_300K,nep,L5,930,npi_Deva
panel2,A,nep_news_2020_300K,nep,L5,933,npi_Deva
panel2,A,nep_news_2020_300K,nep,L5,937,npi_Deva
panel2,A,nep_news_2020_300K,nep,L5,943,npi_Deva
panel2,A,nep_news_2020_300K,nep,L5,950,npi_Deva
panel2,A,nep_news_2020_300K,nep,L5,965,npi_Deva
panel2,A,nep_news_2020_300K,nep,L5,968,npi_Deva
panel2,A,nep_news_2020_300K,nep,L5,982,npi_Deva
panel2,A,nep_news_2020_300K,nep,L5,990,npi_Deva
panel2,A,nep_news_2020_300K,nep,L5,1007,npi_Deva
panel2,A,nep_news_2020_300K,nep,L5,1019,npi_Deva
panel2,A,nep_news_2020_300K,nep,L5,1033,npi_Deva
panel2,A,nep_news_2020_300K,nep,L5,1040,npi_Deva
panel2,A,nep_news_2020_300K,nep,L5,1046,npi_Deva
panel2,A,nep_news_2020_300K,nep,L5,1049,npi_Deva
panel2,A,nep_news_2020_300K,nep,L5,1055,npi_Deva
panel2,A,nep_news_2020_300K,nep,L5,1062,npi_Deva
panel2,A,nep_news_2020_300K,nep,L5,1067,npi_Deva
panel2,A,nep_news_2020_300K,nep,L5,1069,npi_Deva
panel2,A,nep_news_2020_300K,nep,L5,1074,npi_Deva
panel2,A,nep_news_2020_300K,nep,L5,1083,npi_Deva
panel2,A,nep_news_2020_300K,nep,L5,1087,npi_Deva
panel2,A,nep_news_2020_300K,nep,L5,1090,npi_Deva
panel2,A,nep_news_2020_300K,nep,L5,1117,npi_Deva
panel2,A,nep_news_2020_300K,nep,L5,1120,npi_Deva
panel2,A,nep_news_2020_300K,nep,L5,1135,npi_Deva
panel2,A,nep_news_2020_300K,nep,L5,1138,npi_Deva
panel2,A,nep_news_2020_300K,nep,L5,1140,npi_Deva
panel2,A,nep_news_2020_300K,nep,L5,1141,npi_Deva
panel2,A,nep_news_2020_300K,nep,L5,1161,npi_Deva
panel2,A,nep_news_2020_300K,nep,L5,1162,npi_Deva
panel2,A,nep_news_2020_300K,nep,L5,1174,npi_Deva
panel2,A,nep_news_2020_300K,nep,L5,1177,npi_Deva
panel2,A,nep_news_2020_300K,nep,L5,1193,npi_Deva
panel2,A,nep_news_2020_300K,nep,L5,1200,npi_Deva
panel2,A,nep_news_2020_300K,nep,L5,1207,npi_Deva
panel2,A,nep_news_2020_300K,nep,L5,1209,npi_Deva
panel2,A,nep_news_2020_300K,nep,L5,1212,npi_Deva
panel2,A,nep_news_2020_300K,nep,L5,1240,npi_Deva
panel2,A,nep_news_2020_300K,nep,L5,1241,npi_Deva
panel2,A,nep_news_2020_300K,nep,L5,1249,npi_Deva
panel2,A,nep_news_2020_300K,nep,L5,1251,npi_Deva
panel2,A,nep_news_2020_300K,nep,L5,1265,npi_Deva
panel2,A,nep_news_2020_300K,nep,L5,1270,npi_Deva
panel2,A,nep_news_2020_300K,nep,L5,1273,npi_Deva
panel2,A,nep_news_2020_300K,nep,L5,1283,npi_Deva
panel2,A,nep_news_2020_300K,nep,L5,1296,npi_Deva
panel2,A,nep_news_2020_300K,nep,L5,1323,npi_Deva
panel2,A,nep_news_2020_300K,nep,L5,1337,npi_Deva
panel2,A,nep_news_2020_300K,nep,L5,1338,npi_Deva
panel2,A,nep_news_2020_300K,nep,L5,1339,npi_Deva
panel2,A,nep_news_2020_300K,nep,L5,1341,npi_Deva
panel2,A,nep_news_2020_300K,nep,L5,1364,npi_Deva
panel2,A,nep_news_2020_300K,nep,L5,1369,npi_Deva
panel2,A,nep_news_2020_300K,nep,L5,1378,npi_Deva
panel2,A,nep_news_2020_300K,nep,L5,1379,npi_Deva
panel2,A,nep_news_2020_300K,nep,L5,1398,npi_Deva
panel2,A,nep_news_2020_300K,nep,L5,1402,npi_Deva
panel2,A,nep_news_2020_300K,nep,L5,1407,npi_Deva
panel2,A,nep_news_2020_300K,nep,L5,1414,npi_Deva
panel2,A,nep_news_2020_300K,nep,L5,1445,npi_Deva
panel2,A,nep_news_2020_300K,nep,L5,1447,npi_Deva
panel2,A,nep_news_2020_300K,nep,L5,1458,npi_Deva
panel2,A,nep_news_2020_300K,nep,L5,1469,npi_Deva
panel2,A,nep_news_2020_300K,nep,L5,1473,npi_Deva
panel2,A,nep_news_2020_300K,nep,L5,1475,npi_Deva
panel2,A,nep_news_2020_300K,nep,L5,1477,npi_Deva
panel2,A,nep_news_2020_300K,nep,L5,1482,npi_Deva
panel2,A,nep_news_2020_300K,nep,L5,1488,npi_Deva
panel2,A,nep_news_2020_300K,nep,L5,1497,npi_Deva
panel2,A,nep_news_2020_300K,nep,L5,1515,npi_Deva
panel2,A,nep_news_2020_300K,nep,L5,1543,npi_Deva
panel2,A,nep_news_2020_300K,nep,L5,1561,npi_Deva
panel2,A,nep_news_2020_300K,nep,L5,1566,npi_Deva
panel2,A,nep_news_2020_300K,nep,L5,1572,npi_Deva
panel2,A,nep_news_2020_300K,nep,L5,1594,npi_Deva
panel2,A,nep_news_2020_300K,nep,L5,1603,npi_Deva
panel2,A,nep_news_2020_300K,nep,L5,1608,npi_Deva
panel2,A,nep_news_2020_300K,nep,L5,1609,npi_Deva
panel2,A,nep_news_2020_300K,nep,L5,1618,npi_Deva
panel2,A,nep_news_2020_300K,nep,L5,1629,npi_Deva
panel2,A,nep_news_2020_300K,nep,L5,1635,npi_Deva
panel2,A,nep_news_2020_300K,nep,L5,1636,npi_Deva
panel2,A,nep_news_2020_300K,nep,L5,1645,npi_Deva
panel2,A,nep_news_2020_300K,nep,L5,1647,npi_Deva
panel2,A,nep_news_2020_300K,nep,L5,1671,npi_Deva
panel2,A,nep_news_2020_300K,nep,L5,1674,npi_Deva
panel2,A,nep_news_2020_300K,nep,L5,1675,npi_Deva
panel2,A,nep_news_2020_300K,nep,L5,1681,npi_Deva
panel2,A,nep_news_2020_300K,nep,L5,1689,npi_Deva
panel2,A,nep_news_2020_300K,nep,L5,1698,npi_Deva
panel2,A,nep_news_2020_300K,nep,L5,1708,npi_Deva
panel2,A,nep_news_2020_300K,nep,L5,1711,npi_Deva
panel2,A,nep_news_2020_300K,nep,L5,1714,npi_Deva
panel2,A,nep_news_2020_300K,nep,L5,1721,npi_Deva
panel2,A,nep_news_2020_300K,nep,L5,1722,npi_Deva
panel2,A,nep_news_2020_300K,nep,L5,1726,npi_Deva
panel2,A,nep_news_2020_300K,nep,L5,1738,npi_Deva
panel2,A,nep_news_2020_300K,nep,L5,1753,npi_Deva
panel2,A,nep_news_2020_300K,nep,L5,1757,npi_Deva
panel2,A,nep_news_2020_300K,nep,L5,1766,npi_Deva
panel2,A,nep_news_2020_300K,nep,L5,1767,npi_Deva
panel2,A,nep_news_2020_300K,nep,L5,1770,npi_Deva
panel2,A,nep_news_2020_300K,nep,L5,1771,npi_Deva
panel2,A,nep_news_2020_300K,nep,L5,1785,npi_Deva
panel2,A,nep_news_2020_300K,nep,L5,1786,npi_Deva
panel2,A,nep_news_2020_300K,nep,L5,1791,npi_Deva
panel2,A,nep_news_2020_300K,nep,L5,1798,npi_Deva
panel2,A,nep_news_2020_300K,nep,L5,1805,npi_Deva
panel2,A,nep_news_2020_300K,nep,L5,1811,npi_Deva
panel2,A,nep_news_2020_300K,nep,L5,1817,npi_Deva
panel2,A,nep_news_2020_300K,nep,L5,1826,npi_Deva
panel2,A,nep_news_2020_300K,nep,L5,1832,npi_Deva
panel2,A,nep_news_2020_300K,nep,L5,1834,npi_Deva
panel2,A,nep_news_2020_300K,nep,L5,1838,npi_Deva
panel2,A,nep_news_2020_300K,nep,L5,1839,npi_Deva
panel2,A,nep_news_2020_300K,nep,L5,1847,npi_Deva
panel2,A,nep_news_2020_300K,nep,L5,1851,npi_Deva
panel2,A,nep_news_2020_300K,nep,L5,1858,npi_Deva
panel2,A,nep_news_2020_300K,nep,L5,1867,npi_Deva
panel2,A,nep_news_2020_300K,nep,L5,1878,npi_Deva
panel2,A,nep_news_2020_300K,nep,L5,1883,npi_Deva
panel2,A,nep_news_2020_300K,nep,L5,1890,npi_Deva
panel2,A,nep_news_2020_300K,nep,L5,1896,npi_Deva
panel2,A,nep_news_2020_300K,nep,L5,1898,npi_Deva
panel2,A,nep_news_2020_300K,nep,L5,1907,npi_Deva
panel2,A,nep_news_2020_300K,nep,L5,1908,npi_Deva
panel2,A,nep_news_2020_300K,nep,L5,1912,npi_Deva
panel2,A,nep_news_2020_300K,nep,L5,1914,npi_Deva
panel2,A,nep_news_2020_300K,nep,L5,1918,npi_Deva
panel2,A,nep_news_2020_300K,nep,L5,1930,npi_Deva
panel2,A,nep_news_2020_300K,nep,L5,1936,npi_Deva
panel2,A,nep_news_2020_300K,nep,L5,1943,npi_Deva
panel2,A,nep_news_2020_300K,nep,L5,1948,npi_Deva
panel2,A,nep_news_2020_300K,nep,L5,1957,npi_Deva
panel2,A,nep_news_2020_300K,nep,L5,1966,npi_Deva
panel2,A,nep_news_2020_300K,nep,L5,1973,npi_Deva
panel2,A,nep_news_2020_300K,nep,L5,1987,npi_Deva
panel2,A,nep_news_2020_300K,nep,L5,1996,npi_Deva
panel2,A,nep_news_2020_300K,nep,L5,1997,npi_Deva
panel2,A,nep_news_2020_300K,nep,L5,2008,npi_Deva
panel2,A,nep_news_2020_300K,nep,L5,2012,npi_Deva
panel2,A,nep_news_2020_300K,nep,L5,2018,npi_Deva
panel2,A,nep_news_2020_300K,nep,L5,2020,npi_Deva
panel2,A,nep_news_2020_300K,nep,L5,2026,npi_Deva
panel2,A,nep_news_2020_300K,nep,L5,2028,npi_Deva
panel2,A,nep_news_2020_300K,nep,L5,2032,npi_Deva
panel2,A,nep_news_2020_300K,nep,L5,2043,npi_Deva
panel2,A,nep_news_2020_300K,nep,L5,2047,npi_Deva
panel2,A,nep_news_2020_300K,nep,L5,2050,npi_Deva
panel2,A,nep_news_2020_300K,nep,L5,2069,npi_Deva
panel2,A,nep_news_2020_300K,nep,L5,2072,npi_Deva
panel2,A,nep_news_2020_300K,nep,L5,2080,npi_Deva
panel2,A,nep_news_2020_300K,nep,L5,2084,npi_Deva
panel2,A,nep_news_2020_300K,nep,L5,2092,npi_Deva
panel2,A,nep_news_2020_300K,nep,L5,2095,npi_Deva
panel2,A,nep_news_2020_300K,nep,L5,2098,npi_Deva
panel2,A,nep_news_2020_300K,nep,L5,2102,npi_Deva
panel2,A,nep_news_2020_300K,nep,L5,2113,npi_Deva
panel2,A,nep_news_2020_300K,nep,L5,2117,npi_Deva
panel2,A,nep_news_2020_300K,nep,L5,2119,npi_Deva
panel2,A,nep_news_2020_300K,nep,L5,2123,npi_Deva
panel2,A,nep_news_2020_300K,nep,L5,2140,npi_Deva
panel2,A,nep_news_2020_300K,nep,L5,2141,npi_Deva
panel2,A,nep_news_2020_300K,nep,L5,2143,npi_Deva
panel2,A,nep_news_2020_300K,nep,L5,2144,npi_Deva
panel2,A,nep_news_2020_300K,nep,L5,2161,npi_Deva
panel2,A,nep_news_2020_300K,nep,L5,2177,npi_Deva
panel2,A,nep_news_2020_300K,nep,L5,2185,npi_Deva
panel2,A,nep_news_2020_300K,nep,L5,2191,npi_Deva
panel2,A,nep_news_2020_300K,nep,L5,2192,npi_Deva
panel2,A,nep_news_2020_300K,nep,L5,2194,npi_Deva
panel2,A,nep_news_2020_300K,nep,L5,2214,npi_Deva
panel2,A,nep_news_2020_300K,nep,L5,2218,npi_Deva
panel2,A,nep_news_2020_300K,nep,L5,2230,npi_Deva
panel2,A,nep_news_2020_300K,nep,L5,2235,npi_Deva
panel2,A,nep_news_2020_300K,nep,L5,2238,npi_Deva
panel2,A,nep_news_2020_300K,nep,L5,2239,npi_Deva
panel2,A,nep_news_2020_300K,nep,L5,2244,npi_Deva
panel2,A,nep_news_2020_300K,nep,L5,2250,npi_Deva
panel2,A,nep_news_2020_300K,nep,L5,2256,npi_Deva
panel2,A,nep_news_2020_300K,nep,L5,2264,npi_Deva
panel2,A,nep_news_2020_300K,nep,L5,2267,npi_Deva
panel2,A,nep_news_2020_300K,nep,L5,2275,npi_Deva
panel2,A,nep_news_2020_300K,nep,L5,2288,npi_Deva
panel2,A,nep_news_2020_300K,nep,L5,2302,npi_Deva
panel2,A,nep_news_2020_300K,nep,L5,2307,npi_Deva
panel2,A,nep_news_2020_300K,nep,L5,2309,npi_Deva
panel2,A,nep_news_2020_300K,nep,L5,2322,npi_Deva
panel2,A,nep_news_2020_300K,nep,L5,2338,npi_Deva
panel2,A,nep_news_2020_300K,nep,L5,2340,npi_Deva
panel2,A,nep_news_2020_300K,nep,L5,2341,npi_Deva
panel2,A,nep_news_2020_300K,nep,L5,2352,npi_Deva
panel2,A,nep_news_2020_300K,nep,L5,2353,npi_Deva
panel2,A,nep_news_2020_300K,nep,L5,2354,npi_Deva
panel2,A,nep_news_2020_300K,nep,L5,2361,npi_Deva
panel2,A,nep_news_2020_300K,nep,L5,2371,npi_Deva
panel2,A,nep_news_2020_300K,nep,L5,2384,npi_Deva
panel2,A,nep_news_2020_300K,nep,L5,2387,npi_Deva
panel2,A,nep_news_2020_300K,nep,L5,2393,npi_Deva
panel2,A,nep_news_2020_300K,nep,L5,2395,npi_Deva
panel2,A,nep_news_2020_300K,nep,L5,2404,npi_Deva
panel2,A,nep_news_2020_300K,nep,L5,2405,npi_Deva
panel2,A,nep_news_2020_300K,nep,L5,2409,npi_Deva
panel2,A,nep_news_2020_300K,nep,L5,2414,npi_Deva
panel2,A,nep_news_2020_300K,nep,L5,2435,npi_Deva
panel2,A,nep_news_2020_300K,nep,L5,2438,npi_Deva
panel2,A,nep_news_2020_300K,nep,L5,2446,npi_Deva
panel2,A,nep_news_2020_300K,nep,L5,2447,npi_Deva
panel2,A,nep_news_2020_300K,nep,L5,2455,npi_Deva
panel2,A,nep_news_2020_300K,nep,L5,2460,npi_Deva
panel2,A,nep_news_2020_300K,nep,L5,2475,npi_Deva
panel2,A,nep_news_2020_300K,nep,L5,2478,npi_Deva
panel2,A,nep_news_2020_300K,nep,L5,2485,npi_Deva
panel2,A,nep_news_2020_300K,nep,L5,2499,npi_Deva
panel2,A,nep_news_2020_300K,nep,L5,2500,npi_Deva
panel2,A,nep_news_2020_300K,nep,L5,2508,npi_Deva
panel2,A,nep_news_2020_300K,nep,L5,2519,npi_Deva
panel2,A,nep_news_2020_300K,nep,L5,2529,npi_Deva
panel2,A,nep_news_2020_300K,nep,L5,2531,npi_Deva
panel2,A,nep_news_2020_300K,nep,L5,2533,npi_Deva
panel2,A,nep_news_2020_300K,nep,L5,2535,npi_Deva
panel2,A,nep_news_2020_300K,nep,L5,2551,npi_Deva
panel2,A,nep_news_2020_300K,nep,L5,2556,npi_Deva
panel2,A,nep_news_2020_300K,nep,L5,2560,npi_Deva
panel2,A,nep_news_2020_300K,nep,L5,2563,npi_Deva
panel2,A,nep_news_2020_300K,nep,L5,2567,npi_Deva
panel2,A,nep_news_2020_300K,nep,L5,2586,npi_Deva
panel2,A,nep_news_2020_300K,nep,L5,2602,npi_Deva
panel2,A,nep_news_2020_300K,nep,L5,2605,npi_Deva
panel2,A,nep_news_2020_300K,nep,L5,2606,npi_Deva
panel2,A,nep_news_2020_300K,nep,L5,2635,npi_Deva
panel2,A,nep_news_2020_300K,nep,L5,2636,npi_Deva
panel2,A,nep_news_2020_300K,nep,L5,2649,npi_Deva
panel2,A,nep_news_2020_300K,nep,L5,2650,npi_Deva
panel2,A,nep_news_2020_300K,nep,L5,2652,npi_Deva
panel2,A,nep_news_2020_300K,nep,L5,2660,npi_Deva
panel2,A,nep_news_2020_300K,nep,L5,2667,npi_Deva
panel2,A,nep_news_2020_300K,nep,L5,2683,npi_Deva
panel2,A,nep_news_2020_300K,nep,L5,2690,npi_Deva
panel2,A,nep_news_2020_300K,nep,L5,2701,npi_Deva
panel2,A,nep_news_2020_300K,nep,L5,2704,npi_Deva
panel2,A,nep_news_2020_300K,nep,L5,2705,npi_Deva
panel2,A,nep_news_2020_300K,nep,L5,2739,npi_Deva
panel2,A,nep_news_2020_300K,nep,L5,2741,npi_Deva
panel2,A,nep_news_2020_300K,nep,L5,2745,npi_Deva
panel2,A,nep_news_2020_300K,nep,L5,2748,npi_Deva
panel2,A,nep_news_2020_300K,nep,L5,2754,npi_Deva
panel2,A,nep_news_2020_300K,nep,L5,2756,npi_Deva
panel2,A,nep_news_2020_300K,nep,L5,2781,npi_Deva
panel2,A,nep_news_2020_300K,nep,L5,2797,npi_Deva
panel2,A,nep_news_2020_300K,nep,L5,2808,npi_Deva
panel2,A,nep_news_2020_300K,nep,L5,2812,npi_Deva
panel2,A,nep_news_2020_300K,nep,L5,2835,npi_Deva
panel2,A,nep_news_2020_300K,nep,L5,2838,npi_Deva
panel2,A,nep_news_2020_300K,nep,L5,2845,npi_Deva
panel2,A,nep_news_2020_300K,nep,L5,2848,npi_Deva
panel2,A,nep_news_2020_300K,nep,L5,2852,npi_Deva
panel2,A,nep_news_2020_300K,nep,L5,2870,npi_Deva
panel2,A,nep_news_2020_300K,nep,L5,2885,npi_Deva
panel2,A,nep_news_2020_300K,nep,L5,2889,npi_Deva
panel2,A,nep_news_2020_300K,nep,L5,2900,npi_Deva
panel2,A,nep_news_2020_300K,nep,L5,2923,npi_Deva
panel2,A,nep_news_2020_300K,nep,L5,2925,npi_Deva
panel2,A,nep_news_2020_300K,nep,L5,2930,npi_Deva
panel2,A,nep_news_2020_300K,nep,L5,2944,npi_Deva
panel2,A,nep_news_2020_300K,nep,L5,2949,npi_Deva
panel2,A,nep_news_2020_300K,nep,L5,2956,npi_Deva
panel2,A,nep_news_2020_300K,nep,L5,2957,npi_Deva
panel2,A,nep_news_2020_300K,nep,L5,2958,npi_Deva
panel2,A,nep_news_2020_300K,nep,L5,2967,npi_Deva
panel2,A,nep_news_2020_300K,nep,L5,2970,npi_Deva
panel2,A,nep_news_2020_300K,nep,L5,2977,npi_Deva
panel2,A,nep_news_2020_300K,nep,L5,2981,npi_Deva
panel2,A,nep_news_2020_300K,nep,L5,3002,npi_Deva
panel2,A,nep_news_2020_300K,nep,L5,3011,npi_Deva
panel2,A,nep_news_2020_300K,nep,L5,3016,npi_Deva
panel2,A,nep_news_2020_300K,nep,L5,3022,npi_Deva
panel2,A,nep_news_2020_300K,nep,L5,3027,npi_Deva
panel2,A,nep_news_2020_300K,nep,L5,3033,npi_Deva
panel2,A,nep_news_2020_300K,nep,L5,3044,npi_Deva
panel2,A,nep_news_2020_300K,nep,L5,3045,npi_Deva
panel2,A,nep_news_2020_300K,nep,L5,3060,npi_Deva
panel2,A,nep_news_2020_300K,nep,L5,3069,npi_Deva
panel2,A,nep_news_2020_300K,nep,L5,3071,npi_Deva
panel2,A,nep_news_2020_300K,nep,L5,3082,npi_Deva
panel2,A,nep_news_2020_300K,nep,L5,3083,npi_Deva
panel2,A,nep_news_2020_300K,nep,L5,3100,npi_Deva
panel2,A,nep_news_2020_300K,nep,L5,3104,npi_Deva
panel2,A,nep_news_2020_300K,nep,L5,3125,npi_Deva
panel2,A,nep_news_2020_300K,nep,L5,3126,npi_Deva
panel2,A,nep_news_2020_300K,nep,L5,3139,npi_Deva
panel2,A,nep_news_2020_300K,nep,L5,3142,npi_Deva
panel2,A,nep_news_2020_300K,nep,L5,3155,npi_Deva
panel2,A,nep_news_2020_300K,nep,L5,3157,npi_Deva
panel2,A,nep_news_2020_300K,nep,L5,3161,npi_Deva
panel2,A,nep_news_2020_300K,nep,L5,3167,npi_Deva
panel2,A,nep_news_2020_300K,nep,L5,3176,npi_Deva
panel2,A,nep_news_2020_300K,nep,L5,3178,npi_Deva
panel2,A,nep_news_2020_300K,nep,L5,3186,npi_Deva
panel2,A,nep_news_2020_300K,nep,L5,3187,npi_Deva
panel2,A,nep_news_2020_300K,nep,L5,3194,npi_Deva
panel2,A,nep_news_2020_300K,nep,L5,3195,npi_Deva
panel2,A,nep_news_2020_300K,nep,L5,3203,npi_Deva
panel2,A,nep_news_2020_300K,nep,L5,3204,npi_Deva
panel2,A,nep_news_2020_300K,nep,L5,3212,npi_Deva
panel2,A,nep_news_2020_300K,nep,L5,3222,npi_Deva
panel2,A,nep_news_2020_300K,nep,L5,3230,npi_Deva
panel2,A,nep_news_2020_300K,nep,L5,3254,npi_Deva
panel2,A,nep_news_2020_300K,nep,L5,3255,npi_Deva
panel2,A,nep_news_2020_300K,nep,L5,3256,npi_Deva
panel2,A,nep_news_2020_300K,nep,L5,3263,npi_Deva
panel2,A,nep_news_2020_300K,nep,L5,3270,npi_Deva
panel2,A,nep_news_2020_300K,nep,L5,3285,npi_Deva
panel2,A,nep_news_2020_300K,nep,L5,3287,npi_Deva
panel2,A,nep_news_2020_300K,nep,L5,3290,npi_Deva
panel2,A,nep_news_2020_300K,nep,L5,3302,npi_Deva
panel2,A,nep_news_2020_300K,nep,L5,3306,npi_Deva
panel2,A,nep_news_2020_300K,nep,L5,3314,npi_Deva
panel2,A,nep_news_2020_300K,nep,L5,3344,npi_Deva
panel2,A,nep_news_2020_300K,nep,L5,3350,npi_Deva
panel2,A,nep_news_2020_300K,nep,L5,3377,npi_Deva
panel2,A,nep_news_2020_300K,nep,L5,3380,npi_Deva
panel2,A,nep_news_2020_300K,nep,L5,3387,npi_Deva
panel2,A,nep_news_2020_300K,nep,L5,3399,npi_Deva
panel2,A,nep_news_2020_300K,nep,L5,3419,npi_Deva
panel2,A,nep_news_2020_300K,nep,L5,3424,npi_Deva
panel2,A,nep_news_2020_300K,nep,L5,3430,npi_Deva
panel2,A,nep_news_2020_300K,nep,L5,3437,npi_Deva
panel2,A,nep_news_2020_300K,nep,L5,3441,npi_Deva
panel2,A,nep_news_2020_300K,nep,L5,3455,npi_Deva
panel2,A,nep_news_2020_300K,nep,L5,3461,npi_Deva
panel2,A,nep_news_2020_300K,nep,L5,3472,npi_Deva
panel2,A,nep_news_2020_300K,nep,L5,3483,npi_Deva
panel2,A,nep_news_2020_300K,nep,L5,3484,npi_Deva
panel2,A,nep_news_2020_300K,nep,L5,3493,npi_Deva
panel2,A,nep_news_2020_300K,nep,L5,3494,npi_Deva
panel2,A,nep_news_2020_300K,nep,L5,3496,npi_Deva
panel2,A,nep_news_2020_300K,nep,L5,3506,npi_Deva
panel2,A,nep_news_2020_300K,nep,L5,3512,npi_Deva
panel2,A,nep_news_2020_300K,nep,L5,3519,npi_Deva
panel2,A,nep_news_2020_300K,nep,L5,3523,npi_Deva
panel2,A,nep_news_2020_300K,nep,L5,3533,npi_Deva
panel2,A,nep_news_2020_300K,nep,L5,3543,npi_Deva
panel2,A,nep_news_2020_300K,nep,L5,3545,npi_Deva
panel2,A,nep_news_2020_300K,nep,L5,3556,npi_Deva
panel2,A,nep_news_2020_300K,nep,L5,3576,npi_Deva
panel2,A,nep_news_2020_300K,nep,L5,3578,npi_Deva
panel2,A,nep_news_2020_300K,nep,L5,3585,npi_Deva
panel2,A,nep_news_2020_300K,nep,L5,3611,npi_Deva
panel2,A,nep_news_2020_300K,nep,L5,3629,npi_Deva
panel2,A,nep_news_2020_300K,nep,L5,3649,npi_Deva
panel2,A,nep_news_2020_300K,nep,L5,3650,npi_Deva
panel2,A,nep_news_2020_300K,nep,L5,3661,npi_Deva
panel2,A,nep_news_2020_300K,nep,L5,3665,npi_Deva
panel2,A,nep_news_2020_300K,nep,L5,3669,npi_Deva
panel2,A,nep_news_2020_300K,nep,L5,3687,npi_Deva
panel2,A,nep_news_2020_300K,nep,L5,3692,npi_Deva
panel2,A,nep_news_2020_300K,nep,L5,3696,npi_Deva
panel2,A,nep_news_2020_300K,nep,L5,3700,npi_Deva
panel2,A,nep_news_2020_300K,nep,L5,3720,npi_Deva
panel2,A,nep_news_2020_300K,nep,L5,3744,npi_Deva
panel2,A,nep_news_2020_300K,nep,L5,3751,npi_Deva
panel2,A,nep_news_2020_300K,nep,L5,3753,npi_Deva
panel2,A,nep_news_2020_300K,nep,L5,3763,npi_Deva
panel2,A,nep_news_2020_300K,nep,L5,3769,npi_Deva
panel2,A,nep_news_2020_300K,nep,L5,3773,npi_Deva
panel2,A,nep_news_2020_300K,nep,L5,3786,npi_Deva
panel2,A,nep_news_2020_300K,nep,L5,3794,npi_Deva
panel2,A,nep_news_2020_300K,nep,L5,3824,npi_Deva
panel2,A,nep_news_2020_300K,nep,L5,3834,npi_Deva
panel2,A,nep_news_2020_300K,nep,L5,3844,npi_Deva
panel2,A,nep_news_2020_300K,nep,L5,3852,npi_Deva
panel2,A,nep_news_2020_300K,nep,L5,3854,npi_Deva
panel2,A,nep_news_2020_300K,nep,L5,3855,npi_Deva
panel2,A,nep_news_2020_300K,nep,L5,3864,npi_Deva
panel2,A,nep_news_2020_300K,nep,L5,3865,npi_Deva
panel2,A,nep_news_2020_300K,nep,L5,3868,npi_Deva
panel2,A,nep_news_2020_300K,nep,L5,3874,npi_Deva
panel2,A,nep_news_2020_300K,nep,L5,3875,npi_Deva
panel2,A,nep_news_2020_300K,nep,L5,3876,npi_Deva
panel2,A,nep_news_2020_300K,nep,L5,3896,npi_Deva
panel2,A,nep_news_2020_300K,nep,L5,3940,npi_Deva
panel2,A,nep_news_2020_300K,nep,L5,3942,npi_Deva
panel2,A,nep_news_2020_300K,nep,L5,3953,npi_Deva
panel2,A,nep_news_2020_300K,nep,L5,3958,npi_Deva
panel2,A,nep_news_2020_300K,nep,L5,3959,npi_Deva
panel2,A,nep_news_2020_300K,nep,L5,3973,npi_Deva
panel2,A,nep_news_2020_300K,nep,L5,3974,npi_Deva
panel2,A,nep_news_2020_300K,nep,L5,3988,npi_Deva
panel2,A,nep_news_2020_300K,nep,L5,3997,npi_Deva
panel2,A,nep_news_2020_300K,nep,L5,4000,npi_Deva
panel2,A,nep_news_2020_300K,nep,L5,4015,npi_Deva
panel2,A,nep_news_2020_300K,nep,L5,4020,npi_Deva
panel2,A,nep_news_2020_300K,nep,L5,4031,npi_Deva
panel2,A,nep_news_2020_300K,nep,L5,4035,npi_Deva
panel2,A,nep_news_2020_300K,nep,L5,4037,npi_Deva
panel2,A,nep_news_2020_300K,nep,L5,4038,npi_Deva
panel2,A,nep_news_2020_300K,nep,L5,4049,npi_Deva
panel2,A,nep_news_2020_300K,nep,L5,4055,npi_Deva
panel2,A,nep_news_2020_300K,nep,L5,4060,npi_Deva
panel2,A,nep_news_2020_300K,nep,L5,4062,npi_Deva
panel2,A,nep_news_2020_300K,nep,L5,4070,npi_Deva
panel2,A,nep_news_2020_300K,nep,L5,4093,npi_Deva
panel2,A,nep_news_2020_300K,nep,L5,4095,npi_Deva
panel2,A,nep_news_2020_300K,nep,L5,4100,npi_Deva
panel2,A,nep_news_2020_300K,nep,L5,4114,npi_Deva
panel2,A,nep_news_2020_300K,nep,L5,4117,npi_Deva
panel2,A,nep_news_2020_300K,nep,L5,4118,npi_Deva
panel2,A,nep_news_2020_300K,nep,L5,4128,npi_Deva
panel2,A,nep_news_2020_300K,nep,L5,4170,npi_Deva
panel2,A,nep_news_2020_300K,nep,L5,4175,npi_Deva
panel2,A,nep_news_2020_300K,nep,L5,4181,npi_Deva
panel2,A,nep_news_2020_300K,nep,L5,4198,npi_Deva
panel2,A,nep_news_2020_300K,nep,L5,4205,npi_Deva
panel2,A,nep_news_2020_300K,nep,L5,4216,npi_Deva
panel2,A,nep_news_2020_300K,nep,L5,4231,npi_Deva
panel2,A,nep_news_2020_300K,nep,L5,4240,npi_Deva
panel2,A,nep_news_2020_300K,nep,L5,4248,npi_Deva
panel2,A,nep_news_2020_300K,nep,L5,4251,npi_Deva
panel2,A,nep_news_2020_300K,nep,L5,4252,npi_Deva
panel2,A,nep_news_2020_300K,nep,L5,4266,npi_Deva
panel2,A,nep_news_2020_300K,nep,L5,4271,npi_Deva
panel2,A,nep_news_2020_300K,nep,L5,4275,npi_Deva
panel2,A,nep_news_2020_300K,nep,L5,4284,npi_Deva
panel2,A,nep_news_2020_300K,nep,L5,4318,npi_Deva
panel2,A,nep_news_2020_300K,nep,L5,4332,npi_Deva
panel2,A,nep_news_2020_300K,nep,L5,4336,npi_Deva
panel2,A,nep_news_2020_300K,nep,L5,4337,npi_Deva
panel2,A,nep_news_2020_300K,nep,L5,4338,npi_Deva
panel2,A,nep_news_2020_300K,nep,L5,4340,npi_Deva
panel2,A,nep_news_2020_300K,nep,L5,4341,npi_Deva
panel2,A,nep_news_2020_300K,nep,L5,4343,npi_Deva
panel2,A,nep_news_2020_300K,nep,L5,4362,npi_Deva
panel2,A,nep_news_2020_300K,nep,L5,4376,npi_Deva
panel2,A,nep_news_2020_300K,nep,L5,4388,npi_Deva
panel2,A,nep_news_2020_300K,nep,L5,4393,npi_Deva
panel2,A,nep_news_2020_300K,nep,L5,4396,npi_Deva
panel2,A,nep_news_2020_300K,nep,L5,4410,npi_Deva
panel2,A,nep_news_2020_300K,nep,L5,4412,npi_Deva
panel2,A,nep_news_2020_300K,nep,L5,4413,npi_Deva
panel2,A,nep_news_2020_300K,nep,L5,4414,npi_Deva
panel2,A,nep_news_2020_300K,nep,L5,4431,npi_Deva
panel2,A,nep_news_2020_300K,nep,L5,4434,npi_Deva
panel2,A,nep_news_2020_300K,nep,L5,4439,npi_Deva
panel2,A,nep_news_2020_300K,nep,L5,4447,npi_Deva
panel2,A,nep_news_2020_300K,nep,L5,4448,npi_Deva
panel2,A,nep_news_2020_300K,nep,L5,4452,npi_Deva
panel2,A,nep_news_2020_300K,nep,L5,4453,npi_Deva
panel2,A,nep_news_2020_300K,nep,L5,4460,npi_Deva
panel2,A,nep_news_2020_300K,nep,L5,4469,npi_Deva
panel2,A,nep_news_2020_300K,nep,L5,4478,npi_Deva
panel2,A,nep_news_2020_300K,nep,L5,4479,npi_Deva
panel2,A,nep_news_2020_300K,nep,L5,4480,npi_Deva
panel2,A,nep_news_2020_300K,nep,L5,4495,npi_Deva
panel2,A,nep_news_2020_300K,nep,L5,4500,npi_Deva
panel2,A,nep_news_2020_300K,nep,L5,4511,npi_Deva
panel2,A,nep_news_2020_300K,nep,L5,4513,npi_Deva
panel2,A,nep_news_2020_300K,nep,L5,4526,npi_Deva
panel2,A,nep_news_2020_300K,nep,L5,4532,npi_Deva
panel2,A,nep_news_2020_300K,nep,L5,4534,npi_Deva
panel2,A,nep_news_2020_300K,nep,L5,4541,npi_Deva
panel2,A,nep_news_2020_300K,nep,L5,4542,npi_Deva
panel2,A,nep_news_2020_300K,nep,L5,4550,npi_Deva
panel2,A,nep_news_2020_300K,nep,L5,4560,npi_Deva
panel2,A,nep_news_2020_300K,nep,L5,4564,npi_Deva
panel2,A,nep_news_2020_300K,nep,L5,4570,npi_Deva
panel2,A,nep_news_2020_300K,nep,L5,4594,npi_Deva
panel2,A,nep_news_2020_300K,nep,L5,4597,npi_Deva
panel2,A,nep_news_2020_300K,nep,L5,4598,npi_Deva
panel2,A,nep_news_2020_300K,nep,L5,4606,npi_Deva
panel2,A,nep_news_2020_300K,nep,L5,4615,npi_Deva
panel2,A,nep_news_2020_300K,nep,L5,4621,npi_Deva
panel2,A,nep_news_2020_300K,nep,L5,4625,npi_Deva
panel2,A,nep_news_2020_300K,nep,L5,4646,npi_Deva
panel2,A,nep_news_2020_300K,nep,L5,4658,npi_Deva
panel2,A,nep_news_2020_300K,nep,L5,4669,npi_Deva
panel2,A,nep_news_2020_300K,nep,L5,4673,npi_Deva
panel2,A,nep_news_2020_300K,nep,L5,4679,npi_Deva
panel2,A,nep_news_2020_300K,nep,L5,4682,npi_Deva
panel2,A,nep_news_2020_300K,nep,L5,4690,npi_Deva
panel2,A,nep_news_2020_300K,nep,L5,4693,npi_Deva
panel2,A,nep_news_2020_300K,nep,L5,4696,npi_Deva
panel2,A,nep_news_2020_300K,nep,L5,4702,npi_Deva
panel2,A,nep_news_2020_300K,nep,L5,4703,npi_Deva
panel2,A,nep_news_2020_300K,nep,L5,4715,npi_Deva
panel2,A,nep_news_2020_300K,nep,L5,4729,npi_Deva
panel2,A,nep_news_2020_300K,nep,L5,4733,npi_Deva
panel2,A,nep_news_2020_300K,nep,L5,4735,npi_Deva
panel2,A,nep_news_2020_300K,nep,L5,4749,npi_Deva
panel2,A,nep_news_2020_300K,nep,L5,4755,npi_Deva
panel2,A,nep_news_2020_300K,nep,L5,4756,npi_Deva
panel2,A,nep_news_2020_300K,nep,L5,4783,npi_Deva
panel2,A,nep_news_2020_300K,nep,L5,4790,npi_Deva
panel2,A,nep_news_2020_300K,nep,L5,4798,npi_Deva
panel2,A,nep_news_2020_300K,nep,L5,4802,npi_Deva
panel2,A,nep_news_2020_300K,nep,L5,4807,npi_Deva
panel2,A,nep_news_2020_300K,nep,L5,4816,npi_Deva
panel2,A,nep_news_2020_300K,nep,L5,4819,npi_Deva
panel2,A,nep_news_2020_300K,nep,L5,4821,npi_Deva
panel2,A,nep_news_2020_300K,nep,L5,4859,npi_Deva
panel2,A,nep_news_2020_300K,nep,L5,4875,npi_Deva
panel2,A,nep_news_2020_300K,nep,L5,4876,npi_Deva
panel2,A,nep_news_2020_300K,nep,L5,4906,npi_Deva
panel2,A,nep_news_2020_300K,nep,L5,4919,npi_Deva
panel2,A,nep_news_2020_300K,nep,L5,4929,npi_Deva
panel2,A,nep_news_2020_300K,nep,L5,4930,npi_Deva
panel2,A,nep_news_2020_300K,nep,L5,4931,npi_Deva
panel2,A,nep_news_2020_300K,nep,L5,4941,npi_Deva
panel2,A,nep_news_2020_300K,nep,L5,4946,npi_Deva
panel2,A,nep_news_2020_300K,nep,L5,4952,npi_Deva
panel2,A,nep_news_2020_300K,nep,L5,4982,npi_Deva
panel2,A,nep_news_2020_300K,nep,L5,5003,npi_Deva
panel2,A,nep_news_2020_300K,nep,L5,5011,npi_Deva
panel2,A,nep_news_2020_300K,nep,L5,5019,npi_Deva
panel2,A,nep_news_2020_300K,nep,L5,5024,npi_Deva
panel2,A,nep_news_2020_300K,nep,L5,5029,npi_Deva
panel2,A,nep_news_2020_300K,nep,L5,5037,npi_Deva
panel2,A,nep_news_2020_300K,nep,L5,5048,npi_Deva
panel2,A,nep_news_2020_300K,nep,L5,5053,npi_Deva
panel2,A,nep_news_2020_300K,nep,L5,5055,npi_Deva
panel2,A,nep_news_2020_300K,nep,L5,5060,npi_Deva
panel2,A,nep_news_2020_300K,nep,L5,5062,npi_Deva
panel2,A,nep_news_2020_300K,nep,L5,5063,npi_Deva
panel2,A,nep_news_2020_300K,nep,L5,5066,npi_Deva
panel2,A,nep_news_2020_300K,nep,L5,5082,npi_Deva
panel2,A,nep_news_2020_300K,nep,L5,5089,npi_Deva
panel2,A,nep_news_2020_300K,nep,L5,5094,npi_Deva
panel2,A,nep_news_2020_300K,nep,L5,5108,npi_Deva
panel2,A,nep_news_2020_300K,nep,L5,5111,npi_Deva
panel2,A,nep_news_2020_300K,nep,L5,5117,npi_Deva
panel2,A,nep_news_2020_300K,nep,L5,5125,npi_Deva
panel2,A,nep_news_2020_300K,nep,L5,5126,npi_Deva
panel2,A,nep_news_2020_300K,nep,L5,5141,npi_Deva
panel2,A,nep_news_2020_300K,nep,L5,5149,npi_Deva
panel2,A,nep_news_2020_300K,nep,L5,5153,npi_Deva
panel2,A,nep_news_2020_300K,nep,L5,5154,npi_Deva
panel2,A,nep_news_2020_300K,nep,L5,5171,npi_Deva
panel2,A,nep_news_2020_300K,nep,L5,5179,npi_Deva
panel2,A,nep_news_2020_300K,nep,L5,5181,npi_Deva
panel2,A,nep_news_2020_300K,nep,L5,5185,npi_Deva
panel2,A,nep_news_2020_300K,nep,L5,5187,npi_Deva
panel2,A,nep_news_2020_300K,nep,L5,5188,npi_Deva
panel2,A,nep_news_2020_300K,nep,L5,5191,npi_Deva
panel2,A,nep_news_2020_300K,nep,L5,5193,npi_Deva
panel2,A,nep_news_2020_300K,nep,L5,5194,npi_Deva
panel2,A,nep_news_2020_300K,nep,L5,5202,npi_Deva
panel2,A,nep_news_2020_300K,nep,L5,5204,npi_Deva
panel2,A,nep_news_2020_300K,nep,L5,5216,npi_Deva
panel2,A,nep_news_2020_300K,nep,L5,5230,npi_Deva
panel2,A,nep_news_2020_300K,nep,L5,5233,npi_Deva
panel2,A,nep_news_2020_300K,nep,L5,5236,npi_Deva
panel2,A,nep_news_2020_300K,nep,L5,5237,npi_Deva
panel2,A,nep_news_2020_300K,nep,L5,5239,npi_Deva
panel2,A,nep_news_2020_300K,nep,L5,5242,npi_Deva
panel2,A,nep_news_2020_300K,nep,L5,5251,npi_Deva
panel2,A,nep_news_2020_300K,nep,L5,5252,npi_Deva
panel2,A,nep_news_2020_300K,nep,L5,5263,npi_Deva
panel2,A,nep_news_2020_300K,nep,L5,5271,npi_Deva
panel2,A,nep_news_2020_300K,nep,L5,5272,npi_Deva
panel2,A,nep_news_2020_300K,nep,L5,5276,npi_Deva
panel2,A,nep_news_2020_300K,nep,L5,5279,npi_Deva
panel2,A,nep_news_2020_300K,nep,L5,5287,npi_Deva
panel2,A,nep_news_2020_300K,nep,L5,5288,npi_Deva
panel2,A,nep_news_2020_300K,nep,L5,5297,npi_Deva
panel2,A,nep_news_2020_300K,nep,L5,5299,npi_Deva
panel2,A,nep_news_2020_300K,nep,L5,5301,npi_Deva
panel2,A,nep_news_2020_300K,nep,L5,5307,npi_Deva
panel2,A,nep_news_2020_300K,nep,L5,5309,npi_Deva
panel2,A,nep_news_2020_300K,nep,L5,5313,npi_Deva
panel2,A,nep_news_2020_300K,nep,L5,5326,npi_Deva
panel2,A,nep_news_2020_300K,nep,L5,5333,npi_Deva
panel2,A,nep_news_2020_300K,nep,L5,5344,npi_Deva
panel2,A,nep_news_2020_300K,nep,L5,5347,npi_Deva
panel2,A,nep_news_2020_300K,nep,L5,5350,npi_Deva
panel2,A,nep_news_2020_300K,nep,L5,5351,npi_Deva
panel2,A,nep_news_2020_300K,nep,L5,5357,npi_Deva
panel2,A,nep_news_2020_300K,nep,L5,5358,npi_Deva
panel2,A,nep_news_2020_300K,nep,L5,5370,npi_Deva
panel2,A,nep_news_2020_300K,nep,L5,5374,npi_Deva
panel2,A,nep_news_2020_300K,nep,L5,5376,npi_Deva
panel2,A,nep_news_2020_300K,nep,L5,5389,npi_Deva
panel2,A,nep_news_2020_300K,nep,L5,5394,npi_Deva
panel2,A,nep_news_2020_300K,nep,L5,5398,npi_Deva
panel2,A,nep_news_2020_300K,nep,L5,5399,npi_Deva
panel2,A,nep_news_2020_300K,nep,L5,5408,npi_Deva
panel2,A,nep_news_2020_300K,nep,L5,5429,npi_Deva
panel2,A,nep_news_2020_300K,nep,L5,5439,npi_Deva
panel2,A,nep_news_2020_300K,nep,L5,5440,npi_Deva
panel2,A,nep_news_2020_300K,nep,L5,5447,npi_Deva
panel2,A,nep_news_2020_300K,nep,L5,5449,npi_Deva
panel2,A,nep_news_2020_300K,nep,L5,5451,npi_Deva
panel2,A,nep_news_2020_300K,nep,L5,5456,npi_Deva
panel2,A,nep_news_2020_300K,nep,L5,5461,npi_Deva
panel2,A,nep_news_2020_300K,nep,L5,5463,npi_Deva
panel2,A,nep_news_2020_300K,nep,L5,5468,npi_Deva
panel2,A,nep_news_2020_300K,nep,L5,5470,npi_Deva
panel2,A,nep_news_2020_300K,nep,L5,5492,npi_Deva
panel2,A,nep_news_2020_300K,nep,L5,5500,npi_Deva
panel2,A,nep_news_2020_300K,nep,L5,5509,npi_Deva
panel2,A,nep_news_2020_300K,nep,L5,5515,npi_Deva
panel2,A,nep_news_2020_300K,nep,L5,5517,npi_Deva
panel2,A,nep_news_2020_300K,nep,L5,5532,npi_Deva
panel2,A,nep_news_2020_300K,nep,L5,5542,npi_Deva
panel2,A,nep_news_2020_300K,nep,L5,5544,npi_Deva
panel2,A,nep_news_2020_300K,nep,L5,5548,npi_Deva
panel2,A,nep_news_2020_300K,nep,L5,5559,npi_Deva
panel2,A,nep_news_2020_300K,nep,L5,5571,npi_Deva
panel2,A,nep_news_2020_300K,nep,L5,5580,npi_Deva
panel2,A,nep_news_2020_300K,nep,L5,5587,npi_Deva
panel2,A,nep_news_2020_300K,nep,L5,5591,npi_Deva
panel2,A,nep_news_2020_300K,nep,L5,5607,npi_Deva
panel2,A,nep_news_2020_300K,nep,L5,5609,npi_Deva
panel2,A,nep_news_2020_300K,nep,L5,5611,npi_Deva
panel2,A,nep_news_2020_300K,nep,L5,5620,npi_Deva
panel2,A,nep_news_2020_300K,nep,L5,5630,npi_Deva
panel2,A,nep_news_2020_300K,nep,L5,5651,npi_Deva
panel2,A,nep_news_2020_300K,nep,L5,5652,npi_Deva
panel2,A,nep_news_2020_300K,nep,L5,5655,npi_Deva
panel2,A,nep_news_2020_300K,nep,L5,5659,npi_Deva
panel2,A,nep_news_2020_300K,nep,L5,5695,npi_Deva
panel2,A,nep_news_2020_300K,nep,L5,5711,npi_Deva
panel2,A,nep_news_2020_300K,nep,L5,5712,npi_Deva
panel2,A,nep_news_2020_300K,nep,L5,5713,npi_Deva
panel2,A,nep_news_2020_300K,nep,L5,5718,npi_Deva
panel2,A,nep_news_2020_300K,nep,L5,5720,npi_Deva
panel2,A,nep_news_2020_300K,nep,L5,5724,npi_Deva
panel2,A,nep_news_2020_300K,nep,L5,5727,npi_Deva
panel2,A,nep_news_2020_300K,nep,L5,5728,npi_Deva
panel2,A,nep_news_2020_300K,nep,L5,5734,npi_Deva
panel2,A,nep_news_2020_300K,nep,L5,5738,npi_Deva
panel2,A,nep_news_2020_300K,nep,L5,5742,npi_Deva
panel2,A,nep_news_2020_300K,nep,L5,5749,npi_Deva
panel2,A,nep_news_2020_300K,nep,L5,5760,npi_Deva
panel2,A,nep_news_2020_300K,nep,L5,5765,npi_Deva
panel2,A,nep_news_2020_300K,nep,L5,5773,npi_Deva
panel2,A,nep_news_2020_300K,nep,L5,5786,npi_Deva
panel2,A,nep_news_2020_300K,nep,L5,5801,npi_Deva
panel2,A,nep_news_2020_300K,nep,L5,5804,npi_Deva
panel2,A,nep_news_2020_300K,nep,L5,5810,npi_Deva
panel2,A,nep_news_2020_300K,nep,L5,5812,npi_Deva
panel2,A,nep_news_2020_300K,nep,L5,5816,npi_Deva
panel2,A,nep_news_2020_300K,nep,L5,5823,npi_Deva
panel2,A,nep_news_2020_300K,nep,L5,5825,npi_Deva
panel2,A,nep_news_2020_300K,nep,L5,5826,npi_Deva
panel2,A,nep_news_2020_300K,nep,L5,5828,npi_Deva
panel2,A,nep_news_2020_300K,nep,L5,5834,npi_Deva
panel2,A,nep_news_2020_300K,nep,L5,5839,npi_Deva
panel2,A,nep_news_2020_300K,nep,L5,5850,npi_Deva
panel2,A,nep_news_2020_300K,nep,L5,5863,npi_Deva
panel2,A,nep_news_2020_300K,nep,L5,5864,npi_Deva
panel2,A,nep_news_2020_300K,nep,L5,5873,npi_Deva
panel2,A,nep_news_2020_300K,nep,L5,5887,npi_Deva
panel2,A,nep_news_2020_300K,nep,L5,5895,npi_Deva
panel2,A,nep_news_2020_300K,nep,L5,5896,npi_Deva
panel2,A,nep_news_2020_300K,nep,L5,5898,npi_Deva
panel2,A,nep_news_2020_300K,nep,L5,5902,npi_Deva
panel2,A,nep_news_2020_300K,nep,L5,5915,npi_Deva
panel2,A,nep_news_2020_300K,nep,L5,5920,npi_Deva
panel2,A,nep_news_2020_300K,nep,L5,5924,npi_Deva
panel2,A,nep_news_2020_300K,nep,L5,5934,npi_Deva
panel2,A,nep_news_2020_300K,nep,L5,5938,npi_Deva
panel2,A,nep_news_2020_300K,nep,L5,5942,npi_Deva
panel2,A,nep_news_2020_300K,nep,L5,5953,npi_Deva
panel2,A,nep_news_2020_300K,nep,L5,5957,npi_Deva
panel2,A,nep_news_2020_300K,nep,L5,5985,npi_Deva
panel2,A,nep_news_2020_300K,nep,L5,5991,npi_Deva
panel2,A,nep_news_2020_300K,nep,L5,5995,npi_Deva
panel2,A,nep_news_2020_300K,nep,L5,6027,npi_Deva
panel2,A,nep_news_2020_300K,nep,L5,6032,npi_Deva
panel2,A,nep_news_2020_300K,nep,L5,6034,npi_Deva
panel2,A,nep_news_2020_300K,nep,L5,6043,npi_Deva
panel2,A,nep_news_2020_300K,nep,L5,6054,npi_Deva
panel2,A,nep_news_2020_300K,nep,L5,6055,npi_Deva
panel2,A,nep_news_2020_300K,nep,L5,6062,npi_Deva
panel2,A,nep_news_2020_300K,nep,L5,6063,npi_Deva
panel2,A,nep_news_2020_300K,nep,L5,6086,npi_Deva
panel2,A,nep_news_2020_300K,nep,L5,6096,npi_Deva
panel2,A,nep_news_2020_300K,nep,L5,6124,npi_Deva
panel2,A,nep_news_2020_300K,nep,L5,6147,npi_Deva
panel2,A,nep_news_2020_300K,nep,L5,6154,npi_Deva
panel2,A,nep_news_2020_300K,nep,L5,6173,npi_Deva
panel2,A,nep_news_2020_300K,nep,L5,6174,npi_Deva
panel2,A,nep_news_2020_300K,nep,L5,6178,npi_Deva
panel2,A,nep_news_2020_300K,nep,L5,6179,npi_Deva
panel2,A,nep_news_2020_300K,nep,L5,6182,npi_Deva
panel2,A,nep_news_2020_300K,nep,L5,6202,npi_Deva
panel2,A,nep_news_2020_300K,nep,L5,6215,npi_Deva
panel2,A,nep_news_2020_300K,nep,L5,6221,npi_Deva
panel2,A,nep_news_2020_300K,nep,L5,6225,npi_Deva
panel2,A,nep_news_2020_300K,nep,L5,6232,npi_Deva
panel2,A,nep_news_2020_300K,nep,L5,6233,npi_Deva
panel2,A,nep_news_2020_300K,nep,L5,6245,npi_Deva
panel2,A,nep_news_2020_300K,nep,L5,6256,npi_Deva
panel2,A,nep_news_2020_300K,nep,L5,6279,npi_Deva
panel2,A,nep_news_2020_300K,nep,L5,6293,npi_Deva
panel2,A,nep_news_2020_300K,nep,L5,6299,npi_Deva
panel2,A,nep_news_2020_300K,nep,L5,6320,npi_Deva
panel2,A,nep_news_2020_300K,nep,L5,6342,npi_Deva
panel2,A,nep_news_2020_300K,nep,L5,6343,npi_Deva
panel2,A,nep_news_2020_300K,nep,L5,6344,npi_Deva
panel2,A,nep_news_2020_300K,nep,L5,6352,npi_Deva
panel2,A,nep_news_2020_300K,nep,L5,6378,npi_Deva
panel2,A,nep_news_2020_300K,nep,L5,6382,npi_Deva
panel2,A,nep_news_2020_300K,nep,L5,6383,npi_Deva
panel2,A,nep_news_2020_300K,nep,L5,6393,npi_Deva
panel2,A,nep_news_2020_300K,nep,L5,6404,npi_Deva
panel2,A,nep_news_2020_300K,nep,L5,6424,npi_Deva
panel2,A,nep_news_2020_300K,nep,L5,6425,npi_Deva
panel2,A,nep_news_2020_300K,nep,L5,6439,npi_Deva
panel2,A,nep_news_2020_300K,nep,L5,6445,npi_Deva
panel2,A,nep_news_2020_300K,nep,L5,6446,npi_Deva
panel2,A,nep_news_2020_300K,nep,L5,6460,npi_Deva
panel2,A,nep_news_2020_300K,nep,L5,6469,npi_Deva
panel2,A,nep_news_2020_300K,nep,L5,6473,npi_Deva
panel2,A,nep_news_2020_300K,nep,L5,6480,npi_Deva
panel2,A,nep_news_2020_300K,nep,L5,6481,npi_Deva
panel2,A,nep_news_2020_300K,nep,L5,6498,npi_Deva
panel2,A,nep_news_2020_300K,nep,L5,6502,npi_Deva
panel2,A,nep_news_2020_300K,nep,L5,6527,npi_Deva
panel2,A,nep_news_2020_300K,nep,L5,6539,npi_Deva
panel2,A,nep_news_2020_300K,nep,L5,6544,npi_Deva
panel2,A,nep_news_2020_300K,nep,L5,6556,npi_Deva
panel2,A,nep_news_2020_300K,nep,L5,6558,npi_Deva
panel2,A,nep_news_2020_300K,nep,L5,6559,npi_Deva
panel2,A,nep_news_2020_300K,nep,L5,6569,npi_Deva
panel2,A,nep_news_2020_300K,nep,L5,6571,npi_Deva
panel2,A,nep_news_2020_300K,nep,L5,6587,npi_Deva
panel2,A,nep_news_2020_300K,nep,L5,6594,npi_Deva
panel2,A,nep_news_2020_300K,nep,L5,6598,npi_Deva
panel2,A,nep_news_2020_300K,nep,L5,6618,npi_Deva
panel2,A,nep_news_2020_300K,nep,L5,6620,npi_Deva
panel2,A,nep_news_2020_300K,nep,L5,6643,npi_Deva
panel2,A,nep_news_2020_300K,nep,L5,6669,npi_Deva
panel2,A,nep_news_2020_300K,nep,L5,6681,npi_Deva
panel2,A,nep_news_2020_300K,nep,L5,6685,npi_Deva
panel2,A,nep_news_2020_300K,nep,L5,6686,npi_Deva
panel2,A,nep_news_2020_300K,nep,L5,6707,npi_Deva
panel2,A,nep_news_2020_300K,nep,L5,6719,npi_Deva
panel2,A,nep_news_2020_300K,nep,L5,6722,npi_Deva
panel2,A,nep_news_2020_300K,nep,L5,6737,npi_Deva
panel2,A,nep_news_2020_300K,nep,L5,6753,npi_Deva
panel2,A,nep_news_2020_300K,nep,L5,6761,npi_Deva
panel2,A,nep_news_2020_300K,nep,L5,6764,npi_Deva
panel2,A,nep_news_2020_300K,nep,L5,6771,npi_Deva
panel2,A,nep_news_2020_300K,nep,L5,6783,npi_Deva
panel2,A,nep_news_2020_300K,nep,L5,6785,npi_Deva
panel2,A,nep_news_2020_300K,nep,L5,6795,npi_Deva
panel2,A,nep_news_2020_300K,nep,L5,6804,npi_Deva
panel2,A,nep_news_2020_300K,nep,L5,6817,npi_Deva
panel2,A,nep_news_2020_300K,nep,L5,6822,npi_Deva
panel2,A,nep_news_2020_300K,nep,L5,6825,npi_Deva
panel2,A,nep_news_2020_300K,nep,L5,6833,npi_Deva
panel2,A,nep_news_2020_300K,nep,L5,6835,npi_Deva
panel2,A,nep_news_2020_300K,nep,L5,6853,npi_Deva
panel2,A,nep_news_2020_300K,nep,L5,6854,npi_Deva
panel2,A,nep_news_2020_300K,nep,L5,6863,npi_Deva
panel2,A,nep_news_2020_300K,nep,L5,6878,npi_Deva
panel2,A,nep_news_2020_300K,nep,L5,6889,npi_Deva
panel2,A,nep_news_2020_300K,nep,L5,6929,npi_Deva
panel2,A,nep_news_2020_300K,nep,L5,6946,npi_Deva
panel2,A,nep_news_2020_300K,nep,L5,6947,npi_Deva
panel2,A,nep_news_2020_300K,nep,L5,6952,npi_Deva
panel2,A,nep_news_2020_300K,nep,L5,6954,npi_Deva
panel2,A,nep_news_2020_300K,nep,L5,6955,npi_Deva
panel2,A,nep_news_2020_300K,nep,L5,6957,npi_Deva
panel2,A,nep_news_2020_300K,nep,L5,6962,npi_Deva
panel2,A,nep_news_2020_300K,nep,L5,6974,npi_Deva
panel2,A,nep_news_2020_300K,nep,L5,6985,npi_Deva
panel2,A,nep_news_2020_300K,nep,L5,6986,npi_Deva
panel2,A,nep_news_2020_300K,nep,L5,6996,npi_Deva
panel2,A,nep_news_2020_300K,nep,L5,7009,npi_Deva
panel2,A,nep_news_2020_300K,nep,L5,7010,npi_Deva
panel2,A,nep_news_2020_300K,nep,L5,7013,npi_Deva
panel2,A,nep_news_2020_300K,nep,L5,7028,npi_Deva
panel2,A,nep_news_2020_300K,nep,L5,7035,npi_Deva
panel2,A,nep_news_2020_300K,nep,L5,7043,npi_Deva
panel2,A,nep_news_2020_300K,nep,L5,7052,npi_Deva
panel2,A,nep_news_2020_300K,nep,L5,7054,npi_Deva
panel2,A,nep_news_2020_300K,nep,L5,7063,npi_Deva
panel2,A,nep_news_2020_300K,nep,L5,7066,npi_Deva
panel2,A,nep_news_2020_300K,nep,L5,7070,npi_Deva
panel2,A,nep_news_2020_300K,nep,L5,7091,npi_Deva
panel2,A,nep_news_2020_300K,nep,L5,7097,npi_Deva
panel2,A,nep_news_2020_300K,nep,L5,7109,npi_Deva
panel2,A,nep_news_2020_300K,nep,L5,7111,npi_Deva
panel2,A,nep_news_2020_300K,nep,L5,7132,npi_Deva
panel2,A,nep_news_2020_300K,nep,L5,7133,npi_Deva
panel2,A,nep_news_2020_300K,nep,L5,7140,npi_Deva
panel2,A,nep_news_2020_300K,nep,L5,7142,npi_Deva
panel2,A,nep_news_2020_300K,nep,L5,7144,npi_Deva
panel2,A,nep_news_2020_300K,nep,L5,7161,npi_Deva
panel2,A,nep_news_2020_300K,nep,L5,7166,npi_Deva
panel2,A,nep_news_2020_300K,nep,L5,7180,npi_Deva
panel2,A,nep_news_2020_300K,nep,L5,7184,npi_Deva
panel2,A,nep_news_2020_300K,nep,L5,7198,npi_Deva
panel2,A,nep_news_2020_300K,nep,L5,7216,npi_Deva
panel2,A,nep_news_2020_300K,nep,L5,7218,npi_Deva
panel2,A,nep_news_2020_300K,nep,L5,7222,npi_Deva
panel2,A,nep_news_2020_300K,nep,L5,7223,npi_Deva
panel2,A,nep_news_2020_300K,nep,L5,7239,npi_Deva
panel2,A,nep_news_2020_300K,nep,L5,7250,npi_Deva
panel2,A,nep_news_2020_300K,nep,L5,7259,npi_Deva
panel2,A,nep_news_2020_300K,nep,L5,7270,npi_Deva
panel2,A,nep_news_2020_300K,nep,L5,7271,npi_Deva
panel2,A,nep_news_2020_300K,nep,L5,7272,npi_Deva
panel2,A,nep_news_2020_300K,nep,L5,7276,npi_Deva
panel2,A,nep_news_2020_300K,nep,L5,7286,npi_Deva
panel2,A,nep_news_2020_300K,nep,L5,7287,npi_Deva
panel2,A,nep_news_2020_300K,nep,L5,7297,npi_Deva
panel2,A,nep_news_2020_300K,nep,L5,7302,npi_Deva
panel2,A,nep_news_2020_300K,nep,L5,7303,npi_Deva
panel2,A,nep_news_2020_300K,nep,L5,7315,npi_Deva
panel2,A,nep_news_2020_300K,nep,L5,7316,npi_Deva
panel2,A,nep_news_2020_300K,nep,L5,7322,npi_Deva
panel2,A,nep_news_2020_300K,nep,L5,7324,npi_Deva
panel2,A,nep_news_2020_300K,nep,L5,7334,npi_Deva
panel2,A,nep_news_2020_300K,nep,L5,7344,npi_Deva
panel2,A,nep_news_2020_300K,nep,L5,7353,npi_Deva
panel2,A,nep_news_2020_300K,nep,L5,7359,npi_Deva
panel2,A,nep_news_2020_300K,nep,L5,7366,npi_Deva
panel2,A,nep_news_2020_300K,nep,L5,7386,npi_Deva
panel2,A,nep_news_2020_300K,nep,L5,7394,npi_Deva
panel2,A,nep_news_2020_300K,nep,L5,7397,npi_Deva
panel2,A,nep_news_2020_300K,nep,L5,7398,npi_Deva
panel2,A,nep_news_2020_300K,nep,L5,7399,npi_Deva
panel2,A,nep_news_2020_300K,nep,L5,7404,npi_Deva
panel2,A,nep_news_2020_300K,nep,L5,7416,npi_Deva
panel2,A,nep_news_2020_300K,nep,L5,7420,npi_Deva
panel2,A,nep_news_2020_300K,nep,L5,7422,npi_Deva
panel2,A,nep_news_2020_300K,nep,L5,7469,npi_Deva
panel2,A,nep_news_2020_300K,nep,L5,7481,npi_Deva
panel2,A,nep_news_2020_300K,nep,L5,7485,npi_Deva
panel2,A,nep_news_2020_300K,nep,L5,7486,npi_Deva
panel2,A,nep_news_2020_300K,nep,L5,7494,npi_Deva
panel2,A,nep_news_2020_300K,nep,L5,7497,npi_Deva
panel2,A,nep_news_2020_300K,nep,L5,7500,npi_Deva
panel2,A,nep_news_2020_300K,nep,L5,7504,npi_Deva
panel2,A,nep_news_2020_300K,nep,L5,7507,npi_Deva
panel2,A,nep_news_2020_300K,nep,L5,7526,npi_Deva
panel2,A,nep_news_2020_300K,nep,L5,7529,npi_Deva
panel2,A,nep_news_2020_300K,nep,L5,7534,npi_Deva
panel2,A,nep_news_2020_300K,nep,L5,7548,npi_Deva
panel2,A,nep_news_2020_300K,nep,L5,7552,npi_Deva
panel2,A,nep_news_2020_300K,nep,L5,7572,npi_Deva
panel2,A,nep_news_2020_300K,nep,L5,7581,npi_Deva
panel2,A,nep_news_2020_300K,nep,L5,7591,npi_Deva
panel2,A,nep_news_2020_300K,nep,L5,7598,npi_Deva
panel2,A,nep_news_2020_300K,nep,L5,7604,npi_Deva
panel2,A,nep_news_2020_300K,nep,L5,7615,npi_Deva
panel2,A,nep_news_2020_300K,nep,L5,7622,npi_Deva
panel2,A,nep_news_2020_300K,nep,L5,7629,npi_Deva
panel2,A,nep_news_2020_300K,nep,L5,7631,npi_Deva
panel2,A,nep_news_2020_300K,nep,L5,7635,npi_Deva
panel2,A,nep_news_2020_300K,nep,L5,7636,npi_Deva
panel2,A,nep_news_2020_300K,nep,L5,7647,npi_Deva
panel2,A,nep_news_2020_300K,nep,L5,7666,npi_Deva
panel2,A,nep_news_2020_300K,nep,L5,7669,npi_Deva
panel2,A,nep_news_2020_300K,nep,L5,7670,npi_Deva
panel2,A,nep_news_2020_300K,nep,L5,7672,npi_Deva
panel2,A,nep_news_2020_300K,nep,L5,7703,npi_Deva
panel2,A,nep_news_2020_300K,nep,L5,7705,npi_Deva
panel2,A,nep_news_2020_300K,nep,L5,7715,npi_Deva
panel2,A,nep_news_2020_300K,nep,L5,7728,npi_Deva
panel2,A,nep_news_2020_300K,nep,L5,7729,npi_Deva
panel2,A,nep_news_2020_300K,nep,L5,7730,npi_Deva
panel2,A,nep_news_2020_300K,nep,L5,7733,npi_Deva
panel2,A,nep_news_2020_300K,nep,L5,7734,npi_Deva
panel2,A,nep_news_2020_300K,nep,L5,7743,npi_Deva
panel2,A,nep_news_2020_300K,nep,L5,7756,npi_Deva
panel2,A,nep_news_2020_300K,nep,L5,7758,npi_Deva
panel2,A,nep_news_2020_300K,nep,L5,7765,npi_Deva
panel2,A,nep_news_2020_300K,nep,L5,7767,npi_Deva
panel2,A,nep_news_2020_300K,nep,L5,7774,npi_Deva
panel2,A,nep_news_2020_300K,nep,L5,7785,npi_Deva
panel2,A,nep_news_2020_300K,nep,L5,7801,npi_Deva
panel2,A,nep_news_2020_300K,nep,L5,7809,npi_Deva
panel2,A,nep_news_2020_300K,nep,L5,7821,npi_Deva
panel2,A,nep_news_2020_300K,nep,L5,7837,npi_Deva
panel2,A,nep_news_2020_300K,nep,L5,7841,npi_Deva
panel2,A,nep_news_2020_300K,nep,L5,7844,npi_Deva
panel2,A,nep_news_2020_300K,nep,L5,7851,npi_Deva
panel2,A,nep_news_2020_300K,nep,L5,7852,npi_Deva
panel2,A,nep_news_2020_300K,nep,L5,7853,npi_Deva
panel2,A,nep_news_2020_300K,nep,L5,7864,npi_Deva
panel2,A,nep_news_2020_300K,nep,L5,7865,npi_Deva
panel2,A,nep_news_2020_300K,nep,L5,7869,npi_Deva
panel2,A,nep_news_2020_300K,nep,L5,7892,npi_Deva
panel2,A,nep_news_2020_300K,nep,L5,7894,npi_Deva
panel2,A,nep_news_2020_300K,nep,L5,7899,npi_Deva
panel2,A,nep_news_2020_300K,nep,L5,7911,npi_Deva
panel2,A,nep_news_2020_300K,nep,L5,7918,npi_Deva
panel2,A,nep_news_2020_300K,nep,L5,7919,npi_Deva
panel2,A,nep_news_2020_300K,nep,L5,7924,npi_Deva
panel2,A,nep_news_2020_300K,nep,L5,7929,npi_Deva
panel2,A,nep_news_2020_300K,nep,L5,7934,npi_Deva
panel2,A,nep_news_2020_300K,nep,L5,7941,npi_Deva
panel2,A,nep_news_2020_300K,nep,L5,7943,npi_Deva
panel2,A,nep_news_2020_300K,nep,L5,7955,npi_Deva
panel2,A,nep_news_2020_300K,nep,L5,7957,npi_Deva
panel2,A,nep_news_2020_300K,nep,L5,7970,npi_Deva
panel2,A,nep_news_2020_300K,nep,L5,7998,npi_Deva
panel2,A,nep_news_2020_300K,nep,L5,8000,npi_Deva
panel2,A,nep_news_2020_300K,nep,L5,8002,npi_Deva
panel2,A,nep_news_2020_300K,nep,L5,8011,npi_Deva
panel2,A,nep_news_2020_300K,nep,L5,8013,npi_Deva
panel2,A,nep_news_2020_300K,nep,L5,8016,npi_Deva
panel2,A,nep_news_2020_300K,nep,L5,8025,npi_Deva
panel2,A,nep_news_2020_300K,nep,L5,8026,npi_Deva
panel2,A,nep_news_2020_300K,nep,L5,8033,npi_Deva
panel2,A,nep_news_2020_300K,nep,L5,8053,npi_Deva
panel2,A,nep_news_2020_300K,nep,L5,8056,npi_Deva
panel2,A,nep_news_2020_300K,nep,L5,8058,npi_Deva
panel2,A,nep_news_2020_300K,nep,L5,8059,npi_Deva
panel2,A,nep_news_2020_300K,nep,L5,8067,npi_Deva
panel2,A,nep_news_2020_300K,nep,L5,8069,npi_Deva
panel2,A,nep_news_2020_300K,nep,L5,8075,npi_Deva
panel2,A,nep_news_2020_300K,nep,L5,8096,npi_Deva
panel2,A,nep_news_2020_300K,nep,L5,8109,npi_Deva
panel2,A,nep_news_2020_300K,nep,L5,8111,npi_Deva
panel2,A,nep_news_2020_300K,nep,L5,8117,npi_Deva
panel2,A,nep_news_2020_300K,nep,L5,8124,npi_Deva
panel2,A,nep_news_2020_300K,nep,L5,8125,npi_Deva
panel2,A,nep_news_2020_300K,nep,L5,8129,npi_Deva
panel2,A,nep_news_2020_300K,nep,L5,8136,npi_Deva
panel2,A,nep_news_2020_300K,nep,L5,8141,npi_Deva
panel2,A,nep_news_2020_300K,nep,L5,8152,npi_Deva
panel2,A,nep_news_2020_300K,nep,L5,8168,npi_Deva
panel2,A,nep_news_2020_300K,nep,L5,8170,npi_Deva
panel2,A,nep_news_2020_300K,nep,L5,8175,npi_Deva
panel2,A,nep_news_2020_300K,nep,L5,8187,npi_Deva
panel2,A,nep_news_2020_300K,nep,L5,8190,npi_Deva
panel2,A,nep_news_2020_300K,nep,L5,8194,npi_Deva
panel2,A,nep_news_2020_300K,nep,L5,8198,npi_Deva
panel2,A,nep_news_2020_300K,nep,L5,8201,npi_Deva
panel2,A,nep_news_2020_300K,nep,L5,8210,npi_Deva
panel2,A,nep_news_2020_300K,nep,L5,8219,npi_Deva
panel2,A,nep_news_2020_300K,nep,L5,8222,npi_Deva
panel2,A,nep_news_2020_300K,nep,L5,8224,npi_Deva
panel2,A,nep_news_2020_300K,nep,L5,8228,npi_Deva
panel2,A,nep_news_2020_300K,nep,L5,8246,npi_Deva
panel2,A,nep_news_2020_300K,nep,L5,8248,npi_Deva
panel2,A,nep_news_2020_300K,nep,L5,8250,npi_Deva
panel2,A,nep_news_2020_300K,nep,L5,8263,npi_Deva
panel2,A,nep_news_2020_300K,nep,L5,8264,npi_Deva
panel2,A,nep_news_2020_300K,nep,L5,8267,npi_Deva
panel2,A,nep_news_2020_300K,nep,L5,8280,npi_Deva
panel2,A,nep_news_2020_300K,nep,L5,8285,npi_Deva
panel2,A,nep_news_2020_300K,nep,L5,8288,npi_Deva
panel2,A,nep_news_2020_300K,nep,L5,8325,npi_Deva
panel2,A,nep_news_2020_300K,nep,L5,8328,npi_Deva
panel2,A,nep_news_2020_300K,nep,L5,8329,npi_Deva
panel2,A,nep_news_2020_300K,nep,L5,8356,npi_Deva
panel2,A,nep_news_2020_300K,nep,L5,8373,npi_Deva
panel2,A,nep_news_2020_300K,nep,L5,8383,npi_Deva
panel2,A,nep_news_2020_300K,nep,L5,8397,npi_Deva
panel2,A,nep_news_2020_300K,nep,L5,8404,npi_Deva
panel2,A,nep_news_2020_300K,nep,L5,8409,npi_Deva
panel2,A,nep_news_2020_300K,nep,L5,8414,npi_Deva
panel2,A,nep_news_2020_300K,nep,L5,8416,npi_Deva
panel2,A,nep_news_2020_300K,nep,L5,8422,npi_Deva
panel2,A,nep_news_2020_300K,nep,L5,8431,npi_Deva
panel2,A,nep_news_2020_300K,nep,L5,8440,npi_Deva
panel2,A,nep_news_2020_300K,nep,L5,8447,npi_Deva
panel2,A,nep_news_2020_300K,nep,L5,8450,npi_Deva
panel2,A,nep_news_2020_300K,nep,L5,8453,npi_Deva
panel2,A,nep_news_2020_300K,nep,L5,8455,npi_Deva
panel2,A,nep_news_2020_300K,nep,L5,8461,npi_Deva
panel2,A,nep_news_2020_300K,nep,L5,8462,npi_Deva
panel2,A,nep_news_2020_300K,nep,L5,8463,npi_Deva
panel2,A,nep_news_2020_300K,nep,L5,8490,npi_Deva
panel2,A,nep_news_2020_300K,nep,L5,8500,npi_Deva
panel2,A,nep_news_2020_300K,nep,L5,8507,npi_Deva
panel2,A,nep_news_2020_300K,nep,L5,8508,npi_Deva
panel2,A,nep_news_2020_300K,nep,L5,8523,npi_Deva
panel2,A,nep_news_2020_300K,nep,L5,8528,npi_Deva
panel2,A,nep_news_2020_300K,nep,L5,8538,npi_Deva
panel2,A,nep_news_2020_300K,nep,L5,8549,npi_Deva
panel2,A,nep_news_2020_300K,nep,L5,8561,npi_Deva
panel2,A,nep_news_2020_300K,nep,L5,8565,npi_Deva
panel2,A,nep_news_2020_300K,nep,L5,8572,npi_Deva
panel2,A,nep_news_2020_300K,nep,L5,8573,npi_Deva
panel2,A,nep_news_2020_300K,nep,L5,8586,npi_Deva
panel2,A,nep_news_2020_300K,nep,L5,8605,npi_Deva
panel2,A,nep_news_2020_300K,nep,L5,8612,npi_Deva
panel2,A,nep_news_2020_300K,nep,L5,8620,npi_Deva
panel2,A,nep_news_2020_300K,nep,L5,8622,npi_Deva
panel2,A,nep_news_2020_300K,nep,L5,8625,npi_Deva
panel2,A,nep_news_2020_300K,nep,L5,8634,npi_Deva
panel2,A,nep_news_2020_300K,nep,L5,8637,npi_Deva
panel2,A,nep_news_2020_300K,nep,L5,8666,npi_Deva
panel2,A,nep_news_2020_300K,nep,L5,8671,npi_Deva
panel2,A,nep_news_2020_300K,nep,L5,8677,npi_Deva
panel2,A,nep_news_2020_300K,nep,L5,8681,npi_Deva
panel2,A,nep_news_2020_300K,nep,L5,8682,npi_Deva
panel2,A,nep_news_2020_300K,nep,L5,8683,npi_Deva
panel2,A,nep_news_2020_300K,nep,L5,8688,npi_Deva
panel2,A,nep_news_2020_300K,nep,L5,8719,npi_Deva
panel2,A,nep_news_2020_300K,nep,L5,8746,npi_Deva
panel2,A,nep_news_2020_300K,nep,L5,8747,npi_Deva
panel2,A,nep_news_2020_300K,nep,L5,8775,npi_Deva
panel2,A,nep_news_2020_300K,nep,L5,8780,npi_Deva
panel2,A,nep_news_2020_300K,nep,L5,8781,npi_Deva
panel2,A,nep_news_2020_300K,nep,L5,8799,npi_Deva
panel2,A,nep_news_2020_300K,nep,L5,8802,npi_Deva
panel2,A,nep_news_2020_300K,nep,L5,8838,npi_Deva
panel2,A,nep_news_2020_300K,nep,L5,8840,npi_Deva
panel2,A,nep_news_2020_300K,nep,L5,8842,npi_Deva
panel2,A,nep_news_2020_300K,nep,L5,8844,npi_Deva
panel2,A,nep_news_2020_300K,nep,L5,8853,npi_Deva
panel2,A,nep_news_2020_300K,nep,L5,8856,npi_Deva
panel2,A,nep_news_2020_300K,nep,L5,8871,npi_Deva
panel2,A,nep_news_2020_300K,nep,L5,8884,npi_Deva
panel2,A,nep_news_2020_300K,nep,L5,8896,npi_Deva
panel2,A,nep_news_2020_300K,nep,L5,8897,npi_Deva
panel2,A,nep_news_2020_300K,nep,L5,8898,npi_Deva
panel2,A,nep_news_2020_300K,nep,L5,8909,npi_Deva
panel2,A,nep_news_2020_300K,nep,L5,8911,npi_Deva
panel2,A,nep_news_2020_300K,nep,L5,8914,npi_Deva
panel2,A,nep_news_2020_300K,nep,L5,8916,npi_Deva
panel2,A,nep_news_2020_300K,nep,L5,8920,npi_Deva
panel2,A,nep_news_2020_300K,nep,L5,8921,npi_Deva
panel2,A,nep_news_2020_300K,nep,L5,8932,npi_Deva
panel2,A,nep_news_2020_300K,nep,L5,8946,npi_Deva
panel2,A,nep_news_2020_300K,nep,L5,8947,npi_Deva
panel2,A,nep_news_2020_300K,nep,L5,8955,npi_Deva
panel2,A,nep_news_2020_300K,nep,L5,8956,npi_Deva
panel2,A,nep_news_2020_300K,nep,L5,8960,npi_Deva
panel2,A,nep_news_2020_300K,nep,L5,8987,npi_Deva
panel2,A,nep_news_2020_300K,nep,L5,8988,npi_Deva
panel2,A,nep_news_2020_300K,nep,L5,8990,npi_Deva
panel2,A,nep_news_2020_300K,nep,L5,8992,npi_Deva
panel2,A,nep_news_2020_300K,nep,L5,8999,npi_Deva
panel2,A,nep_news_2020_300K,nep,L5,9001,npi_Deva
panel2,A,nep_news_2020_300K,nep,L5,9004,npi_Deva
panel2,A,nep_news_2020_300K,nep,L5,9007,npi_Deva
panel2,A,nep_news_2020_300K,nep,L5,9008,npi_Deva
panel2,A,nep_news_2020_300K,nep,L5,9013,npi_Deva
panel2,A,nep_news_2020_300K,nep,L5,9016,npi_Deva
panel2,A,nep_news_2020_300K,nep,L5,9021,npi_Deva
panel2,A,nep_news_2020_300K,nep,L5,9023,npi_Deva
panel2,A,nep_news_2020_300K,nep,L5,9036,npi_Deva
panel2,A,nep_news_2020_300K,nep,L5,9048,npi_Deva
panel2,A,nep_news_2020_300K,nep,L5,9054,npi_Deva
panel2,A,nep_news_2020_300K,nep,L5,9073,npi_Deva
panel2,A,nep_news_2020_300K,nep,L5,9092,npi_Deva
panel2,A,nep_news_2020_300K,nep,L5,9096,npi_Deva
panel2,A,nep_news_2020_300K,nep,L5,9112,npi_Deva
panel2,A,nep_news_2020_300K,nep,L5,9115,npi_Deva
panel2,A,nep_news_2020_300K,nep,L5,9119,npi_Deva
panel2,A,nep_news_2020_300K,nep,L5,9137,npi_Deva
panel2,A,nep_news_2020_300K,nep,L5,9148,npi_Deva
panel2,A,nep_news_2020_300K,nep,L5,9151,npi_Deva
panel2,A,nep_news_2020_300K,nep,L5,9156,npi_Deva
panel2,A,nep_news_2020_300K,nep,L5,9159,npi_Deva
panel2,A,nep_news_2020_300K,nep,L5,9163,npi_Deva
panel2,A,nep_news_2020_300K,nep,L5,9164,npi_Deva
panel2,A,nep_news_2020_300K,nep,L5,9165,npi_Deva
panel2,A,nep_news_2020_300K,nep,L5,9167,npi_Deva
panel2,A,nep_news_2020_300K,nep,L5,9188,npi_Deva
panel2,A,nep_news_2020_300K,nep,L5,9189,npi_Deva
panel2,A,nep_news_2020_300K,nep,L5,9191,npi_Deva
panel2,A,nep_news_2020_300K,nep,L5,9205,npi_Deva
panel2,A,nep_news_2020_300K,nep,L5,9212,npi_Deva
panel2,A,nep_news_2020_300K,nep,L5,9214,npi_Deva
panel2,A,nep_news_2020_300K,nep,L5,9218,npi_Deva
panel2,A,nep_news_2020_300K,nep,L5,9226,npi_Deva
panel2,A,nep_news_2020_300K,nep,L5,9248,npi_Deva
panel2,A,nep_news_2020_300K,nep,L5,9251,npi_Deva
panel2,A,nep_news_2020_300K,nep,L5,9267,npi_Deva
panel2,A,nep_news_2020_300K,nep,L5,9270,npi_Deva
panel2,A,nep_news_2020_300K,nep,L5,9274,npi_Deva
panel2,A,nep_news_2020_300K,nep,L5,9275,npi_Deva
panel2,A,nep_news_2020_300K,nep,L5,9277,npi_Deva
panel2,A,nep_news_2020_300K,nep,L5,9281,npi_Deva
panel2,A,nep_news_2020_300K,nep,L5,9290,npi_Deva
panel2,A,nep_news_2020_300K,nep,L5,9294,npi_Deva
panel2,A,nep_news_2020_300K,nep,L5,9304,npi_Deva
panel2,A,nep_news_2020_300K,nep,L5,9307,npi_Deva
panel2,A,nep_news_2020_300K,nep,L5,9312,npi_Deva
panel2,A,nep_news_2020_300K,nep,L5,9315,npi_Deva
panel2,A,nep_news_2020_300K,nep,L5,9318,npi_Deva
panel2,A,nep_news_2020_300K,nep,L5,9344,npi_Deva
panel2,A,nep_news_2020_300K,nep,L5,9367,npi_Deva
panel2,A,nep_news_2020_300K,nep,L5,9372,npi_Deva
panel2,A,nep_news_2020_300K,nep,L5,9380,npi_Deva
panel2,A,nep_news_2020_300K,nep,L5,9383,npi_Deva
panel2,A,nep_news_2020_300K,nep,L5,9390,npi_Deva
panel2,A,nep_news_2020_300K,nep,L5,9392,npi_Deva
panel2,A,nep_news_2020_300K,nep,L5,9418,npi_Deva
panel2,A,nep_news_2020_300K,nep,L5,9451,npi_Deva
panel2,A,nep_news_2020_300K,nep,L5,9456,npi_Deva
panel2,A,nep_news_2020_300K,nep,L5,9465,npi_Deva
panel2,A,nep_news_2020_300K,nep,L5,9466,npi_Deva
panel2,A,nep_news_2020_300K,nep,L5,9471,npi_Deva
panel2,A,nep_news_2020_300K,nep,L5,9477,npi_Deva
panel2,A,nep_news_2020_300K,nep,L5,9480,npi_Deva
panel2,A,nep_news_2020_300K,nep,L5,9484,npi_Deva
panel2,A,nep_news_2020_300K,nep,L5,9497,npi_Deva
panel2,A,nep_news_2020_300K,nep,L5,9502,npi_Deva
panel2,A,nep_news_2020_300K,nep,L5,9513,npi_Deva
panel2,A,nep_news_2020_300K,nep,L5,9520,npi_Deva
panel2,A,nep_news_2020_300K,nep,L5,9521,npi_Deva
panel2,A,nep_news_2020_300K,nep,L5,9522,npi_Deva
panel2,A,nep_news_2020_300K,nep,L5,9524,npi_Deva
panel2,A,nep_news_2020_300K,nep,L5,9527,npi_Deva
panel2,A,nep_news_2020_300K,nep,L5,9528,npi_Deva
panel2,A,nep_news_2020_300K,nep,L5,9531,npi_Deva
panel2,A,nep_news_2020_300K,nep,L5,9534,npi_Deva
panel2,A,nep_news_2020_300K,nep,L5,9537,npi_Deva
panel2,A,nep_news_2020_300K,nep,L5,9538,npi_Deva
panel2,A,nep_news_2020_300K,nep,L5,9549,npi_Deva
panel2,A,nep_news_2020_300K,nep,L5,9550,npi_Deva
panel2,A,nep_news_2020_300K,nep,L5,9557,npi_Deva
panel2,A,nep_news_2020_300K,nep,L5,9596,npi_Deva
panel2,A,nep_news_2020_300K,nep,L5,9604,npi_Deva
panel2,A,nep_news_2020_300K,nep,L5,9613,npi_Deva
panel2,A,nep_news_2020_300K,nep,L5,9628,npi_Deva
panel2,A,nep_news_2020_300K,nep,L5,9630,npi_Deva
panel2,A,nep_news_2020_300K,nep,L5,9633,npi_Deva
panel2,A,nep_news_2020_300K,nep,L5,9634,npi_Deva
panel2,A,nep_news_2020_300K,nep,L5,9643,npi_Deva
panel2,A,nep_news_2020_300K,nep,L5,9644,npi_Deva
panel2,A,nep_news_2020_300K,nep,L5,9652,npi_Deva
panel2,A,nep_news_2020_300K,nep,L5,9662,npi_Deva
panel2,A,nep_news_2020_300K,nep,L5,9666,npi_Deva
panel2,A,nep_news_2020_300K,nep,L5,9667,npi_Deva
panel2,A,nep_news_2020_300K,nep,L5,9674,npi_Deva
panel2,A,nep_news_2020_300K,nep,L5,9681,npi_Deva
panel2,A,nep_news_2020_300K,nep,L5,9697,npi_Deva
panel2,A,nep_news_2020_300K,nep,L5,9700,npi_Deva
panel2,A,nep_news_2020_300K,nep,L5,9704,npi_Deva
panel2,A,nep_news_2020_300K,nep,L5,9705,npi_Deva
panel2,A,nep_news_2020_300K,nep,L5,9719,npi_Deva
panel2,A,nep_news_2020_300K,nep,L5,9734,npi_Deva
panel2,A,nep_news_2020_300K,nep,L5,9738,npi_Deva
panel2,A,nep_news_2020_300K,nep,L5,9742,npi_Deva
panel2,A,nep_news_2020_300K,nep,L5,9756,npi_Deva
panel2,A,nep_news_2020_300K,nep,L5,9758,npi_Deva
panel2,A,nep_news_2020_300K,nep,L5,9759,npi_Deva
panel2,A,nep_news_2020_300K,nep,L5,9763,npi_Deva
panel2,A,nep_news_2020_300K,nep,L5,9766,npi_Deva
panel2,A,nep_news_2020_300K,nep,L5,9770,npi_Deva
panel2,A,nep_news_2020_300K,nep,L5,9780,npi_Deva
panel2,A,nep_news_2020_300K,nep,L5,9782,npi_Deva
panel2,A,nep_news_2020_300K,nep,L5,9784,npi_Deva
panel2,A,nep_news_2020_300K,nep,L5,9789,npi_Deva
panel2,A,nep_news_2020_300K,nep,L5,9790,npi_Deva
panel2,A,nep_news_2020_300K,nep,L5,9791,npi_Deva
panel2,A,nep_news_2020_300K,nep,L5,9799,npi_Deva
panel2,A,nep_news_2020_300K,nep,L5,9806,npi_Deva
panel2,A,nep_news_2020_300K,nep,L5,9809,npi_Deva
panel2,A,nep_news_2020_300K,nep,L5,9828,npi_Deva
panel2,A,nep_news_2020_300K,nep,L5,9839,npi_Deva
panel2,A,nep_news_2020_300K,nep,L5,9843,npi_Deva
panel2,A,nep_news_2020_300K,nep,L5,9862,npi_Deva
panel2,A,nep_news_2020_300K,nep,L5,9865,npi_Deva
panel2,A,nep_news_2020_300K,nep,L5,9866,npi_Deva
panel2,A,nep_news_2020_300K,nep,L5,9879,npi_Deva
panel2,A,nep_news_2020_300K,nep,L5,9883,npi_Deva
panel2,A,nep_news_2020_300K,nep,L5,9886,npi_Deva
panel2,A,nep_news_2020_300K,nep,L5,9890,npi_Deva
panel2,A,nep_news_2020_300K,nep,L5,9897,npi_Deva
panel2,A,nep_news_2020_300K,nep,L5,9904,npi_Deva
panel2,A,nep_news_2020_300K,nep,L5,9905,npi_Deva
panel2,A,nep_news_2020_300K,nep,L5,9917,npi_Deva
panel2,A,nep_news_2020_300K,nep,L5,9930,npi_Deva
panel2,A,nep_news_2020_300K,nep,L5,9932,npi_Deva
panel2,A,nep_news_2020_300K,nep,L5,9937,npi_Deva
panel2,A,nep_news_2020_300K,nep,L5,9945,npi_Deva
panel2,A,nep_news_2020_300K,nep,L5,9951,npi_Deva
panel2,A,nep_news_2020_300K,nep,L5,9964,npi_Deva
panel2,A,nep_news_2020_300K,nep,L5,9972,npi_Deva
panel2,A,nep_news_2020_300K,nep,L5,10003,npi_Deva
panel2,A,nep_news_2020_300K,nep,L5,10034,npi_Deva
panel2,A,nep_news_2020_300K,nep,L5,10054,npi_Deva
panel2,A,nep_news_2020_300K,nep,L5,10055,npi_Deva
panel2,A,nep_news_2020_300K,nep,L5,10067,npi_Deva
panel2,A,nep_news_2020_300K,nep,L5,10082,npi_Deva
panel2,A,nep_news_2020_300K,nep,L5,10101,npi_Deva
panel2,A,nep_news_2020_300K,nep,L5,10105,npi_Deva
panel2,A,nep_news_2020_300K,nep,L5,10107,npi_Deva
panel2,A,nep_news_2020_300K,nep,L5,10115,npi_Deva
panel2,A,nep_news_2020_300K,nep,L5,10117,npi_Deva
panel2,A,nep_news_2020_300K,nep,L5,10118,npi_Deva
panel2,A,nep_news_2020_300K,nep,L5,10121,npi_Deva
panel2,A,nep_news_2020_300K,nep,L5,10122,npi_Deva
panel2,A,nep_news_2020_300K,nep,L5,10123,npi_Deva
panel2,A,nep_news_2020_300K,nep,L5,10135,npi_Deva
panel2,A,nep_news_2020_300K,nep,L5,10159,npi_Deva
panel2,A,nep_news_2020_300K,nep,L5,10162,npi_Deva
panel2,A,nep_news_2020_300K,nep,L5,10171,npi_Deva
panel2,A,nep_news_2020_300K,nep,L5,10174,npi_Deva
panel2,A,nep_news_2020_300K,nep,L5,10180,npi_Deva
panel2,A,nep_news_2020_300K,nep,L5,10189,npi_Deva
panel2,A,nep_news_2020_300K,nep,L5,10191,npi_Deva
panel2,A,nep_news_2020_300K,nep,L5,10196,npi_Deva
panel2,A,nep_news_2020_300K,nep,L5,10204,npi_Deva
panel2,A,nep_news_2020_300K,nep,L5,10206,npi_Deva
panel2,A,nep_news_2020_300K,nep,L5,10213,npi_Deva
panel2,A,nep_news_2020_300K,nep,L5,10237,npi_Deva
panel2,A,nep_news_2020_300K,nep,L5,10264,npi_Deva
panel2,A,nep_news_2020_300K,nep,L5,10274,npi_Deva
panel2,A,nep_news_2020_300K,nep,L5,10281,npi_Deva
panel2,A,nep_news_2020_300K,nep,L5,10285,npi_Deva
panel2,A,nep_news_2020_300K,nep,L5,10301,npi_Deva
panel2,A,nep_news_2020_300K,nep,L5,10302,npi_Deva
panel2,A,nep_news_2020_300K,nep,L5,10303,npi_Deva
panel2,A,nep_news_2020_300K,nep,L5,10318,npi_Deva
panel2,A,nep_news_2020_300K,nep,L5,10327,npi_Deva
panel2,A,nep_news_2020_300K,nep,L5,10328,npi_Deva
panel2,A,nep_news_2020_300K,nep,L5,10334,npi_Deva
panel2,A,nep_news_2020_300K,nep,L5,10335,npi_Deva
panel2,A,nep_news_2020_300K,nep,L5,10337,npi_Deva
panel2,A,nep_news_2020_300K,nep,L5,10338,npi_Deva
panel2,A,nep_news_2020_300K,nep,L5,10341,npi_Deva
panel2,A,nep_news_2020_300K,nep,L5,10343,npi_Deva
panel2,A,nep_news_2020_300K,nep,L5,10348,npi_Deva
panel2,A,nep_news_2020_300K,nep,L5,10354,npi_Deva
panel2,A,nep_news_2020_300K,nep,L5,10387,npi_Deva
panel2,A,nep_news_2020_300K,nep,L5,10395,npi_Deva
panel2,A,nep_news_2020_300K,nep,L5,10402,npi_Deva
panel2,A,nep_news_2020_300K,nep,L5,10406,npi_Deva
panel2,A,nep_news_2020_300K,nep,L5,10408,npi_Deva
panel2,A,nep_news_2020_300K,nep,L5,10414,npi_Deva
panel2,A,nep_news_2020_300K,nep,L5,10415,npi_Deva
panel2,A,nep_news_2020_300K,nep,L5,10433,npi_Deva
panel2,A,nep_news_2020_300K,nep,L5,10434,npi_Deva
panel2,A,nep_news_2020_300K,nep,L5,10436,npi_Deva
panel2,A,nep_news_2020_300K,nep,L5,10439,npi_Deva
panel2,A,nep_news_2020_300K,nep,L5,10440,npi_Deva
panel2,A,nep_news_2020_300K,nep,L5,10444,npi_Deva
panel2,A,nep_news_2020_300K,nep,L5,10445,npi_Deva
panel2,A,nep_news_2020_300K,nep,L5,10449,npi_Deva
panel2,A,nep_news_2020_300K,nep,L5,10473,npi_Deva
panel2,A,nep_news_2020_300K,nep,L5,10477,npi_Deva
panel2,A,nep_news_2020_300K,nep,L5,10481,npi_Deva
panel2,A,nep_news_2020_300K,nep,L5,10496,npi_Deva
panel2,A,nep_news_2020_300K,nep,L5,10502,npi_Deva
panel2,A,nep_news_2020_300K,nep,L5,10508,npi_Deva
panel2,A,nep_news_2020_300K,nep,L5,10516,npi_Deva
panel2,A,nep_news_2020_300K,nep,L5,10525,npi_Deva
panel2,A,nep_news_2020_300K,nep,L5,10536,npi_Deva
panel2,A,nep_news_2020_300K,nep,L5,10547,npi_Deva
panel2,A,nep_news_2020_300K,nep,L5,10550,npi_Deva
panel2,A,nep_news_2020_300K,nep,L5,10557,npi_Deva
panel2,A,nep_news_2020_300K,nep,L5,10560,npi_Deva
panel2,A,nep_news_2020_300K,nep,L5,10565,npi_Deva
panel2,A,nep_news_2020_300K,nep,L5,10566,npi_Deva
panel2,A,nep_news_2020_300K,nep,L5,10569,npi_Deva
panel2,A,nep_news_2020_300K,nep,L5,10580,npi_Deva
panel2,A,nep_news_2020_300K,nep,L5,10591,npi_Deva
panel2,A,nep_news_2020_300K,nep,L5,10592,npi_Deva
panel2,A,nep_news_2020_300K,nep,L5,10594,npi_Deva
panel2,A,nep_news_2020_300K,nep,L5,10601,npi_Deva
panel2,A,nep_news_2020_300K,nep,L5,10616,npi_Deva
panel2,A,nep_news_2020_300K,nep,L5,10617,npi_Deva
panel2,A,nep_news_2020_300K,nep,L5,10637,npi_Deva
panel2,A,nep_news_2020_300K,nep,L5,10638,npi_Deva
panel2,A,nep_news_2020_300K,nep,L5,10643,npi_Deva
panel2,A,nep_news_2020_300K,nep,L5,10651,npi_Deva
panel2,A,nep_news_2020_300K,nep,L5,10662,npi_Deva
panel2,A,nep_news_2020_300K,nep,L5,10673,npi_Deva
panel2,A,nep_news_2020_300K,nep,L5,10675,npi_Deva
panel2,A,nep_news_2020_300K,nep,L5,10676,npi_Deva
panel2,A,nep_news_2020_300K,nep,L5,10679,npi_Deva
panel2,A,nep_news_2020_300K,nep,L5,10680,npi_Deva
panel2,A,nep_news_2020_300K,nep,L5,10681,npi_Deva
panel2,A,nep_news_2020_300K,nep,L5,10699,npi_Deva
panel2,A,nep_news_2020_300K,nep,L5,10704,npi_Deva
panel2,A,nep_news_2020_300K,nep,L5,10709,npi_Deva
panel2,A,nep_news_2020_300K,nep,L5,10714,npi_Deva
panel2,A,nep_news_2020_300K,nep,L5,10721,npi_Deva
panel2,A,nep_news_2020_300K,nep,L5,10745,npi_Deva
panel2,A,nep_news_2020_300K,nep,L5,10748,npi_Deva
panel2,A,nep_news_2020_300K,nep,L5,10750,npi_Deva
panel2,A,nep_news_2020_300K,nep,L5,10756,npi_Deva
panel2,A,nep_news_2020_300K,nep,L5,10759,npi_Deva
panel2,A,nep_news_2020_300K,nep,L5,10760,npi_Deva
panel2,A,nep_news_2020_300K,nep,L5,10763,npi_Deva
panel2,A,nep_news_2020_300K,nep,L5,10772,npi_Deva
panel2,A,nep_news_2020_300K,nep,L5,10774,npi_Deva
panel2,A,nep_news_2020_300K,nep,L5,10776,npi_Deva
panel2,A,nep_news_2020_300K,nep,L5,10778,npi_Deva
panel2,A,nep_news_2020_300K,nep,L5,10781,npi_Deva
panel2,A,nep_news_2020_300K,nep,L5,10789,npi_Deva
panel2,A,nep_news_2020_300K,nep,L5,10792,npi_Deva
panel2,A,nep_news_2020_300K,nep,L5,10812,npi_Deva
panel2,A,nep_news_2020_300K,nep,L5,10815,npi_Deva
panel2,A,nep_news_2020_300K,nep,L5,10823,npi_Deva
panel2,A,nep_news_2020_300K,nep,L5,10831,npi_Deva
panel2,A,nep_news_2020_300K,nep,L5,10837,npi_Deva
panel2,A,nep_news_2020_300K,nep,L5,10840,npi_Deva
panel2,A,nep_news_2020_300K,nep,L5,10845,npi_Deva
panel2,A,nep_news_2020_300K,nep,L5,10846,npi_Deva
panel2,A,nep_news_2020_300K,nep,L5,10852,npi_Deva
panel2,A,nep_news_2020_300K,nep,L5,10882,npi_Deva
panel2,A,nep_news_2020_300K,nep,L5,10890,npi_Deva
panel2,A,nep_news_2020_300K,nep,L5,10892,npi_Deva
panel2,A,nep_news_2020_300K,nep,L5,10895,npi_Deva
panel2,A,nep_news_2020_300K,nep,L5,10900,npi_Deva
panel2,A,nep_news_2020_300K,nep,L5,10901,npi_Deva
panel2,A,nep_news_2020_300K,nep,L5,10902,npi_Deva
panel2,A,nep_news_2020_300K,nep,L5,10926,npi_Deva
panel2,A,nep_news_2020_300K,nep,L5,10927,npi_Deva
panel2,A,nep_news_2020_300K,nep,L5,10929,npi_Deva
panel2,A,nep_news_2020_300K,nep,L5,10932,npi_Deva
panel2,A,nep_news_2020_300K,nep,L5,10936,npi_Deva
panel2,A,nep_news_2020_300K,nep,L5,10940,npi_Deva
panel2,A,nep_news_2020_300K,nep,L5,10943,npi_Deva
panel2,A,nep_news_2020_300K,nep,L5,10951,npi_Deva
panel2,A,nep_news_2020_300K,nep,L5,10953,npi_Deva
panel2,A,nep_news_2020_300K,nep,L5,10954,npi_Deva
panel2,A,nep_news_2020_300K,nep,L5,10965,npi_Deva
panel2,A,nep_news_2020_300K,nep,L5,10973,npi_Deva
panel2,A,nep_news_2020_300K,nep,L5,10986,npi_Deva
panel2,A,nep_news_2020_300K,nep,L5,10988,npi_Deva
panel2,A,nep_news_2020_300K,nep,L5,11004,npi_Deva
panel2,A,nep_news_2020_300K,nep,L5,11005,npi_Deva
panel2,A,nep_news_2020_300K,nep,L5,11006,npi_Deva
panel2,A,nep_news_2020_300K,nep,L5,11023,npi_Deva
panel2,A,nep_news_2020_300K,nep,L5,11027,npi_Deva
panel2,A,nep_news_2020_300K,nep,L5,11028,npi_Deva
panel2,A,nep_news_2020_300K,nep,L5,11042,npi_Deva
panel2,A,nep_news_2020_300K,nep,L5,11055,npi_Deva
panel2,A,nep_news_2020_300K,nep,L5,11095,npi_Deva
panel2,A,nep_news_2020_300K,nep,L5,11102,npi_Deva
panel2,A,nep_news_2020_300K,nep,L5,11106,npi_Deva
panel2,A,nep_news_2020_300K,nep,L5,11111,npi_Deva
panel2,A,nep_news_2020_300K,nep,L5,11121,npi_Deva
panel2,A,nep_news_2020_300K,nep,L5,11127,npi_Deva
panel2,A,nep_news_2020_300K,nep,L5,11130,npi_Deva
panel2,A,nep_news_2020_300K,nep,L5,11132,npi_Deva
panel2,A,nep_news_2020_300K,nep,L5,11136,npi_Deva
panel2,A,nep_news_2020_300K,nep,L5,11146,npi_Deva
panel2,A,nep_news_2020_300K,nep,L5,11147,npi_Deva
panel2,A,nep_news_2020_300K,nep,L5,11148,npi_Deva
panel2,A,nep_news_2020_300K,nep,L5,11149,npi_Deva
panel2,A,nep_news_2020_300K,nep,L5,11162,npi_Deva
panel2,A,nep_news_2020_300K,nep,L5,11166,npi_Deva
panel2,A,nep_news_2020_300K,nep,L5,11167,npi_Deva
panel2,A,nep_news_2020_300K,nep,L5,11175,npi_Deva
panel2,A,nep_news_2020_300K,nep,L5,11190,npi_Deva
panel2,A,nep_news_2020_300K,nep,L5,11191,npi_Deva
panel2,A,nep_news_2020_300K,nep,L5,11192,npi_Deva
panel2,A,nep_news_2020_300K,nep,L5,11199,npi_Deva
panel2,A,nep_news_2020_300K,nep,L5,11206,npi_Deva
panel2,A,nep_news_2020_300K,nep,L5,11224,npi_Deva
panel2,A,nep_news_2020_300K,nep,L5,11226,npi_Deva
panel2,A,nep_news_2020_300K,nep,L5,11240,npi_Deva
panel2,A,nep_news_2020_300K,nep,L5,11242,npi_Deva
panel2,A,nep_news_2020_300K,nep,L5,11246,npi_Deva
panel2,A,nep_news_2020_300K,nep,L5,11253,npi_Deva
panel2,A,nep_news_2020_300K,nep,L5,11259,npi_Deva
panel2,A,nep_news_2020_300K,nep,L5,11267,npi_Deva
panel2,A,nep_news_2020_300K,nep,L5,11282,npi_Deva
panel2,A,nep_news_2020_300K,nep,L5,11285,npi_Deva
panel2,A,nep_news_2020_300K,nep,L5,11289,npi_Deva
panel2,A,nep_news_2020_300K,nep,L5,11300,npi_Deva
panel2,A,nep_news_2020_300K,nep,L5,11305,npi_Deva
panel2,A,nep_news_2020_300K,nep,L5,11316,npi_Deva
panel2,A,nep_news_2020_300K,nep,L5,11337,npi_Deva
panel2,A,nep_news_2020_300K,nep,L5,11346,npi_Deva
panel2,A,nep_news_2020_300K,nep,L5,11347,npi_Deva
panel2,A,nep_news_2020_300K,nep,L5,11366,npi_Deva
panel2,A,nep_news_2020_300K,nep,L5,11376,npi_Deva
panel2,A,nep_news_2020_300K,nep,L5,11383,npi_Deva
panel2,A,nep_news_2020_300K,nep,L5,11389,npi_Deva
panel2,A,nep_news_2020_300K,nep,L5,11403,npi_Deva
panel2,A,nep_news_2020_300K,nep,L5,11409,npi_Deva
panel2,A,nep_news_2020_300K,nep,L5,11414,npi_Deva
panel2,A,nep_news_2020_300K,nep,L5,11416,npi_Deva
panel2,A,nep_news_2020_300K,nep,L5,11418,npi_Deva
panel2,A,nep_news_2020_300K,nep,L5,11421,npi_Deva
panel2,A,nep_news_2020_300K,nep,L5,11422,npi_Deva
panel2,A,nep_news_2020_300K,nep,L5,11423,npi_Deva
panel2,A,nep_news_2020_300K,nep,L5,11424,npi_Deva
panel2,A,nep_news_2020_300K,nep,L5,11430,npi_Deva
panel2,A,nep_news_2020_300K,nep,L5,11438,npi_Deva
panel2,A,nep_news_2020_300K,nep,L5,11441,npi_Deva
panel2,A,nep_news_2020_300K,nep,L5,11442,npi_Deva
panel2,A,nep_news_2020_300K,nep,L5,11450,npi_Deva
panel2,A,nep_news_2020_300K,nep,L5,11453,npi_Deva
panel2,A,nep_news_2020_300K,nep,L5,11457,npi_Deva
panel2,A,nep_news_2020_300K,nep,L5,11460,npi_Deva
panel2,A,nep_news_2020_300K,nep,L5,11464,npi_Deva
panel2,A,nep_news_2020_300K,nep,L5,11470,npi_Deva
panel2,A,nep_news_2020_300K,nep,L5,11478,npi_Deva
panel2,A,nep_news_2020_300K,nep,L5,11480,npi_Deva
panel2,A,nep_news_2020_300K,nep,L5,11495,npi_Deva
panel2,A,nep_news_2020_300K,nep,L5,11502,npi_Deva
panel2,A,nep_news_2020_300K,nep,L5,11519,npi_Deva
panel2,A,nep_news_2020_300K,nep,L5,11537,npi_Deva
panel2,A,nep_news_2020_300K,nep,L5,11551,npi_Deva
panel2,A,nep_news_2020_300K,nep,L5,11560,npi_Deva
panel2,A,nep_news_2020_300K,nep,L5,11571,npi_Deva
panel2,A,nep_news_2020_300K,nep,L5,11589,npi_Deva
panel2,A,nep_news_2020_300K,nep,L5,11590,npi_Deva
panel2,A,nep_news_2020_300K,nep,L5,11599,npi_Deva
panel2,A,nep_news_2020_300K,nep,L5,11610,npi_Deva
panel2,A,nep_news_2020_300K,nep,L5,11613,npi_Deva
panel2,A,nep_news_2020_300K,nep,L5,11619,npi_Deva
panel2,A,nep_news_2020_300K,nep,L5,11625,npi_Deva
panel2,A,nep_news_2020_300K,nep,L5,11632,npi_Deva
panel2,A,nep_news_2020_300K,nep,L5,11633,npi_Deva
panel2,A,nep_news_2020_300K,nep,L5,11634,npi_Deva
panel2,A,nep_news_2020_300K,nep,L5,11644,npi_Deva
panel2,A,nep_news_2020_300K,nep,L5,11646,npi_Deva
panel2,A,nep_news_2020_300K,nep,L5,11653,npi_Deva
panel2,A,nep_news_2020_300K,nep,L5,11661,npi_Deva
panel2,A,nep_news_2020_300K,nep,L5,11663,npi_Deva
panel2,A,nep_news_2020_300K,nep,L5,11664,npi_Deva
panel2,A,nep_news_2020_300K,nep,L5,11674,npi_Deva
panel2,A,nep_news_2020_300K,nep,L5,11686,npi_Deva
panel2,A,nep_news_2020_300K,nep,L5,11687,npi_Deva
panel2,A,nep_news_2020_300K,nep,L5,11688,npi_Deva
panel2,A,nep_news_2020_300K,nep,L5,11695,npi_Deva
panel2,A,nep_news_2020_300K,nep,L5,11703,npi_Deva
panel2,A,nep_news_2020_300K,nep,L5,11708,npi_Deva
panel2,A,nep_news_2020_300K,nep,L5,11724,npi_Deva
panel2,A,nep_news_2020_300K,nep,L5,11737,npi_Deva
panel2,A,nep_news_2020_300K,nep,L5,11754,npi_Deva
panel2,A,nep_news_2020_300K,nep,L5,11756,npi_Deva
panel2,A,nep_news_2020_300K,nep,L5,11768,npi_Deva
panel2,A,nep_news_2020_300K,nep,L5,11776,npi_Deva
panel2,A,nep_news_2020_300K,nep,L5,11779,npi_Deva
panel2,A,nep_news_2020_300K,nep,L5,11781,npi_Deva
panel2,A,nep_news_2020_300K,nep,L5,11784,npi_Deva
panel2,A,nep_news_2020_300K,nep,L5,11787,npi_Deva
panel2,A,nep_news_2020_300K,nep,L5,11793,npi_Deva
panel2,A,nep_news_2020_300K,nep,L5,11800,npi_Deva
panel2,A,nep_news_2020_300K,nep,L5,11806,npi_Deva
panel2,A,nep_news_2020_300K,nep,L5,11816,npi_Deva
panel2,A,nep_news_2020_300K,nep,L5,11817,npi_Deva
panel2,A,nep_news_2020_300K,nep,L5,11818,npi_Deva
panel2,A,nep_news_2020_300K,nep,L5,11843,npi_Deva
panel2,A,nep_news_2020_300K,nep,L5,11844,npi_Deva
panel2,A,nep_news_2020_300K,nep,L5,11851,npi_Deva
panel2,A,nep_news_2020_300K,nep,L5,11859,npi_Deva
panel2,A,nep_news_2020_300K,nep,L5,11870,npi_Deva
panel2,A,nep_news_2020_300K,nep,L5,11903,npi_Deva
panel2,A,nep_news_2020_300K,nep,L5,11922,npi_Deva
panel2,A,nep_news_2020_300K,nep,L5,11929,npi_Deva
panel2,A,nep_news_2020_300K,nep,L5,11932,npi_Deva
panel2,A,nep_news_2020_300K,nep,L5,11933,npi_Deva
panel2,A,nep_news_2020_300K,nep,L5,11951,npi_Deva
panel2,A,nep_news_2020_300K,nep,L5,11957,npi_Deva
panel2,A,nep_news_2020_300K,nep,L5,11963,npi_Deva
panel2,A,nep_news_2020_300K,nep,L5,11972,npi_Deva
panel2,A,nep_news_2020_300K,nep,L5,11973,npi_Deva
panel2,A,nep_news_2020_300K,nep,L5,11980,npi_Deva
panel2,A,nep_news_2020_300K,nep,L5,11988,npi_Deva
panel2,A,nep_news_2020_300K,nep,L5,11989,npi_Deva
panel2,A,nep_news_2020_300K,nep,L5,11992,npi_Deva
panel2,A,nep_news_2020_300K,nep,L5,11997,npi_Deva
panel2,A,nep_news_2020_300K,nep,L5,12014,npi_Deva
panel2,A,nep_news_2020_300K,nep,L5,12020,npi_Deva
panel2,A,nep_news_2020_300K,nep,L5,12025,npi_Deva
panel2,A,nep_news_2020_300K,nep,L5,12035,npi_Deva
panel2,A,nep_news_2020_300K,nep,L5,12039,npi_Deva
panel2,A,nep_news_2020_300K,nep,L5,12042,npi_Deva
panel2,A,nep_news_2020_300K,nep,L5,12045,npi_Deva
panel2,A,nep_news_2020_300K,nep,L5,12059,npi_Deva
panel2,A,nep_news_2020_300K,nep,L5,12062,npi_Deva
panel2,A,nep_news_2020_300K,nep,L5,12067,npi_Deva
panel2,A,nep_news_2020_300K,nep,L5,12068,npi_Deva
panel2,A,nep_news_2020_300K,nep,L5,12069,npi_Deva
panel2,A,nep_news_2020_300K,nep,L5,12070,npi_Deva
panel2,A,nep_news_2020_300K,nep,L5,12072,npi_Deva
panel2,A,nep_news_2020_300K,nep,L5,12076,npi_Deva
panel2,A,nep_news_2020_300K,nep,L5,12091,npi_Deva
panel2,A,nep_news_2020_300K,nep,L5,12095,npi_Deva
panel2,A,nep_news_2020_300K,nep,L5,12099,npi_Deva
panel2,A,nep_news_2020_300K,nep,L5,12106,npi_Deva
panel2,A,nep_news_2020_300K,nep,L5,12108,npi_Deva
panel2,A,nep_news_2020_300K,nep,L5,12113,npi_Deva
panel2,A,nep_news_2020_300K,nep,L5,12138,npi_Deva
panel2,A,nep_news_2020_300K,nep,L5,12144,npi_Deva
panel2,A,nep_news_2020_300K,nep,L5,12157,npi_Deva
panel2,A,nep_news_2020_300K,nep,L5,12173,npi_Deva
panel2,A,nep_news_2020_300K,nep,L5,12205,npi_Deva
panel2,A,nep_news_2020_300K,nep,L5,12216,npi_Deva
panel2,A,nep_news_2020_300K,nep,L5,12228,npi_Deva
panel2,A,nep_news_2020_300K,nep,L5,12229,npi_Deva
panel2,A,nep_news_2020_300K,nep,L5,12237,npi_Deva
panel2,A,nep_news_2020_300K,nep,L5,12238,npi_Deva
panel2,A,nep_news_2020_300K,nep,L5,12248,npi_Deva
panel2,A,nep_news_2020_300K,nep,L5,12254,npi_Deva
panel2,A,nep_news_2020_300K,nep,L5,12284,npi_Deva
panel2,A,nep_news_2020_300K,nep,L5,12286,npi_Deva
panel2,A,nep_news_2020_300K,nep,L5,12287,npi_Deva
panel2,A,nep_news_2020_300K,nep,L5,12291,npi_Deva
panel2,A,nep_news_2020_300K,nep,L5,12294,npi_Deva
panel2,A,nep_news_2020_300K,nep,L5,12302,npi_Deva
panel2,A,nep_news_2020_300K,nep,L5,12310,npi_Deva
panel2,A,nep_news_2020_300K,nep,L5,12324,npi_Deva
panel2,A,nep_news_2020_300K,nep,L5,12326,npi_Deva
panel2,A,nep_news_2020_300K,nep,L5,12332,npi_Deva
panel2,A,nep_news_2020_300K,nep,L5,12337,npi_Deva
panel2,A,nep_news_2020_300K,nep,L5,12340,npi_Deva
panel2,A,nep_news_2020_300K,nep,L5,12355,npi_Deva
panel2,A,nep_news_2020_300K,nep,L5,12357,npi_Deva
panel2,A,nep_news_2020_300K,nep,L5,12361,npi_Deva
panel2,A,nep_news_2020_300K,nep,L5,12364,npi_Deva
panel2,A,nep_news_2020_300K,nep,L5,12369,npi_Deva
panel2,A,nep_news_2020_300K,nep,L5,12372,npi_Deva
panel2,A,nep_news_2020_300K,nep,L5,12387,npi_Deva
panel2,A,nep_news_2020_300K,nep,L5,12394,npi_Deva
panel2,A,nep_news_2020_300K,nep,L5,12395,npi_Deva
panel2,A,nep_news_2020_300K,nep,L5,12400,npi_Deva
panel2,A,nep_news_2020_300K,nep,L5,12410,npi_Deva
panel2,A,nep_news_2020_300K,nep,L5,12424,npi_Deva
panel2,A,nep_news_2020_300K,nep,L5,12427,npi_Deva
panel2,A,nep_news_2020_300K,nep,L5,12438,npi_Deva
panel2,A,nep_news_2020_300K,nep,L5,12445,npi_Deva
panel2,A,nep_news_2020_300K,nep,L5,12450,npi_Deva
panel2,A,nep_news_2020_300K,nep,L5,12458,npi_Deva
panel2,A,nep_news_2020_300K,nep,L5,12464,npi_Deva
panel2,A,nep_news_2020_300K,nep,L5,12470,npi_Deva
panel2,A,nep_news_2020_300K,nep,L5,12471,npi_Deva
panel2,A,nep_news_2020_300K,nep,L5,12472,npi_Deva
panel2,A,nep_news_2020_300K,nep,L5,12477,npi_Deva
panel2,A,nep_news_2020_300K,nep,L5,12480,npi_Deva
panel2,A,nep_news_2020_300K,nep,L5,12484,npi_Deva
panel2,A,nep_news_2020_300K,nep,L5,12487,npi_Deva
panel2,A,nep_news_2020_300K,nep,L5,12497,npi_Deva
panel2,A,nep_news_2020_300K,nep,L5,12499,npi_Deva
panel2,A,nep_news_2020_300K,nep,L5,12510,npi_Deva
panel2,A,nep_news_2020_300K,nep,L5,12514,npi_Deva
panel2,A,nep_news_2020_300K,nep,L5,12520,npi_Deva
panel2,A,nep_news_2020_300K,nep,L5,12531,npi_Deva
panel2,A,nep_news_2020_300K,nep,L5,12532,npi_Deva
panel2,A,nep_news_2020_300K,nep,L5,12541,npi_Deva
panel2,A,nep_news_2020_300K,nep,L5,12547,npi_Deva
panel2,A,nep_news_2020_300K,nep,L5,12552,npi_Deva
panel2,A,nep_news_2020_300K,nep,L5,12555,npi_Deva
panel2,A,nep_news_2020_300K,nep,L5,12563,npi_Deva
panel2,A,nep_news_2020_300K,nep,L5,12564,npi_Deva
panel2,A,nep_news_2020_300K,nep,L5,12565,npi_Deva
panel2,A,nep_news_2020_300K,nep,L5,12568,npi_Deva
panel2,A,nep_news_2020_300K,nep,L5,12571,npi_Deva
panel2,A,nep_news_2020_300K,nep,L5,12584,npi_Deva
panel2,A,nep_news_2020_300K,nep,L5,12586,npi_Deva
panel2,A,nep_news_2020_300K,nep,L5,12616,npi_Deva
panel2,A,nep_news_2020_300K,nep,L5,12619,npi_Deva
panel2,A,nep_news_2020_300K,nep,L5,12620,npi_Deva
panel2,A,nep_news_2020_300K,nep,L5,12636,npi_Deva
panel2,A,nep_news_2020_300K,nep,L5,12644,npi_Deva
panel2,A,nep_news_2020_300K,nep,L5,12649,npi_Deva
panel2,A,nep_news_2020_300K,nep,L5,12660,npi_Deva
panel2,A,nep_news_2020_300K,nep,L5,12662,npi_Deva
panel2,A,nep_news_2020_300K,nep,L5,12667,npi_Deva
panel2,A,nep_news_2020_300K,nep,L5,12674,npi_Deva
panel2,A,nep_news_2020_300K,nep,L5,12680,npi_Deva
panel2,A,nep_news_2020_300K,nep,L5,12691,npi_Deva
panel2,A,nep_news_2020_300K,nep,L5,12692,npi_Deva
panel2,A,nep_news_2020_300K,nep,L5,12702,npi_Deva
panel2,A,nep_news_2020_300K,nep,L5,12704,npi_Deva
panel2,A,nep_news_2020_300K,nep,L5,12724,npi_Deva
panel2,A,nep_news_2020_300K,nep,L5,12726,npi_Deva
panel2,A,nep_news_2020_300K,nep,L5,12746,npi_Deva
panel2,A,nep_news_2020_300K,nep,L5,12749,npi_Deva
panel2,A,nep_news_2020_300K,nep,L5,12764,npi_Deva
panel2,A,nep_news_2020_300K,nep,L5,12766,npi_Deva
panel2,A,nep_news_2020_300K,nep,L5,12784,npi_Deva
panel2,A,nep_news_2020_300K,nep,L5,12787,npi_Deva
panel2,A,nep_news_2020_300K,nep,L5,12793,npi_Deva
panel2,A,nep_news_2020_300K,nep,L5,12796,npi_Deva
panel2,A,nep_news_2020_300K,nep,L5,12797,npi_Deva
panel2,A,nep_news_2020_300K,nep,L5,12802,npi_Deva
panel2,A,nep_news_2020_300K,nep,L5,12820,npi_Deva
panel2,A,nep_news_2020_300K,nep,L5,12821,npi_Deva
panel2,A,nep_news_2020_300K,nep,L5,12862,npi_Deva
panel2,A,nep_news_2020_300K,nep,L5,12882,npi_Deva
panel2,A,nep_news_2020_300K,nep,L5,12906,npi_Deva
panel2,A,nep_news_2020_300K,nep,L5,12909,npi_Deva
panel2,A,nep_news_2020_300K,nep,L5,12930,npi_Deva
panel2,A,nep_news_2020_300K,nep,L5,12939,npi_Deva
panel2,A,nep_news_2020_300K,nep,L5,12956,npi_Deva
panel2,A,nep_news_2020_300K,nep,L5,12962,npi_Deva
panel2,A,nep_news_2020_300K,nep,L5,12967,npi_Deva
panel2,A,nep_news_2020_300K,nep,L5,12969,npi_Deva
panel2,A,nep_news_2020_300K,nep,L5,12970,npi_Deva
panel2,A,nep_news_2020_300K,nep,L5,12988,npi_Deva
panel2,A,nep_news_2020_300K,nep,L5,12992,npi_Deva
panel2,A,nep_news_2020_300K,nep,L5,13000,npi_Deva
panel2,A,nep_news_2020_300K,nep,L5,13001,npi_Deva
panel2,A,nep_news_2020_300K,nep,L5,13005,npi_Deva
panel2,A,nep_news_2020_300K,nep,L5,13010,npi_Deva
panel2,A,nep_news_2020_300K,nep,L5,13011,npi_Deva
panel2,A,nep_news_2020_300K,nep,L5,13012,npi_Deva
panel2,A,nep_news_2020_300K,nep,L5,13018,npi_Deva
panel2,A,nep_news_2020_300K,nep,L5,13034,npi_Deva
panel2,A,nep_news_2020_300K,nep,L5,13035,npi_Deva
panel2,A,nep_news_2020_300K,nep,L5,13060,npi_Deva
panel2,A,nep_news_2020_300K,nep,L5,13065,npi_Deva
panel2,A,nep_news_2020_300K,nep,L5,13066,npi_Deva
panel2,A,nep_news_2020_300K,nep,L5,13068,npi_Deva
panel2,A,nep_news_2020_300K,nep,L5,13082,npi_Deva
panel2,A,nep_news_2020_300K,nep,L5,13084,npi_Deva
panel2,A,nep_news_2020_300K,nep,L5,13089,npi_Deva
panel2,A,nep_news_2020_300K,nep,L5,13107,npi_Deva
panel2,A,nep_news_2020_300K,nep,L5,13112,npi_Deva
panel2,A,nep_news_2020_300K,nep,L5,13117,npi_Deva
panel2,A,nep_news_2020_300K,nep,L5,13119,npi_Deva
panel2,A,nep_news_2020_300K,nep,L5,13121,npi_Deva
panel2,A,nep_news_2020_300K,nep,L5,13123,npi_Deva
panel2,A,nep_news_2020_300K,nep,L5,13128,npi_Deva
panel2,A,nep_news_2020_300K,nep,L5,13130,npi_Deva
panel2,A,nep_news_2020_300K,nep,L5,13145,npi_Deva
panel2,A,nep_news_2020_300K,nep,L5,13146,npi_Deva
panel2,A,nep_news_2020_300K,nep,L5,13150,npi_Deva
panel2,A,nep_news_2020_300K,nep,L5,13173,npi_Deva
panel2,A,nep_news_2020_300K,nep,L5,13174,npi_Deva
panel2,A,nep_news_2020_300K,nep,L5,13182,npi_Deva
panel2,A,nep_news_2020_300K,nep,L5,13184,npi_Deva
panel2,A,nep_news_2020_300K,nep,L5,13195,npi_Deva
panel2,A,nep_news_2020_300K,nep,L5,13202,npi_Deva
panel2,A,nep_news_2020_300K,nep,L5,13225,npi_Deva
panel2,A,nep_news_2020_300K,nep,L5,13233,npi_Deva
panel2,A,nep_news_2020_300K,nep,L5,13235,npi_Deva
panel2,A,nep_news_2020_300K,nep,L5,13247,npi_Deva
panel2,A,nep_news_2020_300K,nep,L5,13252,npi_Deva
panel2,A,nep_news_2020_300K,nep,L5,13261,npi_Deva
panel2,A,nep_news_2020_300K,nep,L5,13264,npi_Deva
panel2,A,nep_news_2020_300K,nep,L5,13267,npi_Deva
panel2,A,nep_news_2020_300K,nep,L5,13281,npi_Deva
panel2,A,nep_news_2020_300K,nep,L5,13291,npi_Deva
panel2,A,nep_news_2020_300K,nep,L5,13292,npi_Deva
panel2,A,nep_news_2020_300K,nep,L5,13302,npi_Deva
panel2,A,nep_news_2020_300K,nep,L5,13303,npi_Deva
panel2,A,nep_news_2020_300K,nep,L5,13312,npi_Deva
panel2,A,nep_news_2020_300K,nep,L5,13327,npi_Deva
panel2,A,nep_news_2020_300K,nep,L5,13349,npi_Deva
panel2,A,nep_news_2020_300K,nep,L5,13353,npi_Deva
panel2,A,nep_news_2020_300K,nep,L5,13363,npi_Deva
panel2,A,nep_news_2020_300K,nep,L5,13387,npi_Deva
panel2,A,nep_news_2020_300K,nep,L5,13388,npi_Deva
panel2,A,nep_news_2020_300K,nep,L5,13395,npi_Deva
panel2,A,nep_news_2020_300K,nep,L5,13402,npi_Deva
panel2,A,nep_news_2020_300K,nep,L5,13412,npi_Deva
panel2,A,nep_news_2020_300K,nep,L5,13419,npi_Deva
panel2,A,nep_news_2020_300K,nep,L5,13421,npi_Deva
panel2,A,nep_news_2020_300K,nep,L5,13426,npi_Deva
panel2,A,nep_news_2020_300K,nep,L5,13431,npi_Deva
panel2,A,nep_news_2020_300K,nep,L5,13434,npi_Deva
panel2,A,nep_news_2020_300K,nep,L5,13439,npi_Deva
panel2,A,nep_news_2020_300K,nep,L5,13445,npi_Deva
panel2,A,nep_news_2020_300K,nep,L5,13446,npi_Deva
panel2,A,nep_news_2020_300K,nep,L5,13448,npi_Deva
panel2,A,nep_news_2020_300K,nep,L5,13449,npi_Deva
panel2,A,nep_news_2020_300K,nep,L5,13451,npi_Deva
panel2,A,nep_news_2020_300K,nep,L5,13480,npi_Deva
panel2,A,nep_news_2020_300K,nep,L5,13483,npi_Deva
panel2,A,nep_news_2020_300K,nep,L5,13485,npi_Deva
panel2,A,nep_news_2020_300K,nep,L5,13487,npi_Deva
panel2,A,nep_news_2020_300K,nep,L5,13492,npi_Deva
panel2,A,nep_news_2020_300K,nep,L5,13503,npi_Deva
panel2,A,nep_news_2020_300K,nep,L5,13505,npi_Deva
panel2,A,nep_news_2020_300K,nep,L5,13512,npi_Deva
panel2,A,nep_news_2020_300K,nep,L5,13530,npi_Deva
panel2,A,nep_news_2020_300K,nep,L5,13533,npi_Deva
panel2,A,nep_news_2020_300K,nep,L5,13538,npi_Deva
panel2,A,nep_news_2020_300K,nep,L5,13539,npi_Deva
panel2,A,nep_news_2020_300K,nep,L5,13553,npi_Deva
panel2,A,nep_news_2020_300K,nep,L5,13555,npi_Deva
panel2,A,nep_news_2020_300K,nep,L5,13562,npi_Deva
panel2,A,nep_news_2020_300K,nep,L5,13567,npi_Deva
panel2,A,nep_news_2020_300K,nep,L5,13580,npi_Deva
panel2,A,nep_news_2020_300K,nep,L5,13582,npi_Deva
panel2,A,nep_news_2020_300K,nep,L5,13585,npi_Deva
panel2,A,nep_news_2020_300K,nep,L5,13588,npi_Deva
panel2,A,nep_news_2020_300K,nep,L5,13603,npi_Deva
panel2,A,nep_news_2020_300K,nep,L5,13622,npi_Deva
panel2,A,nep_news_2020_300K,nep,L5,13628,npi_Deva
panel2,A,nep_news_2020_300K,nep,L5,13648,npi_Deva
panel2,A,nep_news_2020_300K,nep,L5,13656,npi_Deva
panel2,A,nep_news_2020_300K,nep,L5,13688,npi_Deva
panel2,A,nep_news_2020_300K,nep,L5,13693,npi_Deva
panel2,A,nep_news_2020_300K,nep,L5,13695,npi_Deva
panel2,A,nep_news_2020_300K,nep,L5,13703,npi_Deva
panel2,A,nep_news_2020_300K,nep,L5,13724,npi_Deva
panel2,A,nep_news_2020_300K,nep,L5,13728,npi_Deva
panel2,A,nep_news_2020_300K,nep,L5,13737,npi_Deva
panel2,A,nep_news_2020_300K,nep,L5,13739,npi_Deva
panel2,A,nep_news_2020_300K,nep,L5,13755,npi_Deva
panel2,A,nep_news_2020_300K,nep,L5,13757,npi_Deva
panel2,A,nep_news_2020_300K,nep,L5,13768,npi_Deva
panel2,A,nep_news_2020_300K,nep,L5,13788,npi_Deva
panel2,A,nep_news_2020_300K,nep,L5,13789,npi_Deva
panel2,A,nep_news_2020_300K,nep,L5,13791,npi_Deva
panel2,A,nep_news_2020_300K,nep,L5,13798,npi_Deva
panel2,A,nep_news_2020_300K,nep,L5,13802,npi_Deva
panel2,A,nep_news_2020_300K,nep,L5,13803,npi_Deva
panel2,A,nep_news_2020_300K,nep,L5,13821,npi_Deva
panel2,A,nep_news_2020_300K,nep,L5,13825,npi_Deva
panel2,A,nep_news_2020_300K,nep,L5,13832,npi_Deva
panel2,A,nep_news_2020_300K,nep,L5,13836,npi_Deva
panel2,A,nep_news_2020_300K,nep,L5,13854,npi_Deva
panel2,A,nep_news_2020_300K,nep,L5,13857,npi_Deva
panel2,A,nep_news_2020_300K,nep,L5,13860,npi_Deva
panel2,A,nep_news_2020_300K,nep,L5,13862,npi_Deva
panel2,A,nep_news_2020_300K,nep,L5,13873,npi_Deva
panel2,A,nep_news_2020_300K,nep,L5,13899,npi_Deva
panel2,A,nep_news_2020_300K,nep,L5,13905,npi_Deva
panel2,A,nep_news_2020_300K,nep,L5,13919,npi_Deva
panel2,A,nep_news_2020_300K,nep,L5,13925,npi_Deva
panel2,A,nep_news_2020_300K,nep,L5,13931,npi_Deva
panel2,A,nep_news_2020_300K,nep,L5,13938,npi_Deva
panel2,A,nep_news_2020_300K,nep,L5,13949,npi_Deva
panel2,A,nep_news_2020_300K,nep,L5,13961,npi_Deva
panel2,A,nep_news_2020_300K,nep,L5,13967,npi_Deva
panel2,A,nep_news_2020_300K,nep,L5,13994,npi_Deva
panel2,A,nep_news_2020_300K,nep,L5,13999,npi_Deva
panel2,A,nep_news_2020_300K,nep,L5,14002,npi_Deva
panel2,A,nep_news_2020_300K,nep,L5,14026,npi_Deva
panel2,A,nep_news_2020_300K,nep,L5,14028,npi_Deva
panel2,A,nep_news_2020_300K,nep,L5,14029,npi_Deva
panel2,A,nep_news_2020_300K,nep,L5,14030,npi_Deva
panel2,A,nep_news_2020_300K,nep,L5,14047,npi_Deva
panel2,A,nep_news_2020_300K,nep,L5,14055,npi_Deva
panel2,A,nep_news_2020_300K,nep,L5,14059,npi_Deva
panel2,A,nep_news_2020_300K,nep,L5,14063,npi_Deva
panel2,A,nep_news_2020_300K,nep,L5,14084,npi_Deva
panel2,A,nep_news_2020_300K,nep,L5,14088,npi_Deva
panel2,A,nep_news_2020_300K,nep,L5,14090,npi_Deva
panel2,A,nep_news_2020_300K,nep,L5,14091,npi_Deva
panel2,A,nep_news_2020_300K,nep,L5,14095,npi_Deva
panel2,A,nep_news_2020_300K,nep,L5,14101,npi_Deva
panel2,A,nep_news_2020_300K,nep,L5,14102,npi_Deva
panel2,A,nep_news_2020_300K,nep,L5,14109,npi_Deva
panel2,A,nep_news_2020_300K,nep,L5,14118,npi_Deva
panel2,A,nep_news_2020_300K,nep,L5,14120,npi_Deva
panel2,A,nep_news_2020_300K,nep,L5,14128,npi_Deva
panel2,A,nep_news_2020_300K,nep,L5,14134,npi_Deva
panel2,A,nep_news_2020_300K,nep,L5,14136,npi_Deva
panel2,A,nep_news_2020_300K,nep,L5,14159,npi_Deva
panel2,A,nep_news_2020_300K,nep,L5,14173,npi_Deva
panel2,A,nep_news_2020_300K,nep,L5,14192,npi_Deva
panel2,A,nep_news_2020_300K,nep,L5,14209,npi_Deva
panel2,A,nep_news_2020_300K,nep,L5,14212,npi_Deva
panel2,A,nep_news_2020_300K,nep,L5,14213,npi_Deva
panel2,A,nep_news_2020_300K,nep,L5,14224,npi_Deva
panel2,A,nep_news_2020_300K,nep,L5,14225,npi_Deva
panel2,A,nep_news_2020_300K,nep,L5,14238,npi_Deva
panel2,A,nep_news_2020_300K,nep,L5,14242,npi_Deva
panel2,A,nep_news_2020_300K,nep,L5,14247,npi_Deva
panel2,A,nep_news_2020_300K,nep,L5,14251,npi_Deva
panel2,A,nep_news_2020_300K,nep,L5,14258,npi_Deva
panel2,A,nep_news_2020_300K,nep,L5,14261,npi_Deva
panel2,A,nep_news_2020_300K,nep,L5,14268,npi_Deva
panel2,A,nep_news_2020_300K,nep,L5,14269,npi_Deva
panel2,A,nep_news_2020_300K,nep,L5,14271,npi_Deva
panel2,A,nep_news_2020_300K,nep,L5,14273,npi_Deva
panel2,A,nep_news_2020_300K,nep,L5,14286,npi_Deva
panel2,A,nep_news_2020_300K,nep,L5,14287,npi_Deva
panel2,A,nep_news_2020_300K,nep,L5,14292,npi_Deva
panel2,A,nep_news_2020_300K,nep,L5,14322,npi_Deva
panel2,A,nep_news_2020_300K,nep,L5,14330,npi_Deva
panel2,A,nep_news_2020_300K,nep,L5,14346,npi_Deva
panel2,A,nep_news_2020_300K,nep,L5,14364,npi_Deva
panel2,A,nep_news_2020_300K,nep,L5,14374,npi_Deva
panel2,A,nep_news_2020_300K,nep,L5,14384,npi_Deva
panel2,A,nep_news_2020_300K,nep,L5,14391,npi_Deva
panel2,A,nep_news_2020_300K,nep,L5,14396,npi_Deva
panel2,A,nep_news_2020_300K,nep,L5,14399,npi_Deva
panel2,A,nep_news_2020_300K,nep,L5,14408,npi_Deva
panel2,A,nep_news_2020_300K,nep,L5,14413,npi_Deva
panel2,A,nep_news_2020_300K,nep,L5,14421,npi_Deva
panel2,A,nep_news_2020_300K,nep,L5,14427,npi_Deva
panel2,A,nep_news_2020_300K,nep,L5,14460,npi_Deva
panel2,A,nep_news_2020_300K,nep,L5,14466,npi_Deva
panel2,A,nep_news_2020_300K,nep,L5,14475,npi_Deva
panel2,A,nep_news_2020_300K,nep,L5,14480,npi_Deva
panel2,A,nep_news_2020_300K,nep,L5,14482,npi_Deva
panel2,A,nep_news_2020_300K,nep,L5,14488,npi_Deva
panel2,A,nep_news_2020_300K,nep,L5,14492,npi_Deva
panel2,A,nep_news_2020_300K,nep,L5,14497,npi_Deva
panel2,A,nep_news_2020_300K,nep,L5,14499,npi_Deva
panel2,A,nep_news_2020_300K,nep,L5,14501,npi_Deva
panel2,A,nep_news_2020_300K,nep,L5,14515,npi_Deva
panel2,A,nep_news_2020_300K,nep,L5,14517,npi_Deva
panel2,A,nep_news_2020_300K,nep,L5,14537,npi_Deva
panel2,A,nep_news_2020_300K,nep,L5,14541,npi_Deva
panel2,A,nep_news_2020_300K,nep,L5,14600,npi_Deva
panel2,A,nep_news_2020_300K,nep,L5,14609,npi_Deva
panel2,A,nep_news_2020_300K,nep,L5,14613,npi_Deva
panel2,A,nep_news_2020_300K,nep,L5,14634,npi_Deva
panel2,A,nep_news_2020_300K,nep,L5,14641,npi_Deva
panel2,A,nep_news_2020_300K,nep,L5,14642,npi_Deva
panel2,A,nep_news_2020_300K,nep,L5,14643,npi_Deva
panel2,A,nep_news_2020_300K,nep,L5,14651,npi_Deva
panel2,A,nep_news_2020_300K,nep,L5,14655,npi_Deva
panel2,A,nep_news_2020_300K,nep,L5,14665,npi_Deva
panel2,A,nep_news_2020_300K,nep,L5,14667,npi_Deva
panel2,A,nep_news_2020_300K,nep,L5,14668,npi_Deva
panel2,A,nep_news_2020_300K,nep,L5,14675,npi_Deva
panel2,A,nep_news_2020_300K,nep,L5,14676,npi_Deva
panel2,A,nep_news_2020_300K,nep,L5,14679,npi_Deva
panel2,A,nep_news_2020_300K,nep,L5,14684,npi_Deva
panel2,A,nep_news_2020_300K,nep,L5,14697,npi_Deva
panel2,A,nep_news_2020_300K,nep,L5,14698,npi_Deva
panel2,A,nep_news_2020_300K,nep,L5,14706,npi_Deva
panel2,A,nep_news_2020_300K,nep,L5,14713,npi_Deva
panel2,A,nep_news_2020_300K,nep,L5,14714,npi_Deva
panel2,A,nep_news_2020_300K,nep,L5,14721,npi_Deva
panel2,A,nep_news_2020_300K,nep,L5,14727,npi_Deva
panel2,A,nep_news_2020_300K,nep,L5,14751,npi_Deva
panel2,A,nep_news_2020_300K,nep,L5,14772,npi_Deva
panel2,A,nep_news_2020_300K,nep,L5,14782,npi_Deva
panel2,A,nep_news_2020_300K,nep,L5,14787,npi_Deva
panel2,A,nep_news_2020_300K,nep,L5,14789,npi_Deva
panel2,A,nep_news_2020_300K,nep,L5,14790,npi_Deva
panel2,A,nep_news_2020_300K,nep,L5,14791,npi_Deva
panel2,A,nep_news_2020_300K,nep,L5,14795,npi_Deva
panel2,A,nep_news_2020_300K,nep,L5,14808,npi_Deva
panel2,A,nep_news_2020_300K,nep,L5,14816,npi_Deva
panel2,A,nep_news_2020_300K,nep,L5,14821,npi_Deva
panel2,A,nep_news_2020_300K,nep,L5,14843,npi_Deva
panel2,A,nep_news_2020_300K,nep,L5,14845,npi_Deva
panel2,A,nep_news_2020_300K,nep,L5,14859,npi_Deva
panel2,A,nep_news_2020_300K,nep,L5,14887,npi_Deva
panel2,A,nep_news_2020_300K,nep,L5,14890,npi_Deva
panel2,A,nep_news_2020_300K,nep,L5,14891,npi_Deva
panel2,A,nep_news_2020_300K,nep,L5,14892,npi_Deva
panel2,A,nep_news_2020_300K,nep,L5,14898,npi_Deva
panel2,A,nep_news_2020_300K,nep,L5,14910,npi_Deva
panel2,A,nep_news_2020_300K,nep,L5,14915,npi_Deva
panel2,A,nep_news_2020_300K,nep,L5,14920,npi_Deva
panel2,A,nep_news_2020_300K,nep,L5,14926,npi_Deva
panel2,A,nep_news_2020_300K,nep,L5,14927,npi_Deva
panel2,A,nep_news_2020_300K,nep,L5,14936,npi_Deva
panel2,A,nep_news_2020_300K,nep,L5,14941,npi_Deva
panel2,A,nep_news_2020_300K,nep,L5,14943,npi_Deva
panel2,A,nep_news_2020_300K,nep,L5,14950,npi_Deva
panel2,A,nep_news_2020_300K,nep,L5,14956,npi_Deva
panel2,A,nep_news_2020_300K,nep,L5,14980,npi_Deva
panel2,A,nep_news_2020_300K,nep,L5,14983,npi_Deva
panel2,A,nep_news_2020_300K,nep,L5,14984,npi_Deva
panel2,A,nep_news_2020_300K,nep,L5,14985,npi_Deva
panel2,A,nep_news_2020_300K,nep,L5,14988,npi_Deva
panel2,A,nep_news_2020_300K,nep,L5,14997,npi_Deva
panel2,A,nep_news_2020_300K,nep,L5,14999,npi_Deva
panel2,A,nep_news_2020_300K,nep,L5,15000,npi_Deva
panel2,A,nep_news_2020_300K,nep,L5,15007,npi_Deva
panel2,A,nep_news_2020_300K,nep,L5,15009,npi_Deva
panel2,A,nep_news_2020_300K,nep,L5,15015,npi_Deva
panel2,A,nep_news_2020_300K,nep,L5,15024,npi_Deva
panel2,A,nep_news_2020_300K,nep,L5,15046,npi_Deva
panel2,A,nep_news_2020_300K,nep,L5,15063,npi_Deva
panel2,A,nep_news_2020_300K,nep,L5,15065,npi_Deva
panel2,A,nep_news_2020_300K,nep,L5,15067,npi_Deva
panel2,A,nep_news_2020_300K,nep,L5,15084,npi_Deva
panel2,A,nep_news_2020_300K,nep,L5,15085,npi_Deva
panel2,A,nep_news_2020_300K,nep,L5,15088,npi_Deva
panel2,A,nep_news_2020_300K,nep,L5,15092,npi_Deva
panel2,A,nep_news_2020_300K,nep,L5,15097,npi_Deva
panel2,A,nep_news_2020_300K,nep,L5,15125,npi_Deva
panel2,A,nep_news_2020_300K,nep,L5,15141,npi_Deva
panel2,A,nep_news_2020_300K,nep,L5,15142,npi_Deva
panel2,A,nep_news_2020_300K,nep,L5,15158,npi_Deva
panel2,A,nep_news_2020_300K,nep,L5,15162,npi_Deva
panel2,A,nep_news_2020_300K,nep,L5,15168,npi_Deva
panel2,A,nep_news_2020_300K,nep,L5,15170,npi_Deva
panel2,A,nep_news_2020_300K,nep,L5,15173,npi_Deva
panel2,A,nep_news_2020_300K,nep,L5,15175,npi_Deva
panel2,A,nep_news_2020_300K,nep,L5,15200,npi_Deva
panel2,A,nep_news_2020_300K,nep,L5,15203,npi_Deva
panel2,A,nep_news_2020_300K,nep,L5,15229,npi_Deva
panel2,A,nep_news_2020_300K,nep,L5,15232,npi_Deva
panel2,A,nep_news_2020_300K,nep,L5,15242,npi_Deva
panel2,A,nep_news_2020_300K,nep,L5,15287,npi_Deva
panel2,A,nep_news_2020_300K,nep,L5,15290,npi_Deva
panel2,A,nep_news_2020_300K,nep,L5,15295,npi_Deva
panel2,A,nep_news_2020_300K,nep,L5,15325,npi_Deva
panel2,A,nep_news_2020_300K,nep,L5,15331,npi_Deva
panel2,A,nep_news_2020_300K,nep,L5,15343,npi_Deva
panel2,A,nep_news_2020_300K,nep,L5,15346,npi_Deva
panel2,A,nep_news_2020_300K,nep,L5,15355,npi_Deva
panel2,A,nep_news_2020_300K,nep,L5,15356,npi_Deva
panel2,A,nep_news_2020_300K,nep,L5,15359,npi_Deva
panel2,A,nep_news_2020_300K,nep,L5,15390,npi_Deva
panel2,A,nep_news_2020_300K,nep,L5,15411,npi_Deva
panel2,A,nep_news_2020_300K,nep,L5,15417,npi_Deva
panel2,A,nep_news_2020_300K,nep,L5,15419,npi_Deva
panel2,A,nep_news_2020_300K,nep,L5,15421,npi_Deva
panel2,A,nep_news_2020_300K,nep,L5,15426,npi_Deva
panel2,A,nep_news_2020_300K,nep,L5,15427,npi_Deva
panel2,A,nep_news_2020_300K,nep,L5,15434,npi_Deva
panel2,A,nep_news_2020_300K,nep,L5,15444,npi_Deva
panel2,A,nep_news_2020_300K,nep,L5,15454,npi_Deva
panel2,A,nep_news_2020_300K,nep,L5,15487,npi_Deva
panel2,A,nep_news_2020_300K,nep,L5,15489,npi_Deva
panel2,A,nep_news_2020_300K,nep,L5,15502,npi_Deva
panel2,A,nep_news_2020_300K,nep,L5,15505,npi_Deva
panel2,A,nep_news_2020_300K,nep,L20,1,npi_Deva
panel2,A,nep_news_2020_300K,nep,L20,3,npi_Deva
panel2,A,nep_news_2020_300K,nep,L20,5,npi_Deva
panel2,A,nep_news_2020_300K,nep,L20,8,npi_Deva
panel2,A,nep_news_2020_300K,nep,L20,9,npi_Deva
panel2,A,nep_news_2020_300K,nep,L20,10,npi_Deva
panel2,A,nep_news_2020_300K,nep,L20,11,npi_Deva
panel2,A,nep_news_2020_300K,nep,L20,12,npi_Deva
panel2,A,nep_news_2020_300K,nep,L20,14,npi_Deva
panel2,A,nep_news_2020_300K,nep,L20,15,npi_Deva
panel2,A,nep_news_2020_300K,nep,L20,18,npi_Deva
panel2,A,nep_news_2020_300K,nep,L20,20,npi_Deva
panel2,A,nep_news_2020_300K,nep,L20,23,npi_Deva
panel2,A,nep_news_2020_300K,nep,L20,27,npi_Deva
panel2,A,nep_news_2020_300K,nep,L20,31,npi_Deva
panel2,A,nep_news_2020_300K,nep,L20,35,npi_Deva
panel2,A,nep_news_2020_300K,nep,L20,36,npi_Deva
panel2,A,nep_news_2020_300K,nep,L20,38,npi_Deva
panel2,A,nep_news_2020_300K,nep,L20,39,npi_Deva
panel2,A,nep_news_2020_300K,nep,L20,40,npi_Deva
panel2,A,nep_news_2020_300K,nep,L20,43,npi_Deva
panel2,A,nep_news_2020_300K,nep,L20,44,npi_Deva
panel2,A,nep_news_2020_300K,nep,L20,46,npi_Deva
panel2,A,nep_news_2020_300K,nep,L20,47,npi_Deva
panel2,A,nep_news_2020_300K,nep,L20,49,npi_Deva
panel2,A,nep_news_2020_300K,nep,L20,50,npi_Deva
panel2,A,nep_news_2020_300K,nep,L20,51,npi_Deva
panel2,A,nep_news_2020_300K,nep,L20,52,npi_Deva
panel2,A,nep_news_2020_300K,nep,L20,53,npi_Deva
panel2,A,nep_news_2020_300K,nep,L20,55,npi_Deva
panel2,A,nep_news_2020_300K,nep,L20,56,npi_Deva
panel2,A,nep_news_2020_300K,nep,L20,58,npi_Deva
panel2,A,nep_news_2020_300K,nep,L20,61,npi_Deva
panel2,A,nep_news_2020_300K,nep,L20,62,npi_Deva
panel2,A,nep_news_2020_300K,nep,L20,63,npi_Deva
panel2,A,nep_news_2020_300K,nep,L20,64,npi_Deva
panel2,A,nep_news_2020_300K,nep,L20,65,npi_Deva
panel2,A,nep_news_2020_300K,nep,L20,68,npi_Deva
panel2,A,nep_news_2020_300K,nep,L20,69,npi_Deva
panel2,A,nep_news_2020_300K,nep,L20,71,npi_Deva
panel2,A,nep_news_2020_300K,nep,L20,72,npi_Deva
panel2,A,nep_news_2020_300K,nep,L20,73,npi_Deva
panel2,A,nep_news_2020_300K,nep,L20,74,npi_Deva
panel2,A,nep_news_2020_300K,nep,L20,76,npi_Deva
panel2,A,nep_news_2020_300K,nep,L20,77,npi_Deva
panel2,A,nep_news_2020_300K,nep,L20,81,npi_Deva
panel2,A,nep_news_2020_300K,nep,L20,82,npi_Deva
panel2,A,nep_news_2020_300K,nep,L20,83,npi_Deva
panel2,A,nep_news_2020_300K,nep,L20,87,npi_Deva
panel2,A,nep_news_2020_300K,nep,L20,89,npi_Deva
panel2,A,nep_news_2020_300K,nep,L20,90,npi_Deva
panel2,A,nep_news_2020_300K,nep,L20,91,npi_Deva
panel2,A,nep_news_2020_300K,nep,L20,92,npi_Deva
panel2,A,nep_news_2020_300K,nep,L20,95,npi_Deva
panel2,A,nep_news_2020_300K,nep,L20,97,npi_Deva
panel2,A,nep_news_2020_300K,nep,L20,100,npi_Deva
panel2,A,nep_news_2020_300K,nep,L20,103,npi_Deva
panel2,A,nep_news_2020_300K,nep,L20,105,npi_Deva
panel2,A,nep_news_2020_300K,nep,L20,106,npi_Deva
panel2,A,nep_news_2020_300K,nep,L20,107,npi_Deva
panel2,A,nep_news_2020_300K,nep,L20,112,npi_Deva
panel2,A,nep_news_2020_300K,nep,L20,117,npi_Deva
panel2,A,nep_news_2020_300K,nep,L20,118,npi_Deva
panel2,A,nep_news_2020_300K,nep,L20,119,npi_Deva
panel2,A,nep_news_2020_300K,nep,L20,120,npi_Deva
panel2,A,nep_news_2020_300K,nep,L20,121,npi_Deva
panel2,A,nep_news_2020_300K,nep,L20,126,npi_Deva
panel2,A,nep_news_2020_300K,nep,L20,127,npi_Deva
panel2,A,nep_news_2020_300K,nep,L20,129,npi_Deva
panel2,A,nep_news_2020_300K,nep,L20,130,npi_Deva
panel2,A,nep_news_2020_300K,nep,L20,132,npi_Deva
panel2,A,nep_news_2020_300K,nep,L20,133,npi_Deva
panel2,A,nep_news_2020_300K,nep,L20,135,npi_Deva
panel2,A,nep_news_2020_300K,nep,L20,136,npi_Deva
panel2,A,nep_news_2020_300K,nep,L20,138,npi_Deva
panel2,A,nep_news_2020_300K,nep,L20,142,npi_Deva
panel2,A,nep_news_2020_300K,nep,L20,144,npi_Deva
panel2,A,nep_news_2020_300K,nep,L20,147,npi_Deva
panel2,A,nep_news_2020_300K,nep,L20,149,npi_Deva
panel2,A,nep_news_2020_300K,nep,L20,150,npi_Deva
panel2,A,nep_news_2020_300K,nep,L20,152,npi_Deva
panel2,A,nep_news_2020_300K,nep,L20,153,npi_Deva
panel2,A,nep_news_2020_300K,nep,L20,154,npi_Deva
panel2,A,nep_news_2020_300K,nep,L20,155,npi_Deva
panel2,A,nep_news_2020_300K,nep,L20,156,npi_Deva
panel2,A,nep_news_2020_300K,nep,L20,159,npi_Deva
panel2,A,nep_news_2020_300K,nep,L20,162,npi_Deva
panel2,A,nep_news_2020_300K,nep,L20,163,npi_Deva
panel2,A,nep_news_2020_300K,nep,L20,164,npi_Deva
panel2,A,nep_news_2020_300K,nep,L20,165,npi_Deva
panel2,A,nep_news_2020_300K,nep,L20,166,npi_Deva
panel2,A,nep_news_2020_300K,nep,L20,169,npi_Deva
panel2,A,nep_news_2020_300K,nep,L20,170,npi_Deva
panel2,A,nep_news_2020_300K,nep,L20,172,npi_Deva
panel2,A,nep_news_2020_300K,nep,L20,173,npi_Deva
panel2,A,nep_news_2020_300K,nep,L20,176,npi_Deva
panel2,A,nep_news_2020_300K,nep,L20,177,npi_Deva
panel2,A,nep_news_2020_300K,nep,L20,179,npi_Deva
panel2,A,nep_news_2020_300K,nep,L20,180,npi_Deva
panel2,A,nep_news_2020_300K,nep,L20,181,npi_Deva
panel2,A,nep_news_2020_300K,nep,L20,182,npi_Deva
panel2,A,nep_news_2020_300K,nep,L20,185,npi_Deva
panel2,A,nep_news_2020_300K,nep,L20,187,npi_Deva
panel2,A,nep_news_2020_300K,nep,L20,188,npi_Deva
panel2,A,nep_news_2020_300K,nep,L20,193,npi_Deva
panel2,A,nep_news_2020_300K,nep,L20,194,npi_Deva
panel2,A,nep_news_2020_300K,nep,L20,195,npi_Deva
panel2,A,nep_news_2020_300K,nep,L20,196,npi_Deva
panel2,A,nep_news_2020_300K,nep,L20,198,npi_Deva
panel2,A,nep_news_2020_300K,nep,L20,199,npi_Deva
panel2,A,nep_news_2020_300K,nep,L20,200,npi_Deva
panel2,A,nep_news_2020_300K,nep,L20,202,npi_Deva
panel2,A,nep_news_2020_300K,nep,L20,205,npi_Deva
panel2,A,nep_news_2020_300K,nep,L20,206,npi_Deva
panel2,A,nep_news_2020_300K,nep,L20,207,npi_Deva
panel2,A,nep_news_2020_300K,nep,L20,208,npi_Deva
panel2,A,nep_news_2020_300K,nep,L20,209,npi_Deva
panel2,A,nep_news_2020_300K,nep,L20,210,npi_Deva
panel2,A,nep_news_2020_300K,nep,L20,211,npi_Deva
panel2,A,nep_news_2020_300K,nep,L20,213,npi_Deva
panel2,A,nep_news_2020_300K,nep,L20,216,npi_Deva
panel2,A,nep_news_2020_300K,nep,L20,218,npi_Deva
panel2,A,nep_news_2020_300K,nep,L20,220,npi_Deva
panel2,A,nep_news_2020_300K,nep,L20,222,npi_Deva
panel2,A,nep_news_2020_300K,nep,L20,223,npi_Deva
panel2,A,nep_news_2020_300K,nep,L20,224,npi_Deva
panel2,A,nep_news_2020_300K,nep,L20,226,npi_Deva
panel2,A,nep_news_2020_300K,nep,L20,228,npi_Deva
panel2,A,nep_news_2020_300K,nep,L20,231,npi_Deva
panel2,A,nep_news_2020_300K,nep,L20,232,npi_Deva
panel2,A,nep_news_2020_300K,nep,L20,235,npi_Deva
panel2,A,nep_news_2020_300K,nep,L20,236,npi_Deva
panel2,A,nep_news_2020_300K,nep,L20,238,npi_Deva
panel2,A,nep_news_2020_300K,nep,L20,241,npi_Deva
panel2,A,nep_news_2020_300K,nep,L20,242,npi_Deva
panel2,A,nep_news_2020_300K,nep,L20,245,npi_Deva
panel2,A,nep_news_2020_300K,nep,L20,246,npi_Deva
panel2,A,nep_news_2020_300K,nep,L20,247,npi_Deva
panel2,A,nep_news_2020_300K,nep,L20,249,npi_Deva
panel2,A,nep_news_2020_300K,nep,L20,255,npi_Deva
panel2,A,nep_news_2020_300K,nep,L20,257,npi_Deva
panel2,A,nep_news_2020_300K,nep,L20,258,npi_Deva
panel2,A,nep_news_2020_300K,nep,L20,261,npi_Deva
panel2,A,nep_news_2020_300K,nep,L20,264,npi_Deva
panel2,A,nep_news_2020_300K,nep,L20,265,npi_Deva
panel2,A,nep_news_2020_300K,nep,L20,266,npi_Deva
panel2,A,nep_news_2020_300K,nep,L20,267,npi_Deva
panel2,A,nep_news_2020_300K,nep,L20,268,npi_Deva
panel2,A,nep_news_2020_300K,nep,L20,269,npi_Deva
panel2,A,nep_news_2020_300K,nep,L20,270,npi_Deva
panel2,A,nep_news_2020_300K,nep,L20,272,npi_Deva
panel2,A,nep_news_2020_300K,nep,L20,273,npi_Deva
panel2,A,nep_news_2020_300K,nep,L20,274,npi_Deva
panel2,A,nep_news_2020_300K,nep,L20,276,npi_Deva
panel2,A,nep_news_2020_300K,nep,L20,278,npi_Deva
panel2,A,nep_news_2020_300K,nep,L20,280,npi_Deva
panel2,A,nep_news_2020_300K,nep,L20,283,npi_Deva
panel2,A,nep_news_2020_300K,nep,L20,285,npi_Deva
panel2,A,nep_news_2020_300K,nep,L20,288,npi_Deva
panel2,A,nep_news_2020_300K,nep,L20,289,npi_Deva
panel2,A,nep_news_2020_300K,nep,L20,290,npi_Deva
panel2,A,nep_news_2020_300K,nep,L20,291,npi_Deva
panel2,A,nep_news_2020_300K,nep,L20,292,npi_Deva
panel2,A,nep_news_2020_300K,nep,L20,293,npi_Deva
panel2,A,nep_news_2020_300K,nep,L20,297,npi_Deva
panel2,A,nep_news_2020_300K,nep,L20,299,npi_Deva
panel2,A,nep_news_2020_300K,nep,L20,301,npi_Deva
panel2,A,nep_news_2020_300K,nep,L20,303,npi_Deva
panel2,A,nep_news_2020_300K,nep,L20,308,npi_Deva
panel2,A,nep_news_2020_300K,nep,L20,309,npi_Deva
panel2,A,nep_news_2020_300K,nep,L20,310,npi_Deva
panel2,A,nep_news_2020_300K,nep,L20,311,npi_Deva
panel2,A,nep_news_2020_300K,nep,L20,313,npi_Deva
panel2,A,nep_news_2020_300K,nep,L20,314,npi_Deva
panel2,A,nep_news_2020_300K,nep,L20,316,npi_Deva
panel2,A,nep_news_2020_300K,nep,L20,320,npi_Deva
panel2,A,nep_news_2020_300K,nep,L20,321,npi_Deva
panel2,A,nep_news_2020_300K,nep,L20,322,npi_Deva
panel2,A,nep_news_2020_300K,nep,L20,323,npi_Deva
panel2,A,nep_news_2020_300K,nep,L20,324,npi_Deva
panel2,A,nep_news_2020_300K,nep,L20,326,npi_Deva
panel2,A,nep_news_2020_300K,nep,L20,327,npi_Deva
panel2,A,nep_news_2020_300K,nep,L20,330,npi_Deva
panel2,A,nep_news_2020_300K,nep,L20,332,npi_Deva
panel2,A,nep_news_2020_300K,nep,L20,333,npi_Deva
panel2,A,nep_news_2020_300K,nep,L20,334,npi_Deva
panel2,A,nep_news_2020_300K,nep,L20,335,npi_Deva
panel2,A,nep_news_2020_300K,nep,L20,338,npi_Deva
panel2,A,nep_news_2020_300K,nep,L20,339,npi_Deva
panel2,A,nep_news_2020_300K,nep,L20,341,npi_Deva
panel2,A,nep_news_2020_300K,nep,L20,342,npi_Deva
panel2,A,nep_news_2020_300K,nep,L20,344,npi_Deva
panel2,A,nep_news_2020_300K,nep,L20,345,npi_Deva
panel2,A,nep_news_2020_300K,nep,L20,346,npi_Deva
panel2,A,nep_news_2020_300K,nep,L20,350,npi_Deva
panel2,A,nep_news_2020_300K,nep,L20,352,npi_Deva
panel2,A,nep_news_2020_300K,nep,L20,356,npi_Deva
panel2,A,nep_news_2020_300K,nep,L20,357,npi_Deva
panel2,A,nep_news_2020_300K,nep,L20,358,npi_Deva
panel2,A,nep_news_2020_300K,nep,L20,359,npi_Deva
panel2,A,nep_news_2020_300K,nep,L20,362,npi_Deva
panel2,A,nep_news_2020_300K,nep,L20,363,npi_Deva
panel2,A,nep_news_2020_300K,nep,L20,364,npi_Deva
panel2,A,nep_news_2020_300K,nep,L20,365,npi_Deva
panel2,A,nep_news_2020_300K,nep,L20,367,npi_Deva
panel2,A,nep_news_2020_300K,nep,L20,368,npi_Deva
panel2,A,nep_news_2020_300K,nep,L20,370,npi_Deva
panel2,A,nep_news_2020_300K,nep,L20,372,npi_Deva
panel2,A,nep_news_2020_300K,nep,L20,373,npi_Deva
panel2,A,nep_news_2020_300K,nep,L20,374,npi_Deva
panel2,A,nep_news_2020_300K,nep,L20,375,npi_Deva
panel2,A,nep_news_2020_300K,nep,L20,376,npi_Deva
panel2,A,nep_news_2020_300K,nep,L20,377,npi_Deva
panel2,A,nep_news_2020_300K,nep,L20,380,npi_Deva
panel2,A,nep_news_2020_300K,nep,L20,382,npi_Deva
panel2,A,nep_news_2020_300K,nep,L20,385,npi_Deva
panel2,A,nep_news_2020_300K,nep,L20,386,npi_Deva
panel2,A,nep_news_2020_300K,nep,L20,390,npi_Deva
panel2,A,nep_news_2020_300K,nep,L20,391,npi_Deva
panel2,A,nep_news_2020_300K,nep,L20,395,npi_Deva
panel2,A,nep_news_2020_300K,nep,L20,396,npi_Deva
panel2,A,nep_news_2020_300K,nep,L20,400,npi_Deva
panel2,A,nep_news_2020_300K,nep,L20,401,npi_Deva
panel2,A,nep_news_2020_300K,nep,L20,405,npi_Deva
panel2,A,nep_news_2020_300K,nep,L20,406,npi_Deva
panel2,A,nep_news_2020_300K,nep,L20,407,npi_Deva
panel2,A,nep_news_2020_300K,nep,L20,408,npi_Deva
panel2,A,nep_news_2020_300K,nep,L20,410,npi_Deva
panel2,A,nep_news_2020_300K,nep,L20,413,npi_Deva
panel2,A,nep_news_2020_300K,nep,L20,418,npi_Deva
panel2,A,nep_news_2020_300K,nep,L20,420,npi_Deva
panel2,A,nep_news_2020_300K,nep,L20,421,npi_Deva
panel2,A,nep_news_2020_300K,nep,L20,422,npi_Deva
panel2,A,nep_news_2020_300K,nep,L20,424,npi_Deva
panel2,A,nep_news_2020_300K,nep,L20,425,npi_Deva
panel2,A,nep_news_2020_300K,nep,L20,426,npi_Deva
panel2,A,nep_news_2020_300K,nep,L20,427,npi_Deva
panel2,A,nep_news_2020_300K,nep,L20,428,npi_Deva
panel2,A,nep_news_2020_300K,nep,L20,431,npi_Deva
panel2,A,nep_news_2020_300K,nep,L20,432,npi_Deva
panel2,A,nep_news_2020_300K,nep,L20,436,npi_Deva
panel2,A,nep_news_2020_300K,nep,L20,437,npi_Deva
panel2,A,nep_news_2020_300K,nep,L20,439,npi_Deva
panel2,A,nep_news_2020_300K,nep,L20,441,npi_Deva
panel2,A,nep_news_2020_300K,nep,L20,442,npi_Deva
panel2,A,nep_news_2020_300K,nep,L20,443,npi_Deva
panel2,A,nep_news_2020_300K,nep,L20,451,npi_Deva
panel2,A,nep_news_2020_300K,nep,L20,454,npi_Deva
panel2,A,nep_news_2020_300K,nep,L20,456,npi_Deva
panel2,A,nep_news_2020_300K,nep,L20,457,npi_Deva
panel2,A,nep_news_2020_300K,nep,L20,458,npi_Deva
panel2,A,nep_news_2020_300K,nep,L20,460,npi_Deva
panel2,A,nep_news_2020_300K,nep,L20,462,npi_Deva
panel2,A,nep_news_2020_300K,nep,L20,464,npi_Deva
panel2,A,nep_news_2020_300K,nep,L20,465,npi_Deva
panel2,A,nep_news_2020_300K,nep,L20,469,npi_Deva
panel2,A,nep_news_2020_300K,nep,L20,470,npi_Deva
panel2,A,nep_news_2020_300K,nep,L20,472,npi_Deva
panel2,A,nep_news_2020_300K,nep,L20,474,npi_Deva
panel2,A,nep_news_2020_300K,nep,L20,476,npi_Deva
panel2,A,nep_news_2020_300K,nep,L20,477,npi_Deva
panel2,A,nep_news_2020_300K,nep,L20,479,npi_Deva
panel2,A,nep_news_2020_300K,nep,L20,480,npi_Deva
panel2,A,nep_news_2020_300K,nep,L20,481,npi_Deva
panel2,A,nep_news_2020_300K,nep,L20,482,npi_Deva
panel2,A,nep_news_2020_300K,nep,L20,485,npi_Deva
panel2,A,nep_news_2020_300K,nep,L20,486,npi_Deva
panel2,A,nep_news_2020_300K,nep,L20,487,npi_Deva
panel2,A,nep_news_2020_300K,nep,L20,489,npi_Deva
panel2,A,nep_news_2020_300K,nep,L20,490,npi_Deva
panel2,A,nep_news_2020_300K,nep,L20,491,npi_Deva
panel2,A,nep_news_2020_300K,nep,L20,494,npi_Deva
panel2,A,nep_news_2020_300K,nep,L20,495,npi_Deva
panel2,A,nep_news_2020_300K,nep,L20,496,npi_Deva
panel2,A,nep_news_2020_300K,nep,L20,497,npi_Deva
panel2,A,nep_news_2020_300K,nep,L20,502,npi_Deva
panel2,A,nep_news_2020_300K,nep,L20,503,npi_Deva
panel2,A,nep_news_2020_300K,nep,L20,504,npi_Deva
panel2,A,nep_news_2020_300K,nep,L20,506,npi_Deva
panel2,A,nep_news_2020_300K,nep,L20,507,npi_Deva
panel2,A,nep_news_2020_300K,nep,L20,508,npi_Deva
panel2,A,nep_news_2020_300K,nep,L20,509,npi_Deva
panel2,A,nep_news_2020_300K,nep,L20,514,npi_Deva
panel2,A,nep_news_2020_300K,nep,L20,518,npi_Deva
panel2,A,nep_news_2020_300K,nep,L20,520,npi_Deva
panel2,A,nep_news_2020_300K,nep,L20,521,npi_Deva
panel2,A,nep_news_2020_300K,nep,L20,525,npi_Deva
panel2,A,nep_news_2020_300K,nep,L20,527,npi_Deva
panel2,A,nep_news_2020_300K,nep,L20,529,npi_Deva
panel2,A,nep_news_2020_300K,nep,L20,531,npi_Deva
panel2,A,nep_news_2020_300K,nep,L20,534,npi_Deva
panel2,A,nep_news_2020_300K,nep,L20,535,npi_Deva
panel2,A,nep_news_2020_300K,nep,L20,536,npi_Deva
panel2,A,nep_news_2020_300K,nep,L20,537,npi_Deva
panel2,A,nep_news_2020_300K,nep,L20,538,npi_Deva
panel2,A,nep_news_2020_300K,nep,L20,539,npi_Deva
panel2,A,nep_news_2020_300K,nep,L20,542,npi_Deva
panel2,A,nep_news_2020_300K,nep,L20,543,npi_Deva
panel2,A,nep_news_2020_300K,nep,L20,545,npi_Deva
panel2,A,nep_news_2020_300K,nep,L20,546,npi_Deva
panel2,A,nep_news_2020_300K,nep,L20,547,npi_Deva
panel2,A,nep_news_2020_300K,nep,L20,548,npi_Deva
panel2,A,nep_news_2020_300K,nep,L20,549,npi_Deva
panel2,A,nep_news_2020_300K,nep,L20,551,npi_Deva
panel2,A,nep_news_2020_300K,nep,L20,552,npi_Deva
panel2,A,nep_news_2020_300K,nep,L20,554,npi_Deva
panel2,A,nep_news_2020_300K,nep,L20,555,npi_Deva
panel2,A,nep_news_2020_300K,nep,L20,556,npi_Deva
panel2,A,nep_news_2020_300K,nep,L20,557,npi_Deva
panel2,A,nep_news_2020_300K,nep,L20,558,npi_Deva
panel2,A,nep_news_2020_300K,nep,L20,559,npi_Deva
panel2,A,nep_news_2020_300K,nep,L20,560,npi_Deva
panel2,A,nep_news_2020_300K,nep,L20,562,npi_Deva
panel2,A,nep_news_2020_300K,nep,L20,564,npi_Deva
panel2,A,nep_news_2020_300K,nep,L20,566,npi_Deva
panel2,A,nep_news_2020_300K,nep,L20,569,npi_Deva
panel2,A,nep_news_2020_300K,nep,L20,572,npi_Deva
panel2,A,nep_news_2020_300K,nep,L20,575,npi_Deva
panel2,A,nep_news_2020_300K,nep,L20,576,npi_Deva
panel2,A,nep_news_2020_300K,nep,L20,577,npi_Deva
panel2,A,nep_news_2020_300K,nep,L20,579,npi_Deva
panel2,A,nep_news_2020_300K,nep,L20,580,npi_Deva
panel2,A,nep_news_2020_300K,nep,L20,581,npi_Deva
panel2,A,nep_news_2020_300K,nep,L20,584,npi_Deva
panel2,A,nep_news_2020_300K,nep,L20,585,npi_Deva
panel2,A,nep_news_2020_300K,nep,L20,586,npi_Deva
panel2,A,nep_news_2020_300K,nep,L20,587,npi_Deva
panel2,A,nep_news_2020_300K,nep,L20,588,npi_Deva
panel2,A,nep_news_2020_300K,nep,L20,591,npi_Deva
panel2,A,nep_news_2020_300K,nep,L20,594,npi_Deva
panel2,A,nep_news_2020_300K,nep,L20,595,npi_Deva
panel2,A,nep_news_2020_300K,nep,L20,596,npi_Deva
panel2,A,nep_news_2020_300K,nep,L20,598,npi_Deva
panel2,A,nep_news_2020_300K,nep,L20,602,npi_Deva
panel2,A,nep_news_2020_300K,nep,L20,603,npi_Deva
panel2,A,nep_news_2020_300K,nep,L20,604,npi_Deva
panel2,A,nep_news_2020_300K,nep,L20,605,npi_Deva
panel2,A,nep_news_2020_300K,nep,L20,608,npi_Deva
panel2,A,nep_news_2020_300K,nep,L20,609,npi_Deva
panel2,A,nep_news_2020_300K,nep,L20,610,npi_Deva
panel2,A,nep_news_2020_300K,nep,L20,611,npi_Deva
panel2,A,nep_news_2020_300K,nep,L20,612,npi_Deva
panel2,A,nep_news_2020_300K,nep,L20,616,npi_Deva
panel2,A,nep_news_2020_300K,nep,L20,620,npi_Deva
panel2,A,nep_news_2020_300K,nep,L20,625,npi_Deva
panel2,A,nep_news_2020_300K,nep,L20,626,npi_Deva
panel2,A,nep_news_2020_300K,nep,L20,628,npi_Deva
panel2,A,nep_news_2020_300K,nep,L20,630,npi_Deva
panel2,A,nep_news_2020_300K,nep,L20,632,npi_Deva
panel2,A,nep_news_2020_300K,nep,L20,633,npi_Deva
panel2,A,nep_news_2020_300K,nep,L20,634,npi_Deva
panel2,A,nep_news_2020_300K,nep,L20,635,npi_Deva
panel2,A,nep_news_2020_300K,nep,L20,638,npi_Deva
panel2,A,nep_news_2020_300K,nep,L20,640,npi_Deva
panel2,A,nep_news_2020_300K,nep,L20,641,npi_Deva
panel2,A,nep_news_2020_300K,nep,L20,642,npi_Deva
panel2,A,nep_news_2020_300K,nep,L20,644,npi_Deva
panel2,A,nep_news_2020_300K,nep,L20,645,npi_Deva
panel2,A,nep_news_2020_300K,nep,L20,649,npi_Deva
panel2,A,nep_news_2020_300K,nep,L20,650,npi_Deva
panel2,A,nep_news_2020_300K,nep,L20,652,npi_Deva
panel2,A,nep_news_2020_300K,nep,L20,653,npi_Deva
panel2,A,nep_news_2020_300K,nep,L20,654,npi_Deva
panel2,A,nep_news_2020_300K,nep,L20,655,npi_Deva
panel2,A,nep_news_2020_300K,nep,L20,657,npi_Deva
panel2,A,nep_news_2020_300K,nep,L20,658,npi_Deva
panel2,A,nep_news_2020_300K,nep,L20,659,npi_Deva
panel2,A,nep_news_2020_300K,nep,L20,660,npi_Deva
panel2,A,nep_news_2020_300K,nep,L20,663,npi_Deva
panel2,A,nep_news_2020_300K,nep,L20,664,npi_Deva
panel2,A,nep_news_2020_300K,nep,L20,666,npi_Deva
panel2,A,nep_news_2020_300K,nep,L20,667,npi_Deva
panel2,A,nep_news_2020_300K,nep,L20,668,npi_Deva
panel2,A,nep_news_2020_300K,nep,L20,669,npi_Deva
panel2,A,nep_news_2020_300K,nep,L20,670,npi_Deva
panel2,A,nep_news_2020_300K,nep,L20,671,npi_Deva
panel2,A,nep_news_2020_300K,nep,L20,675,npi_Deva
panel2,A,nep_news_2020_300K,nep,L20,677,npi_Deva
panel2,A,nep_news_2020_300K,nep,L20,678,npi_Deva
panel2,A,nep_news_2020_300K,nep,L20,680,npi_Deva
panel2,A,nep_news_2020_300K,nep,L20,682,npi_Deva
panel2,A,nep_news_2020_300K,nep,L20,683,npi_Deva
panel2,A,nep_news_2020_300K,nep,L20,684,npi_Deva
panel2,A,nep_news_2020_300K,nep,L20,685,npi_Deva
panel2,A,nep_news_2020_300K,nep,L20,686,npi_Deva
panel2,A,nep_news_2020_300K,nep,L20,688,npi_Deva
panel2,A,nep_news_2020_300K,nep,L20,690,npi_Deva
panel2,A,nep_news_2020_300K,nep,L20,691,npi_Deva
panel2,A,nep_news_2020_300K,nep,L20,692,npi_Deva
panel2,A,nep_news_2020_300K,nep,L20,694,npi_Deva
panel2,A,nep_news_2020_300K,nep,L20,697,npi_Deva
panel2,A,nep_news_2020_300K,nep,L20,698,npi_Deva
panel2,A,nep_news_2020_300K,nep,L20,699,npi_Deva
panel2,A,nep_news_2020_300K,nep,L20,702,npi_Deva
panel2,A,nep_news_2020_300K,nep,L20,705,npi_Deva
panel2,A,nep_news_2020_300K,nep,L20,706,npi_Deva
panel2,A,nep_news_2020_300K,nep,L20,707,npi_Deva
panel2,A,nep_news_2020_300K,nep,L20,708,npi_Deva
panel2,A,nep_news_2020_300K,nep,L20,709,npi_Deva
panel2,A,nep_news_2020_300K,nep,L20,710,npi_Deva
panel2,A,nep_news_2020_300K,nep,L20,712,npi_Deva
panel2,A,nep_news_2020_300K,nep,L20,717,npi_Deva
panel2,A,nep_news_2020_300K,nep,L20,720,npi_Deva
panel2,A,nep_news_2020_300K,nep,L20,722,npi_Deva
panel2,A,nep_news_2020_300K,nep,L20,724,npi_Deva
panel2,A,nep_news_2020_300K,nep,L20,725,npi_Deva
panel2,A,nep_news_2020_300K,nep,L20,727,npi_Deva
panel2,A,nep_news_2020_300K,nep,L20,729,npi_Deva
panel2,A,nep_news_2020_300K,nep,L20,735,npi_Deva
panel2,A,nep_news_2020_300K,nep,L20,736,npi_Deva
panel2,A,nep_news_2020_300K,nep,L20,737,npi_Deva
panel2,A,nep_news_2020_300K,nep,L20,738,npi_Deva
panel2,A,nep_news_2020_300K,nep,L20,739,npi_Deva
panel2,A,nep_news_2020_300K,nep,L20,741,npi_Deva
panel2,A,nep_news_2020_300K,nep,L20,744,npi_Deva
panel2,A,nep_news_2020_300K,nep,L20,746,npi_Deva
panel2,A,nep_news_2020_300K,nep,L20,747,npi_Deva
panel2,A,nep_news_2020_300K,nep,L20,749,npi_Deva
panel2,A,nep_news_2020_300K,nep,L20,750,npi_Deva
panel2,A,nep_news_2020_300K,nep,L20,752,npi_Deva
panel2,A,nep_news_2020_300K,nep,L20,753,npi_Deva
panel2,A,nep_news_2020_300K,nep,L20,756,npi_Deva
panel2,A,nep_news_2020_300K,nep,L20,758,npi_Deva
panel2,A,nep_news_2020_300K,nep,L20,760,npi_Deva
panel2,A,nep_news_2020_300K,nep,L20,761,npi_Deva
panel2,A,nep_news_2020_300K,nep,L20,762,npi_Deva
panel2,A,nep_news_2020_300K,nep,L20,765,npi_Deva
panel2,A,nep_news_2020_300K,nep,L20,766,npi_Deva
panel2,A,nep_news_2020_300K,nep,L20,768,npi_Deva
panel2,A,nep_news_2020_300K,nep,L20,769,npi_Deva
panel2,A,nep_news_2020_300K,nep,L20,774,npi_Deva
panel2,A,nep_news_2020_300K,nep,L20,775,npi_Deva
panel2,A,nep_news_2020_300K,nep,L20,776,npi_Deva
panel2,A,nep_news_2020_300K,nep,L20,779,npi_Deva
panel2,A,nep_news_2020_300K,nep,L20,781,npi_Deva
panel2,A,nep_news_2020_300K,nep,L20,784,npi_Deva
panel2,A,nep_news_2020_300K,nep,L20,785,npi_Deva
panel2,A,nep_news_2020_300K,nep,L20,788,npi_Deva
panel2,A,nep_news_2020_300K,nep,L20,789,npi_Deva
panel2,A,nep_news_2020_300K,nep,L20,792,npi_Deva
panel2,A,nep_news_2020_300K,nep,L20,794,npi_Deva
panel2,A,nep_news_2020_300K,nep,L20,797,npi_Deva
panel2,A,nep_news_2020_300K,nep,L20,799,npi_Deva
panel2,A,nep_news_2020_300K,nep,L20,801,npi_Deva
panel2,A,nep_news_2020_300K,nep,L20,804,npi_Deva
panel2,A,nep_news_2020_300K,nep,L20,806,npi_Deva
panel2,A,nep_news_2020_300K,nep,L20,808,npi_Deva
panel2,A,nep_news_2020_300K,nep,L20,809,npi_Deva
panel2,A,nep_news_2020_300K,nep,L20,811,npi_Deva
panel2,A,nep_news_2020_300K,nep,L20,813,npi_Deva
panel2,A,nep_news_2020_300K,nep,L20,814,npi_Deva
panel2,A,nep_news_2020_300K,nep,L20,816,npi_Deva
panel2,A,nep_news_2020_300K,nep,L20,818,npi_Deva
panel2,A,nep_news_2020_300K,nep,L20,820,npi_Deva
panel2,A,nep_news_2020_300K,nep,L20,822,npi_Deva
panel2,A,nep_news_2020_300K,nep,L20,825,npi_Deva
panel2,A,nep_news_2020_300K,nep,L20,826,npi_Deva
panel2,A,nep_news_2020_300K,nep,L20,827,npi_Deva
panel2,A,nep_news_2020_300K,nep,L20,829,npi_Deva
panel2,A,nep_news_2020_300K,nep,L20,830,npi_Deva
panel2,A,nep_news_2020_300K,nep,L20,832,npi_Deva
panel2,A,nep_news_2020_300K,nep,L20,837,npi_Deva
panel2,A,nep_news_2020_300K,nep,L20,840,npi_Deva
panel2,A,nep_news_2020_300K,nep,L20,841,npi_Deva
panel2,A,nep_news_2020_300K,nep,L20,843,npi_Deva
panel2,A,nep_news_2020_300K,nep,L20,845,npi_Deva
panel2,A,nep_news_2020_300K,nep,L20,848,npi_Deva
panel2,A,nep_news_2020_300K,nep,L20,852,npi_Deva
panel2,A,nep_news_2020_300K,nep,L20,853,npi_Deva
panel2,A,nep_news_2020_300K,nep,L20,854,npi_Deva
panel2,A,nep_news_2020_300K,nep,L20,858,npi_Deva
panel2,A,nep_news_2020_300K,nep,L20,862,npi_Deva
panel2,A,nep_news_2020_300K,nep,L20,865,npi_Deva
panel2,A,nep_news_2020_300K,nep,L20,866,npi_Deva
panel2,A,nep_news_2020_300K,nep,L20,870,npi_Deva
panel2,A,nep_news_2020_300K,nep,L20,872,npi_Deva
panel2,A,nep_news_2020_300K,nep,L20,873,npi_Deva
panel2,A,nep_news_2020_300K,nep,L20,874,npi_Deva
panel2,A,nep_news_2020_300K,nep,L20,877,npi_Deva
panel2,A,nep_news_2020_300K,nep,L20,878,npi_Deva
panel2,A,nep_news_2020_300K,nep,L20,879,npi_Deva
panel2,A,nep_news_2020_300K,nep,L20,880,npi_Deva
panel2,A,nep_news_2020_300K,nep,L20,881,npi_Deva
panel2,A,nep_news_2020_300K,nep,L20,882,npi_Deva
panel2,A,nep_news_2020_300K,nep,L20,886,npi_Deva
panel2,A,nep_news_2020_300K,nep,L20,887,npi_Deva
panel2,A,nep_news_2020_300K,nep,L20,888,npi_Deva
panel2,A,nep_news_2020_300K,nep,L20,891,npi_Deva
panel2,A,nep_news_2020_300K,nep,L20,892,npi_Deva
panel2,A,nep_news_2020_300K,nep,L20,893,npi_Deva
panel2,A,nep_news_2020_300K,nep,L20,896,npi_Deva
panel2,A,nep_news_2020_300K,nep,L20,897,npi_Deva
panel2,A,nep_news_2020_300K,nep,L20,899,npi_Deva
panel2,A,nep_news_2020_300K,nep,L20,900,npi_Deva
panel2,A,nep_news_2020_300K,nep,L20,901,npi_Deva
panel2,A,nep_news_2020_300K,nep,L20,903,npi_Deva
panel2,A,nep_news_2020_300K,nep,L20,906,npi_Deva
panel2,A,nep_news_2020_300K,nep,L20,914,npi_Deva
panel2,A,nep_news_2020_300K,nep,L20,915,npi_Deva
panel2,A,nep_news_2020_300K,nep,L20,916,npi_Deva
panel2,A,nep_news_2020_300K,nep,L20,918,npi_Deva
panel2,A,nep_news_2020_300K,nep,L20,920,npi_Deva
panel2,A,nep_news_2020_300K,nep,L20,922,npi_Deva
panel2,A,nep_news_2020_300K,nep,L20,924,npi_Deva
panel2,A,nep_news_2020_300K,nep,L20,925,npi_Deva
panel2,A,nep_news_2020_300K,nep,L20,928,npi_Deva
panel2,A,nep_news_2020_300K,nep,L20,929,npi_Deva
panel2,A,nep_news_2020_300K,nep,L20,930,npi_Deva
panel2,A,nep_news_2020_300K,nep,L20,931,npi_Deva
panel2,A,nep_news_2020_300K,nep,L20,933,npi_Deva
panel2,A,nep_news_2020_300K,nep,L20,934,npi_Deva
panel2,A,nep_news_2020_300K,nep,L20,935,npi_Deva
panel2,A,nep_news_2020_300K,nep,L20,941,npi_Deva
panel2,A,nep_news_2020_300K,nep,L20,943,npi_Deva
panel2,A,nep_news_2020_300K,nep,L20,946,npi_Deva
panel2,A,nep_news_2020_300K,nep,L20,948,npi_Deva
panel2,A,nep_news_2020_300K,nep,L20,949,npi_Deva
panel2,A,nep_news_2020_300K,nep,L20,950,npi_Deva
panel2,A,nep_news_2020_300K,nep,L20,952,npi_Deva
panel2,A,nep_news_2020_300K,nep,L20,953,npi_Deva
panel2,A,nep_news_2020_300K,nep,L20,956,npi_Deva
panel2,A,nep_news_2020_300K,nep,L20,959,npi_Deva
panel2,A,nep_news_2020_300K,nep,L20,961,npi_Deva
panel2,A,nep_news_2020_300K,nep,L20,962,npi_Deva
panel2,A,nep_news_2020_300K,nep,L20,964,npi_Deva
panel2,A,nep_news_2020_300K,nep,L20,972,npi_Deva
panel2,A,nep_news_2020_300K,nep,L20,973,npi_Deva
panel2,A,nep_news_2020_300K,nep,L20,974,npi_Deva
panel2,A,nep_news_2020_300K,nep,L20,976,npi_Deva
panel2,A,nep_news_2020_300K,nep,L20,978,npi_Deva
panel2,A,nep_news_2020_300K,nep,L20,979,npi_Deva
panel2,A,nep_news_2020_300K,nep,L20,981,npi_Deva
panel2,A,nep_news_2020_300K,nep,L20,982,npi_Deva
panel2,A,nep_news_2020_300K,nep,L20,983,npi_Deva
panel2,A,nep_news_2020_300K,nep,L20,985,npi_Deva
panel2,A,nep_news_2020_300K,nep,L20,991,npi_Deva
panel2,A,nep_news_2020_300K,nep,L20,995,npi_Deva
panel2,A,nep_news_2020_300K,nep,L20,996,npi_Deva
panel2,A,nep_news_2020_300K,nep,L20,997,npi_Deva
panel2,A,nep_news_2020_300K,nep,L20,998,npi_Deva
panel2,A,nep_news_2020_300K,nep,L20,999,npi_Deva
panel2,A,nep_news_2020_300K,nep,L20,1003,npi_Deva
panel2,A,nep_news_2020_300K,nep,L20,1004,npi_Deva
panel2,A,nep_news_2020_300K,nep,L20,1005,npi_Deva
panel2,A,nep_news_2020_300K,nep,L20,1007,npi_Deva
panel2,A,nep_news_2020_300K,nep,L20,1008,npi_Deva
panel2,A,nep_news_2020_300K,nep,L20,1009,npi_Deva
panel2,A,nep_news_2020_300K,nep,L20,1010,npi_Deva
panel2,A,nep_news_2020_300K,nep,L20,1011,npi_Deva
panel2,A,nep_news_2020_300K,nep,L20,1013,npi_Deva
panel2,A,nep_news_2020_300K,nep,L20,1014,npi_Deva
panel2,A,nep_news_2020_300K,nep,L20,1015,npi_Deva
panel2,A,nep_news_2020_300K,nep,L20,1016,npi_Deva
panel2,A,nep_news_2020_300K,nep,L20,1018,npi_Deva
panel2,A,nep_news_2020_300K,nep,L20,1020,npi_Deva
panel2,A,nep_news_2020_300K,nep,L20,1021,npi_Deva
panel2,A,nep_news_2020_300K,nep,L20,1023,npi_Deva
panel2,A,nep_news_2020_300K,nep,L20,1024,npi_Deva
panel2,A,nep_news_2020_300K,nep,L20,1027,npi_Deva
panel2,A,nep_news_2020_300K,nep,L20,1028,npi_Deva
panel2,A,nep_news_2020_300K,nep,L20,1029,npi_Deva
panel2,A,nep_news_2020_300K,nep,L20,1031,npi_Deva
panel2,A,nep_news_2020_300K,nep,L20,1033,npi_Deva
panel2,A,nep_news_2020_300K,nep,L20,1034,npi_Deva
panel2,A,nep_news_2020_300K,nep,L20,1041,npi_Deva
panel2,A,nep_news_2020_300K,nep,L20,1042,npi_Deva
panel2,A,nep_news_2020_300K,nep,L20,1043,npi_Deva
panel2,A,nep_news_2020_300K,nep,L20,1045,npi_Deva
panel2,A,nep_news_2020_300K,nep,L20,1046,npi_Deva
panel2,A,nep_news_2020_300K,nep,L20,1047,npi_Deva
panel2,A,nep_news_2020_300K,nep,L20,1050,npi_Deva
panel2,A,nep_news_2020_300K,nep,L20,1051,npi_Deva
panel2,A,nep_news_2020_300K,nep,L20,1055,npi_Deva
panel2,A,nep_news_2020_300K,nep,L20,1057,npi_Deva
panel2,A,nep_news_2020_300K,nep,L20,1058,npi_Deva
panel2,A,nep_news_2020_300K,nep,L20,1060,npi_Deva
panel2,A,nep_news_2020_300K,nep,L20,1061,npi_Deva
panel2,A,nep_news_2020_300K,nep,L20,1062,npi_Deva
panel2,A,nep_news_2020_300K,nep,L20,1064,npi_Deva
panel2,A,nep_news_2020_300K,nep,L20,1065,npi_Deva
panel2,A,nep_news_2020_300K,nep,L20,1067,npi_Deva
panel2,A,nep_news_2020_300K,nep,L20,1068,npi_Deva
panel2,A,nep_news_2020_300K,nep,L20,1069,npi_Deva
panel2,A,nep_news_2020_300K,nep,L20,1070,npi_Deva
panel2,A,nep_news_2020_300K,nep,L20,1071,npi_Deva
panel2,A,nep_news_2020_300K,nep,L20,1072,npi_Deva
panel2,A,nep_news_2020_300K,nep,L20,1081,npi_Deva
panel2,A,nep_news_2020_300K,nep,L20,1084,npi_Deva
panel2,A,nep_news_2020_300K,nep,L20,1085,npi_Deva
panel2,A,nep_news_2020_300K,nep,L20,1086,npi_Deva
panel2,A,nep_news_2020_300K,nep,L20,1088,npi_Deva
panel2,A,nep_news_2020_300K,nep,L20,1089,npi_Deva
panel2,A,nep_news_2020_300K,nep,L20,1090,npi_Deva
panel2,A,nep_news_2020_300K,nep,L20,1095,npi_Deva
panel2,A,nep_news_2020_300K,nep,L20,1097,npi_Deva
panel2,A,nep_news_2020_300K,nep,L20,1099,npi_Deva
panel2,A,nep_news_2020_300K,nep,L20,1103,npi_Deva
panel2,A,nep_news_2020_300K,nep,L20,1106,npi_Deva
panel2,A,nep_news_2020_300K,nep,L20,1110,npi_Deva
panel2,A,nep_news_2020_300K,nep,L20,1114,npi_Deva
panel2,A,nep_news_2020_300K,nep,L20,1116,npi_Deva
panel2,A,nep_news_2020_300K,nep,L20,1118,npi_Deva
panel2,A,nep_news_2020_300K,nep,L20,1121,npi_Deva
panel2,A,nep_news_2020_300K,nep,L20,1122,npi_Deva
panel2,A,nep_news_2020_300K,nep,L20,1124,npi_Deva
panel2,A,nep_news_2020_300K,nep,L20,1125,npi_Deva
panel2,A,nep_news_2020_300K,nep,L20,1126,npi_Deva
panel2,A,nep_news_2020_300K,nep,L20,1129,npi_Deva
panel2,A,nep_news_2020_300K,nep,L20,1130,npi_Deva
panel2,A,nep_news_2020_300K,nep,L20,1131,npi_Deva
panel2,A,nep_news_2020_300K,nep,L20,1132,npi_Deva
panel2,A,nep_news_2020_300K,nep,L20,1137,npi_Deva
panel2,A,nep_news_2020_300K,nep,L20,1139,npi_Deva
panel2,A,nep_news_2020_300K,nep,L20,1140,npi_Deva
panel2,A,nep_news_2020_300K,nep,L20,1141,npi_Deva
panel2,A,nep_news_2020_300K,nep,L20,1143,npi_Deva
panel2,A,nep_news_2020_300K,nep,L20,1144,npi_Deva
panel2,A,nep_news_2020_300K,nep,L20,1146,npi_Deva
panel2,A,nep_news_2020_300K,nep,L20,1150,npi_Deva
panel2,A,nep_news_2020_300K,nep,L20,1152,npi_Deva
panel2,A,nep_news_2020_300K,nep,L20,1153,npi_Deva
panel2,A,nep_news_2020_300K,nep,L20,1157,npi_Deva
panel2,A,nep_news_2020_300K,nep,L20,1158,npi_Deva
panel2,A,nep_news_2020_300K,nep,L20,1159,npi_Deva
panel2,A,nep_news_2020_300K,nep,L20,1161,npi_Deva
panel2,A,nep_news_2020_300K,nep,L20,1163,npi_Deva
panel2,A,nep_news_2020_300K,nep,L20,1164,npi_Deva
panel2,A,nep_news_2020_300K,nep,L20,1167,npi_Deva
panel2,A,nep_news_2020_300K,nep,L20,1169,npi_Deva
panel2,A,nep_news_2020_300K,nep,L20,1171,npi_Deva
panel2,A,nep_news_2020_300K,nep,L20,1178,npi_Deva
panel2,A,nep_news_2020_300K,nep,L20,1180,npi_Deva
panel2,A,nep_news_2020_300K,nep,L20,1183,npi_Deva
panel2,A,nep_news_2020_300K,nep,L20,1184,npi_Deva
panel2,A,nep_news_2020_300K,nep,L20,1186,npi_Deva
panel2,A,nep_news_2020_300K,nep,L20,1191,npi_Deva
panel2,A,nep_news_2020_300K,nep,L20,1194,npi_Deva
panel2,A,nep_news_2020_300K,nep,L20,1195,npi_Deva
panel2,A,nep_news_2020_300K,nep,L20,1199,npi_Deva
panel2,A,nep_news_2020_300K,nep,L20,1201,npi_Deva
panel2,A,nep_news_2020_300K,nep,L20,1203,npi_Deva
panel2,A,nep_news_2020_300K,nep,L20,1204,npi_Deva
panel2,A,nep_news_2020_300K,nep,L20,1207,npi_Deva
panel2,A,nep_news_2020_300K,nep,L20,1209,npi_Deva
panel2,A,nep_news_2020_300K,nep,L20,1210,npi_Deva
panel2,A,nep_news_2020_300K,nep,L20,1211,npi_Deva
panel2,A,nep_news_2020_300K,nep,L20,1212,npi_Deva
panel2,A,nep_news_2020_300K,nep,L20,1213,npi_Deva
panel2,A,nep_news_2020_300K,nep,L20,1214,npi_Deva
panel2,A,nep_news_2020_300K,nep,L20,1217,npi_Deva
panel2,A,nep_news_2020_300K,nep,L20,1218,npi_Deva
panel2,A,nep_news_2020_300K,nep,L20,1220,npi_Deva
panel2,A,nep_news_2020_300K,nep,L20,1221,npi_Deva
panel2,A,nep_news_2020_300K,nep,L20,1222,npi_Deva
panel2,A,nep_news_2020_300K,nep,L20,1223,npi_Deva
panel2,A,nep_news_2020_300K,nep,L20,1224,npi_Deva
panel2,A,nep_news_2020_300K,nep,L20,1225,npi_Deva
panel2,A,nep_news_2020_300K,nep,L20,1227,npi_Deva
panel2,A,nep_news_2020_300K,nep,L20,1228,npi_Deva
panel2,A,nep_news_2020_300K,nep,L20,1230,npi_Deva
panel2,A,nep_news_2020_300K,nep,L20,1231,npi_Deva
panel2,A,nep_news_2020_300K,nep,L20,1237,npi_Deva
panel2,A,nep_news_2020_300K,nep,L20,1239,npi_Deva
panel2,A,nep_news_2020_300K,nep,L20,1240,npi_Deva
panel2,A,nep_news_2020_300K,nep,L20,1243,npi_Deva
panel2,A,nep_news_2020_300K,nep,L20,1244,npi_Deva
panel2,A,nep_news_2020_300K,nep,L20,1245,npi_Deva
panel2,A,nep_news_2020_300K,nep,L20,1248,npi_Deva
panel2,A,nep_news_2020_300K,nep,L20,1253,npi_Deva
panel2,A,nep_news_2020_300K,nep,L20,1254,npi_Deva
panel2,A,nep_news_2020_300K,nep,L20,1256,npi_Deva
panel2,A,nep_news_2020_300K,nep,L20,1257,npi_Deva
panel2,A,nep_news_2020_300K,nep,L20,1258,npi_Deva
panel2,A,nep_news_2020_300K,nep,L20,1259,npi_Deva
panel2,A,nep_news_2020_300K,nep,L20,1260,npi_Deva
panel2,A,nep_news_2020_300K,nep,L20,1261,npi_Deva
panel2,A,nep_news_2020_300K,nep,L20,1264,npi_Deva
panel2,A,nep_news_2020_300K,nep,L20,1265,npi_Deva
panel2,A,nep_news_2020_300K,nep,L20,1267,npi_Deva
panel2,A,nep_news_2020_300K,nep,L20,1269,npi_Deva
panel2,A,nep_news_2020_300K,nep,L20,1270,npi_Deva
panel2,A,nep_news_2020_300K,nep,L20,1272,npi_Deva
panel2,A,nep_news_2020_300K,nep,L20,1273,npi_Deva
panel2,A,nep_news_2020_300K,nep,L20,1275,npi_Deva
panel2,A,nep_news_2020_300K,nep,L20,1279,npi_Deva
panel2,A,nep_news_2020_300K,nep,L20,1280,npi_Deva
panel2,A,nep_news_2020_300K,nep,L20,1282,npi_Deva
panel2,A,nep_news_2020_300K,nep,L20,1283,npi_Deva
panel2,A,nep_news_2020_300K,nep,L20,1285,npi_Deva
panel2,A,nep_news_2020_300K,nep,L20,1289,npi_Deva
panel2,A,nep_news_2020_300K,nep,L20,1290,npi_Deva
panel2,A,nep_news_2020_300K,nep,L20,1291,npi_Deva
panel2,A,nep_news_2020_300K,nep,L20,1294,npi_Deva
panel2,A,nep_news_2020_300K,nep,L20,1296,npi_Deva
panel2,A,nep_news_2020_300K,nep,L20,1297,npi_Deva
panel2,A,nep_news_2020_300K,nep,L20,1298,npi_Deva
panel2,A,nep_news_2020_300K,nep,L20,1300,npi_Deva
panel2,A,nep_news_2020_300K,nep,L20,1301,npi_Deva
panel2,A,nep_news_2020_300K,nep,L20,1303,npi_Deva
panel2,A,nep_news_2020_300K,nep,L20,1305,npi_Deva
panel2,A,nep_news_2020_300K,nep,L20,1306,npi_Deva
panel2,A,nep_news_2020_300K,nep,L20,1307,npi_Deva
panel2,A,nep_news_2020_300K,nep,L20,1309,npi_Deva
panel2,A,nep_news_2020_300K,nep,L20,1311,npi_Deva
panel2,A,nep_news_2020_300K,nep,L20,1312,npi_Deva
panel2,A,nep_news_2020_300K,nep,L20,1317,npi_Deva
panel2,A,nep_news_2020_300K,nep,L20,1319,npi_Deva
panel2,A,nep_news_2020_300K,nep,L20,1322,npi_Deva
panel2,A,nep_news_2020_300K,nep,L20,1323,npi_Deva
panel2,A,nep_news_2020_300K,nep,L20,1325,npi_Deva
panel2,A,nep_news_2020_300K,nep,L20,1326,npi_Deva
panel2,A,nep_news_2020_300K,nep,L20,1327,npi_Deva
panel2,A,nep_news_2020_300K,nep,L20,1328,npi_Deva
panel2,A,nep_news_2020_300K,nep,L20,1329,npi_Deva
panel2,A,nep_news_2020_300K,nep,L20,1332,npi_Deva
panel2,A,nep_news_2020_300K,nep,L20,1334,npi_Deva
panel2,A,nep_news_2020_300K,nep,L20,1336,npi_Deva
panel2,A,nep_news_2020_300K,nep,L20,1338,npi_Deva
panel2,A,nep_news_2020_300K,nep,L20,1340,npi_Deva
panel2,A,nep_news_2020_300K,nep,L20,1342,npi_Deva
panel2,A,nep_news_2020_300K,nep,L20,1345,npi_Deva
panel2,A,nep_news_2020_300K,nep,L20,1348,npi_Deva
panel2,A,nep_news_2020_300K,nep,L20,1349,npi_Deva
panel2,A,nep_news_2020_300K,nep,L20,1350,npi_Deva
panel2,A,nep_news_2020_300K,nep,L20,1352,npi_Deva
panel2,A,nep_news_2020_300K,nep,L20,1353,npi_Deva
panel2,A,nep_news_2020_300K,nep,L20,1355,npi_Deva
panel2,A,nep_news_2020_300K,nep,L20,1356,npi_Deva
panel2,A,nep_news_2020_300K,nep,L20,1358,npi_Deva
panel2,A,nep_news_2020_300K,nep,L20,1362,npi_Deva
panel2,A,nep_news_2020_300K,nep,L20,1364,npi_Deva
panel2,A,nep_news_2020_300K,nep,L20,1365,npi_Deva
panel2,A,nep_news_2020_300K,nep,L20,1366,npi_Deva
panel2,A,nep_news_2020_300K,nep,L20,1369,npi_Deva
panel2,A,nep_news_2020_300K,nep,L20,1370,npi_Deva
panel2,A,nep_news_2020_300K,nep,L20,1373,npi_Deva
panel2,A,nep_news_2020_300K,nep,L20,1374,npi_Deva
panel2,A,nep_news_2020_300K,nep,L20,1375,npi_Deva
panel2,A,nep_news_2020_300K,nep,L20,1376,npi_Deva
panel2,A,nep_news_2020_300K,nep,L20,1377,npi_Deva
panel2,A,nep_news_2020_300K,nep,L20,1379,npi_Deva
panel2,A,nep_news_2020_300K,nep,L20,1382,npi_Deva
panel2,A,nep_news_2020_300K,nep,L20,1386,npi_Deva
panel2,A,nep_news_2020_300K,nep,L20,1387,npi_Deva
panel2,A,nep_news_2020_300K,nep,L20,1388,npi_Deva
panel2,A,nep_news_2020_300K,nep,L20,1389,npi_Deva
panel2,A,nep_news_2020_300K,nep,L20,1391,npi_Deva
panel2,A,nep_news_2020_300K,nep,L20,1393,npi_Deva
panel2,A,nep_news_2020_300K,nep,L20,1394,npi_Deva
panel2,A,nep_news_2020_300K,nep,L20,1400,npi_Deva
panel2,A,nep_news_2020_300K,nep,L20,1401,npi_Deva
panel2,A,nep_news_2020_300K,nep,L20,1402,npi_Deva
panel2,A,nep_news_2020_300K,nep,L20,1407,npi_Deva
panel2,A,nep_news_2020_300K,nep,L20,1408,npi_Deva
panel2,A,nep_news_2020_300K,nep,L20,1409,npi_Deva
panel2,A,nep_news_2020_300K,nep,L20,1412,npi_Deva
panel2,A,nep_news_2020_300K,nep,L20,1413,npi_Deva
panel2,A,nep_news_2020_300K,nep,L20,1415,npi_Deva
panel2,A,nep_news_2020_300K,nep,L20,1416,npi_Deva
panel2,A,nep_news_2020_300K,nep,L20,1417,npi_Deva
panel2,A,nep_news_2020_300K,nep,L20,1419,npi_Deva
panel2,A,nep_news_2020_300K,nep,L20,1421,npi_Deva
panel2,A,nep_news_2020_300K,nep,L20,1423,npi_Deva
panel2,A,nep_news_2020_300K,nep,L20,1424,npi_Deva
panel2,A,nep_news_2020_300K,nep,L20,1426,npi_Deva
panel2,A,nep_news_2020_300K,nep,L20,1428,npi_Deva
panel2,A,nep_news_2020_300K,nep,L20,1429,npi_Deva
panel2,A,nep_news_2020_300K,nep,L20,1431,npi_Deva
panel2,A,nep_news_2020_300K,nep,L20,1434,npi_Deva
panel2,A,nep_news_2020_300K,nep,L20,1435,npi_Deva
panel2,A,nep_news_2020_300K,nep,L20,1440,npi_Deva
panel2,A,nep_news_2020_300K,nep,L20,1441,npi_Deva
panel2,A,nep_news_2020_300K,nep,L20,1443,npi_Deva
panel2,A,nep_news_2020_300K,nep,L20,1447,npi_Deva
panel2,A,nep_news_2020_300K,nep,L20,1449,npi_Deva
panel2,A,nep_news_2020_300K,nep,L20,1452,npi_Deva
panel2,A,nep_news_2020_300K,nep,L20,1454,npi_Deva
panel2,A,nep_news_2020_300K,nep,L20,1457,npi_Deva
panel2,A,nep_news_2020_300K,nep,L20,1462,npi_Deva
panel2,A,nep_news_2020_300K,nep,L20,1464,npi_Deva
panel2,A,nep_news_2020_300K,nep,L20,1465,npi_Deva
panel2,A,nep_news_2020_300K,nep,L20,1466,npi_Deva
panel2,A,nep_news_2020_300K,nep,L20,1467,npi_Deva
panel2,A,nep_news_2020_300K,nep,L20,1469,npi_Deva
panel2,A,nep_news_2020_300K,nep,L20,1475,npi_Deva
panel2,A,nep_news_2020_300K,nep,L20,1476,npi_Deva
panel2,A,nep_news_2020_300K,nep,L20,1477,npi_Deva
panel2,A,nep_news_2020_300K,nep,L20,1478,npi_Deva
panel2,A,nep_news_2020_300K,nep,L20,1479,npi_Deva
panel2,A,nep_news_2020_300K,nep,L20,1480,npi_Deva
panel2,A,nep_news_2020_300K,nep,L20,1483,npi_Deva
panel2,A,nep_news_2020_300K,nep,L20,1484,npi_Deva
panel2,A,nep_news_2020_300K,nep,L20,1485,npi_Deva
panel2,A,nep_news_2020_300K,nep,L20,1487,npi_Deva
panel2,A,nep_news_2020_300K,nep,L20,1488,npi_Deva
panel2,A,nep_news_2020_300K,nep,L20,1490,npi_Deva
panel2,A,nep_news_2020_300K,nep,L20,1491,npi_Deva
panel2,A,nep_news_2020_300K,nep,L20,1492,npi_Deva
panel2,A,nep_news_2020_300K,nep,L20,1495,npi_Deva
panel2,A,nep_news_2020_300K,nep,L20,1496,npi_Deva
panel2,A,nep_news_2020_300K,nep,L20,1498,npi_Deva
panel2,A,nep_news_2020_300K,nep,L20,1504,npi_Deva
panel2,A,nep_news_2020_300K,nep,L20,1505,npi_Deva
panel2,A,nep_news_2020_300K,nep,L20,1508,npi_Deva
panel2,A,nep_news_2020_300K,nep,L20,1510,npi_Deva
panel2,A,nep_news_2020_300K,nep,L20,1511,npi_Deva
panel2,A,nep_news_2020_300K,nep,L20,1514,npi_Deva
panel2,A,nep_news_2020_300K,nep,L20,1516,npi_Deva
panel2,A,nep_news_2020_300K,nep,L20,1517,npi_Deva
panel2,A,nep_news_2020_300K,nep,L20,1518,npi_Deva
panel2,A,nep_news_2020_300K,nep,L20,1519,npi_Deva
panel2,A,nep_news_2020_300K,nep,L20,1520,npi_Deva
panel2,A,nep_news_2020_300K,nep,L20,1521,npi_Deva
panel2,A,nep_news_2020_300K,nep,L20,1523,npi_Deva
panel2,A,nep_news_2020_300K,nep,L20,1525,npi_Deva
panel2,A,nep_news_2020_300K,nep,L20,1527,npi_Deva
panel2,A,nep_news_2020_300K,nep,L20,1530,npi_Deva
panel2,A,nep_news_2020_300K,nep,L20,1531,npi_Deva
panel2,A,nep_news_2020_300K,nep,L20,1532,npi_Deva
panel2,A,nep_news_2020_300K,nep,L20,1535,npi_Deva
panel2,A,nep_news_2020_300K,nep,L20,1537,npi_Deva
panel2,A,nep_news_2020_300K,nep,L20,1538,npi_Deva
panel2,A,nep_news_2020_300K,nep,L20,1539,npi_Deva
panel2,A,nep_news_2020_300K,nep,L20,1540,npi_Deva
panel2,A,nep_news_2020_300K,nep,L20,1541,npi_Deva
panel2,A,nep_news_2020_300K,nep,L20,1543,npi_Deva
panel2,A,nep_news_2020_300K,nep,L20,1544,npi_Deva
panel2,A,nep_news_2020_300K,nep,L20,1545,npi_Deva
panel2,A,nep_news_2020_300K,nep,L20,1549,npi_Deva
panel2,A,nep_news_2020_300K,nep,L20,1552,npi_Deva
panel2,A,nep_news_2020_300K,nep,L20,1553,npi_Deva
panel2,A,nep_news_2020_300K,nep,L20,1554,npi_Deva
panel2,A,nep_news_2020_300K,nep,L20,1556,npi_Deva
panel2,A,nep_news_2020_300K,nep,L20,1558,npi_Deva
panel2,A,nep_news_2020_300K,nep,L20,1559,npi_Deva
panel2,A,nep_news_2020_300K,nep,L20,1560,npi_Deva
panel2,A,nep_news_2020_300K,nep,L20,1561,npi_Deva
panel2,A,nep_news_2020_300K,nep,L20,1563,npi_Deva
panel2,A,nep_news_2020_300K,nep,L20,1564,npi_Deva
panel2,A,nep_news_2020_300K,nep,L20,1565,npi_Deva
panel2,A,nep_news_2020_300K,nep,L20,1567,npi_Deva
panel2,A,nep_news_2020_300K,nep,L20,1572,npi_Deva
panel2,A,nep_news_2020_300K,nep,L20,1573,npi_Deva
panel2,A,nep_news_2020_300K,nep,L20,1575,npi_Deva
panel2,A,nep_news_2020_300K,nep,L20,1576,npi_Deva
panel2,A,nep_news_2020_300K,nep,L20,1578,npi_Deva
panel2,A,nep_news_2020_300K,nep,L20,1581,npi_Deva
panel2,A,nep_news_2020_300K,nep,L20,1582,npi_Deva
panel2,A,nep_news_2020_300K,nep,L20,1583,npi_Deva
panel2,A,nep_news_2020_300K,nep,L20,1589,npi_Deva
panel2,A,nep_news_2020_300K,nep,L20,1592,npi_Deva
panel2,A,nep_news_2020_300K,nep,L20,1593,npi_Deva
panel2,A,nep_news_2020_300K,nep,L20,1594,npi_Deva
panel2,A,nep_news_2020_300K,nep,L20,1595,npi_Deva
panel2,A,nep_news_2020_300K,nep,L20,1596,npi_Deva
panel2,A,nep_news_2020_300K,nep,L20,1597,npi_Deva
panel2,A,nep_news_2020_300K,nep,L20,1598,npi_Deva
panel2,A,nep_news_2020_300K,nep,L20,1600,npi_Deva
panel2,A,nep_news_2020_300K,nep,L20,1601,npi_Deva
panel2,A,nep_news_2020_300K,nep,L20,1602,npi_Deva
panel2,A,nep_news_2020_300K,nep,L20,1603,npi_Deva
panel2,A,nep_news_2020_300K,nep,L20,1604,npi_Deva
panel2,A,nep_news_2020_300K,nep,L20,1607,npi_Deva
panel2,A,nep_news_2020_300K,nep,L20,1610,npi_Deva
panel2,A,nep_news_2020_300K,nep,L20,1611,npi_Deva
panel2,A,nep_news_2020_300K,nep,L20,1616,npi_Deva
panel2,A,nep_news_2020_300K,nep,L20,1620,npi_Deva
panel2,A,nep_news_2020_300K,nep,L20,1621,npi_Deva
panel2,A,nep_news_2020_300K,nep,L20,1622,npi_Deva
panel2,A,nep_news_2020_300K,nep,L20,1623,npi_Deva
panel2,A,nep_news_2020_300K,nep,L20,1624,npi_Deva
panel2,A,nep_news_2020_300K,nep,L20,1627,npi_Deva
panel2,A,nep_news_2020_300K,nep,L20,1629,npi_Deva
panel2,A,nep_news_2020_300K,nep,L20,1630,npi_Deva
panel2,A,nep_news_2020_300K,nep,L20,1632,npi_Deva
panel2,A,nep_news_2020_300K,nep,L20,1633,npi_Deva
panel2,A,nep_news_2020_300K,nep,L20,1636,npi_Deva
panel2,A,nep_news_2020_300K,nep,L20,1637,npi_Deva
panel2,A,nep_news_2020_300K,nep,L20,1640,npi_Deva
panel2,A,nep_news_2020_300K,nep,L20,1641,npi_Deva
panel2,A,nep_news_2020_300K,nep,L20,1642,npi_Deva
panel2,A,nep_news_2020_300K,nep,L20,1645,npi_Deva
panel2,A,nep_news_2020_300K,nep,L20,1646,npi_Deva
panel2,A,nep_news_2020_300K,nep,L20,1648,npi_Deva
panel2,A,nep_news_2020_300K,nep,L20,1654,npi_Deva
panel2,A,nep_news_2020_300K,nep,L20,1657,npi_Deva
panel2,A,nep_news_2020_300K,nep,L20,1658,npi_Deva
panel2,A,nep_news_2020_300K,nep,L20,1659,npi_Deva
panel2,A,nep_news_2020_300K,nep,L20,1660,npi_Deva
panel2,A,nep_news_2020_300K,nep,L20,1661,npi_Deva
panel2,A,nep_news_2020_300K,nep,L20,1663,npi_Deva
panel2,A,nep_news_2020_300K,nep,L20,1667,npi_Deva
panel2,A,nep_news_2020_300K,nep,L20,1668,npi_Deva
panel2,A,nep_news_2020_300K,nep,L20,1669,npi_Deva
panel2,A,nep_news_2020_300K,nep,L20,1671,npi_Deva
panel2,A,nep_news_2020_300K,nep,L20,1672,npi_Deva
panel2,A,nep_news_2020_300K,nep,L20,1674,npi_Deva
panel2,A,nep_news_2020_300K,nep,L20,1675,npi_Deva
panel2,A,nep_news_2020_300K,nep,L20,1676,npi_Deva
panel2,A,nep_news_2020_300K,nep,L20,1677,npi_Deva
panel2,A,nep_news_2020_300K,nep,L20,1679,npi_Deva
panel2,A,nep_news_2020_300K,nep,L20,1681,npi_Deva
panel2,A,nep_news_2020_300K,nep,L20,1682,npi_Deva
panel2,A,nep_news_2020_300K,nep,L20,1683,npi_Deva
panel2,A,nep_news_2020_300K,nep,L20,1684,npi_Deva
panel2,A,nep_news_2020_300K,nep,L20,1685,npi_Deva
panel2,A,nep_news_2020_300K,nep,L20,1686,npi_Deva
panel2,A,nep_news_2020_300K,nep,L20,1687,npi_Deva
panel2,A,nep_news_2020_300K,nep,L20,1691,npi_Deva
panel2,A,nep_news_2020_300K,nep,L20,1692,npi_Deva
panel2,A,nep_news_2020_300K,nep,L20,1694,npi_Deva
panel2,A,nep_news_2020_300K,nep,L20,1696,npi_Deva
panel2,A,nep_news_2020_300K,nep,L20,1697,npi_Deva
panel2,A,nep_news_2020_300K,nep,L20,1698,npi_Deva
panel2,A,nep_news_2020_300K,nep,L20,1699,npi_Deva
panel2,A,nep_news_2020_300K,nep,L20,1700,npi_Deva
panel2,A,nep_news_2020_300K,nep,L20,1702,npi_Deva
panel2,A,nep_news_2020_300K,nep,L20,1706,npi_Deva
panel2,A,nep_news_2020_300K,nep,L20,1707,npi_Deva
panel2,A,nep_news_2020_300K,nep,L20,1711,npi_Deva
panel2,A,nep_news_2020_300K,nep,L20,1712,npi_Deva
panel2,A,nep_news_2020_300K,nep,L20,1717,npi_Deva
panel2,A,nep_news_2020_300K,nep,L20,1718,npi_Deva
panel2,A,nep_news_2020_300K,nep,L20,1719,npi_Deva
panel2,A,nep_news_2020_300K,nep,L20,1720,npi_Deva
panel2,A,nep_news_2020_300K,nep,L20,1721,npi_Deva
panel2,A,nep_news_2020_300K,nep,L20,1723,npi_Deva
panel2,A,nep_news_2020_300K,nep,L20,1724,npi_Deva
panel2,A,nep_news_2020_300K,nep,L20,1725,npi_Deva
panel2,A,nep_news_2020_300K,nep,L20,1726,npi_Deva
panel2,A,nep_news_2020_300K,nep,L20,1727,npi_Deva
panel2,A,nep_news_2020_300K,nep,L20,1728,npi_Deva
panel2,A,nep_news_2020_300K,nep,L20,1729,npi_Deva
panel2,A,nep_news_2020_300K,nep,L20,1731,npi_Deva
panel2,A,nep_news_2020_300K,nep,L20,1735,npi_Deva
panel2,A,nep_news_2020_300K,nep,L20,1736,npi_Deva
panel2,A,nep_news_2020_300K,nep,L20,1737,npi_Deva
panel2,A,nep_news_2020_300K,nep,L20,1739,npi_Deva
panel2,A,nep_news_2020_300K,nep,L20,1740,npi_Deva
panel2,A,nep_news_2020_300K,nep,L20,1741,npi_Deva
panel2,A,nep_news_2020_300K,nep,L20,1744,npi_Deva
panel2,A,nep_news_2020_300K,nep,L20,1746,npi_Deva
panel2,A,nep_news_2020_300K,nep,L20,1747,npi_Deva
panel2,A,nep_news_2020_300K,nep,L20,1751,npi_Deva
panel2,A,nep_news_2020_300K,nep,L20,1752,npi_Deva
panel2,A,nep_news_2020_300K,nep,L20,1753,npi_Deva
panel2,A,nep_news_2020_300K,nep,L20,1754,npi_Deva
panel2,A,nep_news_2020_300K,nep,L20,1755,npi_Deva
panel2,A,nep_news_2020_300K,nep,L20,1756,npi_Deva
panel2,A,nep_news_2020_300K,nep,L20,1760,npi_Deva
panel2,A,nep_news_2020_300K,nep,L20,1761,npi_Deva
panel2,A,nep_news_2020_300K,nep,L20,1763,npi_Deva
panel2,A,nep_news_2020_300K,nep,L20,1767,npi_Deva
panel2,A,nep_news_2020_300K,nep,L20,1770,npi_Deva
panel2,A,nep_news_2020_300K,nep,L20,1772,npi_Deva
panel2,A,nep_news_2020_300K,nep,L20,1776,npi_Deva
panel2,A,nep_news_2020_300K,nep,L20,1786,npi_Deva
panel2,A,nep_news_2020_300K,nep,L20,1787,npi_Deva
panel2,A,nep_news_2020_300K,nep,L20,1792,npi_Deva
panel2,A,nep_news_2020_300K,nep,L20,1796,npi_Deva
panel2,A,nep_news_2020_300K,nep,L20,1797,npi_Deva
panel2,A,nep_news_2020_300K,nep,L20,1798,npi_Deva
panel2,A,nep_news_2020_300K,nep,L20,1800,npi_Deva
panel2,A,nep_news_2020_300K,nep,L20,1802,npi_Deva
panel2,A,nep_news_2020_300K,nep,L20,1803,npi_Deva
panel2,A,nep_news_2020_300K,nep,L20,1804,npi_Deva
panel2,A,nep_news_2020_300K,nep,L20,1805,npi_Deva
panel2,A,nep_news_2020_300K,nep,L20,1807,npi_Deva
panel2,A,nep_news_2020_300K,nep,L20,1808,npi_Deva
panel2,A,nep_news_2020_300K,nep,L20,1809,npi_Deva
panel2,A,nep_news_2020_300K,nep,L20,1810,npi_Deva
panel2,A,nep_news_2020_300K,nep,L20,1814,npi_Deva
panel2,A,nep_news_2020_300K,nep,L20,1818,npi_Deva
panel2,A,nep_news_2020_300K,nep,L20,1821,npi_Deva
panel2,A,nep_news_2020_300K,nep,L20,1822,npi_Deva
panel2,A,nep_news_2020_300K,nep,L20,1826,npi_Deva
panel2,A,nep_news_2020_300K,nep,L20,1828,npi_Deva
panel2,A,nep_news_2020_300K,nep,L20,1830,npi_Deva
panel2,A,nep_news_2020_300K,nep,L20,1834,npi_Deva
panel2,A,nep_news_2020_300K,nep,L20,1835,npi_Deva
panel2,A,nep_news_2020_300K,nep,L20,1837,npi_Deva
panel2,A,nep_news_2020_300K,nep,L20,1839,npi_Deva
panel2,A,nep_news_2020_300K,nep,L20,1840,npi_Deva
panel2,A,nep_news_2020_300K,nep,L20,1841,npi_Deva
panel2,A,nep_news_2020_300K,nep,L20,1842,npi_Deva
panel2,A,nep_news_2020_300K,nep,L20,1843,npi_Deva
panel2,A,nep_news_2020_300K,nep,L20,1846,npi_Deva
panel2,A,nep_news_2020_300K,nep,L20,1849,npi_Deva
panel2,A,nep_news_2020_300K,nep,L20,1850,npi_Deva
panel2,A,nep_news_2020_300K,nep,L20,1852,npi_Deva
panel2,A,nep_news_2020_300K,nep,L20,1854,npi_Deva
panel2,A,nep_news_2020_300K,nep,L20,1855,npi_Deva
panel2,A,nep_news_2020_300K,nep,L20,1856,npi_Deva
panel2,A,nep_news_2020_300K,nep,L20,1857,npi_Deva
panel2,A,nep_news_2020_300K,nep,L20,1859,npi_Deva
panel2,A,nep_news_2020_300K,nep,L20,1864,npi_Deva
panel2,A,nep_news_2020_300K,nep,L20,1865,npi_Deva
panel2,A,nep_news_2020_300K,nep,L20,1866,npi_Deva
panel2,A,nep_news_2020_300K,nep,L20,1867,npi_Deva
panel2,A,nep_news_2020_300K,nep,L20,1868,npi_Deva
panel2,A,nep_news_2020_300K,nep,L20,1869,npi_Deva
panel2,A,nep_news_2020_300K,nep,L20,1870,npi_Deva
panel2,A,nep_news_2020_300K,nep,L20,1871,npi_Deva
panel2,A,nep_news_2020_300K,nep,L20,1872,npi_Deva
panel2,A,nep_news_2020_300K,nep,L20,1874,npi_Deva
panel2,A,nep_news_2020_300K,nep,L20,1877,npi_Deva
panel2,A,nep_news_2020_300K,nep,L20,1878,npi_Deva
panel2,A,nep_news_2020_300K,nep,L20,1881,npi_Deva
panel2,A,nep_news_2020_300K,nep,L20,1883,npi_Deva
panel2,A,nep_news_2020_300K,nep,L20,1886,npi_Deva
panel2,A,nep_news_2020_300K,nep,L20,1888,npi_Deva
panel2,A,nep_news_2020_300K,nep,L20,1889,npi_Deva
panel2,A,nep_news_2020_300K,nep,L20,1891,npi_Deva
panel2,A,nep_news_2020_300K,nep,L20,1895,npi_Deva
panel2,A,nep_news_2020_300K,nep,L20,1896,npi_Deva
panel2,A,nep_news_2020_300K,nep,L20,1898,npi_Deva
panel2,A,nep_news_2020_300K,nep,L20,1899,npi_Deva
panel2,A,nep_news_2020_300K,nep,L20,1903,npi_Deva
panel2,A,nep_news_2020_300K,nep,L20,1905,npi_Deva
panel2,A,nep_news_2020_300K,nep,L20,1906,npi_Deva
panel2,A,nep_news_2020_300K,nep,L20,1908,npi_Deva
panel2,A,nep_news_2020_300K,nep,L20,1910,npi_Deva
panel2,A,nep_news_2020_300K,nep,L20,1911,npi_Deva
panel2,A,nep_news_2020_300K,nep,L20,1913,npi_Deva
panel2,A,nep_news_2020_300K,nep,L20,1916,npi_Deva
panel2,A,nep_news_2020_300K,nep,L20,1919,npi_Deva
panel2,A,nep_news_2020_300K,nep,L20,1920,npi_Deva
panel2,A,nep_news_2020_300K,nep,L20,1921,npi_Deva
panel2,A,nep_news_2020_300K,nep,L20,1925,npi_Deva
panel2,A,nep_news_2020_300K,nep,L20,1927,npi_Deva
panel2,A,nep_news_2020_300K,nep,L20,1929,npi_Deva
panel2,A,nep_news_2020_300K,nep,L20,1932,npi_Deva
panel2,A,nep_news_2020_300K,nep,L20,1933,npi_Deva
panel2,A,nep_news_2020_300K,nep,L20,1934,npi_Deva
panel2,A,nep_news_2020_300K,nep,L20,1935,npi_Deva
panel2,A,nep_news_2020_300K,nep,L20,1936,npi_Deva
panel2,A,nep_news_2020_300K,nep,L20,1938,npi_Deva
panel2,A,nep_news_2020_300K,nep,L20,1939,npi_Deva
panel2,A,nep_news_2020_300K,nep,L20,1942,npi_Deva
panel2,A,nep_news_2020_300K,nep,L20,1943,npi_Deva
panel2,A,nep_news_2020_300K,nep,L20,1952,npi_Deva
panel2,A,nep_news_2020_300K,nep,L20,1960,npi_Deva
panel2,A,nep_news_2020_300K,nep,L20,1962,npi_Deva
panel2,A,nep_news_2020_300K,nep,L20,1963,npi_Deva
panel2,A,nep_news_2020_300K,nep,L20,1965,npi_Deva
panel2,A,nep_news_2020_300K,nep,L20,1967,npi_Deva
panel2,A,nep_news_2020_300K,nep,L20,1972,npi_Deva
panel2,A,nep_news_2020_300K,nep,L20,1973,npi_Deva
panel2,A,nep_news_2020_300K,nep,L20,1974,npi_Deva
panel2,A,nep_news_2020_300K,nep,L20,1976,npi_Deva
panel2,A,nep_news_2020_300K,nep,L20,1978,npi_Deva
panel2,A,nep_news_2020_300K,nep,L20,1980,npi_Deva
panel2,A,nep_news_2020_300K,nep,L20,1981,npi_Deva
panel2,A,nep_news_2020_300K,nep,L20,1988,npi_Deva
panel2,A,nep_news_2020_300K,nep,L20,1990,npi_Deva
panel2,A,nep_news_2020_300K,nep,L20,1991,npi_Deva
panel2,A,nep_news_2020_300K,nep,L20,1992,npi_Deva
panel2,A,nep_news_2020_300K,nep,L20,1998,npi_Deva
panel2,A,nep_news_2020_300K,nep,L20,1999,npi_Deva
panel2,A,nep_news_2020_300K,nep,L20,2000,npi_Deva
panel2,A,nep_news_2020_300K,nep,L20,2001,npi_Deva
panel2,A,nep_news_2020_300K,nep,L20,2007,npi_Deva
panel2,A,nep_news_2020_300K,nep,L20,2008,npi_Deva
panel2,A,nep_news_2020_300K,nep,L20,2009,npi_Deva
panel2,A,nep_news_2020_300K,nep,L20,2012,npi_Deva
panel2,A,nep_news_2020_300K,nep,L20,2013,npi_Deva
panel2,A,nep_news_2020_300K,nep,L20,2014,npi_Deva
panel2,A,nep_news_2020_300K,nep,L20,2015,npi_Deva
panel2,A,nep_news_2020_300K,nep,L20,2016,npi_Deva
panel2,A,nep_news_2020_300K,nep,L20,2017,npi_Deva
panel2,A,nep_news_2020_300K,nep,L20,2018,npi_Deva
panel2,A,nep_news_2020_300K,nep,L20,2019,npi_Deva
panel2,A,nep_news_2020_300K,nep,L20,2021,npi_Deva
panel2,A,nep_news_2020_300K,nep,L20,2023,npi_Deva
panel2,A,nep_news_2020_300K,nep,L20,2024,npi_Deva
panel2,A,nep_news_2020_300K,nep,L20,2025,npi_Deva
panel2,A,nep_news_2020_300K,nep,L20,2026,npi_Deva
panel2,A,nep_news_2020_300K,nep,L20,2028,npi_Deva
panel2,A,nep_news_2020_300K,nep,L20,2031,npi_Deva
panel2,A,nep_news_2020_300K,nep,L20,2033,npi_Deva
panel2,A,nep_news_2020_300K,nep,L20,2034,npi_Deva
panel2,A,nep_news_2020_300K,nep,L20,2035,npi_Deva
panel2,A,nep_news_2020_300K,nep,L20,2037,npi_Deva
panel2,A,nep_news_2020_300K,nep,L20,2041,npi_Deva
panel2,A,nep_news_2020_300K,nep,L20,2045,npi_Deva
panel2,A,nep_news_2020_300K,nep,L20,2047,npi_Deva
panel2,A,nep_news_2020_300K,nep,L20,2049,npi_Deva
panel2,A,nep_news_2020_300K,nep,L20,2051,npi_Deva
panel2,A,nep_news_2020_300K,nep,L20,2055,npi_Deva
panel2,A,nep_news_2020_300K,nep,L20,2057,npi_Deva
panel2,A,nep_news_2020_300K,nep,L20,2060,npi_Deva
panel2,A,nep_news_2020_300K,nep,L20,2062,npi_Deva
panel2,A,nep_news_2020_300K,nep,L20,2063,npi_Deva
panel2,A,nep_news_2020_300K,nep,L20,2065,npi_Deva
panel2,A,nep_news_2020_300K,nep,L20,2068,npi_Deva
panel2,A,nep_news_2020_300K,nep,L20,2072,npi_Deva
panel2,A,nep_news_2020_300K,nep,L20,2073,npi_Deva
panel2,A,nep_news_2020_300K,nep,L20,2074,npi_Deva
panel2,A,nep_news_2020_300K,nep,L20,2075,npi_Deva
panel2,A,nep_news_2020_300K,nep,L20,2076,npi_Deva
panel2,A,nep_news_2020_300K,nep,L20,2077,npi_Deva
panel2,A,nep_news_2020_300K,nep,L20,2078,npi_Deva
panel2,A,nep_news_2020_300K,nep,L20,2082,npi_Deva
panel2,A,nep_news_2020_300K,nep,L20,2084,npi_Deva
panel2,A,nep_news_2020_300K,nep,L20,2085,npi_Deva
panel2,A,nep_news_2020_300K,nep,L20,2086,npi_Deva
panel2,A,nep_news_2020_300K,nep,L20,2089,npi_Deva
panel2,A,nep_news_2020_300K,nep,L20,2091,npi_Deva
panel2,A,nep_news_2020_300K,nep,L20,2093,npi_Deva
panel2,A,nep_news_2020_300K,nep,L20,2094,npi_Deva
panel2,A,nep_news_2020_300K,nep,L20,2096,npi_Deva
panel2,A,nep_news_2020_300K,nep,L20,2097,npi_Deva
panel2,A,nep_news_2020_300K,nep,L20,2098,npi_Deva
panel2,A,nep_news_2020_300K,nep,L20,2100,npi_Deva
panel2,A,nep_news_2020_300K,nep,L20,2101,npi_Deva
panel2,A,nep_news_2020_300K,nep,L20,2102,npi_Deva
panel2,A,nep_news_2020_300K,nep,L20,2103,npi_Deva
panel2,A,nep_news_2020_300K,nep,L20,2104,npi_Deva
panel2,A,nep_news_2020_300K,nep,L20,2107,npi_Deva
panel2,A,nep_news_2020_300K,nep,L20,2109,npi_Deva
panel2,A,nep_news_2020_300K,nep,L20,2111,npi_Deva
panel2,A,nep_news_2020_300K,nep,L20,2112,npi_Deva
panel2,A,nep_news_2020_300K,nep,L20,2113,npi_Deva
panel2,A,nep_news_2020_300K,nep,L20,2114,npi_Deva
panel2,A,nep_news_2020_300K,nep,L20,2115,npi_Deva
panel2,A,nep_news_2020_300K,nep,L20,2118,npi_Deva
panel2,A,nep_news_2020_300K,nep,L20,2119,npi_Deva
panel2,A,nep_news_2020_300K,nep,L20,2121,npi_Deva
panel2,A,nep_news_2020_300K,nep,L20,2122,npi_Deva
panel2,A,nep_news_2020_300K,nep,L20,2123,npi_Deva
panel2,A,nep_news_2020_300K,nep,L20,2124,npi_Deva
panel2,A,nep_news_2020_300K,nep,L20,2128,npi_Deva
panel2,A,nep_news_2020_300K,nep,L20,2129,npi_Deva
panel2,A,nep_news_2020_300K,nep,L20,2130,npi_Deva
panel2,A,nep_news_2020_300K,nep,L20,2131,npi_Deva
panel2,A,nep_news_2020_300K,nep,L20,2132,npi_Deva
panel2,A,nep_news_2020_300K,nep,L20,2133,npi_Deva
panel2,A,nep_news_2020_300K,nep,L20,2135,npi_Deva
panel2,A,nep_news_2020_300K,nep,L20,2136,npi_Deva
panel2,A,nep_news_2020_300K,nep,L20,2137,npi_Deva
panel2,A,nep_news_2020_300K,nep,L20,2138,npi_Deva
panel2,A,nep_news_2020_300K,nep,L20,2139,npi_Deva
panel2,A,nep_news_2020_300K,nep,L20,2140,npi_Deva
panel2,A,nep_news_2020_300K,nep,L20,2142,npi_Deva
panel2,A,nep_news_2020_300K,nep,L20,2143,npi_Deva
panel2,A,nep_news_2020_300K,nep,L20,2145,npi_Deva
panel2,A,nep_news_2020_300K,nep,L20,2149,npi_Deva
panel2,A,nep_news_2020_300K,nep,L20,2150,npi_Deva
panel2,A,nep_news_2020_300K,nep,L20,2151,npi_Deva
panel2,A,nep_news_2020_300K,nep,L20,2152,npi_Deva
panel2,A,nep_news_2020_300K,nep,L20,2153,npi_Deva
panel2,A,nep_news_2020_300K,nep,L20,2154,npi_Deva
panel2,A,nep_news_2020_300K,nep,L20,2155,npi_Deva
panel2,A,nep_news_2020_300K,nep,L20,2156,npi_Deva
panel2,A,nep_news_2020_300K,nep,L20,2157,npi_Deva
panel2,A,nep_news_2020_300K,nep,L20,2158,npi_Deva
panel2,A,nep_news_2020_300K,nep,L20,2159,npi_Deva
panel2,A,nep_news_2020_300K,nep,L20,2160,npi_Deva
panel2,A,nep_news_2020_300K,nep,L20,2161,npi_Deva
panel2,A,nep_news_2020_300K,nep,L20,2162,npi_Deva
panel2,A,nep_news_2020_300K,nep,L20,2164,npi_Deva
panel2,A,nep_news_2020_300K,nep,L20,2168,npi_Deva
panel2,A,nep_news_2020_300K,nep,L20,2169,npi_Deva
panel2,A,nep_news_2020_300K,nep,L20,2170,npi_Deva
panel2,A,nep_news_2020_300K,nep,L20,2174,npi_Deva
panel2,A,nep_news_2020_300K,nep,L20,2176,npi_Deva
panel2,A,nep_news_2020_300K,nep,L20,2177,npi_Deva
panel2,A,nep_news_2020_300K,nep,L20,2182,npi_Deva
panel2,A,nep_news_2020_300K,nep,L20,2183,npi_Deva
panel2,A,nep_news_2020_300K,nep,L20,2184,npi_Deva
panel2,A,nep_news_2020_300K,nep,L20,2185,npi_Deva
panel2,A,nep_news_2020_300K,nep,L20,2189,npi_Deva
panel2,A,nep_news_2020_300K,nep,L20,2190,npi_Deva
panel2,A,nep_news_2020_300K,nep,L20,2191,npi_Deva
panel2,A,nep_news_2020_300K,nep,L20,2192,npi_Deva
panel2,A,nep_news_2020_300K,nep,L20,2194,npi_Deva
panel2,A,nep_news_2020_300K,nep,L20,2198,npi_Deva
panel2,A,nep_news_2020_300K,nep,L20,2199,npi_Deva
panel2,A,nep_news_2020_300K,nep,L20,2200,npi_Deva
panel2,A,nep_news_2020_300K,nep,L20,2202,npi_Deva
panel2,A,nep_news_2020_300K,nep,L20,2204,npi_Deva
panel2,A,nep_news_2020_300K,nep,L20,2205,npi_Deva
panel2,A,nep_news_2020_300K,nep,L20,2206,npi_Deva
panel2,A,nep_news_2020_300K,nep,L20,2207,npi_Deva
panel2,A,nep_news_2020_300K,nep,L20,2208,npi_Deva
panel2,A,nep_news_2020_300K,nep,L20,2209,npi_Deva
panel2,A,nep_news_2020_300K,nep,L20,2210,npi_Deva
panel2,A,nep_news_2020_300K,nep,L20,2211,npi_Deva
panel2,A,nep_news_2020_300K,nep,L20,2212,npi_Deva
panel2,A,nep_news_2020_300K,nep,L20,2213,npi_Deva
panel2,A,nep_news_2020_300K,nep,L20,2215,npi_Deva
panel2,A,nep_news_2020_300K,nep,L20,2216,npi_Deva
panel2,A,nep_news_2020_300K,nep,L20,2218,npi_Deva
panel2,A,nep_news_2020_300K,nep,L20,2220,npi_Deva
panel2,A,nep_news_2020_300K,nep,L20,2221,npi_Deva
panel2,A,nep_news_2020_300K,nep,L20,2222,npi_Deva
panel2,A,nep_news_2020_300K,nep,L20,2223,npi_Deva
panel2,A,nep_news_2020_300K,nep,L20,2224,npi_Deva
panel2,A,nep_news_2020_300K,nep,L20,2226,npi_Deva
panel2,A,nep_news_2020_300K,nep,L20,2230,npi_Deva
panel2,A,nep_news_2020_300K,nep,L20,2231,npi_Deva
panel2,A,nep_news_2020_300K,nep,L20,2232,npi_Deva
panel2,A,nep_news_2020_300K,nep,L20,2234,npi_Deva
panel2,A,nep_news_2020_300K,nep,L20,2235,npi_Deva
panel2,A,nep_news_2020_300K,nep,L20,2236,npi_Deva
panel2,A,nep_news_2020_300K,nep,L20,2237,npi_Deva
panel2,A,nep_news_2020_300K,nep,L20,2238,npi_Deva
panel2,A,nep_news_2020_300K,nep,L20,2239,npi_Deva
panel2,A,nep_news_2020_300K,nep,L20,2241,npi_Deva
panel2,A,nep_news_2020_300K,nep,L20,2244,npi_Deva
panel2,A,nep_news_2020_300K,nep,L20,2245,npi_Deva
panel2,A,nep_news_2020_300K,nep,L20,2246,npi_Deva
panel2,A,nep_news_2020_300K,nep,L20,2247,npi_Deva
panel2,A,nep_news_2020_300K,nep,L20,2248,npi_Deva
panel2,A,nep_news_2020_300K,nep,L20,2249,npi_Deva
panel2,A,nep_news_2020_300K,nep,L20,2254,npi_Deva
panel2,A,nep_news_2020_300K,nep,L20,2256,npi_Deva
panel2,A,nep_news_2020_300K,nep,L20,2259,npi_Deva
panel2,A,nep_news_2020_300K,nep,L20,2261,npi_Deva
panel2,A,nep_news_2020_300K,nep,L20,2262,npi_Deva
panel2,A,nep_news_2020_300K,nep,L20,2263,npi_Deva
panel2,A,nep_news_2020_300K,nep,L20,2264,npi_Deva
panel2,A,nep_news_2020_300K,nep,L20,2266,npi_Deva
panel2,A,nep_news_2020_300K,nep,L20,2267,npi_Deva
panel2,A,nep_news_2020_300K,nep,L20,2268,npi_Deva
panel2,A,nep_news_2020_300K,nep,L20,2269,npi_Deva
panel2,A,nep_news_2020_300K,nep,L20,2270,npi_Deva
panel2,A,nep_news_2020_300K,nep,L20,2271,npi_Deva
panel2,A,nep_news_2020_300K,nep,L20,2272,npi_Deva
panel2,A,nep_news_2020_300K,nep,L20,2278,npi_Deva
panel2,A,nep_news_2020_300K,nep,L20,2279,npi_Deva
panel2,A,nep_news_2020_300K,nep,L20,2280,npi_Deva
panel2,A,nep_news_2020_300K,nep,L20,2281,npi_Deva
panel2,A,nep_news_2020_300K,nep,L20,2282,npi_Deva
panel2,A,nep_news_2020_300K,nep,L20,2284,npi_Deva
panel2,A,nep_news_2020_300K,nep,L20,2285,npi_Deva
panel2,A,nep_news_2020_300K,nep,L20,2286,npi_Deva
panel2,A,nep_news_2020_300K,nep,L20,2288,npi_Deva
panel2,A,nep_news_2020_300K,nep,L20,2289,npi_Deva
panel2,A,nep_news_2020_300K,nep,L20,2291,npi_Deva
panel2,A,nep_news_2020_300K,nep,L20,2292,npi_Deva
panel2,A,nep_news_2020_300K,nep,L20,2293,npi_Deva
panel2,A,nep_news_2020_300K,nep,L20,2294,npi_Deva
panel2,A,nep_news_2020_300K,nep,L20,2295,npi_Deva
panel2,A,nep_news_2020_300K,nep,L20,2296,npi_Deva
panel2,A,nep_news_2020_300K,nep,L20,2297,npi_Deva
panel2,A,nep_news_2020_300K,nep,L20,2300,npi_Deva
panel2,A,nep_news_2020_300K,nep,L20,2301,npi_Deva
panel2,A,nep_news_2020_300K,nep,L20,2303,npi_Deva
panel2,A,nep_news_2020_300K,nep,L20,2304,npi_Deva
panel2,A,nep_news_2020_300K,nep,L20,2305,npi_Deva
panel2,A,nep_news_2020_300K,nep,L20,2309,npi_Deva
panel2,A,nep_news_2020_300K,nep,L20,2310,npi_Deva
panel2,A,nep_news_2020_300K,nep,L20,2311,npi_Deva
panel2,A,nep_news_2020_300K,nep,L20,2314,npi_Deva
panel2,A,nep_news_2020_300K,nep,L20,2318,npi_Deva
panel2,A,nep_news_2020_300K,nep,L20,2319,npi_Deva
panel2,A,nep_news_2020_300K,nep,L20,2320,npi_Deva
panel2,A,nep_news_2020_300K,nep,L20,2322,npi_Deva
panel2,A,nep_news_2020_300K,nep,L20,2323,npi_Deva
panel2,A,nep_news_2020_300K,nep,L20,2324,npi_Deva
panel2,A,nep_news_2020_300K,nep,L20,2326,npi_Deva
panel2,A,nep_news_2020_300K,nep,L20,2330,npi_Deva
panel2,A,nep_news_2020_300K,nep,L20,2332,npi_Deva
panel2,A,nep_news_2020_300K,nep,L20,2333,npi_Deva
panel2,A,nep_news_2020_300K,nep,L20,2334,npi_Deva
panel2,A,nep_news_2020_300K,nep,L20,2335,npi_Deva
panel2,A,nep_news_2020_300K,nep,L20,2340,npi_Deva
panel2,A,nep_news_2020_300K,nep,L20,2345,npi_Deva
panel2,A,nep_news_2020_300K,nep,L20,2348,npi_Deva
panel2,A,nep_news_2020_300K,nep,L20,2351,npi_Deva
panel2,A,nep_news_2020_300K,nep,L20,2352,npi_Deva
panel2,A,nep_news_2020_300K,nep,L20,2353,npi_Deva
panel2,A,nep_news_2020_300K,nep,L20,2357,npi_Deva
panel2,A,nep_news_2020_300K,nep,L20,2363,npi_Deva
panel2,A,nep_news_2020_300K,nep,L20,2365,npi_Deva
panel2,A,nep_news_2020_300K,nep,L20,2366,npi_Deva
panel2,A,nep_news_2020_300K,nep,L20,2369,npi_Deva
panel2,A,nep_news_2020_300K,nep,L20,2370,npi_Deva
panel2,A,nep_news_2020_300K,nep,L20,2372,npi_Deva
panel2,A,nep_news_2020_300K,nep,L20,2373,npi_Deva
panel2,A,nep_news_2020_300K,nep,L20,2376,npi_Deva
panel2,A,nep_news_2020_300K,nep,L20,2377,npi_Deva
panel2,A,nep_news_2020_300K,nep,L20,2380,npi_Deva
panel2,A,nep_news_2020_300K,nep,L20,2381,npi_Deva
panel2,A,nep_news_2020_300K,nep,L20,2382,npi_Deva
panel2,A,nep_news_2020_300K,nep,L20,2384,npi_Deva
panel2,A,nep_news_2020_300K,nep,L20,2386,npi_Deva
panel2,A,nep_news_2020_300K,nep,L20,2387,npi_Deva
panel2,A,nep_news_2020_300K,nep,L20,2388,npi_Deva
panel2,A,nep_news_2020_300K,nep,L20,2389,npi_Deva
panel2,A,nep_news_2020_300K,nep,L20,2390,npi_Deva
panel2,A,nep_news_2020_300K,nep,L20,2392,npi_Deva
panel2,A,nep_news_2020_300K,nep,L20,2393,npi_Deva
panel2,A,nep_news_2020_300K,nep,L20,2394,npi_Deva
panel2,A,nep_news_2020_300K,nep,L20,2397,npi_Deva
panel2,A,nep_news_2020_300K,nep,L20,2398,npi_Deva
panel2,A,nep_news_2020_300K,nep,L20,2402,npi_Deva
panel2,A,nep_news_2020_300K,nep,L20,2408,npi_Deva
panel2,A,nep_news_2020_300K,nep,L20,2409,npi_Deva
panel2,A,nep_news_2020_300K,nep,L20,2410,npi_Deva
panel2,A,nep_news_2020_300K,nep,L20,2411,npi_Deva
panel2,A,nep_news_2020_300K,nep,L20,2413,npi_Deva
panel2,A,nep_news_2020_300K,nep,L20,2414,npi_Deva
panel2,A,nep_news_2020_300K,nep,L20,2415,npi_Deva
panel2,A,nep_news_2020_300K,nep,L20,2416,npi_Deva
panel2,A,nep_news_2020_300K,nep,L20,2417,npi_Deva
panel2,A,nep_news_2020_300K,nep,L20,2422,npi_Deva
panel2,A,nep_news_2020_300K,nep,L20,2423,npi_Deva
panel2,A,nep_news_2020_300K,nep,L20,2425,npi_Deva
panel2,A,nep_news_2020_300K,nep,L20,2426,npi_Deva
panel2,A,nep_news_2020_300K,nep,L20,2427,npi_Deva
panel2,A,nep_news_2020_300K,nep,L20,2428,npi_Deva
panel2,A,nep_news_2020_300K,nep,L20,2429,npi_Deva
panel2,A,nep_news_2020_300K,nep,L20,2430,npi_Deva
panel2,A,nep_news_2020_300K,nep,L20,2432,npi_Deva
panel2,A,nep_news_2020_300K,nep,L20,2434,npi_Deva
panel2,A,nep_news_2020_300K,nep,L20,2435,npi_Deva
panel2,A,nep_news_2020_300K,nep,L20,2436,npi_Deva
panel2,A,nep_news_2020_300K,nep,L20,2437,npi_Deva
panel2,A,nep_news_2020_300K,nep,L20,2438,npi_Deva
panel2,A,nep_news_2020_300K,nep,L20,2439,npi_Deva
panel2,A,nep_news_2020_300K,nep,L20,2440,npi_Deva
panel2,A,nep_news_2020_300K,nep,L20,2441,npi_Deva
panel2,A,nep_news_2020_300K,nep,L20,2442,npi_Deva
panel2,A,nep_news_2020_300K,nep,L20,2443,npi_Deva
panel2,A,nep_news_2020_300K,nep,L20,2444,npi_Deva
panel2,A,nep_news_2020_300K,nep,L20,2451,npi_Deva
panel2,A,nep_news_2020_300K,nep,L20,2453,npi_Deva
panel2,A,nep_news_2020_300K,nep,L20,2457,npi_Deva
panel2,A,nep_news_2020_300K,nep,L20,2459,npi_Deva
panel2,A,nep_news_2020_300K,nep,L20,2460,npi_Deva
panel2,A,nep_news_2020_300K,nep,L20,2461,npi_Deva
panel2,A,nep_news_2020_300K,nep,L20,2462,npi_Deva
panel2,A,nep_news_2020_300K,nep,L20,2464,npi_Deva
panel2,A,nep_news_2020_300K,nep,L20,2466,npi_Deva
panel2,A,nep_news_2020_300K,nep,L20,2468,npi_Deva
panel2,A,nep_news_2020_300K,nep,L20,2469,npi_Deva
panel2,A,nep_news_2020_300K,nep,L20,2470,npi_Deva
panel2,A,nep_news_2020_300K,nep,L20,2472,npi_Deva
panel2,A,nep_news_2020_300K,nep,L20,2473,npi_Deva
panel2,A,nep_news_2020_300K,nep,L20,2474,npi_Deva
panel2,A,nep_news_2020_300K,nep,L20,2475,npi_Deva
panel2,A,nep_news_2020_300K,nep,L20,2476,npi_Deva
panel2,A,nep_news_2020_300K,nep,L20,2477,npi_Deva
panel2,A,nep_news_2020_300K,nep,L20,2478,npi_Deva
panel2,A,nep_news_2020_300K,nep,L20,2480,npi_Deva
panel2,A,nep_news_2020_300K,nep,L20,2481,npi_Deva
panel2,A,nep_news_2020_300K,nep,L20,2483,npi_Deva
panel2,A,nep_news_2020_300K,nep,L20,2484,npi_Deva
panel2,A,nep_news_2020_300K,nep,L20,2489,npi_Deva
panel2,A,nep_news_2020_300K,nep,L20,2492,npi_Deva
panel2,A,nep_news_2020_300K,nep,L20,2494,npi_Deva
panel2,A,nep_news_2020_300K,nep,L20,2495,npi_Deva
panel2,A,nep_news_2020_300K,nep,L20,2496,npi_Deva
panel2,A,nep_news_2020_300K,nep,L20,2497,npi_Deva
panel2,A,nep_news_2020_300K,nep,L20,2502,npi_Deva
panel2,A,nep_news_2020_300K,nep,L20,2503,npi_Deva
panel2,A,nep_news_2020_300K,nep,L20,2506,npi_Deva
panel2,A,nep_news_2020_300K,nep,L20,2507,npi_Deva
panel2,A,nep_news_2020_300K,nep,L20,2508,npi_Deva
panel2,A,nep_news_2020_300K,nep,L20,2509,npi_Deva
panel2,A,nep_news_2020_300K,nep,L20,2511,npi_Deva
panel2,A,nep_news_2020_300K,nep,L20,2513,npi_Deva
panel2,A,nep_news_2020_300K,nep,L20,2514,npi_Deva
panel2,A,nep_news_2020_300K,nep,L20,2517,npi_Deva
panel2,A,nep_news_2020_300K,nep,L20,2519,npi_Deva
panel2,A,nep_news_2020_300K,nep,L20,2522,npi_Deva
panel2,A,nep_news_2020_300K,nep,L20,2523,npi_Deva
panel2,A,nep_news_2020_300K,nep,L20,2527,npi_Deva
panel2,A,nep_news_2020_300K,nep,L20,2530,npi_Deva
panel2,A,nep_news_2020_300K,nep,L20,2532,npi_Deva
panel2,A,nep_news_2020_300K,nep,L20,2533,npi_Deva
panel2,A,nep_news_2020_300K,nep,L20,2534,npi_Deva
panel2,A,nep_news_2020_300K,nep,L20,2537,npi_Deva
panel2,A,nep_news_2020_300K,nep,L20,2540,npi_Deva
panel2,A,nep_news_2020_300K,nep,L20,2542,npi_Deva
panel2,A,nep_news_2020_300K,nep,L20,2545,npi_Deva
panel2,A,nep_news_2020_300K,nep,L20,2547,npi_Deva
panel2,A,nep_news_2020_300K,nep,L20,2549,npi_Deva
panel2,A,nep_news_2020_300K,nep,L20,2551,npi_Deva
panel2,A,nep_news_2020_300K,nep,L20,2552,npi_Deva
panel2,A,nep_news_2020_300K,nep,L20,2554,npi_Deva
panel2,A,nep_news_2020_300K,nep,L20,2555,npi_Deva
panel2,A,nep_news_2020_300K,nep,L20,2557,npi_Deva
panel2,A,nep_news_2020_300K,nep,L20,2560,npi_Deva
panel2,A,nep_news_2020_300K,nep,L20,2562,npi_Deva
panel2,A,nep_news_2020_300K,nep,L20,2563,npi_Deva
panel2,A,nep_news_2020_300K,nep,L20,2564,npi_Deva
panel2,A,nep_news_2020_300K,nep,L20,2565,npi_Deva
panel2,A,nep_news_2020_300K,nep,L20,2567,npi_Deva
panel2,A,nep_news_2020_300K,nep,L20,2568,npi_Deva
panel2,A,nep_news_2020_300K,nep,L20,2572,npi_Deva
panel2,A,nep_news_2020_300K,nep,L20,2573,npi_Deva
panel2,A,nep_news_2020_300K,nep,L20,2575,npi_Deva
panel2,A,nep_news_2020_300K,nep,L20,2576,npi_Deva
panel2,A,nep_news_2020_300K,nep,L20,2577,npi_Deva
panel2,A,nep_news_2020_300K,nep,L20,2579,npi_Deva
panel2,A,nep_news_2020_300K,nep,L20,2581,npi_Deva
panel2,A,nep_news_2020_300K,nep,L20,2582,npi_Deva
panel2,A,nep_news_2020_300K,nep,L20,2583,npi_Deva
panel2,A,nep_news_2020_300K,nep,L20,2589,npi_Deva
panel2,A,nep_news_2020_300K,nep,L20,2590,npi_Deva
panel2,A,nep_news_2020_300K,nep,L20,2591,npi_Deva
panel2,A,nep_news_2020_300K,nep,L20,2593,npi_Deva
panel2,A,nep_news_2020_300K,nep,L20,2594,npi_Deva
panel2,A,nep_news_2020_300K,nep,L20,2596,npi_Deva
panel2,A,nep_news_2020_300K,nep,L20,2597,npi_Deva
panel2,A,nep_news_2020_300K,nep,L20,2601,npi_Deva
panel2,A,nep_news_2020_300K,nep,L20,2603,npi_Deva
panel2,A,nep_news_2020_300K,nep,L20,2604,npi_Deva
panel2,A,nep_news_2020_300K,nep,L20,2605,npi_Deva
panel2,A,nep_news_2020_300K,nep,L20,2608,npi_Deva
panel2,A,nep_news_2020_300K,nep,L20,2610,npi_Deva
panel2,A,nep_news_2020_300K,nep,L20,2613,npi_Deva
panel2,A,nep_news_2020_300K,nep,L20,2614,npi_Deva
panel2,A,nep_news_2020_300K,nep,L20,2616,npi_Deva
panel2,A,nep_news_2020_300K,nep,L20,2620,npi_Deva
panel2,A,nep_news_2020_300K,nep,L20,2621,npi_Deva
panel2,A,nep_news_2020_300K,nep,L20,2623,npi_Deva
panel2,A,nep_news_2020_300K,nep,L20,2626,npi_Deva
panel2,A,nep_news_2020_300K,nep,L20,2627,npi_Deva
panel2,A,nep_news_2020_300K,nep,L20,2631,npi_Deva
panel2,A,nep_news_2020_300K,nep,L20,2634,npi_Deva
panel2,A,nep_news_2020_300K,nep,L20,2635,npi_Deva
panel2,A,nep_news_2020_300K,nep,L20,2640,npi_Deva
panel2,A,nep_news_2020_300K,nep,L20,2642,npi_Deva
panel2,A,nep_news_2020_300K,nep,L20,2643,npi_Deva
panel2,A,nep_news_2020_300K,nep,L20,2644,npi_Deva
panel2,A,nep_news_2020_300K,nep,L20,2646,npi_Deva
panel2,A,nep_news_2020_300K,nep,L20,2647,npi_Deva
panel2,A,nep_news_2020_300K,nep,L20,2649,npi_Deva
panel2,A,nep_news_2020_300K,nep,L20,2650,npi_Deva
panel2,A,nep_news_2020_300K,nep,L20,2654,npi_Deva
panel2,A,nep_news_2020_300K,nep,L20,2655,npi_Deva
panel2,A,nep_news_2020_300K,nep,L20,2657,npi_Deva
panel2,A,nep_news_2020_300K,nep,L20,2658,npi_Deva
panel2,A,nep_news_2020_300K,nep,L20,2660,npi_Deva
panel2,A,nep_news_2020_300K,nep,L20,2661,npi_Deva
panel2,A,nep_news_2020_300K,nep,L20,2662,npi_Deva
panel2,A,nep_news_2020_300K,nep,L20,2664,npi_Deva
panel2,A,nep_news_2020_300K,nep,L20,2665,npi_Deva
panel2,A,nep_news_2020_300K,nep,L20,2666,npi_Deva
panel2,A,nep_news_2020_300K,nep,L20,2667,npi_Deva
panel2,A,nep_news_2020_300K,nep,L20,2669,npi_Deva
panel2,A,nep_news_2020_300K,nep,L20,2671,npi_Deva
panel2,A,nep_news_2020_300K,nep,L20,2672,npi_Deva
panel2,A,nep_news_2020_300K,nep,L20,2673,npi_Deva
panel2,A,nep_news_2020_300K,nep,L20,2674,npi_Deva
panel2,A,nep_news_2020_300K,nep,L20,2676,npi_Deva
panel2,A,nep_news_2020_300K,nep,L20,2677,npi_Deva
panel2,A,nep_news_2020_300K,nep,L20,2679,npi_Deva
panel2,A,nep_news_2020_300K,nep,L20,2680,npi_Deva
panel2,A,nep_news_2020_300K,nep,L20,2681,npi_Deva
panel2,A,nep_news_2020_300K,nep,L20,2682,npi_Deva
panel2,A,nep_news_2020_300K,nep,L20,2683,npi_Deva
panel2,A,nep_news_2020_300K,nep,L20,2684,npi_Deva
panel2,A,nep_news_2020_300K,nep,L20,2687,npi_Deva
panel2,A,nep_news_2020_300K,nep,L20,2689,npi_Deva
panel2,A,nep_news_2020_300K,nep,L20,2690,npi_Deva
panel2,A,nep_news_2020_300K,nep,L20,2691,npi_Deva
panel2,A,nep_news_2020_300K,nep,L20,2692,npi_Deva
panel2,A,nep_news_2020_300K,nep,L20,2693,npi_Deva
panel2,A,nep_news_2020_300K,nep,L20,2697,npi_Deva
panel2,A,nep_news_2020_300K,nep,L20,2699,npi_Deva
panel2,A,nep_news_2020_300K,nep,L20,2702,npi_Deva
panel2,A,nep_news_2020_300K,nep,L20,2705,npi_Deva
panel2,A,nep_news_2020_300K,nep,L20,2707,npi_Deva
panel2,A,nep_news_2020_300K,nep,L20,2708,npi_Deva
panel2,A,nep_news_2020_300K,nep,L20,2710,npi_Deva
panel2,A,nep_news_2020_300K,nep,L20,2711,npi_Deva
panel2,A,nep_news_2020_300K,nep,L20,2712,npi_Deva
panel2,A,nep_news_2020_300K,nep,L20,2716,npi_Deva
panel2,A,nep_news_2020_300K,nep,L20,2721,npi_Deva
panel2,A,nep_news_2020_300K,nep,L20,2726,npi_Deva
panel2,A,nep_news_2020_300K,nep,L20,2727,npi_Deva
panel2,A,nep_news_2020_300K,nep,L20,2728,npi_Deva
panel2,A,nep_news_2020_300K,nep,L20,2729,npi_Deva
panel2,A,nep_news_2020_300K,nep,L20,2730,npi_Deva
panel2,A,nep_news_2020_300K,nep,L20,2731,npi_Deva
panel2,A,nep_news_2020_300K,nep,L20,2732,npi_Deva
panel2,A,nep_news_2020_300K,nep,L20,2735,npi_Deva
panel2,A,nep_news_2020_300K,nep,L20,2736,npi_Deva
panel2,A,nep_news_2020_300K,nep,L20,2738,npi_Deva
panel2,A,nep_news_2020_300K,nep,L20,2740,npi_Deva
panel2,A,nep_news_2020_300K,nep,L20,2741,npi_Deva
panel2,A,nep_news_2020_300K,nep,L20,2744,npi_Deva
panel2,A,nep_news_2020_300K,nep,L20,2747,npi_Deva
panel2,A,nep_news_2020_300K,nep,L20,2748,npi_Deva
panel2,A,nep_news_2020_300K,nep,L20,2749,npi_Deva
panel2,A,nep_news_2020_300K,nep,L20,2750,npi_Deva
panel2,A,nep_news_2020_300K,nep,L20,2753,npi_Deva
panel2,A,nep_news_2020_300K,nep,L20,2754,npi_Deva
panel2,A,nep_news_2020_300K,nep,L20,2757,npi_Deva
panel2,A,nep_news_2020_300K,nep,L20,2763,npi_Deva
panel2,A,nep_news_2020_300K,nep,L20,2764,npi_Deva
panel2,A,nep_news_2020_300K,nep,L20,2767,npi_Deva
panel2,A,nep_news_2020_300K,nep,L20,2768,npi_Deva
panel2,A,nep_news_2020_300K,nep,L20,2769,npi_Deva
panel2,A,nep_news_2020_300K,nep,L20,2775,npi_Deva
panel2,A,nep_news_2020_300K,nep,L20,2776,npi_Deva
panel2,A,nep_news_2020_300K,nep,L20,2778,npi_Deva
panel2,A,nep_news_2020_300K,nep,L20,2779,npi_Deva
panel2,A,nep_news_2020_300K,nep,L20,2780,npi_Deva
panel2,A,nep_news_2020_300K,nep,L20,2785,npi_Deva
panel2,A,nep_news_2020_300K,nep,L20,2786,npi_Deva
panel2,A,nep_news_2020_300K,nep,L20,2787,npi_Deva
panel2,A,nep_news_2020_300K,nep,L20,2789,npi_Deva
panel2,A,nep_news_2020_300K,nep,L20,2790,npi_Deva
panel2,A,nep_news_2020_300K,nep,L20,2792,npi_Deva
panel2,A,nep_news_2020_300K,nep,L20,2795,npi_Deva
panel2,A,nep_news_2020_300K,nep,L20,2797,npi_Deva
panel2,A,nep_news_2020_300K,nep,L20,2798,npi_Deva
panel2,A,nep_news_2020_300K,nep,L20,2801,npi_Deva
panel2,A,nep_news_2020_300K,nep,L20,2802,npi_Deva
panel2,A,nep_news_2020_300K,nep,L20,2803,npi_Deva
panel2,A,nep_news_2020_300K,nep,L20,2807,npi_Deva
panel2,A,nep_news_2020_300K,nep,L20,2810,npi_Deva
panel2,A,nep_news_2020_300K,nep,L20,2811,npi_Deva
panel2,A,nep_news_2020_300K,nep,L20,2813,npi_Deva
panel2,A,nep_news_2020_300K,nep,L20,2816,npi_Deva
panel2,A,nep_news_2020_300K,nep,L20,2817,npi_Deva
panel2,A,nep_news_2020_300K,nep,L20,2818,npi_Deva
panel2,A,nep_news_2020_300K,nep,L20,2819,npi_Deva
panel2,A,nep_news_2020_300K,nep,L20,2820,npi_Deva
panel2,A,nep_news_2020_300K,nep,L20,2822,npi_Deva
panel2,A,nep_news_2020_300K,nep,L20,2823,npi_Deva
panel2,A,nep_news_2020_300K,nep,L20,2825,npi_Deva
panel2,A,nep_news_2020_300K,nep,L20,2826,npi_Deva
panel2,A,nep_news_2020_300K,nep,L20,2829,npi_Deva
panel2,A,nep_news_2020_300K,nep,L20,2830,npi_Deva
panel2,A,nep_news_2020_300K,nep,L20,2831,npi_Deva
panel2,A,nep_news_2020_300K,nep,L20,2835,npi_Deva
panel2,A,nep_news_2020_300K,nep,L20,2836,npi_Deva
panel2,A,nep_news_2020_300K,nep,L20,2837,npi_Deva
panel2,A,nep_news_2020_300K,nep,L20,2838,npi_Deva
panel2,A,nep_news_2020_300K,nep,L20,2839,npi_Deva
panel2,A,nep_news_2020_300K,nep,L20,2840,npi_Deva
panel2,A,nep_news_2020_300K,nep,L20,2846,npi_Deva
panel2,A,nep_news_2020_300K,nep,L20,2849,npi_Deva
panel2,A,nep_news_2020_300K,nep,L20,2850,npi_Deva
panel2,A,nep_news_2020_300K,nep,L20,2853,npi_Deva
panel2,A,nep_news_2020_300K,nep,L20,2856,npi_Deva
panel2,A,nep_news_2020_300K,nep,L20,2857,npi_Deva
panel2,A,nep_news_2020_300K,nep,L20,2858,npi_Deva
panel2,A,nep_news_2020_300K,nep,L20,2859,npi_Deva
panel2,A,nep_news_2020_300K,nep,L20,2861,npi_Deva
panel2,A,nep_news_2020_300K,nep,L20,2863,npi_Deva
panel2,A,nep_news_2020_300K,nep,L20,2865,npi_Deva
panel2,A,nep_news_2020_300K,nep,L20,2866,npi_Deva
panel2,A,nep_news_2020_300K,nep,L20,2868,npi_Deva
panel2,A,nep_news_2020_300K,nep,L20,2869,npi_Deva
panel2,A,nep_news_2020_300K,nep,L20,2870,npi_Deva
panel2,A,nep_news_2020_300K,nep,L20,2873,npi_Deva
panel2,A,nep_news_2020_300K,nep,L20,2876,npi_Deva
panel2,A,nep_news_2020_300K,nep,L20,2877,npi_Deva
panel2,A,nep_news_2020_300K,nep,L20,2879,npi_Deva
panel2,A,nep_news_2020_300K,nep,L20,2880,npi_Deva
panel2,A,nep_news_2020_300K,nep,L20,2882,npi_Deva
panel2,A,nep_news_2020_300K,nep,L20,2887,npi_Deva
panel2,A,nep_news_2020_300K,nep,L20,2889,npi_Deva
panel2,A,nep_news_2020_300K,nep,L20,2890,npi_Deva
panel2,A,nep_news_2020_300K,nep,L20,2897,npi_Deva
panel2,A,nep_news_2020_300K,nep,L20,2898,npi_Deva
panel2,A,nep_news_2020_300K,nep,L20,2899,npi_Deva
panel2,A,nep_news_2020_300K,nep,L20,2901,npi_Deva
panel2,A,nep_news_2020_300K,nep,L20,2904,npi_Deva
panel2,A,nep_news_2020_300K,nep,L20,2905,npi_Deva
panel2,A,nep_news_2020_300K,nep,L20,2906,npi_Deva
panel2,A,nep_news_2020_300K,nep,L20,2907,npi_Deva
panel2,A,nep_news_2020_300K,nep,L20,2913,npi_Deva
panel2,A,nep_news_2020_300K,nep,L20,2917,npi_Deva
panel2,A,nep_news_2020_300K,nep,L20,2920,npi_Deva
panel2,A,nep_news_2020_300K,nep,L20,2925,npi_Deva
panel2,A,nep_news_2020_300K,nep,L20,2927,npi_Deva
panel2,A,nep_news_2020_300K,nep,L20,2931,npi_Deva
panel2,A,nep_news_2020_300K,nep,L20,2933,npi_Deva
panel2,A,nep_news_2020_300K,nep,L20,2939,npi_Deva
panel2,A,nep_news_2020_300K,nep,L20,2941,npi_Deva
panel2,A,nep_news_2020_300K,nep,L20,2943,npi_Deva
panel2,A,nep_news_2020_300K,nep,L20,2946,npi_Deva
panel2,A,nep_news_2020_300K,nep,L20,2948,npi_Deva
panel2,A,nep_news_2020_300K,nep,L20,2950,npi_Deva
panel2,A,nep_news_2020_300K,nep,L20,2952,npi_Deva
panel2,A,nep_news_2020_300K,nep,L20,2954,npi_Deva
panel2,A,nep_news_2020_300K,nep,L20,2955,npi_Deva
panel2,A,nep_news_2020_300K,nep,L20,2961,npi_Deva
panel2,A,nep_news_2020_300K,nep,L20,2963,npi_Deva
panel2,A,nep_news_2020_300K,nep,L20,2964,npi_Deva
panel2,A,nep_news_2020_300K,nep,L20,2967,npi_Deva
panel2,A,nep_news_2020_300K,nep,L20,2968,npi_Deva
panel2,A,nep_news_2020_300K,nep,L20,2970,npi_Deva
panel2,A,nep_news_2020_300K,nep,L20,2971,npi_Deva
panel2,A,nep_news_2020_300K,nep,L20,2973,npi_Deva
panel2,A,nep_news_2020_300K,nep,L20,2976,npi_Deva
panel2,A,nep_news_2020_300K,nep,L20,2980,npi_Deva
panel2,A,nep_news_2020_300K,nep,L20,2981,npi_Deva
panel2,A,nep_news_2020_300K,nep,L20,2982,npi_Deva
panel2,A,nep_news_2020_300K,nep,L20,2983,npi_Deva
panel2,A,nep_news_2020_300K,nep,L20,2984,npi_Deva
panel2,A,nep_news_2020_300K,nep,L20,2985,npi_Deva
panel2,A,nep_news_2020_300K,nep,L20,2988,npi_Deva
panel2,A,nep_news_2020_300K,nep,L20,2989,npi_Deva
panel2,A,nep_news_2020_300K,nep,L20,2990,npi_Deva
panel2,A,nep_news_2020_300K,nep,L20,2991,npi_Deva
panel2,A,nep_news_2020_300K,nep,L20,2994,npi_Deva
panel2,A,nep_news_2020_300K,nep,L20,2995,npi_Deva
panel2,A,nep_news_2020_300K,nep,L20,2996,npi_Deva
panel2,A,nep_news_2020_300K,nep,L20,3000,npi_Deva
panel2,A,nep_news_2020_300K,nep,L20,3008,npi_Deva
panel2,A,nep_news_2020_300K,nep,L20,3009,npi_Deva
panel2,A,nep_news_2020_300K,nep,L20,3011,npi_Deva
panel2,A,nep_news_2020_300K,nep,L20,3013,npi_Deva
panel2,A,nep_news_2020_300K,nep,L20,3015,npi_Deva
panel2,A,nep_news_2020_300K,nep,L20,3018,npi_Deva
panel2,A,nep_news_2020_300K,nep,L20,3019,npi_Deva
panel2,A,nep_news_2020_300K,nep,L20,3021,npi_Deva
panel2,A,nep_news_2020_300K,nep,L20,3022,npi_Deva
panel2,A,nep_news_2020_300K,nep,L20,3024,npi_Deva
panel2,A,nep_news_2020_300K,nep,L20,3025,npi_Deva
panel2,A,nep_news_2020_300K,nep,L20,3026,npi_Deva
panel2,A,nep_news_2020_300K,nep,L20,3028,npi_Deva
panel2,A,nep_news_2020_300K,nep,L20,3030,npi_Deva
panel2,A,nep_news_2020_300K,nep,L20,3031,npi_Deva
panel2,A,nep_news_2020_300K,nep,L20,3032,npi_Deva
panel2,A,nep_news_2020_300K,nep,L20,3033,npi_Deva
panel2,A,nep_news_2020_300K,nep,L20,3034,npi_Deva
panel2,A,nep_news_2020_300K,nep,L20,3035,npi_Deva
panel2,A,nep_news_2020_300K,nep,L20,3037,npi_Deva
panel2,A,nep_news_2020_300K,nep,L20,3040,npi_Deva
panel2,A,nep_news_2020_300K,nep,L20,3041,npi_Deva
panel2,A,nep_news_2020_300K,nep,L20,3042,npi_Deva
panel2,A,nep_news_2020_300K,nep,L20,3044,npi_Deva
panel2,A,nep_news_2020_300K,nep,L20,3048,npi_Deva
panel2,A,nep_news_2020_300K,nep,L20,3049,npi_Deva
panel2,A,nep_news_2020_300K,nep,L20,3052,npi_Deva
panel2,A,nep_news_2020_300K,nep,L20,3054,npi_Deva
panel2,A,nep_news_2020_300K,nep,L20,3056,npi_Deva
panel2,A,nep_news_2020_300K,nep,L20,3059,npi_Deva
panel2,A,nep_news_2020_300K,nep,L20,3062,npi_Deva
panel2,A,nep_news_2020_300K,nep,L20,3063,npi_Deva
panel2,A,nep_news_2020_300K,nep,L20,3064,npi_Deva
panel2,A,nep_news_2020_300K,nep,L20,3065,npi_Deva
panel2,A,nep_news_2020_300K,nep,L20,3070,npi_Deva
panel2,A,nep_news_2020_300K,nep,L20,3071,npi_Deva
panel2,A,nep_news_2020_300K,nep,L20,3073,npi_Deva
panel2,A,nep_news_2020_300K,nep,L20,3075,npi_Deva
panel2,A,nep_news_2020_300K,nep,L20,3078,npi_Deva
panel2,A,nep_news_2020_300K,nep,L20,3080,npi_Deva
panel2,A,nep_news_2020_300K,nep,L20,3084,npi_Deva
panel2,A,nep_news_2020_300K,nep,L20,3085,npi_Deva
panel2,A,nep_news_2020_300K,nep,L20,3088,npi_Deva
panel2,A,nep_news_2020_300K,nep,L20,3090,npi_Deva
panel2,A,nep_news_2020_300K,nep,L20,3093,npi_Deva
panel2,A,nep_news_2020_300K,nep,L20,3095,npi_Deva
panel2,A,nep_news_2020_300K,nep,L20,3096,npi_Deva
panel2,A,nep_news_2020_300K,nep,L20,3097,npi_Deva
panel2,A,nep_news_2020_300K,nep,L20,3098,npi_Deva
panel2,A,nep_news_2020_300K,nep,L20,3100,npi_Deva
panel2,A,nep_news_2020_300K,nep,L20,3101,npi_Deva
panel2,A,nep_news_2020_300K,nep,L20,3103,npi_Deva
panel2,A,nep_news_2020_300K,nep,L20,3105,npi_Deva
panel2,A,nep_news_2020_300K,nep,L20,3108,npi_Deva
panel2,A,nep_news_2020_300K,nep,L20,3109,npi_Deva
panel2,A,nep_news_2020_300K,nep,L20,3113,npi_Deva
panel2,A,nep_news_2020_300K,nep,L20,3117,npi_Deva
panel2,A,nep_news_2020_300K,nep,L20,3118,npi_Deva
panel2,A,nep_news_2020_300K,nep,L20,3119,npi_Deva
panel2,A,nep_news_2020_300K,nep,L20,3122,npi_Deva
panel2,A,nep_news_2020_300K,nep,L20,3125,npi_Deva
panel2,A,nep_news_2020_300K,nep,L20,3133,npi_Deva
panel2,A,nep_news_2020_300K,nep,L20,3134,npi_Deva
panel2,A,nep_news_2020_300K,nep,L20,3136,npi_Deva
panel2,A,nep_news_2020_300K,nep,L20,3138,npi_Deva
panel2,A,nep_news_2020_300K,nep,L20,3141,npi_Deva
panel2,A,nep_news_2020_300K,nep,L20,3144,npi_Deva
panel2,A,nep_news_2020_300K,nep,L20,3145,npi_Deva
panel2,A,nep_news_2020_300K,nep,L20,3146,npi_Deva
panel2,A,nep_news_2020_300K,nep,L20,3147,npi_Deva
panel2,A,nep_news_2020_300K,nep,L20,3149,npi_Deva
panel2,A,nep_news_2020_300K,nep,L20,3151,npi_Deva
panel2,A,nep_news_2020_300K,nep,L20,3153,npi_Deva
panel2,A,nep_news_2020_300K,nep,L20,3154,npi_Deva
panel2,A,nep_news_2020_300K,nep,L20,3155,npi_Deva
panel2,A,nep_news_2020_300K,nep,L20,3157,npi_Deva
panel2,A,nep_news_2020_300K,nep,L20,3159,npi_Deva
panel2,A,nep_news_2020_300K,nep,L20,3160,npi_Deva
panel2,A,nep_news_2020_300K,nep,L20,3161,npi_Deva
panel2,A,nep_news_2020_300K,nep,L20,3163,npi_Deva
panel2,A,nep_news_2020_300K,nep,L20,3165,npi_Deva
panel2,A,nep_news_2020_300K,nep,L20,3166,npi_Deva
panel2,A,nep_news_2020_300K,nep,L20,3168,npi_Deva
panel2,A,nep_news_2020_300K,nep,L20,3170,npi_Deva
panel2,A,nep_news_2020_300K,nep,L20,3174,npi_Deva
panel2,A,nep_news_2020_300K,nep,L20,3175,npi_Deva
panel2,A,nep_news_2020_300K,nep,L20,3177,npi_Deva
panel2,A,nep_news_2020_300K,nep,L20,3180,npi_Deva
panel2,A,nep_news_2020_300K,nep,L20,3189,npi_Deva
panel2,A,nep_news_2020_300K,nep,L20,3191,npi_Deva
panel2,A,nep_news_2020_300K,nep,L20,3192,npi_Deva
panel2,A,nep_news_2020_300K,nep,L20,3193,npi_Deva
panel2,A,nep_news_2020_300K,nep,L20,3195,npi_Deva
panel2,A,nep_news_2020_300K,nep,L20,3197,npi_Deva
panel2,A,nep_news_2020_300K,nep,L20,3201,npi_Deva
panel2,A,nep_news_2020_300K,nep,L20,3203,npi_Deva
panel2,A,nep_news_2020_300K,nep,L20,3205,npi_Deva
panel2,A,nep_news_2020_300K,nep,L20,3211,npi_Deva
panel2,A,nep_news_2020_300K,nep,L20,3213,npi_Deva
panel2,A,nep_news_2020_300K,nep,L20,3214,npi_Deva
panel2,A,nep_news_2020_300K,nep,L20,3215,npi_Deva
panel2,A,nep_news_2020_300K,nep,L20,3220,npi_Deva
panel2,A,nep_news_2020_300K,nep,L20,3221,npi_Deva
panel2,A,nep_news_2020_300K,nep,L20,3223,npi_Deva
panel2,A,nep_news_2020_300K,nep,L20,3224,npi_Deva
panel2,A,nep_news_2020_300K,nep,L20,3226,npi_Deva
panel2,A,nep_news_2020_300K,nep,L20,3230,npi_Deva
panel2,A,nep_news_2020_300K,nep,L20,3231,npi_Deva
panel2,A,nep_news_2020_300K,nep,L20,3232,npi_Deva
panel2,A,nep_news_2020_300K,nep,L20,3234,npi_Deva
panel2,A,nep_news_2020_300K,nep,L20,3235,npi_Deva
panel2,A,nep_news_2020_300K,nep,L20,3236,npi_Deva
panel2,A,nep_news_2020_300K,nep,L20,3237,npi_Deva
panel2,A,nep_news_2020_300K,nep,L20,3239,npi_Deva
panel2,A,nep_news_2020_300K,nep,L20,3240,npi_Deva
panel2,A,nep_news_2020_300K,nep,L20,3241,npi_Deva
panel2,A,nep_news_2020_300K,nep,L20,3242,npi_Deva
panel2,A,nep_news_2020_300K,nep,L20,3247,npi_Deva
panel2,A,nep_news_2020_300K,nep,L20,3249,npi_Deva
panel2,A,nep_news_2020_300K,nep,L20,3250,npi_Deva
panel2,A,nep_news_2020_300K,nep,L20,3253,npi_Deva
panel2,A,nep_news_2020_300K,nep,L20,3256,npi_Deva
panel2,A,nep_news_2020_300K,nep,L20,3257,npi_Deva
panel2,A,nep_news_2020_300K,nep,L20,3258,npi_Deva
panel2,A,nep_news_2020_300K,nep,L20,3259,npi_Deva
panel2,A,nep_news_2020_300K,nep,L20,3260,npi_Deva
panel2,A,nep_news_2020_300K,nep,L20,3261,npi_Deva
panel2,A,nep_news_2020_300K,nep,L20,3264,npi_Deva
panel2,A,nep_news_2020_300K,nep,L20,3266,npi_Deva
panel2,A,nep_news_2020_300K,nep,L20,3267,npi_Deva
panel2,A,nep_news_2020_300K,nep,L20,3268,npi_Deva
panel2,A,nep_news_2020_300K,nep,L20,3269,npi_Deva
panel2,A,nep_news_2020_300K,nep,L20,3270,npi_Deva
panel2,A,nep_news_2020_300K,nep,L20,3274,npi_Deva
panel2,A,nep_news_2020_300K,nep,L20,3277,npi_Deva
panel2,A,nep_news_2020_300K,nep,L20,3278,npi_Deva
panel2,A,nep_news_2020_300K,nep,L20,3279,npi_Deva
panel2,A,nep_news_2020_300K,nep,L20,3283,npi_Deva
panel2,A,nep_news_2020_300K,nep,L20,3284,npi_Deva
panel2,A,nep_news_2020_300K,nep,L20,3285,npi_Deva
panel2,A,nep_news_2020_300K,nep,L20,3288,npi_Deva
panel2,A,nep_news_2020_300K,nep,L20,3289,npi_Deva
panel2,A,nep_news_2020_300K,nep,L20,3292,npi_Deva
panel2,A,nep_news_2020_300K,nep,L20,3293,npi_Deva
panel2,A,nep_news_2020_300K,nep,L20,3296,npi_Deva
panel2,A,nep_news_2020_300K,nep,L20,3302,npi_Deva
panel2,A,nep_news_2020_300K,nep,L20,3304,npi_Deva
panel2,A,nep_news_2020_300K,nep,L20,3311,npi_Deva
panel2,A,nep_news_2020_300K,nep,L20,3312,npi_Deva
panel2,A,nep_news_2020_300K,nep,L20,3314,npi_Deva
panel2,A,nep_news_2020_300K,nep,L20,3315,npi_Deva
panel2,A,nep_news_2020_300K,nep,L20,3316,npi_Deva
panel2,A,nep_news_2020_300K,nep,L20,3318,npi_Deva
panel2,A,nep_news_2020_300K,nep,L20,3319,npi_Deva
panel2,A,nep_news_2020_300K,nep,L20,3320,npi_Deva
panel2,A,nep_news_2020_300K,nep,L20,3322,npi_Deva
panel2,A,nep_news_2020_300K,nep,L20,3323,npi_Deva
panel2,A,nep_news_2020_300K,nep,L20,3325,npi_Deva
panel2,A,nep_news_2020_300K,nep,L20,3326,npi_Deva
panel2,A,nep_news_2020_300K,nep,L20,3329,npi_Deva
panel2,A,nep_news_2020_300K,nep,L20,3338,npi_Deva
panel2,A,nep_news_2020_300K,nep,L20,3340,npi_Deva
panel2,A,nep_news_2020_300K,nep,L20,3342,npi_Deva
panel2,A,nep_news_2020_300K,nep,L20,3346,npi_Deva
panel2,A,nep_news_2020_300K,nep,L20,3352,npi_Deva
panel2,A,nep_news_2020_300K,nep,L20,3358,npi_Deva
panel2,A,nep_news_2020_300K,nep,L20,3362,npi_Deva
panel2,A,nep_news_2020_300K,nep,L20,3363,npi_Deva
panel2,A,nep_news_2020_300K,nep,L20,3366,npi_Deva
panel2,A,nep_news_2020_300K,nep,L20,3371,npi_Deva
panel2,A,nep_news_2020_300K,nep,L20,3372,npi_Deva
panel2,A,nep_news_2020_300K,nep,L20,3373,npi_Deva
panel2,A,nep_news_2020_300K,nep,L20,3375,npi_Deva
panel2,A,nep_news_2020_300K,nep,L20,3378,npi_Deva
panel2,A,nep_news_2020_300K,nep,L20,3384,npi_Deva
panel2,A,nep_news_2020_300K,nep,L20,3386,npi_Deva
panel2,A,nep_news_2020_300K,nep,L20,3387,npi_Deva
panel2,A,nep_news_2020_300K,nep,L20,3390,npi_Deva
panel2,A,nep_news_2020_300K,nep,L20,3391,npi_Deva
panel2,A,nep_news_2020_300K,nep,L20,3392,npi_Deva
panel2,A,nep_news_2020_300K,nep,L20,3396,npi_Deva
panel2,A,nep_news_2020_300K,nep,L20,3398,npi_Deva
panel2,A,nep_news_2020_300K,nep,L20,3399,npi_Deva
panel2,A,nep_news_2020_300K,nep,L20,3401,npi_Deva
panel2,A,nep_news_2020_300K,nep,L20,3402,npi_Deva
panel2,A,nep_news_2020_300K,nep,L20,3405,npi_Deva
panel2,A,nep_news_2020_300K,nep,L20,3406,npi_Deva
panel2,A,nep_news_2020_300K,nep,L20,3407,npi_Deva
panel2,A,nep_news_2020_300K,nep,L20,3409,npi_Deva
panel2,A,nep_news_2020_300K,nep,L20,3410,npi_Deva
panel2,A,nep_news_2020_300K,nep,L20,3411,npi_Deva
panel2,A,nep_news_2020_300K,nep,L20,3413,npi_Deva
panel2,A,nep_news_2020_300K,nep,L20,3415,npi_Deva
panel2,A,nep_news_2020_300K,nep,L20,3420,npi_Deva
panel2,A,nep_news_2020_300K,nep,L20,3423,npi_Deva
panel2,A,nep_news_2020_300K,nep,L20,3426,npi_Deva
panel2,A,nep_news_2020_300K,nep,L20,3427,npi_Deva
panel2,A,nep_news_2020_300K,nep,L20,3431,npi_Deva
panel2,A,nep_news_2020_300K,nep,L20,3435,npi_Deva
panel2,A,nep_news_2020_300K,nep,L20,3436,npi_Deva
panel2,A,nep_news_2020_300K,nep,L20,3441,npi_Deva
panel2,A,nep_news_2020_300K,nep,L20,3443,npi_Deva
panel2,A,nep_news_2020_300K,nep,L20,3445,npi_Deva
panel2,A,nep_news_2020_300K,nep,L20,3447,npi_Deva
panel2,A,nep_news_2020_300K,nep,L20,3448,npi_Deva
panel2,A,nep_news_2020_300K,nep,L20,3449,npi_Deva
panel2,A,nep_news_2020_300K,nep,L20,3451,npi_Deva
panel2,A,nep_news_2020_300K,nep,L20,3455,npi_Deva
panel2,A,nep_news_2020_300K,nep,L20,3456,npi_Deva
panel2,A,nep_news_2020_300K,nep,L20,3457,npi_Deva
panel2,A,nep_news_2020_300K,nep,L20,3458,npi_Deva
panel2,A,nep_news_2020_300K,nep,L20,3462,npi_Deva
panel2,A,nep_news_2020_300K,nep,L20,3464,npi_Deva
panel2,A,nep_news_2020_300K,nep,L20,3465,npi_Deva
panel2,A,nep_news_2020_300K,nep,L20,3466,npi_Deva
panel2,A,nep_news_2020_300K,nep,L20,3468,npi_Deva
panel2,A,nep_news_2020_300K,nep,L20,3469,npi_Deva
panel2,A,nep_news_2020_300K,nep,L20,3470,npi_Deva
panel2,A,nep_news_2020_300K,nep,L20,3471,npi_Deva
panel2,A,nep_news_2020_300K,nep,L20,3472,npi_Deva
panel2,A,nep_news_2020_300K,nep,L20,3473,npi_Deva
panel2,A,nep_news_2020_300K,nep,L20,3476,npi_Deva
panel2,A,nep_news_2020_300K,nep,L20,3478,npi_Deva
panel2,A,nep_news_2020_300K,nep,L20,3480,npi_Deva
panel2,A,nep_news_2020_300K,nep,L20,3483,npi_Deva
panel2,A,nep_news_2020_300K,nep,L20,3484,npi_Deva
panel2,A,nep_news_2020_300K,nep,L20,3486,npi_Deva
panel2,A,nep_news_2020_300K,nep,L20,3491,npi_Deva
panel2,A,nep_news_2020_300K,nep,L20,3493,npi_Deva
panel2,A,nep_news_2020_300K,nep,L20,3494,npi_Deva
panel2,A,nep_news_2020_300K,nep,L20,3495,npi_Deva
panel2,A,nep_news_2020_300K,nep,L20,3496,npi_Deva
panel2,A,nep_news_2020_300K,nep,L20,3498,npi_Deva
panel2,A,nep_news_2020_300K,nep,L20,3499,npi_Deva
panel2,A,nep_news_2020_300K,nep,L20,3500,npi_Deva
panel2,A,nep_news_2020_300K,nep,L20,3501,npi_Deva
panel2,A,nep_news_2020_300K,nep,L20,3502,npi_Deva
panel2,A,nep_news_2020_300K,nep,L20,3503,npi_Deva
panel2,A,nep_news_2020_300K,nep,L20,3505,npi_Deva
panel2,A,nep_news_2020_300K,nep,L20,3506,npi_Deva
panel2,A,nep_news_2020_300K,nep,L20,3507,npi_Deva
panel2,A,nep_news_2020_300K,nep,L20,3510,npi_Deva
panel2,A,nep_news_2020_300K,nep,L20,3511,npi_Deva
panel2,A,nep_news_2020_300K,nep,L20,3518,npi_Deva
panel2,A,nep_news_2020_300K,nep,L20,3522,npi_Deva
panel2,A,nep_news_2020_300K,nep,L20,3524,npi_Deva
panel2,A,nep_news_2020_300K,nep,L20,3525,npi_Deva
panel2,A,nep_news_2020_300K,nep,L20,3527,npi_Deva
panel2,A,nep_news_2020_300K,nep,L20,3528,npi_Deva
panel2,A,nep_news_2020_300K,nep,L20,3530,npi_Deva
panel2,A,nep_news_2020_300K,nep,L20,3533,npi_Deva
panel2,A,nep_news_2020_300K,nep,L20,3536,npi_Deva
panel2,A,nep_news_2020_300K,nep,L20,3537,npi_Deva
panel2,A,nep_news_2020_300K,nep,L20,3538,npi_Deva
panel2,A,nep_news_2020_300K,nep,L20,3539,npi_Deva
panel2,A,nep_news_2020_300K,nep,L20,3540,npi_Deva
panel2,A,nep_news_2020_300K,nep,L20,3541,npi_Deva
panel2,A,nep_news_2020_300K,nep,L20,3545,npi_Deva
panel2,A,nep_news_2020_300K,nep,L20,3546,npi_Deva
panel2,A,nep_news_2020_300K,nep,L20,3548,npi_Deva
panel2,A,nep_news_2020_300K,nep,L20,3549,npi_Deva
panel2,A,nep_news_2020_300K,nep,L20,3551,npi_Deva
panel2,A,nep_news_2020_300K,nep,L20,3555,npi_Deva
panel2,A,nep_news_2020_300K,nep,L20,3558,npi_Deva
panel2,A,nep_news_2020_300K,nep,L20,3559,npi_Deva
panel2,A,nep_news_2020_300K,nep,L20,3561,npi_Deva
panel2,A,nep_news_2020_300K,nep,L20,3562,npi_Deva
panel2,A,nep_news_2020_300K,nep,L20,3563,npi_Deva
panel2,A,nep_news_2020_300K,nep,L20,3564,npi_Deva
panel2,A,nep_news_2020_300K,nep,L20,3565,npi_Deva
panel2,A,nep_news_2020_300K,nep,L20,3566,npi_Deva
panel2,A,nep_news_2020_300K,nep,L20,3567,npi_Deva
panel2,A,nep_news_2020_300K,nep,L20,3569,npi_Deva
panel2,A,nep_news_2020_300K,nep,L20,3570,npi_Deva
panel2,A,nep_news_2020_300K,nep,L20,3574,npi_Deva
panel2,A,nep_news_2020_300K,nep,L20,3575,npi_Deva
panel2,A,nep_news_2020_300K,nep,L20,3578,npi_Deva
panel2,A,nep_news_2020_300K,nep,L20,3579,npi_Deva
panel2,A,nep_news_2020_300K,nep,L20,3580,npi_Deva
panel2,A,nep_news_2020_300K,nep,L20,3581,npi_Deva
panel2,A,nep_news_2020_300K,nep,L20,3582,npi_Deva
panel2,A,nep_news_2020_300K,nep,L20,3584,npi_Deva
panel2,A,nep_news_2020_300K,nep,L20,3589,npi_Deva
panel2,A,nep_news_2020_300K,nep,L20,3592,npi_Deva
panel2,A,nep_news_2020_300K,nep,L20,3595,npi_Deva
panel2,A,nep_news_2020_300K,nep,L20,3597,npi_Deva
panel2,A,nep_news_2020_300K,nep,L20,3599,npi_Deva
panel2,A,nep_news_2020_300K,nep,L20,3600,npi_Deva
panel2,A,nep_news_2020_300K,nep,L20,3606,npi_Deva
panel2,A,nep_news_2020_300K,nep,L20,3607,npi_Deva
panel2,A,nep_news_2020_300K,nep,L20,3609,npi_Deva
panel2,A,nep_news_2020_300K,nep,L20,3612,npi_Deva
panel2,A,nep_news_2020_300K,nep,L20,3613,npi_Deva
panel2,A,nep_news_2020_300K,nep,L20,3615,npi_Deva
panel2,A,nep_news_2020_300K,nep,L20,3616,npi_Deva
panel2,A,nep_news_2020_300K,nep,L20,3619,npi_Deva
panel2,A,nep_news_2020_300K,nep,L20,3620,npi_Deva
panel2,A,nep_news_2020_300K,nep,L20,3621,npi_Deva
panel2,A,nep_news_2020_300K,nep,L20,3623,npi_Deva
panel2,A,nep_news_2020_300K,nep,L20,3624,npi_Deva
panel2,A,nep_news_2020_300K,nep,L20,3625,npi_Deva
panel2,A,nep_news_2020_300K,nep,L20,3626,npi_Deva
panel2,A,nep_news_2020_300K,nep,L20,3627,npi_Deva
panel2,A,nep_news_2020_300K,nep,L20,3631,npi_Deva
panel2,A,nep_news_2020_300K,nep,L20,3632,npi_Deva
panel2,A,nep_news_2020_300K,nep,L20,3633,npi_Deva
panel2,A,nep_news_2020_300K,nep,L20,3635,npi_Deva
panel2,A,nep_news_2020_300K,nep,L20,3636,npi_Deva
panel2,A,nep_news_2020_300K,nep,L20,3637,npi_Deva
panel2,A,nep_news_2020_300K,nep,L20,3640,npi_Deva
panel2,A,nep_news_2020_300K,nep,L20,3641,npi_Deva
panel2,A,nep_news_2020_300K,nep,L20,3643,npi_Deva
panel2,A,nep_news_2020_300K,nep,L20,3645,npi_Deva
panel2,A,nep_news_2020_300K,nep,L20,3646,npi_Deva
panel2,A,nep_news_2020_300K,nep,L20,3651,npi_Deva
panel2,A,nep_news_2020_300K,nep,L20,3653,npi_Deva
panel2,A,nep_news_2020_300K,nep,L20,3654,npi_Deva
panel2,A,nep_news_2020_300K,nep,L20,3655,npi_Deva
panel2,A,nep_news_2020_300K,nep,L20,3658,npi_Deva
panel2,A,nep_news_2020_300K,nep,L20,3661,npi_Deva
panel2,A,nep_news_2020_300K,nep,L20,3663,npi_Deva
panel2,A,nep_news_2020_300K,nep,L20,3667,npi_Deva
panel2,A,nep_news_2020_300K,nep,L20,3669,npi_Deva
panel2,A,nep_news_2020_300K,nep,L20,3671,npi_Deva
panel2,A,nep_news_2020_300K,nep,L20,3672,npi_Deva
panel2,A,nep_news_2020_300K,nep,L20,3675,npi_Deva
panel2,A,nep_news_2020_300K,nep,L20,3676,npi_Deva
panel2,A,nep_news_2020_300K,nep,L20,3678,npi_Deva
panel2,A,nep_news_2020_300K,nep,L20,3683,npi_Deva
panel2,A,nep_news_2020_300K,nep,L20,3684,npi_Deva
panel2,A,nep_news_2020_300K,nep,L20,3686,npi_Deva
panel2,A,nep_news_2020_300K,nep,L20,3690,npi_Deva
panel2,A,nep_news_2020_300K,nep,L20,3692,npi_Deva
panel2,A,nep_news_2020_300K,nep,L20,3693,npi_Deva
panel2,A,nep_news_2020_300K,nep,L20,3695,npi_Deva
panel2,A,nep_news_2020_300K,nep,L20,3696,npi_Deva
panel2,A,nep_news_2020_300K,nep,L20,3697,npi_Deva
panel2,A,nep_news_2020_300K,nep,L20,3698,npi_Deva
panel2,A,nep_news_2020_300K,nep,L20,3699,npi_Deva
panel2,A,nep_news_2020_300K,nep,L20,3701,npi_Deva
panel2,A,nep_news_2020_300K,nep,L20,3702,npi_Deva
panel2,A,nep_news_2020_300K,nep,L20,3703,npi_Deva
panel2,A,nep_news_2020_300K,nep,L20,3705,npi_Deva
panel2,A,nep_news_2020_300K,nep,L20,3706,npi_Deva
panel2,A,nep_news_2020_300K,nep,L20,3707,npi_Deva
panel2,A,nep_news_2020_300K,nep,L20,3709,npi_Deva
panel2,A,nep_news_2020_300K,nep,L20,3714,npi_Deva
panel2,A,nep_news_2020_300K,nep,L20,3720,npi_Deva
panel2,A,nep_news_2020_300K,nep,L20,3722,npi_Deva
panel2,A,nep_news_2020_300K,nep,L20,3723,npi_Deva
panel2,A,nep_news_2020_300K,nep,L20,3724,npi_Deva
panel2,A,nep_news_2020_300K,nep,L20,3725,npi_Deva
panel2,A,nep_news_2020_300K,nep,L20,3728,npi_Deva
panel2,A,nep_news_2020_300K,nep,L20,3730,npi_Deva
panel2,A,nep_news_2020_300K,nep,L20,3737,npi_Deva
panel2,A,nep_news_2020_300K,nep,L20,3738,npi_Deva
panel2,A,nep_news_2020_300K,nep,L20,3740,npi_Deva
panel2,A,nep_news_2020_300K,nep,L20,3744,npi_Deva
panel2,A,nep_news_2020_300K,nep,L20,3745,npi_Deva
panel2,A,nep_news_2020_300K,nep,L20,3749,npi_Deva
panel2,A,nep_news_2020_300K,nep,L20,3750,npi_Deva
panel2,A,nep_news_2020_300K,nep,L20,3752,npi_Deva
panel2,A,nep_news_2020_300K,nep,L20,3753,npi_Deva
panel2,A,nep_news_2020_300K,nep,L20,3754,npi_Deva
panel2,A,nep_news_2020_300K,nep,L20,3755,npi_Deva
panel2,A,nep_news_2020_300K,nep,L20,3756,npi_Deva
panel2,A,nep_news_2020_300K,nep,L20,3761,npi_Deva
panel2,A,nep_news_2020_300K,nep,L20,3762,npi_Deva
panel2,A,nep_news_2020_300K,nep,L20,3763,npi_Deva
panel2,A,nep_news_2020_300K,nep,L20,3765,npi_Deva
panel2,A,nep_news_2020_300K,nep,L20,3767,npi_Deva
panel2,A,nep_news_2020_300K,nep,L20,3771,npi_Deva
panel2,A,nep_news_2020_300K,nep,L20,3772,npi_Deva
panel2,A,nep_news_2020_300K,nep,L20,3774,npi_Deva
panel2,A,nep_news_2020_300K,nep,L20,3779,npi_Deva
panel2,A,nep_news_2020_300K,nep,L20,3783,npi_Deva
panel2,A,nep_news_2020_300K,nep,L20,3785,npi_Deva
panel2,A,nep_news_2020_300K,nep,L20,3786,npi_Deva
panel2,A,nep_news_2020_300K,nep,L20,3787,npi_Deva
panel2,A,nep_news_2020_300K,nep,L20,3788,npi_Deva
panel2,A,nep_news_2020_300K,nep,L20,3791,npi_Deva
panel2,A,nep_news_2020_300K,nep,L20,3794,npi_Deva
panel2,A,nep_news_2020_300K,nep,L20,3795,npi_Deva
panel2,A,nep_news_2020_300K,nep,L20,3796,npi_Deva
panel2,A,nep_news_2020_300K,nep,L20,3799,npi_Deva
panel2,A,nep_news_2020_300K,nep,L20,3801,npi_Deva
panel2,A,nep_news_2020_300K,nep,L20,3802,npi_Deva
panel2,A,nep_news_2020_300K,nep,L20,3804,npi_Deva
panel2,A,nep_news_2020_300K,nep,L20,3806,npi_Deva
panel2,A,nep_news_2020_300K,nep,L20,3807,npi_Deva
panel2,A,nep_news_2020_300K,nep,L20,3808,npi_Deva
panel2,A,mar_news_2020_300K,mar,L1,96,mar_Deva
panel2,A,mar_news_2020_300K,mar,L1,430,mar_Deva
panel2,A,mar_news_2020_300K,mar,L1,560,mar_Deva
panel2,A,mar_news_2020_300K,mar,L1,608,mar_Deva
panel2,A,mar_news_2020_300K,mar,L1,817,mar_Deva
panel2,A,mar_news_2020_300K,mar,L1,935,mar_Deva
panel2,A,mar_news_2020_300K,mar,L1,1191,mar_Deva
panel2,A,mar_news_2020_300K,mar,L1,1371,mar_Deva
panel2,A,mar_news_2020_300K,mar,L1,1531,mar_Deva
panel2,A,mar_news_2020_300K,mar,L1,1537,mar_Deva
panel2,A,mar_news_2020_300K,mar,L1,1631,mar_Deva
panel2,A,mar_news_2020_300K,mar,L1,1654,mar_Deva
panel2,A,mar_news_2020_300K,mar,L1,1757,mar_Deva
panel2,A,mar_news_2020_300K,mar,L1,1830,mar_Deva
panel2,A,mar_news_2020_300K,mar,L1,1912,mar_Deva
panel2,A,mar_news_2020_300K,mar,L1,2117,mar_Deva
panel2,A,mar_news_2020_300K,mar,L1,2255,mar_Deva
panel2,A,mar_news_2020_300K,mar,L1,2416,mar_Deva
panel2,A,mar_news_2020_300K,mar,L1,2930,mar_Deva
panel2,A,mar_news_2020_300K,mar,L1,3141,mar_Deva
panel2,A,mar_news_2020_300K,mar,L1,3201,mar_Deva
panel2,A,mar_news_2020_300K,mar,L1,3282,mar_Deva
panel2,A,mar_news_2020_300K,mar,L1,3350,mar_Deva
panel2,A,mar_news_2020_300K,mar,L1,3397,mar_Deva
panel2,A,mar_news_2020_300K,mar,L1,3406,mar_Deva
panel2,A,mar_news_2020_300K,mar,L1,3416,mar_Deva
panel2,A,mar_news_2020_300K,mar,L1,3564,mar_Deva
panel2,A,mar_news_2020_300K,mar,L1,3682,mar_Deva
panel2,A,mar_news_2020_300K,mar,L1,3769,mar_Deva
panel2,A,mar_news_2020_300K,mar,L1,3828,mar_Deva
panel2,A,mar_news_2020_300K,mar,L1,3948,mar_Deva
panel2,A,mar_news_2020_300K,mar,L1,5356,mar_Deva
panel2,A,mar_news_2020_300K,mar,L1,5543,mar_Deva
panel2,A,mar_news_2020_300K,mar,L1,5881,mar_Deva
panel2,A,mar_news_2020_300K,mar,L1,7507,mar_Deva
panel2,A,mar_news_2020_300K,mar,L1,7690,mar_Deva
panel2,A,mar_news_2020_300K,mar,L1,7783,mar_Deva
panel2,A,mar_news_2020_300K,mar,L1,8158,mar_Deva
panel2,A,mar_news_2020_300K,mar,L1,8172,mar_Deva
panel2,A,mar_news_2020_300K,mar,L1,8279,mar_Deva
panel2,A,mar_news_2020_300K,mar,L1,8320,mar_Deva
panel2,A,mar_news_2020_300K,mar,L1,8395,mar_Deva
panel2,A,mar_news_2020_300K,mar,L1,8604,mar_Deva
panel2,A,mar_news_2020_300K,mar,L1,8684,mar_Deva
panel2,A,mar_news_2020_300K,mar,L1,8795,mar_Deva
panel2,A,mar_news_2020_300K,mar,L1,8875,mar_Deva
panel2,A,mar_news_2020_300K,mar,L1,9320,mar_Deva
panel2,A,mar_news_2020_300K,mar,L1,9326,mar_Deva
panel2,A,mar_news_2020_300K,mar,L1,9786,mar_Deva
panel2,A,mar_news_2020_300K,mar,L1,9800,mar_Deva
panel2,A,mar_news_2020_300K,mar,L1,9809,mar_Deva
panel2,A,mar_news_2020_300K,mar,L1,9889,mar_Deva
panel2,A,mar_news_2020_300K,mar,L1,10098,mar_Deva
panel2,A,mar_news_2020_300K,mar,L1,10169,mar_Deva
panel2,A,mar_news_2020_300K,mar,L1,10385,mar_Deva
panel2,A,mar_news_2020_300K,mar,L1,10580,mar_Deva
panel2,A,mar_news_2020_300K,mar,L1,11116,mar_Deva
panel2,A,mar_news_2020_300K,mar,L1,11188,mar_Deva
panel2,A,mar_news_2020_300K,mar,L1,11390,mar_Deva
panel2,A,mar_news_2020_300K,mar,L1,11439,mar_Deva
panel2,A,mar_news_2020_300K,mar,L1,11855,mar_Deva
panel2,A,mar_news_2020_300K,mar,L1,12040,mar_Deva
panel2,A,mar_news_2020_300K,mar,L1,12060,mar_Deva
panel2,A,mar_news_2020_300K,mar,L1,12209,mar_Deva
panel2,A,mar_news_2020_300K,mar,L1,12451,mar_Deva
panel2,A,mar_news_2020_300K,mar,L1,12605,mar_Deva
panel2,A,mar_news_2020_300K,mar,L1,12661,mar_Deva
panel2,A,mar_news_2020_300K,mar,L1,12798,mar_Deva
panel2,A,mar_news_2020_300K,mar,L1,12914,mar_Deva
panel2,A,mar_news_2020_300K,mar,L1,12928,mar_Deva
panel2,A,mar_news_2020_300K,mar,L1,12937,mar_Deva
panel2,A,mar_news_2020_300K,mar,L1,12973,mar_Deva
panel2,A,mar_news_2020_300K,mar,L1,13002,mar_Deva
panel2,A,mar_news_2020_300K,mar,L1,13064,mar_Deva
panel2,A,mar_news_2020_300K,mar,L1,13391,mar_Deva
panel2,A,mar_news_2020_300K,mar,L1,13578,mar_Deva
panel2,A,mar_news_2020_300K,mar,L1,13587,mar_Deva
panel2,A,mar_news_2020_300K,mar,L1,13752,mar_Deva
panel2,A,mar_news_2020_300K,mar,L1,13824,mar_Deva
panel2,A,mar_news_2020_300K,mar,L1,13914,mar_Deva
panel2,A,mar_news_2020_300K,mar,L1,13941,mar_Deva
panel2,A,mar_news_2020_300K,mar,L1,14011,mar_Deva
panel2,A,mar_news_2020_300K,mar,L1,14122,mar_Deva
panel2,A,mar_news_2020_300K,mar,L1,14159,mar_Deva
panel2,A,mar_news_2020_300K,mar,L1,14174,mar_Deva
panel2,A,mar_news_2020_300K,mar,L1,14653,mar_Deva
panel2,A,mar_news_2020_300K,mar,L1,14854,mar_Deva
panel2,A,mar_news_2020_300K,mar,L1,14903,mar_Deva
panel2,A,mar_news_2020_300K,mar,L1,15583,mar_Deva
panel2,A,mar_news_2020_300K,mar,L1,15664,mar_Deva
panel2,A,mar_news_2020_300K,mar,L1,15769,mar_Deva
panel2,A,mar_news_2020_300K,mar,L1,15862,mar_Deva
panel2,A,mar_news_2020_300K,mar,L1,16103,mar_Deva
panel2,A,mar_news_2020_300K,mar,L1,16112,mar_Deva
panel2,A,mar_news_2020_300K,mar,L1,16341,mar_Deva
panel2,A,mar_news_2020_300K,mar,L1,16741,mar_Deva
panel2,A,mar_news_2020_300K,mar,L1,16827,mar_Deva
panel2,A,mar_news_2020_300K,mar,L1,16945,mar_Deva
panel2,A,mar_news_2020_300K,mar,L1,17015,mar_Deva
panel2,A,mar_news_2020_300K,mar,L1,17097,mar_Deva
panel2,A,mar_news_2020_300K,mar,L1,17131,mar_Deva
panel2,A,mar_news_2020_300K,mar,L1,17206,mar_Deva
panel2,A,mar_news_2020_300K,mar,L1,17301,mar_Deva
panel2,A,mar_news_2020_300K,mar,L1,17503,mar_Deva
panel2,A,mar_news_2020_300K,mar,L1,18172,mar_Deva
panel2,A,mar_news_2020_300K,mar,L1,18762,mar_Deva
panel2,A,mar_news_2020_300K,mar,L1,18889,mar_Deva
panel2,A,mar_news_2020_300K,mar,L1,19043,mar_Deva
panel2,A,mar_news_2020_300K,mar,L1,19346,mar_Deva
panel2,A,mar_news_2020_300K,mar,L1,19390,mar_Deva
panel2,A,mar_news_2020_300K,mar,L1,19575,mar_Deva
panel2,A,mar_news_2020_300K,mar,L1,19584,mar_Deva
panel2,A,mar_news_2020_300K,mar,L1,19626,mar_Deva
panel2,A,mar_news_2020_300K,mar,L1,19809,mar_Deva
panel2,A,mar_news_2020_300K,mar,L1,20100,mar_Deva
panel2,A,mar_news_2020_300K,mar,L1,20181,mar_Deva
panel2,A,mar_news_2020_300K,mar,L1,20367,mar_Deva
panel2,A,mar_news_2020_300K,mar,L1,20506,mar_Deva
panel2,A,mar_news_2020_300K,mar,L1,20567,mar_Deva
panel2,A,mar_news_2020_300K,mar,L1,20627,mar_Deva
panel2,A,mar_news_2020_300K,mar,L1,20635,mar_Deva
panel2,A,mar_news_2020_300K,mar,L1,20814,mar_Deva
panel2,A,mar_news_2020_300K,mar,L1,20955,mar_Deva
panel2,A,mar_news_2020_300K,mar,L1,21194,mar_Deva
panel2,A,mar_news_2020_300K,mar,L1,21198,mar_Deva
panel2,A,mar_news_2020_300K,mar,L1,21396,mar_Deva
panel2,A,mar_news_2020_300K,mar,L1,21468,mar_Deva
panel2,A,mar_news_2020_300K,mar,L1,21491,mar_Deva
panel2,A,mar_news_2020_300K,mar,L1,21565,mar_Deva
panel2,A,mar_news_2020_300K,mar,L1,21791,mar_Deva
panel2,A,mar_news_2020_300K,mar,L1,21814,mar_Deva
panel2,A,mar_news_2020_300K,mar,L1,22093,mar_Deva
panel2,A,mar_news_2020_300K,mar,L1,22196,mar_Deva
panel2,A,mar_news_2020_300K,mar,L1,22291,mar_Deva
panel2,A,mar_news_2020_300K,mar,L1,22332,mar_Deva
panel2,A,mar_news_2020_300K,mar,L1,22420,mar_Deva
panel2,A,mar_news_2020_300K,mar,L1,22422,mar_Deva
panel2,A,mar_news_2020_300K,mar,L1,22479,mar_Deva
panel2,A,mar_news_2020_300K,mar,L1,22531,mar_Deva
panel2,A,mar_news_2020_300K,mar,L1,22924,mar_Deva
panel2,A,mar_news_2020_300K,mar,L1,22981,mar_Deva
panel2,A,mar_news_2020_300K,mar,L1,23055,mar_Deva
panel2,A,mar_news_2020_300K,mar,L1,23139,mar_Deva
panel2,A,mar_news_2020_300K,mar,L1,23215,mar_Deva
panel2,A,mar_news_2020_300K,mar,L1,23502,mar_Deva
panel2,A,mar_news_2020_300K,mar,L1,23667,mar_Deva
panel2,A,mar_news_2020_300K,mar,L1,23769,mar_Deva
panel2,A,mar_news_2020_300K,mar,L1,23809,mar_Deva
panel2,A,mar_news_2020_300K,mar,L1,24492,mar_Deva
panel2,A,mar_news_2020_300K,mar,L1,25008,mar_Deva
panel2,A,mar_news_2020_300K,mar,L1,25035,mar_Deva
panel2,A,mar_news_2020_300K,mar,L1,25193,mar_Deva
panel2,A,mar_news_2020_300K,mar,L1,25286,mar_Deva
panel2,A,mar_news_2020_300K,mar,L1,25666,mar_Deva
panel2,A,mar_news_2020_300K,mar,L1,25756,mar_Deva
panel2,A,mar_news_2020_300K,mar,L1,25978,mar_Deva
panel2,A,mar_news_2020_300K,mar,L1,26005,mar_Deva
panel2,A,mar_news_2020_300K,mar,L1,26032,mar_Deva
panel2,A,mar_news_2020_300K,mar,L1,26047,mar_Deva
panel2,A,mar_news_2020_300K,mar,L1,26063,mar_Deva
panel2,A,mar_news_2020_300K,mar,L1,26778,mar_Deva
panel2,A,mar_news_2020_300K,mar,L1,27071,mar_Deva
panel2,A,mar_news_2020_300K,mar,L1,27103,mar_Deva
panel2,A,mar_news_2020_300K,mar,L1,27279,mar_Deva
panel2,A,mar_news_2020_300K,mar,L1,28505,mar_Deva
panel2,A,mar_news_2020_300K,mar,L1,28646,mar_Deva
panel2,A,mar_news_2020_300K,mar,L1,28681,mar_Deva
panel2,A,mar_news_2020_300K,mar,L1,28746,mar_Deva
panel2,A,mar_news_2020_300K,mar,L1,28824,mar_Deva
panel2,A,mar_news_2020_300K,mar,L1,28860,mar_Deva
panel2,A,mar_news_2020_300K,mar,L1,28906,mar_Deva
panel2,A,mar_news_2020_300K,mar,L1,29280,mar_Deva
panel2,A,mar_news_2020_300K,mar,L1,29375,mar_Deva
panel2,A,mar_news_2020_300K,mar,L1,29707,mar_Deva
panel2,A,mar_news_2020_300K,mar,L1,29855,mar_Deva
panel2,A,mar_news_2020_300K,mar,L1,30144,mar_Deva
panel2,A,mar_news_2020_300K,mar,L1,30197,mar_Deva
panel2,A,mar_news_2020_300K,mar,L1,30437,mar_Deva
panel2,A,mar_news_2020_300K,mar,L1,30506,mar_Deva
panel2,A,mar_news_2020_300K,mar,L1,30522,mar_Deva
panel2,A,mar_news_2020_300K,mar,L1,30796,mar_Deva
panel2,A,mar_news_2020_300K,mar,L1,30813,mar_Deva
panel2,A,mar_news_2020_300K,mar,L1,30831,mar_Deva
panel2,A,mar_news_2020_300K,mar,L1,31248,mar_Deva
panel2,A,mar_news_2020_300K,mar,L1,31371,mar_Deva
panel2,A,mar_news_2020_300K,mar,L1,31443,mar_Deva
panel2,A,mar_news_2020_300K,mar,L1,31476,mar_Deva
panel2,A,mar_news_2020_300K,mar,L1,31614,mar_Deva
panel2,A,mar_news_2020_300K,mar,L1,31718,mar_Deva
panel2,A,mar_news_2020_300K,mar,L1,31769,mar_Deva
panel2,A,mar_news_2020_300K,mar,L1,31837,mar_Deva
panel2,A,mar_news_2020_300K,mar,L1,32009,mar_Deva
panel2,A,mar_news_2020_300K,mar,L1,32026,mar_Deva
panel2,A,mar_news_2020_300K,mar,L1,32033,mar_Deva
panel2,A,mar_news_2020_300K,mar,L1,32082,mar_Deva
panel2,A,mar_news_2020_300K,mar,L1,32340,mar_Deva
panel2,A,mar_news_2020_300K,mar,L1,32351,mar_Deva
panel2,A,mar_news_2020_300K,mar,L1,32984,mar_Deva
panel2,A,mar_news_2020_300K,mar,L1,33032,mar_Deva
panel2,A,mar_news_2020_300K,mar,L1,33133,mar_Deva
panel2,A,mar_news_2020_300K,mar,L1,33168,mar_Deva
panel2,A,mar_news_2020_300K,mar,L1,33511,mar_Deva
panel2,A,mar_news_2020_300K,mar,L1,33734,mar_Deva
panel2,A,mar_news_2020_300K,mar,L1,33771,mar_Deva
panel2,A,mar_news_2020_300K,mar,L1,33783,mar_Deva
panel2,A,mar_news_2020_300K,mar,L1,33978,mar_Deva
panel2,A,mar_news_2020_300K,mar,L1,34084,mar_Deva
panel2,A,mar_news_2020_300K,mar,L1,34496,mar_Deva
panel2,A,mar_news_2020_300K,mar,L1,34669,mar_Deva
panel2,A,mar_news_2020_300K,mar,L1,34725,mar_Deva
panel2,A,mar_news_2020_300K,mar,L1,34785,mar_Deva
panel2,A,mar_news_2020_300K,mar,L1,35027,mar_Deva
panel2,A,mar_news_2020_300K,mar,L1,35156,mar_Deva
panel2,A,mar_news_2020_300K,mar,L1,35193,mar_Deva
panel2,A,mar_news_2020_300K,mar,L1,35358,mar_Deva
panel2,A,mar_news_2020_300K,mar,L1,35440,mar_Deva
panel2,A,mar_news_2020_300K,mar,L1,35479,mar_Deva
panel2,A,mar_news_2020_300K,mar,L1,35572,mar_Deva
panel2,A,mar_news_2020_300K,mar,L1,35821,mar_Deva
panel2,A,mar_news_2020_300K,mar,L1,35859,mar_Deva
panel2,A,mar_news_2020_300K,mar,L1,36051,mar_Deva
panel2,A,mar_news_2020_300K,mar,L1,36129,mar_Deva
panel2,A,mar_news_2020_300K,mar,L1,36155,mar_Deva
panel2,A,mar_news_2020_300K,mar,L1,36211,mar_Deva
panel2,A,mar_news_2020_300K,mar,L1,36566,mar_Deva
panel2,A,mar_news_2020_300K,mar,L1,36594,mar_Deva
panel2,A,mar_news_2020_300K,mar,L1,36789,mar_Deva
panel2,A,mar_news_2020_300K,mar,L1,37077,mar_Deva
panel2,A,mar_news_2020_300K,mar,L1,37116,mar_Deva
panel2,A,mar_news_2020_300K,mar,L1,37187,mar_Deva
panel2,A,mar_news_2020_300K,mar,L1,37226,mar_Deva
panel2,A,mar_news_2020_300K,mar,L1,37278,mar_Deva
panel2,A,mar_news_2020_300K,mar,L1,37327,mar_Deva
panel2,A,mar_news_2020_300K,mar,L1,37601,mar_Deva
panel2,A,mar_news_2020_300K,mar,L1,37837,mar_Deva
panel2,A,mar_news_2020_300K,mar,L1,38044,mar_Deva
panel2,A,mar_news_2020_300K,mar,L1,38168,mar_Deva
panel2,A,mar_news_2020_300K,mar,L1,39027,mar_Deva
panel2,A,mar_news_2020_300K,mar,L1,39992,mar_Deva
panel2,A,mar_news_2020_300K,mar,L1,40071,mar_Deva
panel2,A,mar_news_2020_300K,mar,L1,40099,mar_Deva
panel2,A,mar_news_2020_300K,mar,L1,40211,mar_Deva
panel2,A,mar_news_2020_300K,mar,L1,40363,mar_Deva
panel2,A,mar_news_2020_300K,mar,L1,40534,mar_Deva
panel2,A,mar_news_2020_300K,mar,L1,40665,mar_Deva
panel2,A,mar_news_2020_300K,mar,L1,40713,mar_Deva
panel2,A,mar_news_2020_300K,mar,L1,40775,mar_Deva
panel2,A,mar_news_2020_300K,mar,L1,41101,mar_Deva
panel2,A,mar_news_2020_300K,mar,L1,41105,mar_Deva
panel2,A,mar_news_2020_300K,mar,L1,41136,mar_Deva
panel2,A,mar_news_2020_300K,mar,L1,41150,mar_Deva
panel2,A,mar_news_2020_300K,mar,L1,41151,mar_Deva
panel2,A,mar_news_2020_300K,mar,L1,41328,mar_Deva
panel2,A,mar_news_2020_300K,mar,L1,41521,mar_Deva
panel2,A,mar_news_2020_300K,mar,L1,41678,mar_Deva
panel2,A,mar_news_2020_300K,mar,L1,41934,mar_Deva
panel2,A,mar_news_2020_300K,mar,L1,42025,mar_Deva
panel2,A,mar_news_2020_300K,mar,L1,42229,mar_Deva
panel2,A,mar_news_2020_300K,mar,L1,42427,mar_Deva
panel2,A,mar_news_2020_300K,mar,L1,42532,mar_Deva
panel2,A,mar_news_2020_300K,mar,L1,42704,mar_Deva
panel2,A,mar_news_2020_300K,mar,L1,42739,mar_Deva
panel2,A,mar_news_2020_300K,mar,L1,42947,mar_Deva
panel2,A,mar_news_2020_300K,mar,L1,42996,mar_Deva
panel2,A,mar_news_2020_300K,mar,L1,43009,mar_Deva
panel2,A,mar_news_2020_300K,mar,L1,43075,mar_Deva
panel2,A,mar_news_2020_300K,mar,L1,43099,mar_Deva
panel2,A,mar_news_2020_300K,mar,L1,43329,mar_Deva
panel2,A,mar_news_2020_300K,mar,L1,44256,mar_Deva
panel2,A,mar_news_2020_300K,mar,L1,44318,mar_Deva
panel2,A,mar_news_2020_300K,mar,L1,44400,mar_Deva
panel2,A,mar_news_2020_300K,mar,L1,44551,mar_Deva
panel2,A,mar_news_2020_300K,mar,L1,44696,mar_Deva
panel2,A,mar_news_2020_300K,mar,L1,44702,mar_Deva
panel2,A,mar_news_2020_300K,mar,L1,44748,mar_Deva
panel2,A,mar_news_2020_300K,mar,L1,44890,mar_Deva
panel2,A,mar_news_2020_300K,mar,L1,44938,mar_Deva
panel2,A,mar_news_2020_300K,mar,L1,44976,mar_Deva
panel2,A,mar_news_2020_300K,mar,L1,45087,mar_Deva
panel2,A,mar_news_2020_300K,mar,L1,45148,mar_Deva
panel2,A,mar_news_2020_300K,mar,L1,45462,mar_Deva
panel2,A,mar_news_2020_300K,mar,L1,45571,mar_Deva
panel2,A,mar_news_2020_300K,mar,L1,45815,mar_Deva
panel2,A,mar_news_2020_300K,mar,L1,45841,mar_Deva
panel2,A,mar_news_2020_300K,mar,L1,46235,mar_Deva
panel2,A,mar_news_2020_300K,mar,L1,46291,mar_Deva
panel2,A,mar_news_2020_300K,mar,L1,46363,mar_Deva
panel2,A,mar_news_2020_300K,mar,L1,46794,mar_Deva
panel2,A,mar_news_2020_300K,mar,L1,46797,mar_Deva
panel2,A,mar_news_2020_300K,mar,L1,46833,mar_Deva
panel2,A,mar_news_2020_300K,mar,L1,46971,mar_Deva
panel2,A,mar_news_2020_300K,mar,L1,47006,mar_Deva
panel2,A,mar_news_2020_300K,mar,L1,47113,mar_Deva
panel2,A,mar_news_2020_300K,mar,L1,47431,mar_Deva
panel2,A,mar_news_2020_300K,mar,L1,47731,mar_Deva
panel2,A,mar_news_2020_300K,mar,L1,47766,mar_Deva
panel2,A,mar_news_2020_300K,mar,L1,47994,mar_Deva
panel2,A,mar_news_2020_300K,mar,L1,48044,mar_Deva
panel2,A,mar_news_2020_300K,mar,L1,48208,mar_Deva
panel2,A,mar_news_2020_300K,mar,L1,48369,mar_Deva
panel2,A,mar_news_2020_300K,mar,L1,48472,mar_Deva
panel2,A,mar_news_2020_300K,mar,L1,48478,mar_Deva
panel2,A,mar_news_2020_300K,mar,L1,48613,mar_Deva
panel2,A,mar_news_2020_300K,mar,L1,48768,mar_Deva
panel2,A,mar_news_2020_300K,mar,L1,48838,mar_Deva
panel2,A,mar_news_2020_300K,mar,L1,48863,mar_Deva
panel2,A,mar_news_2020_300K,mar,L1,48881,mar_Deva
panel2,A,mar_news_2020_300K,mar,L1,48883,mar_Deva
panel2,A,mar_news_2020_300K,mar,L1,49136,mar_Deva
panel2,A,mar_news_2020_300K,mar,L1,49282,mar_Deva
panel2,A,mar_news_2020_300K,mar,L1,49600,mar_Deva
panel2,A,mar_news_2020_300K,mar,L1,49781,mar_Deva
panel2,A,mar_news_2020_300K,mar,L1,50136,mar_Deva
panel2,A,mar_news_2020_300K,mar,L1,50207,mar_Deva
panel2,A,mar_news_2020_300K,mar,L1,50291,mar_Deva
panel2,A,mar_news_2020_300K,mar,L1,50824,mar_Deva
panel2,A,mar_news_2020_300K,mar,L1,51021,mar_Deva
panel2,A,mar_news_2020_300K,mar,L1,51438,mar_Deva
panel2,A,mar_news_2020_300K,mar,L1,51638,mar_Deva
panel2,A,mar_news_2020_300K,mar,L1,51804,mar_Deva
panel2,A,mar_news_2020_300K,mar,L1,51877,mar_Deva
panel2,A,mar_news_2020_300K,mar,L1,51963,mar_Deva
panel2,A,mar_news_2020_300K,mar,L1,52045,mar_Deva
panel2,A,mar_news_2020_300K,mar,L1,52436,mar_Deva
panel2,A,mar_news_2020_300K,mar,L1,52860,mar_Deva
panel2,A,mar_news_2020_300K,mar,L1,52895,mar_Deva
panel2,A,mar_news_2020_300K,mar,L1,52907,mar_Deva
panel2,A,mar_news_2020_300K,mar,L1,52968,mar_Deva
panel2,A,mar_news_2020_300K,mar,L1,53039,mar_Deva
panel2,A,mar_news_2020_300K,mar,L1,53223,mar_Deva
panel2,A,mar_news_2020_300K,mar,L1,53292,mar_Deva
panel2,A,mar_news_2020_300K,mar,L1,54122,mar_Deva
panel2,A,mar_news_2020_300K,mar,L1,54223,mar_Deva
panel2,A,mar_news_2020_300K,mar,L1,54500,mar_Deva
panel2,A,mar_news_2020_300K,mar,L1,54627,mar_Deva
panel2,A,mar_news_2020_300K,mar,L1,54834,mar_Deva
panel2,A,mar_news_2020_300K,mar,L1,54921,mar_Deva
panel2,A,mar_news_2020_300K,mar,L1,55215,mar_Deva
panel2,A,mar_news_2020_300K,mar,L1,55253,mar_Deva
panel2,A,mar_news_2020_300K,mar,L1,55258,mar_Deva
panel2,A,mar_news_2020_300K,mar,L1,55316,mar_Deva
panel2,A,mar_news_2020_300K,mar,L1,55727,mar_Deva
panel2,A,mar_news_2020_300K,mar,L1,55783,mar_Deva
panel2,A,mar_news_2020_300K,mar,L1,55875,mar_Deva
panel2,A,mar_news_2020_300K,mar,L1,56073,mar_Deva
panel2,A,mar_news_2020_300K,mar,L1,56178,mar_Deva
panel2,A,mar_news_2020_300K,mar,L1,56255,mar_Deva
panel2,A,mar_news_2020_300K,mar,L1,56379,mar_Deva
panel2,A,mar_news_2020_300K,mar,L1,56457,mar_Deva
panel2,A,mar_news_2020_300K,mar,L1,56770,mar_Deva
panel2,A,mar_news_2020_300K,mar,L1,56793,mar_Deva
panel2,A,mar_news_2020_300K,mar,L1,56799,mar_Deva
panel2,A,mar_news_2020_300K,mar,L1,57211,mar_Deva
panel2,A,mar_news_2020_300K,mar,L1,57676,mar_Deva
panel2,A,mar_news_2020_300K,mar,L1,57759,mar_Deva
panel2,A,mar_news_2020_300K,mar,L1,58405,mar_Deva
panel2,A,mar_news_2020_300K,mar,L1,58421,mar_Deva
panel2,A,mar_news_2020_300K,mar,L1,58432,mar_Deva
panel2,A,mar_news_2020_300K,mar,L1,59204,mar_Deva
panel2,A,mar_news_2020_300K,mar,L1,59241,mar_Deva
panel2,A,mar_news_2020_300K,mar,L1,59329,mar_Deva
panel2,A,mar_news_2020_300K,mar,L1,59483,mar_Deva
panel2,A,mar_news_2020_300K,mar,L1,59662,mar_Deva
panel2,A,mar_news_2020_300K,mar,L1,59791,mar_Deva
panel2,A,mar_news_2020_300K,mar,L1,60054,mar_Deva
panel2,A,mar_news_2020_300K,mar,L1,60063,mar_Deva
panel2,A,mar_news_2020_300K,mar,L1,60166,mar_Deva
panel2,A,mar_news_2020_300K,mar,L1,60281,mar_Deva
panel2,A,mar_news_2020_300K,mar,L1,60448,mar_Deva
panel2,A,mar_news_2020_300K,mar,L1,60529,mar_Deva
panel2,A,mar_news_2020_300K,mar,L1,60818,mar_Deva
panel2,A,mar_news_2020_300K,mar,L1,60949,mar_Deva
panel2,A,mar_news_2020_300K,mar,L1,61058,mar_Deva
panel2,A,mar_news_2020_300K,mar,L1,61181,mar_Deva
panel2,A,mar_news_2020_300K,mar,L1,61371,mar_Deva
panel2,A,mar_news_2020_300K,mar,L1,61373,mar_Deva
panel2,A,mar_news_2020_300K,mar,L1,61431,mar_Deva
panel2,A,mar_news_2020_300K,mar,L1,61566,mar_Deva
panel2,A,mar_news_2020_300K,mar,L1,61933,mar_Deva
panel2,A,mar_news_2020_300K,mar,L1,62091,mar_Deva
panel2,A,mar_news_2020_300K,mar,L1,62242,mar_Deva
panel2,A,mar_news_2020_300K,mar,L1,62301,mar_Deva
panel2,A,mar_news_2020_300K,mar,L1,62352,mar_Deva
panel2,A,mar_news_2020_300K,mar,L1,62421,mar_Deva
panel2,A,mar_news_2020_300K,mar,L1,62562,mar_Deva
panel2,A,mar_news_2020_300K,mar,L1,62584,mar_Deva
panel2,A,mar_news_2020_300K,mar,L1,62587,mar_Deva
panel2,A,mar_news_2020_300K,mar,L1,62715,mar_Deva
panel2,A,mar_news_2020_300K,mar,L1,62786,mar_Deva
panel2,A,mar_news_2020_300K,mar,L1,63181,anp_Deva
panel2,A,mar_news_2020_300K,mar,L1,63980,mar_Deva
panel2,A,mar_news_2020_300K,mar,L1,64128,mar_Deva
panel2,A,mar_news_2020_300K,mar,L1,64438,mar_Deva
panel2,A,mar_news_2020_300K,mar,L1,64661,mar_Deva
panel2,A,mar_news_2020_300K,mar,L1,64762,mar_Deva
panel2,A,mar_news_2020_300K,mar,L1,64843,mar_Deva
panel2,A,mar_news_2020_300K,mar,L1,65112,mar_Deva
panel2,A,mar_news_2020_300K,mar,L1,65141,mar_Deva
panel2,A,mar_news_2020_300K,mar,L1,65234,mar_Deva
panel2,A,mar_news_2020_300K,mar,L1,66097,mar_Deva
panel2,A,mar_news_2020_300K,mar,L1,66313,mar_Deva
panel2,A,mar_news_2020_300K,mar,L1,66669,mar_Deva
panel2,A,mar_news_2020_300K,mar,L1,66821,mar_Deva
panel2,A,mar_news_2020_300K,mar,L1,66962,mar_Deva
panel2,A,mar_news_2020_300K,mar,L1,66985,mar_Deva
panel2,A,mar_news_2020_300K,mar,L1,67032,mar_Deva
panel2,A,mar_news_2020_300K,mar,L1,67082,mar_Deva
panel2,A,mar_news_2020_300K,mar,L1,67202,mar_Deva
panel2,A,mar_news_2020_300K,mar,L1,67345,mar_Deva
panel2,A,mar_news_2020_300K,mar,L1,67645,mar_Deva
panel2,A,mar_news_2020_300K,mar,L1,67996,mar_Deva
panel2,A,mar_news_2020_300K,mar,L1,68043,mar_Deva
panel2,A,mar_news_2020_300K,mar,L1,68052,mar_Deva
panel2,A,mar_news_2020_300K,mar,L1,68287,mar_Deva
panel2,A,mar_news_2020_300K,mar,L1,68424,mar_Deva
panel2,A,mar_news_2020_300K,mar,L1,68500,mar_Deva
panel2,A,mar_news_2020_300K,mar,L1,68670,mar_Deva
panel2,A,mar_news_2020_300K,mar,L1,68710,mar_Deva
panel2,A,mar_news_2020_300K,mar,L1,68770,mar_Deva
panel2,A,mar_news_2020_300K,mar,L1,69386,mar_Deva
panel2,A,mar_news_2020_300K,mar,L1,69525,mar_Deva
panel2,A,mar_news_2020_300K,mar,L1,69567,mar_Deva
panel2,A,mar_news_2020_300K,mar,L1,69887,mar_Deva
panel2,A,mar_news_2020_300K,mar,L1,70054,mar_Deva
panel2,A,mar_news_2020_300K,mar,L1,70090,mar_Deva
panel2,A,mar_news_2020_300K,mar,L1,70226,mar_Deva
panel2,A,mar_news_2020_300K,mar,L1,70523,mar_Deva
panel2,A,mar_news_2020_300K,mar,L1,70544,mar_Deva
panel2,A,mar_news_2020_300K,mar,L1,70823,mar_Deva
panel2,A,mar_news_2020_300K,mar,L1,70839,mar_Deva
panel2,A,mar_news_2020_300K,mar,L1,70854,mar_Deva
panel2,A,mar_news_2020_300K,mar,L1,71234,mar_Deva
panel2,A,mar_news_2020_300K,mar,L1,71342,mar_Deva
panel2,A,mar_news_2020_300K,mar,L1,71596,mar_Deva
panel2,A,mar_news_2020_300K,mar,L1,71668,mar_Deva
panel2,A,mar_news_2020_300K,mar,L1,71788,mar_Deva
panel2,A,mar_news_2020_300K,mar,L1,72217,mar_Deva
panel2,A,mar_news_2020_300K,mar,L1,72569,mar_Deva
panel2,A,mar_news_2020_300K,mar,L1,73314,mar_Deva
panel2,A,mar_news_2020_300K,mar,L1,73351,mar_Deva
panel2,A,mar_news_2020_300K,mar,L1,73495,mar_Deva
panel2,A,mar_news_2020_300K,mar,L1,73739,mar_Deva
panel2,A,mar_news_2020_300K,mar,L1,74193,mar_Deva
panel2,A,mar_news_2020_300K,mar,L1,74625,mar_Deva
panel2,A,mar_news_2020_300K,mar,L1,74659,mar_Deva
panel2,A,mar_news_2020_300K,mar,L1,74663,mar_Deva
panel2,A,mar_news_2020_300K,mar,L1,74865,mar_Deva
panel2,A,mar_news_2020_300K,mar,L1,74970,mar_Deva
panel2,A,mar_news_2020_300K,mar,L1,75086,mar_Deva
panel2,A,mar_news_2020_300K,mar,L1,75265,mar_Deva
panel2,A,mar_news_2020_300K,mar,L1,75284,mar_Deva
panel2,A,mar_news_2020_300K,mar,L1,75408,mar_Deva
panel2,A,mar_news_2020_300K,mar,L1,75434,mar_Deva
panel2,A,mar_news_2020_300K,mar,L1,75738,mar_Deva
panel2,A,mar_news_2020_300K,mar,L1,76029,mar_Deva
panel2,A,mar_news_2020_300K,mar,L1,76108,mar_Deva
panel2,A,mar_news_2020_300K,mar,L1,76161,mar_Deva
panel2,A,mar_news_2020_300K,mar,L1,76254,mar_Deva
panel2,A,mar_news_2020_300K,mar,L1,76258,mar_Deva
panel2,A,mar_news_2020_300K,mar,L1,76459,mar_Deva
panel2,A,mar_news_2020_300K,mar,L1,76708,mar_Deva
panel2,A,mar_news_2020_300K,mar,L1,76772,mar_Deva
panel2,A,mar_news_2020_300K,mar,L1,76893,mar_Deva
panel2,A,mar_news_2020_300K,mar,L1,77502,mar_Deva
panel2,A,mar_news_2020_300K,mar,L1,77530,mar_Deva
panel2,A,mar_news_2020_300K,mar,L1,77637,mar_Deva
panel2,A,mar_news_2020_300K,mar,L1,77850,mar_Deva
panel2,A,mar_news_2020_300K,mar,L1,77916,mar_Deva
panel2,A,mar_news_2020_300K,mar,L1,78025,mar_Deva
panel2,A,mar_news_2020_300K,mar,L1,78047,mar_Deva
panel2,A,mar_news_2020_300K,mar,L1,78545,mar_Deva
panel2,A,mar_news_2020_300K,mar,L1,78870,mar_Deva
panel2,A,mar_news_2020_300K,mar,L1,78905,mar_Deva
panel2,A,mar_news_2020_300K,mar,L1,78978,mar_Deva
panel2,A,mar_news_2020_300K,mar,L1,79068,mar_Deva
panel2,A,mar_news_2020_300K,mar,L1,79072,mar_Deva
panel2,A,mar_news_2020_300K,mar,L1,79173,mar_Deva
panel2,A,mar_news_2020_300K,mar,L1,79208,mar_Deva
panel2,A,mar_news_2020_300K,mar,L1,79417,mar_Deva
panel2,A,mar_news_2020_300K,mar,L1,79474,mar_Deva
panel2,A,mar_news_2020_300K,mar,L1,79520,mar_Deva
panel2,A,mar_news_2020_300K,mar,L1,79667,mar_Deva
panel2,A,mar_news_2020_300K,mar,L1,80196,mar_Deva
panel2,A,mar_news_2020_300K,mar,L1,80299,mar_Deva
panel2,A,mar_news_2020_300K,mar,L1,80371,mar_Deva
panel2,A,mar_news_2020_300K,mar,L1,80525,mar_Deva
panel2,A,mar_news_2020_300K,mar,L1,80570,mar_Deva
panel2,A,mar_news_2020_300K,mar,L1,80643,mar_Deva
panel2,A,mar_news_2020_300K,mar,L1,80849,mar_Deva
panel2,A,mar_news_2020_300K,mar,L1,80890,mar_Deva
panel2,A,mar_news_2020_300K,mar,L1,81022,mar_Deva
panel2,A,mar_news_2020_300K,mar,L1,81211,mar_Deva
panel2,A,mar_news_2020_300K,mar,L1,81293,mar_Deva
panel2,A,mar_news_2020_300K,mar,L1,81304,mar_Deva
panel2,A,mar_news_2020_300K,mar,L1,81630,mar_Deva
panel2,A,mar_news_2020_300K,mar,L1,81655,mar_Deva
panel2,A,mar_news_2020_300K,mar,L1,81745,mar_Deva
panel2,A,mar_news_2020_300K,mar,L1,82006,mar_Deva
panel2,A,mar_news_2020_300K,mar,L1,82159,mar_Deva
panel2,A,mar_news_2020_300K,mar,L1,82352,mar_Deva
panel2,A,mar_news_2020_300K,mar,L1,82353,mar_Deva
panel2,A,mar_news_2020_300K,mar,L1,82759,mar_Deva
panel2,A,mar_news_2020_300K,mar,L1,83407,mar_Deva
panel2,A,mar_news_2020_300K,mar,L1,84023,mar_Deva
panel2,A,mar_news_2020_300K,mar,L1,84396,mar_Deva
panel2,A,mar_news_2020_300K,mar,L1,84497,mar_Deva
panel2,A,mar_news_2020_300K,mar,L1,85123,mar_Deva
panel2,A,mar_news_2020_300K,mar,L1,85259,mar_Deva
panel2,A,mar_news_2020_300K,mar,L1,85478,mar_Deva
panel2,A,mar_news_2020_300K,mar,L1,85815,mar_Deva
panel2,A,mar_news_2020_300K,mar,L1,85853,mar_Deva
panel2,A,mar_news_2020_300K,mar,L1,85924,mar_Deva
panel2,A,mar_news_2020_300K,mar,L1,86009,mar_Deva
panel2,A,mar_news_2020_300K,mar,L1,86145,mar_Deva
panel2,A,mar_news_2020_300K,mar,L1,86632,mar_Deva
panel2,A,mar_news_2020_300K,mar,L1,86725,mar_Deva
panel2,A,mar_news_2020_300K,mar,L1,87215,mar_Deva
panel2,A,mar_news_2020_300K,mar,L1,87216,mar_Deva
panel2,A,mar_news_2020_300K,mar,L1,87255,mar_Deva
panel2,A,mar_news_2020_300K,mar,L1,87268,mar_Deva
panel2,A,mar_news_2020_300K,mar,L1,87326,mar_Deva
panel2,A,mar_news_2020_300K,mar,L1,87330,mar_Deva
panel2,A,mar_news_2020_300K,mar,L1,87526,mar_Deva
panel2,A,mar_news_2020_300K,mar,L1,87943,mar_Deva
panel2,A,mar_news_2020_300K,mar,L1,88061,mar_Deva
panel2,A,mar_news_2020_300K,mar,L1,88121,mar_Deva
panel2,A,mar_news_2020_300K,mar,L1,88321,mar_Deva
panel2,A,mar_news_2020_300K,mar,L1,89082,mar_Deva
panel2,A,mar_news_2020_300K,mar,L1,89089,mar_Deva
panel2,A,mar_news_2020_300K,mar,L1,89497,mar_Deva
panel2,A,mar_news_2020_300K,mar,L1,89587,mar_Deva
panel2,A,mar_news_2020_300K,mar,L1,89643,mar_Deva
panel2,A,mar_news_2020_300K,mar,L1,89703,mar_Deva
panel2,A,mar_news_2020_300K,mar,L1,89838,mar_Deva
panel2,A,mar_news_2020_300K,mar,L1,89944,mar_Deva
panel2,A,mar_news_2020_300K,mar,L1,90006,mar_Deva
panel2,A,mar_news_2020_300K,mar,L1,90045,mar_Deva
panel2,A,mar_news_2020_300K,mar,L1,90079,mar_Deva
panel2,A,mar_news_2020_300K,mar,L1,90212,mar_Deva
panel2,A,mar_news_2020_300K,mar,L1,90370,mar_Deva
panel2,A,mar_news_2020_300K,mar,L1,90578,mar_Deva
panel2,A,mar_news_2020_300K,mar,L1,90662,mar_Deva
panel2,A,mar_news_2020_300K,mar,L1,90685,mar_Deva
panel2,A,mar_news_2020_300K,mar,L1,90720,mar_Deva
panel2,A,mar_news_2020_300K,mar,L1,90985,mar_Deva
panel2,A,mar_news_2020_300K,mar,L1,91040,mar_Deva
panel2,A,mar_news_2020_300K,mar,L1,91466,mar_Deva
panel2,A,mar_news_2020_300K,mar,L1,91632,mar_Deva
panel2,A,mar_news_2020_300K,mar,L1,91649,mar_Deva
panel2,A,mar_news_2020_300K,mar,L1,91804,mar_Deva
panel2,A,mar_news_2020_300K,mar,L1,91839,mar_Deva
panel2,A,mar_news_2020_300K,mar,L1,91867,mar_Deva
panel2,A,mar_news_2020_300K,mar,L1,92024,mar_Deva
panel2,A,mar_news_2020_300K,mar,L1,92444,mar_Deva
panel2,A,mar_news_2020_300K,mar,L1,92536,mar_Deva
panel2,A,mar_news_2020_300K,mar,L1,92582,mar_Deva
panel2,A,mar_news_2020_300K,mar,L1,92662,mar_Deva
panel2,A,mar_news_2020_300K,mar,L1,92829,mar_Deva
panel2,A,mar_news_2020_300K,mar,L1,92936,mar_Deva
panel2,A,mar_news_2020_300K,mar,L1,93339,mar_Deva
panel2,A,mar_news_2020_300K,mar,L1,93545,mar_Deva
panel2,A,mar_news_2020_300K,mar,L1,93576,mar_Deva
panel2,A,mar_news_2020_300K,mar,L1,93763,mar_Deva
panel2,A,mar_news_2020_300K,mar,L1,93804,mar_Deva
panel2,A,mar_news_2020_300K,mar,L1,93813,mar_Deva
panel2,A,mar_news_2020_300K,mar,L1,93893,mar_Deva
panel2,A,mar_news_2020_300K,mar,L1,93998,mar_Deva
panel2,A,mar_news_2020_300K,mar,L1,94044,mar_Deva
panel2,A,mar_news_2020_300K,mar,L1,94061,mar_Deva
panel2,A,mar_news_2020_300K,mar,L1,94136,mar_Deva
panel2,A,mar_news_2020_300K,mar,L1,94262,mar_Deva
panel2,A,mar_news_2020_300K,mar,L1,94386,mar_Deva
panel2,A,mar_news_2020_300K,mar,L1,94431,mar_Deva
panel2,A,mar_news_2020_300K,mar,L1,94929,mar_Deva
panel2,A,mar_news_2020_300K,mar,L1,95087,mar_Deva
panel2,A,mar_news_2020_300K,mar,L1,95270,mar_Deva
panel2,A,mar_news_2020_300K,mar,L1,95426,mar_Deva
panel2,A,mar_news_2020_300K,mar,L1,95450,mar_Deva
panel2,A,mar_news_2020_300K,mar,L1,95618,mar_Deva
panel2,A,mar_news_2020_300K,mar,L1,96491,mar_Deva
panel2,A,mar_news_2020_300K,mar,L1,96567,mar_Deva
panel2,A,mar_news_2020_300K,mar,L1,96748,mar_Deva
panel2,A,mar_news_2020_300K,mar,L1,96768,mar_Deva
panel2,A,mar_news_2020_300K,mar,L1,97127,mar_Deva
panel2,A,mar_news_2020_300K,mar,L1,97152,mar_Deva
panel2,A,mar_news_2020_300K,mar,L1,97302,mar_Deva
panel2,A,mar_news_2020_300K,mar,L1,97376,mar_Deva
panel2,A,mar_news_2020_300K,mar,L1,97408,mar_Deva
panel2,A,mar_news_2020_300K,mar,L1,97433,mar_Deva
panel2,A,mar_news_2020_300K,mar,L1,98188,mar_Deva
panel2,A,mar_news_2020_300K,mar,L1,98334,mar_Deva
panel2,A,mar_news_2020_300K,mar,L1,98390,mar_Deva
panel2,A,mar_news_2020_300K,mar,L1,98430,mar_Deva
panel2,A,mar_news_2020_300K,mar,L1,98509,mar_Deva
panel2,A,mar_news_2020_300K,mar,L1,98965,mar_Deva
panel2,A,mar_news_2020_300K,mar,L1,99012,mar_Deva
panel2,A,mar_news_2020_300K,mar,L1,99027,mar_Deva
panel2,A,mar_news_2020_300K,mar,L1,99240,mar_Deva
panel2,A,mar_news_2020_300K,mar,L1,99279,mar_Deva
panel2,A,mar_news_2020_300K,mar,L1,99355,mar_Deva
panel2,A,mar_news_2020_300K,mar,L1,99734,mar_Deva
panel2,A,mar_news_2020_300K,mar,L1,99766,mar_Deva
panel2,A,mar_news_2020_300K,mar,L1,100005,mar_Deva
panel2,A,mar_news_2020_300K,mar,L1,100356,mar_Deva
panel2,A,mar_news_2020_300K,mar,L1,100449,mar_Deva
panel2,A,mar_news_2020_300K,mar,L1,100550,mar_Deva
panel2,A,mar_news_2020_300K,mar,L1,100629,mar_Deva
panel2,A,mar_news_2020_300K,mar,L1,100762,mar_Deva
panel2,A,mar_news_2020_300K,mar,L1,100787,mar_Deva
panel2,A,mar_news_2020_300K,mar,L1,100860,mar_Deva
panel2,A,mar_news_2020_300K,mar,L1,100941,mar_Deva
panel2,A,mar_news_2020_300K,mar,L1,101037,mar_Deva
panel2,A,mar_news_2020_300K,mar,L1,101091,mar_Deva
panel2,A,mar_news_2020_300K,mar,L1,101607,mar_Deva
panel2,A,mar_news_2020_300K,mar,L1,101765,mar_Deva
panel2,A,mar_news_2020_300K,mar,L1,101879,mar_Deva
panel2,A,mar_news_2020_300K,mar,L1,102165,mar_Deva
panel2,A,mar_news_2020_300K,mar,L1,102169,mar_Deva
panel2,A,mar_news_2020_300K,mar,L1,102493,mar_Deva
panel2,A,mar_news_2020_300K,mar,L1,102820,mar_Deva
panel2,A,mar_news_2020_300K,mar,L1,102869,mar_Deva
panel2,A,mar_news_2020_300K,mar,L1,102958,mar_Deva
panel2,A,mar_news_2020_300K,mar,L1,103023,mar_Deva
panel2,A,mar_news_2020_300K,mar,L1,103274,mar_Deva
panel2,A,mar_news_2020_300K,mar,L1,103285,mar_Deva
panel2,A,mar_news_2020_300K,mar,L1,103780,mar_Deva
panel2,A,mar_news_2020_300K,mar,L1,103839,mar_Deva
panel2,A,mar_news_2020_300K,mar,L1,103853,mar_Deva
panel2,A,mar_news_2020_300K,mar,L1,103885,mar_Deva
panel2,A,mar_news_2020_300K,mar,L1,104828,mar_Deva
panel2,A,mar_news_2020_300K,mar,L1,104925,mar_Deva
panel2,A,mar_news_2020_300K,mar,L1,105000,mar_Deva
panel2,A,mar_news_2020_300K,mar,L1,105117,mar_Deva
panel2,A,mar_news_2020_300K,mar,L1,105195,mar_Deva
panel2,A,mar_news_2020_300K,mar,L1,105357,mar_Deva
panel2,A,mar_news_2020_300K,mar,L1,105418,mar_Deva
panel2,A,mar_news_2020_300K,mar,L1,105438,mar_Deva
panel2,A,mar_news_2020_300K,mar,L1,105512,mar_Deva
panel2,A,mar_news_2020_300K,mar,L1,106254,mar_Deva
panel2,A,mar_news_2020_300K,mar,L1,106439,mar_Deva
panel2,A,mar_news_2020_300K,mar,L1,106582,mar_Deva
panel2,A,mar_news_2020_300K,mar,L1,106663,mar_Deva
panel2,A,mar_news_2020_300K,mar,L1,107163,mar_Deva
panel2,A,mar_news_2020_300K,mar,L1,107202,mar_Deva
panel2,A,mar_news_2020_300K,mar,L1,107306,mar_Deva
panel2,A,mar_news_2020_300K,mar,L1,107375,mar_Deva
panel2,A,mar_news_2020_300K,mar,L1,107479,mar_Deva
panel2,A,mar_news_2020_300K,mar,L1,107787,mar_Deva
panel2,A,mar_news_2020_300K,mar,L1,108340,mar_Deva
panel2,A,mar_news_2020_300K,mar,L1,108363,mar_Deva
panel2,A,mar_news_2020_300K,mar,L1,108457,mar_Deva
panel2,A,mar_news_2020_300K,mar,L1,108470,mar_Deva
panel2,A,mar_news_2020_300K,mar,L1,108553,mar_Deva
panel2,A,mar_news_2020_300K,mar,L1,108604,mar_Deva
panel2,A,mar_news_2020_300K,mar,L1,108724,mar_Deva
panel2,A,mar_news_2020_300K,mar,L1,109087,mar_Deva
panel2,A,mar_news_2020_300K,mar,L1,109274,mar_Deva
panel2,A,mar_news_2020_300K,mar,L1,109625,mar_Deva
panel2,A,mar_news_2020_300K,mar,L1,109816,mar_Deva
panel2,A,mar_news_2020_300K,mar,L1,109914,mar_Deva
panel2,A,mar_news_2020_300K,mar,L1,110143,mar_Deva
panel2,A,mar_news_2020_300K,mar,L1,110305,mar_Deva
panel2,A,mar_news_2020_300K,mar,L1,110478,mar_Deva
panel2,A,mar_news_2020_300K,mar,L1,110743,mar_Deva
panel2,A,mar_news_2020_300K,mar,L1,111445,mar_Deva
panel2,A,mar_news_2020_300K,mar,L1,111451,mar_Deva
panel2,A,mar_news_2020_300K,mar,L1,111523,mar_Deva
panel2,A,mar_news_2020_300K,mar,L1,111645,mar_Deva
panel2,A,mar_news_2020_300K,mar,L1,111729,mar_Deva
panel2,A,mar_news_2020_300K,mar,L1,112006,mar_Deva
panel2,A,mar_news_2020_300K,mar,L1,112228,mar_Deva
panel2,A,mar_news_2020_300K,mar,L1,112412,mar_Deva
panel2,A,mar_news_2020_300K,mar,L1,112736,mar_Deva
panel2,A,mar_news_2020_300K,mar,L1,112805,mar_Deva
panel2,A,mar_news_2020_300K,mar,L1,113008,mar_Deva
panel2,A,mar_news_2020_300K,mar,L1,113091,mar_Deva
panel2,A,mar_news_2020_300K,mar,L1,113159,mar_Deva
panel2,A,mar_news_2020_300K,mar,L1,113276,mar_Deva
panel2,A,mar_news_2020_300K,mar,L1,113305,mar_Deva
panel2,A,mar_news_2020_300K,mar,L1,113610,mar_Deva
panel2,A,mar_news_2020_300K,mar,L1,113615,mar_Deva
panel2,A,mar_news_2020_300K,mar,L1,113787,mar_Deva
panel2,A,mar_news_2020_300K,mar,L1,113795,mar_Deva
panel2,A,mar_news_2020_300K,mar,L1,113802,mar_Deva
panel2,A,mar_news_2020_300K,mar,L1,113815,mar_Deva
panel2,A,mar_news_2020_300K,mar,L1,113947,mar_Deva
panel2,A,mar_news_2020_300K,mar,L1,114058,mar_Deva
panel2,A,mar_news_2020_300K,mar,L1,114345,mar_Deva
panel2,A,mar_news_2020_300K,mar,L1,114489,mar_Deva
panel2,A,mar_news_2020_300K,mar,L1,114633,mar_Deva
panel2,A,mar_news_2020_300K,mar,L1,114664,mar_Deva
panel2,A,mar_news_2020_300K,mar,L1,114739,mar_Deva
panel2,A,mar_news_2020_300K,mar,L1,115153,mar_Deva
panel2,A,mar_news_2020_300K,mar,L1,115408,mar_Deva
panel2,A,mar_news_2020_300K,mar,L1,115830,mar_Deva
panel2,A,mar_news_2020_300K,mar,L1,115850,mar_Deva
panel2,A,mar_news_2020_300K,mar,L1,115954,mar_Deva
panel2,A,mar_news_2020_300K,mar,L1,116086,mar_Deva
panel2,A,mar_news_2020_300K,mar,L1,116088,mar_Deva
panel2,A,mar_news_2020_300K,mar,L1,116505,mar_Deva
panel2,A,mar_news_2020_300K,mar,L1,116575,mar_Deva
panel2,A,mar_news_2020_300K,mar,L1,116616,mar_Deva
panel2,A,mar_news_2020_300K,mar,L1,116642,mar_Deva
panel2,A,mar_news_2020_300K,mar,L1,116668,mar_Deva
panel2,A,mar_news_2020_300K,mar,L1,116933,mar_Deva
panel2,A,mar_news_2020_300K,mar,L1,116947,mar_Deva
panel2,A,mar_news_2020_300K,mar,L1,117046,mar_Deva
panel2,A,mar_news_2020_300K,mar,L1,117063,mar_Deva
panel2,A,mar_news_2020_300K,mar,L1,117311,mar_Deva
panel2,A,mar_news_2020_300K,mar,L1,117595,mar_Deva
panel2,A,mar_news_2020_300K,mar,L1,117659,mar_Deva
panel2,A,mar_news_2020_300K,mar,L1,117686,mar_Deva
panel2,A,mar_news_2020_300K,mar,L1,117765,mar_Deva
panel2,A,mar_news_2020_300K,mar,L1,117891,mar_Deva
panel2,A,mar_news_2020_300K,mar,L1,117935,mar_Deva
panel2,A,mar_news_2020_300K,mar,L1,117973,mar_Deva
panel2,A,mar_news_2020_300K,mar,L1,118043,mar_Deva
panel2,A,mar_news_2020_300K,mar,L1,118217,mar_Deva
panel2,A,mar_news_2020_300K,mar,L1,118362,mar_Deva
panel2,A,mar_news_2020_300K,mar,L1,118434,mar_Deva
panel2,A,mar_news_2020_300K,mar,L1,118627,mar_Deva
panel2,A,mar_news_2020_300K,mar,L1,118768,mar_Deva
panel2,A,mar_news_2020_300K,mar,L1,119120,mar_Deva
panel2,A,mar_news_2020_300K,mar,L1,119296,mar_Deva
panel2,A,mar_news_2020_300K,mar,L1,119470,mar_Deva
panel2,A,mar_news_2020_300K,mar,L1,119846,mar_Deva
panel2,A,mar_news_2020_300K,mar,L1,120152,mar_Deva
panel2,A,mar_news_2020_300K,mar,L1,120271,mar_Deva
panel2,A,mar_news_2020_300K,mar,L1,120447,mar_Deva
panel2,A,mar_news_2020_300K,mar,L1,120572,mar_Deva
panel2,A,mar_news_2020_300K,mar,L1,120696,mar_Deva
panel2,A,mar_news_2020_300K,mar,L1,121289,mar_Deva
panel2,A,mar_news_2020_300K,mar,L1,121318,mar_Deva
panel2,A,mar_news_2020_300K,mar,L1,121344,mar_Deva
panel2,A,mar_news_2020_300K,mar,L1,121559,mar_Deva
panel2,A,mar_news_2020_300K,mar,L1,121600,mar_Deva
panel2,A,mar_news_2020_300K,mar,L1,121913,mar_Deva
panel2,A,mar_news_2020_300K,mar,L1,122041,mar_Deva
panel2,A,mar_news_2020_300K,mar,L1,122215,mar_Deva
panel2,A,mar_news_2020_300K,mar,L1,122303,mar_Deva
panel2,A,mar_news_2020_300K,mar,L1,122595,mar_Deva
panel2,A,mar_news_2020_300K,mar,L1,122607,mar_Deva
panel2,A,mar_news_2020_300K,mar,L1,122652,mar_Deva
panel2,A,mar_news_2020_300K,mar,L1,122724,mar_Deva
panel2,A,mar_news_2020_300K,mar,L1,122859,mar_Deva
panel2,A,mar_news_2020_300K,mar,L1,122936,mar_Deva
panel2,A,mar_news_2020_300K,mar,L1,123007,mar_Deva
panel2,A,mar_news_2020_300K,mar,L1,123008,mar_Deva
panel2,A,mar_news_2020_300K,mar,L1,123193,mar_Deva
panel2,A,mar_news_2020_300K,mar,L1,123360,mar_Deva
panel2,A,mar_news_2020_300K,mar,L1,123657,mar_Deva
panel2,A,mar_news_2020_300K,mar,L1,124066,mar_Deva
panel2,A,mar_news_2020_300K,mar,L1,124207,mar_Deva
panel2,A,mar_news_2020_300K,mar,L1,124419,mar_Deva
panel2,A,mar_news_2020_300K,mar,L1,124436,mar_Deva
panel2,A,mar_news_2020_300K,mar,L1,124544,mar_Deva
panel2,A,mar_news_2020_300K,mar,L1,124814,mar_Deva
panel2,A,mar_news_2020_300K,mar,L1,125281,mar_Deva
panel2,A,mar_news_2020_300K,mar,L1,125317,mar_Deva
panel2,A,mar_news_2020_300K,mar,L1,125433,mar_Deva
panel2,A,mar_news_2020_300K,mar,L1,125537,mar_Deva
panel2,A,mar_news_2020_300K,mar,L1,125719,mar_Deva
panel2,A,mar_news_2020_300K,mar,L1,125883,mar_Deva
panel2,A,mar_news_2020_300K,mar,L1,125926,mar_Deva
panel2,A,mar_news_2020_300K,mar,L1,126083,mar_Deva
panel2,A,mar_news_2020_300K,mar,L1,126215,mar_Deva
panel2,A,mar_news_2020_300K,mar,L1,126288,mar_Deva
panel2,A,mar_news_2020_300K,mar,L1,126303,mar_Deva
panel2,A,mar_news_2020_300K,mar,L1,126404,mar_Deva
panel2,A,mar_news_2020_300K,mar,L1,126525,mar_Deva
panel2,A,mar_news_2020_300K,mar,L1,126619,mar_Deva
panel2,A,mar_news_2020_300K,mar,L1,126778,mar_Deva
panel2,A,mar_news_2020_300K,mar,L1,127148,mar_Deva
panel2,A,mar_news_2020_300K,mar,L1,127196,mar_Deva
panel2,A,mar_news_2020_300K,mar,L1,127443,mar_Deva
panel2,A,mar_news_2020_300K,mar,L1,127501,mar_Deva
panel2,A,mar_news_2020_300K,mar,L1,127553,mar_Deva
panel2,A,mar_news_2020_300K,mar,L1,127617,mar_Deva
panel2,A,mar_news_2020_300K,mar,L1,127730,mar_Deva
panel2,A,mar_news_2020_300K,mar,L1,127846,mar_Deva
panel2,A,mar_news_2020_300K,mar,L1,127888,mar_Deva
panel2,A,mar_news_2020_300K,mar,L1,127998,mar_Deva
panel2,A,mar_news_2020_300K,mar,L1,128005,mar_Deva
panel2,A,mar_news_2020_300K,mar,L1,128080,mar_Deva
panel2,A,mar_news_2020_300K,mar,L1,128521,mar_Deva
panel2,A,mar_news_2020_300K,mar,L1,128535,mar_Deva
panel2,A,mar_news_2020_300K,mar,L1,128541,mar_Deva
panel2,A,mar_news_2020_300K,mar,L1,128759,mar_Deva
panel2,A,mar_news_2020_300K,mar,L1,128773,mar_Deva
panel2,A,mar_news_2020_300K,mar,L1,128796,mar_Deva
panel2,A,mar_news_2020_300K,mar,L1,128799,mar_Deva
panel2,A,mar_news_2020_300K,mar,L1,128816,mar_Deva
panel2,A,mar_news_2020_300K,mar,L1,128899,mar_Deva
panel2,A,mar_news_2020_300K,mar,L1,128992,mar_Deva
panel2,A,mar_news_2020_300K,mar,L1,129011,mar_Deva
panel2,A,mar_news_2020_300K,mar,L1,129357,mar_Deva
panel2,A,mar_news_2020_300K,mar,L1,129785,mar_Deva
panel2,A,mar_news_2020_300K,mar,L1,129822,mar_Deva
panel2,A,mar_news_2020_300K,mar,L1,129843,mar_Deva
panel2,A,mar_news_2020_300K,mar,L1,130161,mar_Deva
panel2,A,mar_news_2020_300K,mar,L1,130249,mar_Deva
panel2,A,mar_news_2020_300K,mar,L1,130504,mar_Deva
panel2,A,mar_news_2020_300K,mar,L1,130514,mar_Deva
panel2,A,mar_news_2020_300K,mar,L1,130594,mar_Deva
panel2,A,mar_news_2020_300K,mar,L1,130634,mar_Deva
panel2,A,mar_news_2020_300K,mar,L1,130844,mar_Deva
panel2,A,mar_news_2020_300K,mar,L1,130854,mar_Deva
panel2,A,mar_news_2020_300K,mar,L1,131064,mar_Deva
panel2,A,mar_news_2020_300K,mar,L1,131122,mar_Deva
panel2,A,mar_news_2020_300K,mar,L1,131243,mar_Deva
panel2,A,mar_news_2020_300K,mar,L1,131352,mar_Deva
panel2,A,mar_news_2020_300K,mar,L1,131581,mar_Deva
panel2,A,mar_news_2020_300K,mar,L1,131592,mar_Deva
panel2,A,mar_news_2020_300K,mar,L1,131638,mar_Deva
panel2,A,mar_news_2020_300K,mar,L1,131653,mar_Deva
panel2,A,mar_news_2020_300K,mar,L1,131812,mar_Deva
panel2,A,mar_news_2020_300K,mar,L1,131823,mar_Deva
panel2,A,mar_news_2020_300K,mar,L1,131855,mar_Deva
panel2,A,mar_news_2020_300K,mar,L1,131942,mar_Deva
panel2,A,mar_news_2020_300K,mar,L1,132310,mar_Deva
panel2,A,mar_news_2020_300K,mar,L1,132417,mar_Deva
panel2,A,mar_news_2020_300K,mar,L1,132596,mar_Deva
panel2,A,mar_news_2020_300K,mar,L1,132669,mar_Deva
panel2,A,mar_news_2020_300K,mar,L1,132732,mar_Deva
panel2,A,mar_news_2020_300K,mar,L1,133290,mar_Deva
panel2,A,mar_news_2020_300K,mar,L1,133366,mar_Deva
panel2,A,mar_news_2020_300K,mar,L1,133543,mar_Deva
panel2,A,mar_news_2020_300K,mar,L1,133714,mar_Deva
panel2,A,mar_news_2020_300K,mar,L1,133804,mar_Deva
panel2,A,mar_news_2020_300K,mar,L1,133846,mar_Deva
panel2,A,mar_news_2020_300K,mar,L1,133951,mar_Deva
panel2,A,mar_news_2020_300K,mar,L1,133995,mar_Deva
panel2,A,mar_news_2020_300K,mar,L1,134332,mar_Deva
panel2,A,mar_news_2020_300K,mar,L1,134421,mar_Deva
panel2,A,mar_news_2020_300K,mar,L1,134638,mar_Deva
panel2,A,mar_news_2020_300K,mar,L1,134719,mar_Deva
panel2,A,mar_news_2020_300K,mar,L1,134739,mar_Deva
panel2,A,mar_news_2020_300K,mar,L1,134815,mar_Deva
panel2,A,mar_news_2020_300K,mar,L1,134996,mar_Deva
panel2,A,mar_news_2020_300K,mar,L1,135045,mar_Deva
panel2,A,mar_news_2020_300K,mar,L1,135130,mar_Deva
panel2,A,mar_news_2020_300K,mar,L1,135149,mar_Deva
panel2,A,mar_news_2020_300K,mar,L1,135249,mar_Deva
panel2,A,mar_news_2020_300K,mar,L1,135448,mar_Deva
panel2,A,mar_news_2020_300K,mar,L1,135691,mar_Deva
panel2,A,mar_news_2020_300K,mar,L1,136104,mar_Deva
panel2,A,mar_news_2020_300K,mar,L1,136173,mar_Deva
panel2,A,mar_news_2020_300K,mar,L1,136209,mar_Deva
panel2,A,mar_news_2020_300K,mar,L1,136273,mar_Deva
panel2,A,mar_news_2020_300K,mar,L1,136301,mar_Deva
panel2,A,mar_news_2020_300K,mar,L1,136305,mar_Deva
panel2,A,mar_news_2020_300K,mar,L1,136381,mar_Deva
panel2,A,mar_news_2020_300K,mar,L1,136517,mar_Deva
panel2,A,mar_news_2020_300K,mar,L1,136562,mar_Deva
panel2,A,mar_news_2020_300K,mar,L1,136584,mar_Deva
panel2,A,mar_news_2020_300K,mar,L1,137028,mar_Deva
panel2,A,mar_news_2020_300K,mar,L1,137217,mar_Deva
panel2,A,mar_news_2020_300K,mar,L1,137960,mar_Deva
panel2,A,mar_news_2020_300K,mar,L1,138019,mar_Deva
panel2,A,mar_news_2020_300K,mar,L1,138385,mar_Deva
panel2,A,mar_news_2020_300K,mar,L1,138386,mar_Deva
panel2,A,mar_news_2020_300K,mar,L1,138545,mar_Deva
panel2,A,mar_news_2020_300K,mar,L1,138665,mar_Deva
panel2,A,mar_news_2020_300K,mar,L1,138667,mar_Deva
panel2,A,mar_news_2020_300K,mar,L1,138770,mar_Deva
panel2,A,mar_news_2020_300K,mar,L1,138963,mar_Deva
panel2,A,mar_news_2020_300K,mar,L1,138965,mar_Deva
panel2,A,mar_news_2020_300K,mar,L1,139270,mar_Deva
panel2,A,mar_news_2020_300K,mar,L1,139286,mar_Deva
panel2,A,mar_news_2020_300K,mar,L1,139537,mar_Deva
panel2,A,mar_news_2020_300K,mar,L1,139567,mar_Deva
panel2,A,mar_news_2020_300K,mar,L1,139585,mar_Deva
panel2,A,mar_news_2020_300K,mar,L1,139725,mar_Deva
panel2,A,mar_news_2020_300K,mar,L1,139771,mar_Deva
panel2,A,mar_news_2020_300K,mar,L1,140053,mar_Deva
panel2,A,mar_news_2020_300K,mar,L1,140064,mar_Deva
panel2,A,mar_news_2020_300K,mar,L1,140085,mar_Deva
panel2,A,mar_news_2020_300K,mar,L1,140152,mar_Deva
panel2,A,mar_news_2020_300K,mar,L1,140396,mar_Deva
panel2,A,mar_news_2020_300K,mar,L1,140996,mar_Deva
panel2,A,mar_news_2020_300K,mar,L1,141149,mar_Deva
panel2,A,mar_news_2020_300K,mar,L1,141176,mar_Deva
panel2,A,mar_news_2020_300K,mar,L1,141263,mar_Deva
panel2,A,mar_news_2020_300K,mar,L1,141311,mar_Deva
panel2,A,mar_news_2020_300K,mar,L1,141337,mar_Deva
panel2,A,mar_news_2020_300K,mar,L1,141535,mar_Deva
panel2,A,mar_news_2020_300K,mar,L1,141634,mar_Deva
panel2,A,mar_news_2020_300K,mar,L1,141707,mar_Deva
panel2,A,mar_news_2020_300K,mar,L1,141759,mar_Deva
panel2,A,mar_news_2020_300K,mar,L1,142049,mar_Deva
panel2,A,mar_news_2020_300K,mar,L1,142080,mar_Deva
panel2,A,mar_news_2020_300K,mar,L1,142238,mar_Deva
panel2,A,mar_news_2020_300K,mar,L1,142443,mar_Deva
panel2,A,mar_news_2020_300K,mar,L1,142571,mar_Deva
panel2,A,mar_news_2020_300K,mar,L1,142788,mar_Deva
panel2,A,mar_news_2020_300K,mar,L1,142968,mar_Deva
panel2,A,mar_news_2020_300K,mar,L1,143298,mar_Deva
panel2,A,mar_news_2020_300K,mar,L1,143300,mar_Deva
panel2,A,mar_news_2020_300K,mar,L1,143447,mar_Deva
panel2,A,mar_news_2020_300K,mar,L1,143526,mar_Deva
panel2,A,mar_news_2020_300K,mar,L1,143527,mar_Deva
panel2,A,mar_news_2020_300K,mar,L1,143544,mar_Deva
panel2,A,mar_news_2020_300K,mar,L1,143560,mar_Deva
panel2,A,mar_news_2020_300K,mar,L1,143614,mar_Deva
panel2,A,mar_news_2020_300K,mar,L1,143666,mar_Deva
panel2,A,mar_news_2020_300K,mar,L1,143819,mar_Deva
panel2,A,mar_news_2020_300K,mar,L1,144078,mar_Deva
panel2,A,mar_news_2020_300K,mar,L1,144116,mar_Deva
panel2,A,mar_news_2020_300K,mar,L1,144159,mar_Deva
panel2,A,mar_news_2020_300K,mar,L1,144615,mar_Deva
panel2,A,mar_news_2020_300K,mar,L1,144863,mar_Deva
panel2,A,mar_news_2020_300K,mar,L1,145005,mar_Deva
panel2,A,mar_news_2020_300K,mar,L1,145166,mar_Deva
panel2,A,mar_news_2020_300K,mar,L1,145354,mar_Deva
panel2,A,mar_news_2020_300K,mar,L1,145629,mar_Deva
panel2,A,mar_news_2020_300K,mar,L1,145655,mar_Deva
panel2,A,mar_news_2020_300K,mar,L1,145722,mar_Deva
panel2,A,mar_news_2020_300K,mar,L1,145757,mar_Deva
panel2,A,mar_news_2020_300K,mar,L1,145832,mar_Deva
panel2,A,mar_news_2020_300K,mar,L1,145930,mar_Deva
panel2,A,mar_news_2020_300K,mar,L1,145961,mar_Deva
panel2,A,mar_news_2020_300K,mar,L1,146122,mar_Deva
panel2,A,mar_news_2020_300K,mar,L1,146155,mar_Deva
panel2,A,mar_news_2020_300K,mar,L1,146166,mar_Deva
panel2,A,mar_news_2020_300K,mar,L1,146181,mar_Deva
panel2,A,mar_news_2020_300K,mar,L1,146298,mar_Deva
panel2,A,mar_news_2020_300K,mar,L1,146410,mar_Deva
panel2,A,mar_news_2020_300K,mar,L1,146481,mar_Deva
panel2,A,mar_news_2020_300K,mar,L1,146548,mar_Deva
panel2,A,mar_news_2020_300K,mar,L1,146585,mar_Deva
panel2,A,mar_news_2020_300K,mar,L1,146724,mar_Deva
panel2,A,mar_news_2020_300K,mar,L1,146788,mar_Deva
panel2,A,mar_news_2020_300K,mar,L1,146818,mar_Deva
panel2,A,mar_news_2020_300K,mar,L1,146970,mar_Deva
panel2,A,mar_news_2020_300K,mar,L1,147112,mar_Deva
panel2,A,mar_news_2020_300K,mar,L1,147729,mar_Deva
panel2,A,mar_news_2020_300K,mar,L1,147742,mar_Deva
panel2,A,mar_news_2020_300K,mar,L1,147852,mar_Deva
panel2,A,mar_news_2020_300K,mar,L1,148225,mar_Deva
panel2,A,mar_news_2020_300K,mar,L1,148324,mar_Deva
panel2,A,mar_news_2020_300K,mar,L1,148349,mar_Deva
panel2,A,mar_news_2020_300K,mar,L1,148553,mar_Deva
panel2,A,mar_news_2020_300K,mar,L1,148621,mar_Deva
panel2,A,mar_news_2020_300K,mar,L1,148638,mar_Deva
panel2,A,mar_news_2020_300K,mar,L1,149174,mar_Deva
panel2,A,mar_news_2020_300K,mar,L1,149195,mar_Deva
panel2,A,mar_news_2020_300K,mar,L1,149270,mar_Deva
panel2,A,mar_news_2020_300K,mar,L1,149591,mar_Deva
panel2,A,mar_news_2020_300K,mar,L1,149653,mar_Deva
panel2,A,mar_news_2020_300K,mar,L1,149925,mar_Deva
panel2,A,mar_news_2020_300K,mar,L1,150298,mar_Deva
panel2,A,mar_news_2020_300K,mar,L1,150319,mar_Deva
panel2,A,mar_news_2020_300K,mar,L1,150569,mar_Deva
panel2,A,mar_news_2020_300K,mar,L1,150789,mar_Deva
panel2,A,mar_news_2020_300K,mar,L1,151007,mar_Deva
panel2,A,mar_news_2020_300K,mar,L1,151020,mar_Deva
panel2,A,mar_news_2020_300K,mar,L1,151437,mar_Deva
panel2,A,mar_news_2020_300K,mar,L1,151934,mar_Deva
panel2,A,mar_news_2020_300K,mar,L1,152028,mar_Deva
panel2,A,mar_news_2020_300K,mar,L1,152343,mar_Deva
panel2,A,mar_news_2020_300K,mar,L1,152363,mar_Deva
panel2,A,mar_news_2020_300K,mar,L1,152483,mar_Deva
panel2,A,mar_news_2020_300K,mar,L1,152700,mar_Deva
panel2,A,mar_news_2020_300K,mar,L1,153080,mar_Deva
panel2,A,mar_news_2020_300K,mar,L1,153147,mar_Deva
panel2,A,mar_news_2020_300K,mar,L1,153232,mar_Deva
panel2,A,mar_news_2020_300K,mar,L1,153285,mar_Deva
panel2,A,mar_news_2020_300K,mar,L1,153752,mar_Deva
panel2,A,mar_news_2020_300K,mar,L1,153895,mar_Deva
panel2,A,mar_news_2020_300K,mar,L1,154018,mar_Deva
panel2,A,mar_news_2020_300K,mar,L1,154367,mar_Deva
panel2,A,mar_news_2020_300K,mar,L1,154694,mar_Deva
panel2,A,mar_news_2020_300K,mar,L1,154822,mar_Deva
panel2,A,mar_news_2020_300K,mar,L1,154898,mar_Deva
panel2,A,mar_news_2020_300K,mar,L1,155830,mar_Deva
panel2,A,mar_news_2020_300K,mar,L1,156059,mar_Deva
panel2,A,mar_news_2020_300K,mar,L1,156231,mar_Deva
panel2,A,mar_news_2020_300K,mar,L1,156650,mar_Deva
panel2,A,mar_news_2020_300K,mar,L1,156767,mar_Deva
panel2,A,mar_news_2020_300K,mar,L1,156781,mar_Deva
panel2,A,mar_news_2020_300K,mar,L1,156812,mar_Deva
panel2,A,mar_news_2020_300K,mar,L1,156988,mar_Deva
panel2,A,mar_news_2020_300K,mar,L1,157202,mar_Deva
panel2,A,mar_news_2020_300K,mar,L1,157393,mar_Deva
panel2,A,mar_news_2020_300K,mar,L1,157399,mar_Deva
panel2,A,mar_news_2020_300K,mar,L1,157820,mar_Deva
panel2,A,mar_news_2020_300K,mar,L1,158024,mar_Deva
panel2,A,mar_news_2020_300K,mar,L1,158176,mar_Deva
panel2,A,mar_news_2020_300K,mar,L1,158198,mar_Deva
panel2,A,mar_news_2020_300K,mar,L1,158370,mar_Deva
panel2,A,mar_news_2020_300K,mar,L1,158455,mar_Deva
panel2,A,mar_news_2020_300K,mar,L1,158484,mar_Deva
panel2,A,mar_news_2020_300K,mar,L1,158528,mar_Deva
panel2,A,mar_news_2020_300K,mar,L1,158684,mar_Deva
panel2,A,mar_news_2020_300K,mar,L1,158685,mar_Deva
panel2,A,mar_news_2020_300K,mar,L1,158750,mar_Deva
panel2,A,mar_news_2020_300K,mar,L1,158777,mar_Deva
panel2,A,mar_news_2020_300K,mar,L1,159020,mar_Deva
panel2,A,mar_news_2020_300K,mar,L1,159321,mar_Deva
panel2,A,mar_news_2020_300K,mar,L1,159395,mar_Deva
panel2,A,mar_news_2020_300K,mar,L1,159654,mar_Deva
panel2,A,mar_news_2020_300K,mar,L1,159926,mar_Deva
panel2,A,mar_news_2020_300K,mar,L1,159976,mar_Deva
panel2,A,mar_news_2020_300K,mar,L1,160444,mar_Deva
panel2,A,mar_news_2020_300K,mar,L1,160604,mar_Deva
panel2,A,mar_news_2020_300K,mar,L1,160609,mar_Deva
panel2,A,mar_news_2020_300K,mar,L1,160662,mar_Deva
panel2,A,mar_news_2020_300K,mar,L1,160673,mar_Deva
panel2,A,mar_news_2020_300K,mar,L1,160882,mar_Deva
panel2,A,mar_news_2020_300K,mar,L1,160976,mar_Deva
panel2,A,mar_news_2020_300K,mar,L1,161188,mar_Deva
panel2,A,mar_news_2020_300K,mar,L1,161376,mar_Deva
panel2,A,mar_news_2020_300K,mar,L1,161956,mar_Deva
panel2,A,mar_news_2020_300K,mar,L1,162406,mar_Deva
panel2,A,mar_news_2020_300K,mar,L1,162506,mar_Deva
panel2,A,mar_news_2020_300K,mar,L1,162680,mar_Deva
panel2,A,mar_news_2020_300K,mar,L1,162756,mar_Deva
panel2,A,mar_news_2020_300K,mar,L1,162757,mar_Deva
panel2,A,mar_news_2020_300K,mar,L1,163066,mar_Deva
panel2,A,mar_news_2020_300K,mar,L1,163189,mar_Deva
panel2,A,mar_news_2020_300K,mar,L1,163199,mar_Deva
panel2,A,mar_news_2020_300K,mar,L1,163414,mar_Deva
panel2,A,mar_news_2020_300K,mar,L1,163532,mar_Deva
panel2,A,mar_news_2020_300K,mar,L1,163562,mar_Deva
panel2,A,mar_news_2020_300K,mar,L1,163578,mar_Deva
panel2,A,mar_news_2020_300K,mar,L1,163752,mar_Deva
panel2,A,mar_news_2020_300K,mar,L1,163775,mar_Deva
panel2,A,mar_news_2020_300K,mar,L1,163892,mar_Deva
panel2,A,mar_news_2020_300K,mar,L1,164331,mar_Deva
panel2,A,mar_news_2020_300K,mar,L1,164626,mar_Deva
panel2,A,mar_news_2020_300K,mar,L1,164698,mar_Deva
panel2,A,mar_news_2020_300K,mar,L1,164782,mar_Deva
panel2,A,mar_news_2020_300K,mar,L1,164889,mar_Deva
panel2,A,mar_news_2020_300K,mar,L1,164916,mar_Deva
panel2,A,mar_news_2020_300K,mar,L1,165457,mar_Deva
panel2,A,mar_news_2020_300K,mar,L1,165468,mar_Deva
panel2,A,mar_news_2020_300K,mar,L1,165508,mar_Deva
panel2,A,mar_news_2020_300K,mar,L1,165629,mar_Deva
panel2,A,mar_news_2020_300K,mar,L1,165788,mar_Deva
panel2,A,mar_news_2020_300K,mar,L1,165882,mar_Deva
panel2,A,mar_news_2020_300K,mar,L1,165912,mar_Deva
panel2,A,mar_news_2020_300K,mar,L1,166193,mar_Deva
panel2,A,mar_news_2020_300K,mar,L1,166348,mar_Deva
panel2,A,mar_news_2020_300K,mar,L1,166669,mar_Deva
panel2,A,mar_news_2020_300K,mar,L1,166703,mar_Deva
panel2,A,mar_news_2020_300K,mar,L1,166815,mar_Deva
panel2,A,mar_news_2020_300K,mar,L1,166835,mar_Deva
panel2,A,mar_news_2020_300K,mar,L1,166906,mar_Deva
panel2,A,mar_news_2020_300K,mar,L1,166926,mar_Deva
panel2,A,mar_news_2020_300K,mar,L1,166997,mar_Deva
panel2,A,mar_news_2020_300K,mar,L1,167024,mar_Deva
panel2,A,mar_news_2020_300K,mar,L1,167038,mar_Deva
panel2,A,mar_news_2020_300K,mar,L1,167126,mar_Deva
panel2,A,mar_news_2020_300K,mar,L1,167149,mar_Deva
panel2,A,mar_news_2020_300K,mar,L1,167162,mar_Deva
panel2,A,mar_news_2020_300K,mar,L1,167167,mar_Deva
panel2,A,mar_news_2020_300K,mar,L1,167255,mar_Deva
panel2,A,mar_news_2020_300K,mar,L1,167423,mar_Deva
panel2,A,mar_news_2020_300K,mar,L1,167776,mar_Deva
panel2,A,mar_news_2020_300K,mar,L1,167978,mar_Deva
panel2,A,mar_news_2020_300K,mar,L1,168034,mar_Deva
panel2,A,mar_news_2020_300K,mar,L1,168081,mar_Deva
panel2,A,mar_news_2020_300K,mar,L1,168287,mar_Deva
panel2,A,mar_news_2020_300K,mar,L1,168428,mar_Deva
panel2,A,mar_news_2020_300K,mar,L1,168592,mar_Deva
panel2,A,mar_news_2020_300K,mar,L1,168668,mar_Deva
panel2,A,mar_news_2020_300K,mar,L1,168733,mar_Deva
panel2,A,mar_news_2020_300K,mar,L1,169053,mar_Deva
panel2,A,mar_news_2020_300K,mar,L1,169115,mar_Deva
panel2,A,mar_news_2020_300K,mar,L1,169260,mar_Deva
panel2,A,mar_news_2020_300K,mar,L1,169346,mar_Deva
panel2,A,mar_news_2020_300K,mar,L1,169442,mar_Deva
panel2,A,mar_news_2020_300K,mar,L1,169462,mar_Deva
panel2,A,mar_news_2020_300K,mar,L1,169689,mar_Deva
panel2,A,mar_news_2020_300K,mar,L1,169965,mar_Deva
panel2,A,mar_news_2020_300K,mar,L1,170352,mar_Deva
panel2,A,mar_news_2020_300K,mar,L1,170610,mar_Deva
panel2,A,mar_news_2020_300K,mar,L1,170653,mar_Deva
panel2,A,mar_news_2020_300K,mar,L1,170686,mar_Deva
panel2,A,mar_news_2020_300K,mar,L1,170688,mar_Deva
panel2,A,mar_news_2020_300K,mar,L1,170708,mar_Deva
panel2,A,mar_news_2020_300K,mar,L1,170880,mar_Deva
panel2,A,mar_news_2020_300K,mar,L1,171043,mar_Deva
panel2,A,mar_news_2020_300K,mar,L1,171048,mar_Deva
panel2,A,mar_news_2020_300K,mar,L1,171107,mar_Deva
panel2,A,mar_news_2020_300K,mar,L1,171146,mar_Deva
panel2,A,mar_news_2020_300K,mar,L1,171233,mar_Deva
panel2,A,mar_news_2020_300K,mar,L1,171382,mar_Deva
panel2,A,mar_news_2020_300K,mar,L1,171385,mar_Deva
panel2,A,mar_news_2020_300K,mar,L1,171459,mar_Deva
panel2,A,mar_news_2020_300K,mar,L1,171913,mar_Deva
panel2,A,mar_news_2020_300K,mar,L1,171959,mar_Deva
panel2,A,mar_news_2020_300K,mar,L1,172058,mar_Deva
panel2,A,mar_news_2020_300K,mar,L1,172212,mar_Deva
panel2,A,mar_news_2020_300K,mar,L1,172329,mar_Deva
panel2,A,mar_news_2020_300K,mar,L1,172363,mar_Deva
panel2,A,mar_news_2020_300K,mar,L1,172420,mar_Deva
panel2,A,mar_news_2020_300K,mar,L1,172525,mar_Deva
panel2,A,mar_news_2020_300K,mar,L1,172622,mar_Deva
panel2,A,mar_news_2020_300K,mar,L1,172642,mar_Deva
panel2,A,mar_news_2020_300K,mar,L1,172839,mar_Deva
panel2,A,mar_news_2020_300K,mar,L1,172863,mar_Deva
panel2,A,mar_news_2020_300K,mar,L1,173017,mar_Deva
panel2,A,mar_news_2020_300K,mar,L1,173084,mar_Deva
panel2,A,mar_news_2020_300K,mar,L1,173118,mar_Deva
panel2,A,mar_news_2020_300K,mar,L1,173219,mar_Deva
panel2,A,mar_news_2020_300K,mar,L1,173233,mar_Deva
panel2,A,mar_news_2020_300K,mar,L1,173319,mar_Deva
panel2,A,mar_news_2020_300K,mar,L1,173324,mar_Deva
panel2,A,mar_news_2020_300K,mar,L1,173363,mar_Deva
panel2,A,mar_news_2020_300K,mar,L1,173367,mar_Deva
panel2,A,mar_news_2020_300K,mar,L1,173441,mar_Deva
panel2,A,mar_news_2020_300K,mar,L1,173447,mar_Deva
panel2,A,mar_news_2020_300K,mar,L1,173563,mar_Deva
panel2,A,mar_news_2020_300K,mar,L1,173666,mar_Deva
panel2,A,mar_news_2020_300K,mar,L1,173846,mar_Deva
panel2,A,mar_news_2020_300K,mar,L1,174196,mar_Deva
panel2,A,mar_news_2020_300K,mar,L1,174284,mar_Deva
panel2,A,mar_news_2020_300K,mar,L1,174304,mar_Deva
panel2,A,mar_news_2020_300K,mar,L1,174401,mar_Deva
panel2,A,mar_news_2020_300K,mar,L1,174620,mar_Deva
panel2,A,mar_news_2020_300K,mar,L1,174688,mar_Deva
panel2,A,mar_news_2020_300K,mar,L1,175075,mar_Deva
panel2,A,mar_news_2020_300K,mar,L1,175218,mar_Deva
panel2,A,mar_news_2020_300K,mar,L1,175797,mar_Deva
panel2,A,mar_news_2020_300K,mar,L1,175810,mar_Deva
panel2,A,mar_news_2020_300K,mar,L1,175888,mar_Deva
panel2,A,mar_news_2020_300K,mar,L1,176104,mar_Deva
panel2,A,mar_news_2020_300K,mar,L1,176233,mar_Deva
panel2,A,mar_news_2020_300K,mar,L1,176550,mar_Deva
panel2,A,mar_news_2020_300K,mar,L1,176627,mar_Deva
panel2,A,mar_news_2020_300K,mar,L1,176715,mar_Deva
panel2,A,mar_news_2020_300K,mar,L1,176739,mar_Deva
panel2,A,mar_news_2020_300K,mar,L1,177170,mar_Deva
panel2,A,mar_news_2020_300K,mar,L1,177256,mar_Deva
panel2,A,mar_news_2020_300K,mar,L1,177279,mar_Deva
panel2,A,mar_news_2020_300K,mar,L1,177301,mar_Deva
panel2,A,mar_news_2020_300K,mar,L1,177349,mar_Deva
panel2,A,mar_news_2020_300K,mar,L1,177430,mar_Deva
panel2,A,mar_news_2020_300K,mar,L1,177439,mar_Deva
panel2,A,mar_news_2020_300K,mar,L1,177447,mar_Deva
panel2,A,mar_news_2020_300K,mar,L1,177537,mar_Deva
panel2,A,mar_news_2020_300K,mar,L1,177842,mar_Deva
panel2,A,mar_news_2020_300K,mar,L1,177942,mar_Deva
panel2,A,mar_news_2020_300K,mar,L1,178004,mar_Deva
panel2,A,mar_news_2020_300K,mar,L1,178045,mar_Deva
panel2,A,mar_news_2020_300K,mar,L1,178280,mar_Deva
panel2,A,mar_news_2020_300K,mar,L1,178325,mar_Deva
panel2,A,mar_news_2020_300K,mar,L1,178344,mar_Deva
panel2,A,mar_news_2020_300K,mar,L1,178617,mar_Deva
panel2,A,mar_news_2020_300K,mar,L1,178648,mar_Deva
panel2,A,mar_news_2020_300K,mar,L1,179052,mar_Deva
panel2,A,mar_news_2020_300K,mar,L1,179114,mar_Deva
panel2,A,mar_news_2020_300K,mar,L1,179341,mar_Deva
panel2,A,mar_news_2020_300K,mar,L1,179417,mar_Deva
panel2,A,mar_news_2020_300K,mar,L1,179516,mar_Deva
panel2,A,mar_news_2020_300K,mar,L1,179881,mar_Deva
panel2,A,mar_news_2020_300K,mar,L1,179909,mar_Deva
panel2,A,mar_news_2020_300K,mar,L1,179914,mar_Deva
panel2,A,mar_news_2020_300K,mar,L1,180085,mar_Deva
panel2,A,mar_news_2020_300K,mar,L1,180100,mar_Deva
panel2,A,mar_news_2020_300K,mar,L1,180141,mar_Deva
panel2,A,mar_news_2020_300K,mar,L1,180371,mar_Deva
panel2,A,mar_news_2020_300K,mar,L1,180407,mar_Deva
panel2,A,mar_news_2020_300K,mar,L1,180688,mar_Deva
panel2,A,mar_news_2020_300K,mar,L1,180952,mar_Deva
panel2,A,mar_news_2020_300K,mar,L1,181365,mar_Deva
panel2,A,mar_news_2020_300K,mar,L1,181907,mar_Deva
panel2,A,mar_news_2020_300K,mar,L1,181920,mar_Deva
panel2,A,mar_news_2020_300K,mar,L1,182306,mar_Deva
panel2,A,mar_news_2020_300K,mar,L1,182370,mar_Deva
panel2,A,mar_news_2020_300K,mar,L1,182443,mar_Deva
panel2,A,mar_news_2020_300K,mar,L1,182800,mar_Deva
panel2,A,mar_news_2020_300K,mar,L1,182836,mar_Deva
panel2,A,mar_news_2020_300K,mar,L1,182875,mar_Deva
panel2,A,mar_news_2020_300K,mar,L1,182987,mar_Deva
panel2,A,mar_news_2020_300K,mar,L1,183095,mar_Deva
panel2,A,mar_news_2020_300K,mar,L1,183160,mar_Deva
panel2,A,mar_news_2020_300K,mar,L1,183182,mar_Deva
panel2,A,mar_news_2020_300K,mar,L1,183468,mar_Deva
panel2,A,mar_news_2020_300K,mar,L1,183516,mar_Deva
panel2,A,mar_news_2020_300K,mar,L1,183721,mar_Deva
panel2,A,mar_news_2020_300K,mar,L1,183959,mar_Deva
panel2,A,mar_news_2020_300K,mar,L1,184000,mar_Deva
panel2,A,mar_news_2020_300K,mar,L1,184010,mar_Deva
panel2,A,mar_news_2020_300K,mar,L1,184041,mar_Deva
panel2,A,mar_news_2020_300K,mar,L1,184238,mar_Deva
panel2,A,mar_news_2020_300K,mar,L1,184258,mar_Deva
panel2,A,mar_news_2020_300K,mar,L1,184359,mar_Deva
panel2,A,mar_news_2020_300K,mar,L1,184481,mar_Deva
panel2,A,mar_news_2020_300K,mar,L1,184620,mar_Deva
panel2,A,mar_news_2020_300K,mar,L1,184696,mar_Deva
panel2,A,mar_news_2020_300K,mar,L1,184782,mar_Deva
panel2,A,mar_news_2020_300K,mar,L1,184863,mar_Deva
panel2,A,mar_news_2020_300K,mar,L1,184874,mar_Deva
panel2,A,mar_news_2020_300K,mar,L1,184916,mar_Deva
panel2,A,mar_news_2020_300K,mar,L1,184962,mar_Deva
panel2,A,mar_news_2020_300K,mar,L1,185001,mar_Deva
panel2,A,mar_news_2020_300K,mar,L1,185177,mar_Deva
panel2,A,mar_news_2020_300K,mar,L1,185323,mar_Deva
panel2,A,mar_news_2020_300K,mar,L1,185497,mar_Deva
panel2,A,mar_news_2020_300K,mar,L1,185556,mar_Deva
panel2,A,mar_news_2020_300K,mar,L1,185691,mar_Deva
panel2,A,mar_news_2020_300K,mar,L1,185807,mar_Deva
panel2,A,mar_news_2020_300K,mar,L1,185878,mar_Deva
panel2,A,mar_news_2020_300K,mar,L1,185921,mar_Deva
panel2,A,mar_news_2020_300K,mar,L1,186271,mar_Deva
panel2,A,mar_news_2020_300K,mar,L1,186353,mar_Deva
panel2,A,mar_news_2020_300K,mar,L1,186355,mar_Deva
panel2,A,mar_news_2020_300K,mar,L1,186377,mar_Deva
panel2,A,mar_news_2020_300K,mar,L1,186445,mar_Deva
panel2,A,mar_news_2020_300K,mar,L1,186780,mar_Deva
panel2,A,mar_news_2020_300K,mar,L1,186913,mar_Deva
panel2,A,mar_news_2020_300K,mar,L1,187069,mar_Deva
panel2,A,mar_news_2020_300K,mar,L1,187111,mar_Deva
panel2,A,mar_news_2020_300K,mar,L1,187157,mar_Deva
panel2,A,mar_news_2020_300K,mar,L1,187192,mar_Deva
panel2,A,mar_news_2020_300K,mar,L1,187220,mar_Deva
panel2,A,mar_news_2020_300K,mar,L1,187233,mar_Deva
panel2,A,mar_news_2020_300K,mar,L1,187263,mar_Deva
panel2,A,mar_news_2020_300K,mar,L1,187389,mar_Deva
panel2,A,mar_news_2020_300K,mar,L1,187493,mar_Deva
panel2,A,mar_news_2020_300K,mar,L1,187513,mar_Deva
panel2,A,mar_news_2020_300K,mar,L1,187525,mar_Deva
panel2,A,mar_news_2020_300K,mar,L1,187653,mar_Deva
panel2,A,mar_news_2020_300K,mar,L1,187667,mar_Deva
panel2,A,mar_news_2020_300K,mar,L1,187672,mar_Deva
panel2,A,mar_news_2020_300K,mar,L1,187882,mar_Deva
panel2,A,mar_news_2020_300K,mar,L1,187974,mar_Deva
panel2,A,mar_news_2020_300K,mar,L1,188093,mar_Deva
panel2,A,mar_news_2020_300K,mar,L1,188122,mar_Deva
panel2,A,mar_news_2020_300K,mar,L1,188313,mar_Deva
panel2,A,mar_news_2020_300K,mar,L1,188574,mar_Deva
panel2,A,mar_news_2020_300K,mar,L1,188582,mar_Deva
panel2,A,mar_news_2020_300K,mar,L1,188691,mar_Deva
panel2,A,mar_news_2020_300K,mar,L1,188829,mar_Deva
panel2,A,mar_news_2020_300K,mar,L1,188851,mar_Deva
panel2,A,mar_news_2020_300K,mar,L1,188903,mar_Deva
panel2,A,mar_news_2020_300K,mar,L1,188953,mar_Deva
panel2,A,mar_news_2020_300K,mar,L1,188978,mar_Deva
panel2,A,mar_news_2020_300K,mar,L1,189048,mar_Deva
panel2,A,mar_news_2020_300K,mar,L1,189069,mar_Deva
panel2,A,mar_news_2020_300K,mar,L1,189204,mar_Deva
panel2,A,mar_news_2020_300K,mar,L1,189490,mar_Deva
panel2,A,mar_news_2020_300K,mar,L1,189617,mar_Deva
panel2,A,mar_news_2020_300K,mar,L1,189717,mar_Deva
panel2,A,mar_news_2020_300K,mar,L1,189772,mar_Deva
panel2,A,mar_news_2020_300K,mar,L1,189881,mar_Deva
panel2,A,mar_news_2020_300K,mar,L1,189960,mar_Deva
panel2,A,mar_news_2020_300K,mar,L1,190048,mar_Deva
panel2,A,mar_news_2020_300K,mar,L1,190166,mar_Deva
panel2,A,mar_news_2020_300K,mar,L1,190565,mar_Deva
panel2,A,mar_news_2020_300K,mar,L1,191016,mar_Deva
panel2,A,mar_news_2020_300K,mar,L1,191109,mar_Deva
panel2,A,mar_news_2020_300K,mar,L1,191145,mar_Deva
panel2,A,mar_news_2020_300K,mar,L1,191172,mar_Deva
panel2,A,mar_news_2020_300K,mar,L1,191238,mar_Deva
panel2,A,mar_news_2020_300K,mar,L1,191521,mar_Deva
panel2,A,mar_news_2020_300K,mar,L1,191725,mar_Deva
panel2,A,mar_news_2020_300K,mar,L1,191952,mar_Deva
panel2,A,mar_news_2020_300K,mar,L1,192294,mar_Deva
panel2,A,mar_news_2020_300K,mar,L1,192353,mar_Deva
panel2,A,mar_news_2020_300K,mar,L1,192643,anp_Deva
panel2,A,mar_news_2020_300K,mar,L1,192661,mar_Deva
panel2,A,mar_news_2020_300K,mar,L1,192681,mar_Deva
panel2,A,mar_news_2020_300K,mar,L1,192710,mar_Deva
panel2,A,mar_news_2020_300K,mar,L1,192860,mar_Deva
panel2,A,mar_news_2020_300K,mar,L1,192934,mar_Deva
panel2,A,mar_news_2020_300K,mar,L1,193328,mar_Deva
panel2,A,mar_news_2020_300K,mar,L1,193502,mar_Deva
panel2,A,mar_news_2020_300K,mar,L1,193597,mar_Deva
panel2,A,mar_news_2020_300K,mar,L1,193717,mar_Deva
panel2,A,mar_news_2020_300K,mar,L1,193753,mar_Deva
panel2,A,mar_news_2020_300K,mar,L1,193757,mar_Deva
panel2,A,mar_news_2020_300K,mar,L1,193939,mar_Deva
panel2,A,mar_news_2020_300K,mar,L1,194090,mar_Deva
panel2,A,mar_news_2020_300K,mar,L1,194442,mar_Deva
panel2,A,mar_news_2020_300K,mar,L1,194459,mar_Deva
panel2,A,mar_news_2020_300K,mar,L1,194688,mar_Deva
panel2,A,mar_news_2020_300K,mar,L1,194817,mar_Deva
panel2,A,mar_news_2020_300K,mar,L1,194884,mar_Deva
panel2,A,mar_news_2020_300K,mar,L1,195142,mar_Deva
panel2,A,mar_news_2020_300K,mar,L1,195196,mar_Deva
panel2,A,mar_news_2020_300K,mar,L1,195249,mar_Deva
panel2,A,mar_news_2020_300K,mar,L1,195372,mar_Deva
panel2,A,mar_news_2020_300K,mar,L1,195443,mar_Deva
panel2,A,mar_news_2020_300K,mar,L1,195654,mar_Deva
panel2,A,mar_news_2020_300K,mar,L1,195671,mar_Deva
panel2,A,mar_news_2020_300K,mar,L1,195906,mar_Deva
panel2,A,mar_news_2020_300K,mar,L1,196007,mar_Deva
panel2,A,mar_news_2020_300K,mar,L1,196224,mar_Deva
panel2,A,mar_news_2020_300K,mar,L1,196425,mar_Deva
panel2,A,mar_news_2020_300K,mar,L1,196462,mar_Deva
panel2,A,mar_news_2020_300K,mar,L1,196699,mar_Deva
panel2,A,mar_news_2020_300K,mar,L1,196792,mar_Deva
panel2,A,mar_news_2020_300K,mar,L1,196806,mar_Deva
panel2,A,mar_news_2020_300K,mar,L1,196831,mar_Deva
panel2,A,mar_news_2020_300K,mar,L1,196899,mar_Deva
panel2,A,mar_news_2020_300K,mar,L1,196936,mar_Deva
panel2,A,mar_news_2020_300K,mar,L1,196986,mar_Deva
panel2,A,mar_news_2020_300K,mar,L1,197010,mar_Deva
panel2,A,mar_news_2020_300K,mar,L1,197425,mar_Deva
panel2,A,mar_news_2020_300K,mar,L1,197435,mar_Deva
panel2,A,mar_news_2020_300K,mar,L1,198047,mar_Deva
panel2,A,mar_news_2020_300K,mar,L1,198159,mar_Deva
panel2,A,mar_news_2020_300K,mar,L1,198320,mar_Deva
panel2,A,mar_news_2020_300K,mar,L1,198505,mar_Deva
panel2,A,mar_news_2020_300K,mar,L1,198550,mar_Deva
panel2,A,mar_news_2020_300K,mar,L1,198786,mar_Deva
panel2,A,mar_news_2020_300K,mar,L1,198822,mar_Deva
panel2,A,mar_news_2020_300K,mar,L1,199330,mar_Deva
panel2,A,mar_news_2020_300K,mar,L1,199377,mar_Deva
panel2,A,mar_news_2020_300K,mar,L1,199457,mar_Deva
panel2,A,mar_news_2020_300K,mar,L1,199459,mar_Deva
panel2,A,mar_news_2020_300K,mar,L1,199531,mar_Deva
panel2,A,mar_news_2020_300K,mar,L1,199704,mar_Deva
panel2,A,mar_news_2020_300K,mar,L1,199798,mar_Deva
panel2,A,mar_news_2020_300K,mar,L1,199818,mar_Deva
panel2,A,mar_news_2020_300K,mar,L1,199829,mar_Deva
panel2,A,mar_news_2020_300K,mar,L1,199868,mar_Deva
panel2,A,mar_news_2020_300K,mar,L1,199930,mar_Deva
panel2,A,mar_news_2020_300K,mar,L1,199988,mar_Deva
panel2,A,mar_news_2020_300K,mar,L1,200107,mar_Deva
panel2,A,mar_news_2020_300K,mar,L1,200161,mar_Deva
panel2,A,mar_news_2020_300K,mar,L1,200638,mar_Deva
panel2,A,mar_news_2020_300K,mar,L1,200707,mar_Deva
panel2,A,mar_news_2020_300K,mar,L1,200860,mar_Deva
panel2,A,mar_news_2020_300K,mar,L1,200884,mar_Deva
panel2,A,mar_news_2020_300K,mar,L1,200964,mar_Deva
panel2,A,mar_news_2020_300K,mar,L1,201049,mar_Deva
panel2,A,mar_news_2020_300K,mar,L1,201102,mar_Deva
panel2,A,mar_news_2020_300K,mar,L1,201486,mar_Deva
panel2,A,mar_news_2020_300K,mar,L1,201940,mar_Deva
panel2,A,mar_news_2020_300K,mar,L1,201955,mar_Deva
panel2,A,mar_news_2020_300K,mar,L1,202164,mar_Deva
panel2,A,mar_news_2020_300K,mar,L1,202300,mar_Deva
panel2,A,mar_news_2020_300K,mar,L1,202336,mar_Deva
panel2,A,mar_news_2020_300K,mar,L1,202500,mar_Deva
panel2,A,mar_news_2020_300K,mar,L1,202515,mar_Deva
panel2,A,mar_news_2020_300K,mar,L1,202767,mar_Deva
panel2,A,mar_news_2020_300K,mar,L1,203139,mar_Deva
panel2,A,mar_news_2020_300K,mar,L1,203462,mar_Deva
panel2,A,mar_news_2020_300K,mar,L1,203505,mar_Deva
panel2,A,mar_news_2020_300K,mar,L1,203570,mar_Deva
panel2,A,mar_news_2020_300K,mar,L1,203757,mar_Deva
panel2,A,mar_news_2020_300K,mar,L1,203975,mar_Deva
panel2,A,mar_news_2020_300K,mar,L1,204193,mar_Deva
panel2,A,mar_news_2020_300K,mar,L1,204205,mar_Deva
panel2,A,mar_news_2020_300K,mar,L1,204470,mar_Deva
panel2,A,mar_news_2020_300K,mar,L1,204513,mar_Deva
panel2,A,mar_news_2020_300K,mar,L1,204787,mar_Deva
panel2,A,mar_news_2020_300K,mar,L1,204792,mar_Deva
panel2,A,mar_news_2020_300K,mar,L1,204856,mar_Deva
panel2,A,mar_news_2020_300K,mar,L1,204915,mar_Deva
panel2,A,mar_news_2020_300K,mar,L1,204961,mar_Deva
panel2,A,mar_news_2020_300K,mar,L1,205013,mar_Deva
panel2,A,mar_news_2020_300K,mar,L1,205021,mar_Deva
panel2,A,mar_news_2020_300K,mar,L1,205367,mar_Deva
panel2,A,mar_news_2020_300K,mar,L1,205663,mar_Deva
panel2,A,mar_news_2020_300K,mar,L1,205890,mar_Deva
panel2,A,mar_news_2020_300K,mar,L1,205902,mar_Deva
panel2,A,mar_news_2020_300K,mar,L1,206038,mar_Deva
panel2,A,mar_news_2020_300K,mar,L1,206061,mar_Deva
panel2,A,mar_news_2020_300K,mar,L1,206096,mar_Deva
panel2,A,mar_news_2020_300K,mar,L1,206124,mar_Deva
panel2,A,mar_news_2020_300K,mar,L1,206144,mar_Deva
panel2,A,mar_news_2020_300K,mar,L1,206362,mar_Deva
panel2,A,mar_news_2020_300K,mar,L1,206435,mar_Deva
panel2,A,mar_news_2020_300K,mar,L1,206645,mar_Deva
panel2,A,mar_news_2020_300K,mar,L1,206868,mar_Deva
panel2,A,mar_news_2020_300K,mar,L1,206872,mar_Deva
panel2,A,mar_news_2020_300K,mar,L1,206878,mar_Deva
panel2,A,mar_news_2020_300K,mar,L1,206922,mar_Deva
panel2,A,mar_news_2020_300K,mar,L1,207252,mar_Deva
panel2,A,mar_news_2020_300K,mar,L1,207280,mar_Deva
panel2,A,mar_news_2020_300K,mar,L1,207362,mar_Deva
panel2,A,mar_news_2020_300K,mar,L1,207389,mar_Deva
panel2,A,mar_news_2020_300K,mar,L1,207442,mar_Deva
panel2,A,mar_news_2020_300K,mar,L1,207454,mar_Deva
panel2,A,mar_news_2020_300K,mar,L1,207467,mar_Deva
panel2,A,mar_news_2020_300K,mar,L1,207534,mar_Deva
panel2,A,mar_news_2020_300K,mar,L1,207804,mar_Deva
panel2,A,mar_news_2020_300K,mar,L1,207863,mar_Deva
panel2,A,mar_news_2020_300K,mar,L1,208141,mar_Deva
panel2,A,mar_news_2020_300K,mar,L1,208152,mar_Deva
panel2,A,mar_news_2020_300K,mar,L1,208250,mar_Deva
panel2,A,mar_news_2020_300K,mar,L1,208328,mar_Deva
panel2,A,mar_news_2020_300K,mar,L1,208350,mar_Deva
panel2,A,mar_news_2020_300K,mar,L1,208495,mar_Deva
panel2,A,mar_news_2020_300K,mar,L1,208976,mar_Deva
panel2,A,mar_news_2020_300K,mar,L1,209070,mar_Deva
panel2,A,mar_news_2020_300K,mar,L1,209096,mar_Deva
panel2,A,mar_news_2020_300K,mar,L1,209118,mar_Deva
panel2,A,mar_news_2020_300K,mar,L1,209132,mar_Deva
panel2,A,mar_news_2020_300K,mar,L1,209313,mar_Deva
panel2,A,mar_news_2020_300K,mar,L1,209333,mar_Deva
panel2,A,mar_news_2020_300K,mar,L1,209420,mar_Deva
panel2,A,mar_news_2020_300K,mar,L1,209421,mar_Deva
panel2,A,mar_news_2020_300K,mar,L1,209836,mar_Deva
panel2,A,mar_news_2020_300K,mar,L1,210002,mar_Deva
panel2,A,mar_news_2020_300K,mar,L1,210045,mar_Deva
panel2,A,mar_news_2020_300K,mar,L1,210131,mar_Deva
panel2,A,mar_news_2020_300K,mar,L1,210194,mar_Deva
panel2,A,mar_news_2020_300K,mar,L1,210271,mar_Deva
panel2,A,mar_news_2020_300K,mar,L1,210308,mar_Deva
panel2,A,mar_news_2020_300K,mar,L1,210615,mar_Deva
panel2,A,mar_news_2020_300K,mar,L1,210689,mar_Deva
panel2,A,mar_news_2020_300K,mar,L1,210734,mar_Deva
panel2,A,mar_news_2020_300K,mar,L1,210778,mar_Deva
panel2,A,mar_news_2020_300K,mar,L1,210873,mar_Deva
panel2,A,mar_news_2020_300K,mar,L1,210920,mar_Deva
panel2,A,mar_news_2020_300K,mar,L1,210940,mar_Deva
panel2,A,mar_news_2020_300K,mar,L1,211231,mar_Deva
panel2,A,mar_news_2020_300K,mar,L1,211269,mar_Deva
panel2,A,mar_news_2020_300K,mar,L1,211370,mar_Deva
panel2,A,mar_news_2020_300K,mar,L1,211452,mar_Deva
panel2,A,mar_news_2020_300K,mar,L1,211722,mar_Deva
panel2,A,mar_news_2020_300K,mar,L1,211791,mar_Deva
panel2,A,mar_news_2020_300K,mar,L1,211800,mar_Deva
panel2,A,mar_news_2020_300K,mar,L1,212013,mar_Deva
panel2,A,mar_news_2020_300K,mar,L1,212229,mar_Deva
panel2,A,mar_news_2020_300K,mar,L1,212254,mar_Deva
panel2,A,mar_news_2020_300K,mar,L1,212623,mar_Deva
panel2,A,mar_news_2020_300K,mar,L1,212711,mar_Deva
panel2,A,mar_news_2020_300K,mar,L1,212733,mar_Deva
panel2,A,mar_news_2020_300K,mar,L1,212897,mar_Deva
panel2,A,mar_news_2020_300K,mar,L1,213098,mar_Deva
panel2,A,mar_news_2020_300K,mar,L1,213257,mar_Deva
panel2,A,mar_news_2020_300K,mar,L1,213311,mar_Deva
panel2,A,mar_news_2020_300K,mar,L1,213450,mar_Deva
panel2,A,mar_news_2020_300K,mar,L1,213633,mar_Deva
panel2,A,mar_news_2020_300K,mar,L1,213722,mar_Deva
panel2,A,mar_news_2020_300K,mar,L1,213725,mar_Deva
panel2,A,mar_news_2020_300K,mar,L1,213913,mar_Deva
panel2,A,mar_news_2020_300K,mar,L1,213988,mar_Deva
panel2,A,mar_news_2020_300K,mar,L1,214016,mar_Deva
panel2,A,mar_news_2020_300K,mar,L1,214026,mar_Deva
panel2,A,mar_news_2020_300K,mar,L1,214048,mar_Deva
panel2,A,mar_news_2020_300K,mar,L1,214691,mar_Deva
panel2,A,mar_news_2020_300K,mar,L1,214928,mar_Deva
panel2,A,mar_news_2020_300K,mar,L1,215149,mar_Deva
panel2,A,mar_news_2020_300K,mar,L1,215455,mar_Deva
panel2,A,mar_news_2020_300K,mar,L1,215554,mar_Deva
panel2,A,mar_news_2020_300K,mar,L1,215556,mar_Deva
panel2,A,mar_news_2020_300K,mar,L1,215881,mar_Deva
panel2,A,mar_news_2020_300K,mar,L1,216054,mar_Deva
panel2,A,mar_news_2020_300K,mar,L1,216152,mar_Deva
panel2,A,mar_news_2020_300K,mar,L1,216698,mar_Deva
panel2,A,mar_news_2020_300K,mar,L1,216979,mar_Deva
panel2,A,mar_news_2020_300K,mar,L1,217078,mar_Deva
panel2,A,mar_news_2020_300K,mar,L1,217121,mar_Deva
panel2,A,mar_news_2020_300K,mar,L1,217350,mar_Deva
panel2,A,mar_news_2020_300K,mar,L1,217666,mar_Deva
panel2,A,mar_news_2020_300K,mar,L1,217703,mar_Deva
panel2,A,mar_news_2020_300K,mar,L1,217844,mar_Deva
panel2,A,mar_news_2020_300K,mar,L1,218079,mar_Deva
panel2,A,mar_news_2020_300K,mar,L1,218116,mar_Deva
panel2,A,mar_news_2020_300K,mar,L1,218182,mar_Deva
panel2,A,mar_news_2020_300K,mar,L1,218213,mar_Deva
panel2,A,mar_news_2020_300K,mar,L1,218260,mar_Deva
panel2,A,mar_news_2020_300K,mar,L1,218302,mar_Deva
panel2,A,mar_news_2020_300K,mar,L1,218626,mar_Deva
panel2,A,mar_news_2020_300K,mar,L1,218675,mar_Deva
panel2,A,mar_news_2020_300K,mar,L1,218902,mar_Deva
panel2,A,mar_news_2020_300K,mar,L1,218943,mar_Deva
panel2,A,mar_news_2020_300K,mar,L1,219053,mar_Deva
panel2,A,mar_news_2020_300K,mar,L1,219127,mar_Deva
panel2,A,mar_news_2020_300K,mar,L1,219208,mar_Deva
panel2,A,mar_news_2020_300K,mar,L1,219407,mar_Deva
panel2,A,mar_news_2020_300K,mar,L1,219420,mar_Deva
panel2,A,mar_news_2020_300K,mar,L1,219838,mar_Deva
panel2,A,mar_news_2020_300K,mar,L1,220020,mar_Deva
panel2,A,mar_news_2020_300K,mar,L1,220022,mar_Deva
panel2,A,mar_news_2020_300K,mar,L1,220077,mar_Deva
panel2,A,mar_news_2020_300K,mar,L1,220248,mar_Deva
panel2,A,mar_news_2020_300K,mar,L1,220473,mar_Deva
panel2,A,mar_news_2020_300K,mar,L1,220898,mar_Deva
panel2,A,mar_news_2020_300K,mar,L1,220944,mar_Deva
panel2,A,mar_news_2020_300K,mar,L1,220976,mar_Deva
panel2,A,mar_news_2020_300K,mar,L1,221047,mar_Deva
panel2,A,mar_news_2020_300K,mar,L1,221082,mar_Deva
panel2,A,mar_news_2020_300K,mar,L1,221174,mar_Deva
panel2,A,mar_news_2020_300K,mar,L1,221440,mar_Deva
panel2,A,mar_news_2020_300K,mar,L1,221593,mar_Deva
panel2,A,mar_news_2020_300K,mar,L1,221805,mar_Deva
panel2,A,mar_news_2020_300K,mar,L1,221811,mar_Deva
panel2,A,mar_news_2020_300K,mar,L1,221814,mar_Deva
panel2,A,mar_news_2020_300K,mar,L1,222364,mar_Deva
panel2,A,mar_news_2020_300K,mar,L1,222448,mar_Deva
panel2,A,mar_news_2020_300K,mar,L1,222469,mar_Deva
panel2,A,mar_news_2020_300K,mar,L1,222556,mar_Deva
panel2,A,mar_news_2020_300K,mar,L1,222988,mar_Deva
panel2,A,mar_news_2020_300K,mar,L1,223049,mar_Deva
panel2,A,mar_news_2020_300K,mar,L1,223325,mar_Deva
panel2,A,mar_news_2020_300K,mar,L1,223406,mar_Deva
panel2,A,mar_news_2020_300K,mar,L1,223599,mar_Deva
panel2,A,mar_news_2020_300K,mar,L1,223717,mar_Deva
panel2,A,mar_news_2020_300K,mar,L1,223734,mar_Deva
panel2,A,mar_news_2020_300K,mar,L1,223817,mar_Deva
panel2,A,mar_news_2020_300K,mar,L1,223979,mar_Deva
panel2,A,mar_news_2020_300K,mar,L1,224087,mar_Deva
panel2,A,mar_news_2020_300K,mar,L1,224407,mar_Deva
panel2,A,mar_news_2020_300K,mar,L1,224432,mar_Deva
panel2,A,mar_news_2020_300K,mar,L1,224519,mar_Deva
panel2,A,mar_news_2020_300K,mar,L1,224619,mar_Deva
panel2,A,mar_news_2020_300K,mar,L1,224648,mar_Deva
panel2,A,mar_news_2020_300K,mar,L1,224942,mar_Deva
panel2,A,mar_news_2020_300K,mar,L1,224968,mar_Deva
panel2,A,mar_news_2020_300K,mar,L1,225085,mar_Deva
panel2,A,mar_news_2020_300K,mar,L1,225156,mar_Deva
panel2,A,mar_news_2020_300K,mar,L1,225165,mar_Deva
panel2,A,mar_news_2020_300K,mar,L1,225364,mar_Deva
panel2,A,mar_news_2020_300K,mar,L1,225489,mar_Deva
panel2,A,mar_news_2020_300K,mar,L1,225525,mar_Deva
panel2,A,mar_news_2020_300K,mar,L1,225539,mar_Deva
panel2,A,mar_news_2020_300K,mar,L1,225551,mar_Deva
panel2,A,mar_news_2020_300K,mar,L1,225710,mar_Deva
panel2,A,mar_news_2020_300K,mar,L1,225731,mar_Deva
panel2,A,mar_news_2020_300K,mar,L1,225977,mar_Deva
panel2,A,mar_news_2020_300K,mar,L1,226024,mar_Deva
panel2,A,mar_news_2020_300K,mar,L1,226288,mar_Deva
panel2,A,mar_news_2020_300K,mar,L1,226419,mar_Deva
panel2,A,mar_news_2020_300K,mar,L1,226645,mar_Deva
panel2,A,mar_news_2020_300K,mar,L1,226876,mar_Deva
panel2,A,mar_news_2020_300K,mar,L1,226973,mar_Deva
panel2,A,mar_news_2020_300K,mar,L1,226976,mar_Deva
panel2,A,mar_news_2020_300K,mar,L1,227014,mar_Deva
panel2,A,mar_news_2020_300K,mar,L1,227115,mar_Deva
panel2,A,mar_news_2020_300K,mar,L1,227342,mar_Deva
panel2,A,mar_news_2020_300K,mar,L1,227826,mar_Deva
panel2,A,mar_news_2020_300K,mar,L1,228207,mar_Deva
panel2,A,mar_news_2020_300K,mar,L1,228428,mar_Deva
panel2,A,mar_news_2020_300K,mar,L1,228869,mar_Deva
panel2,A,mar_news_2020_300K,mar,L1,229033,mar_Deva
panel2,A,mar_news_2020_300K,mar,L1,229047,mar_Deva
panel2,A,mar_news_2020_300K,mar,L1,229112,mar_Deva
panel2,A,mar_news_2020_300K,mar,L1,229173,mar_Deva
panel2,A,mar_news_2020_300K,mar,L1,229574,mar_Deva
panel2,A,mar_news_2020_300K,mar,L1,229734,mar_Deva
panel2,A,mar_news_2020_300K,mar,L1,229781,mar_Deva
panel2,A,mar_news_2020_300K,mar,L1,229927,mar_Deva
panel2,A,mar_news_2020_300K,mar,L1,229932,mar_Deva
panel2,A,mar_news_2020_300K,mar,L1,230219,mar_Deva
panel2,A,mar_news_2020_300K,mar,L1,230450,mar_Deva
panel2,A,mar_news_2020_300K,mar,L1,230806,mar_Deva
panel2,A,mar_news_2020_300K,mar,L1,231194,mar_Deva
panel2,A,mar_news_2020_300K,mar,L1,231229,mar_Deva
panel2,A,mar_news_2020_300K,mar,L1,231234,mar_Deva
panel2,A,mar_news_2020_300K,mar,L1,231924,mar_Deva
panel2,A,mar_news_2020_300K,mar,L1,232402,mar_Deva
panel2,A,mar_news_2020_300K,mar,L1,232425,mar_Deva
panel2,A,mar_news_2020_300K,mar,L1,232471,mar_Deva
panel2,A,mar_news_2020_300K,mar,L1,232714,mar_Deva
panel2,A,mar_news_2020_300K,mar,L1,232728,mar_Deva
panel2,A,mar_news_2020_300K,mar,L1,232895,mar_Deva
panel2,A,mar_news_2020_300K,mar,L1,232966,mar_Deva
panel2,A,mar_news_2020_300K,mar,L1,233119,mar_Deva
panel2,A,mar_news_2020_300K,mar,L1,233165,mar_Deva
panel2,A,mar_news_2020_300K,mar,L1,233482,mar_Deva
panel2,A,mar_news_2020_300K,mar,L1,233921,mar_Deva
panel2,A,mar_news_2020_300K,mar,L1,233929,mar_Deva
panel2,A,mar_news_2020_300K,mar,L1,234002,mar_Deva
panel2,A,mar_news_2020_300K,mar,L1,234245,mar_Deva
panel2,A,mar_news_2020_300K,mar,L1,234476,mar_Deva
panel2,A,mar_news_2020_300K,mar,L1,234542,mar_Deva
panel2,A,mar_news_2020_300K,mar,L1,234814,mar_Deva
panel2,A,mar_news_2020_300K,mar,L1,235272,mar_Deva
panel2,A,mar_news_2020_300K,mar,L1,235283,mar_Deva
panel2,A,mar_news_2020_300K,mar,L1,235349,mar_Deva
panel2,A,mar_news_2020_300K,mar,L1,235472,mar_Deva
panel2,A,mar_news_2020_300K,mar,L1,235481,mar_Deva
panel2,A,mar_news_2020_300K,mar,L1,235688,mar_Deva
panel2,A,mar_news_2020_300K,mar,L1,235813,mar_Deva
panel2,A,mar_news_2020_300K,mar,L1,236068,mar_Deva
panel2,A,mar_news_2020_300K,mar,L1,236117,mar_Deva
panel2,A,mar_news_2020_300K,mar,L1,236218,mar_Deva
panel2,A,mar_news_2020_300K,mar,L1,236387,mar_Deva
panel2,A,mar_news_2020_300K,mar,L1,236403,mar_Deva
panel2,A,mar_news_2020_300K,mar,L1,236463,mar_Deva
panel2,A,mar_news_2020_300K,mar,L1,236486,mar_Deva
panel2,A,mar_news_2020_300K,mar,L1,236574,mar_Deva
panel2,A,mar_news_2020_300K,mar,L1,236577,mar_Deva
panel2,A,mar_news_2020_300K,mar,L1,237092,mar_Deva
panel2,A,mar_news_2020_300K,mar,L1,237601,mar_Deva
panel2,A,mar_news_2020_300K,mar,L1,237656,mar_Deva
panel2,A,mar_news_2020_300K,mar,L1,237730,mar_Deva
panel2,A,mar_news_2020_300K,mar,L1,237907,mar_Deva
panel2,A,mar_news_2020_300K,mar,L1,238118,mar_Deva
panel2,A,mar_news_2020_300K,mar,L1,238275,mar_Deva
panel2,A,mar_news_2020_300K,mar,L1,238369,mar_Deva
panel2,A,mar_news_2020_300K,mar,L1,238860,mar_Deva
panel2,A,mar_news_2020_300K,mar,L1,239131,mar_Deva
panel2,A,mar_news_2020_300K,mar,L1,239270,mar_Deva
panel2,A,mar_news_2020_300K,mar,L1,239341,mar_Deva
panel2,A,mar_news_2020_300K,mar,L1,239366,mar_Deva
panel2,A,mar_news_2020_300K,mar,L1,239436,mar_Deva
panel2,A,mar_news_2020_300K,mar,L1,239446,mar_Deva
panel2,A,mar_news_2020_300K,mar,L1,239459,mar_Deva
panel2,A,mar_news_2020_300K,mar,L1,239578,mar_Deva
panel2,A,mar_news_2020_300K,mar,L1,239992,mar_Deva
panel2,A,mar_news_2020_300K,mar,L1,240165,mar_Deva
panel2,A,mar_news_2020_300K,mar,L1,240176,mar_Deva
panel2,A,mar_news_2020_300K,mar,L1,240183,mar_Deva
panel2,A,mar_news_2020_300K,mar,L1,240192,mar_Deva
panel2,A,mar_news_2020_300K,mar,L1,240202,mar_Deva
panel2,A,mar_news_2020_300K,mar,L1,240454,mar_Deva
panel2,A,mar_news_2020_300K,mar,L1,240489,mar_Deva
panel2,A,mar_news_2020_300K,mar,L1,240503,mar_Deva
panel2,A,mar_news_2020_300K,mar,L1,240857,mar_Deva
panel2,A,mar_news_2020_300K,mar,L1,240995,mar_Deva
panel2,A,mar_news_2020_300K,mar,L1,241344,mar_Deva
panel2,A,mar_news_2020_300K,mar,L1,241569,mar_Deva
panel2,A,mar_news_2020_300K,mar,L1,241620,mar_Deva
panel2,A,mar_news_2020_300K,mar,L1,241656,mar_Deva
panel2,A,mar_news_2020_300K,mar,L1,241822,mar_Deva
panel2,A,mar_news_2020_300K,mar,L1,241883,mar_Deva
panel2,A,mar_news_2020_300K,mar,L1,242065,mar_Deva
panel2,A,mar_news_2020_300K,mar,L1,242590,mar_Deva
panel2,A,mar_news_2020_300K,mar,L1,242922,mar_Deva
panel2,A,mar_news_2020_300K,mar,L1,243005,mar_Deva
panel2,A,mar_news_2020_300K,mar,L1,243006,mar_Deva
panel2,A,mar_news_2020_300K,mar,L1,243223,mar_Deva
panel2,A,mar_news_2020_300K,mar,L1,243279,mar_Deva
panel2,A,mar_news_2020_300K,mar,L1,243583,mar_Deva
panel2,A,mar_news_2020_300K,mar,L1,243999,mar_Deva
panel2,A,mar_news_2020_300K,mar,L1,244277,mar_Deva
panel2,A,mar_news_2020_300K,mar,L1,244330,mar_Deva
panel2,A,mar_news_2020_300K,mar,L1,244439,mar_Deva
panel2,A,mar_news_2020_300K,mar,L1,244655,mar_Deva
panel2,A,mar_news_2020_300K,mar,L1,244778,mar_Deva
panel2,A,mar_news_2020_300K,mar,L1,244952,mar_Deva
panel2,A,mar_news_2020_300K,mar,L1,244967,mar_Deva
panel2,A,mar_news_2020_300K,mar,L1,244998,mar_Deva
panel2,A,mar_news_2020_300K,mar,L1,245390,mar_Deva
panel2,A,mar_news_2020_300K,mar,L1,245514,mar_Deva
panel2,A,mar_news_2020_300K,mar,L1,245579,mar_Deva
panel2,A,mar_news_2020_300K,mar,L1,246002,mar_Deva
panel2,A,mar_news_2020_300K,mar,L1,246204,mar_Deva
panel2,A,mar_news_2020_300K,mar,L1,246268,mar_Deva
panel2,A,mar_news_2020_300K,mar,L1,246618,mar_Deva
panel2,A,mar_news_2020_300K,mar,L1,246730,mar_Deva
panel2,A,mar_news_2020_300K,mar,L1,246902,mar_Deva
panel2,A,mar_news_2020_300K,mar,L1,247350,mar_Deva
panel2,A,mar_news_2020_300K,mar,L1,247504,mar_Deva
panel2,A,mar_news_2020_300K,mar,L1,247588,mar_Deva
panel2,A,mar_news_2020_300K,mar,L1,247725,mar_Deva
panel2,A,mar_news_2020_300K,mar,L1,247864,mar_Deva
panel2,A,mar_news_2020_300K,mar,L1,248081,mar_Deva
panel2,A,mar_news_2020_300K,mar,L1,248274,mar_Deva
panel2,A,mar_news_2020_300K,mar,L1,248287,mar_Deva
panel2,A,mar_news_2020_300K,mar,L1,248342,mar_Deva
panel2,A,mar_news_2020_300K,mar,L1,248570,mar_Deva
panel2,A,mar_news_2020_300K,mar,L1,248632,mar_Deva
panel2,A,mar_news_2020_300K,mar,L1,248798,mar_Deva
panel2,A,mar_news_2020_300K,mar,L1,248866,mar_Deva
panel2,A,mar_news_2020_300K,mar,L1,249054,mar_Deva
panel2,A,mar_news_2020_300K,mar,L1,249157,mar_Deva
panel2,A,mar_news_2020_300K,mar,L1,249267,mar_Deva
panel2,A,mar_news_2020_300K,mar,L1,249736,mar_Deva
panel2,A,mar_news_2020_300K,mar,L1,249792,mar_Deva
panel2,A,mar_news_2020_300K,mar,L1,249793,mar_Deva
panel2,A,mar_news_2020_300K,mar,L1,250148,mar_Deva
panel2,A,mar_news_2020_300K,mar,L1,250189,mar_Deva
panel2,A,mar_news_2020_300K,mar,L1,250715,mar_Deva
panel2,A,mar_news_2020_300K,mar,L1,250850,mar_Deva
panel2,A,mar_news_2020_300K,mar,L1,250940,mar_Deva
panel2,A,mar_news_2020_300K,mar,L1,250965,mar_Deva
panel2,A,mar_news_2020_300K,mar,L1,251103,mar_Deva
panel2,A,mar_news_2020_300K,mar,L1,251170,mar_Deva
panel2,A,mar_news_2020_300K,mar,L1,251301,mar_Deva
panel2,A,mar_news_2020_300K,mar,L1,251365,mar_Deva
panel2,A,mar_news_2020_300K,mar,L1,251442,mar_Deva
panel2,A,mar_news_2020_300K,mar,L1,251760,mar_Deva
panel2,A,mar_news_2020_300K,mar,L1,251827,mar_Deva
panel2,A,mar_news_2020_300K,mar,L1,252161,mar_Deva
panel2,A,mar_news_2020_300K,mar,L1,252725,mar_Deva
panel2,A,mar_news_2020_300K,mar,L1,252736,mar_Deva
panel2,A,mar_news_2020_300K,mar,L1,252741,mar_Deva
panel2,A,mar_news_2020_300K,mar,L1,252857,mar_Deva
panel2,A,mar_news_2020_300K,mar,L1,253188,mar_Deva
panel2,A,mar_news_2020_300K,mar,L1,253312,mar_Deva
panel2,A,mar_news_2020_300K,mar,L1,253618,mar_Deva
panel2,A,mar_news_2020_300K,mar,L1,253648,mar_Deva
panel2,A,mar_news_2020_300K,mar,L1,253697,mar_Deva
panel2,A,mar_news_2020_300K,mar,L1,253850,mar_Deva
panel2,A,mar_news_2020_300K,mar,L1,253855,mar_Deva
panel2,A,mar_news_2020_300K,mar,L1,254140,mar_Deva
panel2,A,mar_news_2020_300K,mar,L1,254168,mar_Deva
panel2,A,mar_news_2020_300K,mar,L1,254265,mar_Deva
panel2,A,mar_news_2020_300K,mar,L1,254354,mar_Deva
panel2,A,mar_news_2020_300K,mar,L1,254462,mar_Deva
panel2,A,mar_news_2020_300K,mar,L1,254729,mar_Deva
panel2,A,mar_news_2020_300K,mar,L1,254853,mar_Deva
panel2,A,mar_news_2020_300K,mar,L1,255038,mar_Deva
panel2,A,mar_news_2020_300K,mar,L1,255306,mar_Deva
panel2,A,mar_news_2020_300K,mar,L1,255446,mar_Deva
panel2,A,mar_news_2020_300K,mar,L1,255595,mar_Deva
panel2,A,mar_news_2020_300K,mar,L1,255979,mar_Deva
panel2,A,mar_news_2020_300K,mar,L1,256231,mar_Deva
panel2,A,mar_news_2020_300K,mar,L1,256364,mar_Deva
panel2,A,mar_news_2020_300K,mar,L1,256621,mar_Deva
panel2,A,mar_news_2020_300K,mar,L1,256631,mar_Deva
panel2,A,mar_news_2020_300K,mar,L1,257142,mar_Deva
panel2,A,mar_news_2020_300K,mar,L1,257153,mar_Deva
panel2,A,mar_news_2020_300K,mar,L1,257348,mar_Deva
panel2,A,mar_news_2020_300K,mar,L1,257471,mar_Deva
panel2,A,mar_news_2020_300K,mar,L1,257489,mar_Deva
panel2,A,mar_news_2020_300K,mar,L1,257583,mar_Deva
panel2,A,mar_news_2020_300K,mar,L1,257584,mar_Deva
panel2,A,mar_news_2020_300K,mar,L1,257970,mar_Deva
panel2,A,mar_news_2020_300K,mar,L1,258225,mar_Deva
panel2,A,mar_news_2020_300K,mar,L1,258270,mar_Deva
panel2,A,mar_news_2020_300K,mar,L1,258389,mar_Deva
panel2,A,mar_news_2020_300K,mar,L1,258442,mar_Deva
panel2,A,mar_news_2020_300K,mar,L1,258452,mar_Deva
panel2,A,mar_news_2020_300K,mar,L1,258654,mar_Deva
panel2,A,mar_news_2020_300K,mar,L1,258705,mar_Deva
panel2,A,mar_news_2020_300K,mar,L1,258826,anp_Deva
panel2,A,mar_news_2020_300K,mar,L1,258827,mar_Deva
panel2,A,mar_news_2020_300K,mar,L1,258873,mar_Deva
panel2,A,mar_news_2020_300K,mar,L1,259157,mar_Deva
panel2,A,mar_news_2020_300K,mar,L1,259170,mar_Deva
panel2,A,mar_news_2020_300K,mar,L1,259207,mar_Deva
panel2,A,mar_news_2020_300K,mar,L1,259250,mar_Deva
panel2,A,mar_news_2020_300K,mar,L1,259459,mar_Deva
panel2,A,mar_news_2020_300K,mar,L1,259560,mar_Deva
panel2,A,mar_news_2020_300K,mar,L1,259615,mar_Deva
panel2,A,mar_news_2020_300K,mar,L1,259662,mar_Deva
panel2,A,mar_news_2020_300K,mar,L1,259692,mar_Deva
panel2,A,mar_news_2020_300K,mar,L1,259828,mar_Deva
panel2,A,mar_news_2020_300K,mar,L1,259903,mar_Deva
panel2,A,mar_news_2020_300K,mar,L1,260002,mar_Deva
panel2,A,mar_news_2020_300K,mar,L1,260143,mar_Deva
panel2,A,mar_news_2020_300K,mar,L1,260216,mar_Deva
panel2,A,mar_news_2020_300K,mar,L1,260225,mar_Deva
panel2,A,mar_news_2020_300K,mar,L1,260317,mar_Deva
panel2,A,mar_news_2020_300K,mar,L1,260389,mar_Deva
panel2,A,mar_news_2020_300K,mar,L1,260580,mar_Deva
panel2,A,mar_news_2020_300K,mar,L1,260662,mar_Deva
panel2,A,mar_news_2020_300K,mar,L1,260747,mar_Deva
panel2,A,mar_news_2020_300K,mar,L1,261492,mar_Deva
panel2,A,mar_news_2020_300K,mar,L1,261724,mar_Deva
panel2,A,mar_news_2020_300K,mar,L1,261917,mar_Deva
panel2,A,mar_news_2020_300K,mar,L1,261937,mar_Deva
panel2,A,mar_news_2020_300K,mar,L1,262535,mar_Deva
panel2,A,mar_news_2020_300K,mar,L1,262646,mar_Deva
panel2,A,mar_news_2020_300K,mar,L1,262761,mar_Deva
panel2,A,mar_news_2020_300K,mar,L1,262768,mar_Deva
panel2,A,mar_news_2020_300K,mar,L1,262771,mar_Deva
panel2,A,mar_news_2020_300K,mar,L1,263134,mar_Deva
panel2,A,mar_news_2020_300K,mar,L1,263410,mar_Deva
panel2,A,mar_news_2020_300K,mar,L1,263557,mar_Deva
panel2,A,mar_news_2020_300K,mar,L1,263568,mar_Deva
panel2,A,mar_news_2020_300K,mar,L1,263685,mar_Deva
panel2,A,mar_news_2020_300K,mar,L1,264083,mar_Deva
panel2,A,mar_news_2020_300K,mar,L1,264277,mar_Deva
panel2,A,mar_news_2020_300K,mar,L1,264491,mar_Deva
panel2,A,mar_news_2020_300K,mar,L1,264953,mar_Deva
panel2,A,mar_news_2020_300K,mar,L1,265827,mar_Deva
panel2,A,mar_news_2020_300K,mar,L1,266165,mar_Deva
panel2,A,mar_news_2020_300K,mar,L1,266213,mar_Deva
panel2,A,mar_news_2020_300K,mar,L1,266317,mar_Deva
panel2,A,mar_news_2020_300K,mar,L1,266527,mar_Deva
panel2,A,mar_news_2020_300K,mar,L1,266608,mar_Deva
panel2,A,mar_news_2020_300K,mar,L1,266720,mar_Deva
panel2,A,mar_news_2020_300K,mar,L1,266999,mar_Deva
panel2,A,mar_news_2020_300K,mar,L1,267203,mar_Deva
panel2,A,mar_news_2020_300K,mar,L1,267266,mar_Deva
panel2,A,mar_news_2020_300K,mar,L1,267348,mar_Deva
panel2,A,mar_news_2020_300K,mar,L1,267403,mar_Deva
panel2,A,mar_news_2020_300K,mar,L1,267448,mar_Deva
panel2,A,mar_news_2020_300K,mar,L1,267451,mar_Deva
panel2,A,mar_news_2020_300K,mar,L1,267494,mar_Deva
panel2,A,mar_news_2020_300K,mar,L1,267634,mar_Deva
panel2,A,mar_news_2020_300K,mar,L1,267647,mar_Deva
panel2,A,mar_news_2020_300K,mar,L1,267936,mar_Deva
panel2,A,mar_news_2020_300K,mar,L1,268191,mar_Deva
panel2,A,mar_news_2020_300K,mar,L1,268641,mar_Deva
panel2,A,mar_news_2020_300K,mar,L1,268714,mar_Deva
panel2,A,mar_news_2020_300K,mar,L1,268739,mar_Deva
panel2,A,mar_news_2020_300K,mar,L1,268771,mar_Deva
panel2,A,mar_news_2020_300K,mar,L1,268818,mar_Deva
panel2,A,mar_news_2020_300K,mar,L1,269095,mar_Deva
panel2,A,mar_news_2020_300K,mar,L1,269112,mar_Deva
panel2,A,mar_news_2020_300K,mar,L1,269385,mar_Deva
panel2,A,mar_news_2020_300K,mar,L1,269510,mar_Deva
panel2,A,mar_news_2020_300K,mar,L1,269646,mar_Deva
panel2,A,mar_news_2020_300K,mar,L1,270650,mar_Deva
panel2,A,mar_news_2020_300K,mar,L1,270711,mar_Deva
panel2,A,mar_news_2020_300K,mar,L1,270932,mar_Deva
panel2,A,mar_news_2020_300K,mar,L1,271153,mar_Deva
panel2,A,mar_news_2020_300K,mar,L1,271199,mar_Deva
panel2,A,mar_news_2020_300K,mar,L1,271544,mar_Deva
panel2,A,mar_news_2020_300K,mar,L1,271559,mar_Deva
panel2,A,mar_news_2020_300K,mar,L1,271709,mar_Deva
panel2,A,mar_news_2020_300K,mar,L1,271756,mar_Deva
panel2,A,mar_news_2020_300K,mar,L1,272254,mar_Deva
panel2,A,mar_news_2020_300K,mar,L1,272318,mar_Deva
panel2,A,mar_news_2020_300K,mar,L1,272473,mar_Deva
panel2,A,mar_news_2020_300K,mar,L1,272503,mar_Deva
panel2,A,mar_news_2020_300K,mar,L1,272529,mar_Deva
panel2,A,mar_news_2020_300K,mar,L1,272585,mar_Deva
panel2,A,mar_news_2020_300K,mar,L1,272725,mar_Deva
panel2,A,mar_news_2020_300K,mar,L1,272737,mar_Deva
panel2,A,mar_news_2020_300K,mar,L1,273084,mar_Deva
panel2,A,mar_news_2020_300K,mar,L1,273894,mar_Deva
panel2,A,mar_news_2020_300K,mar,L1,274165,mar_Deva
panel2,A,mar_news_2020_300K,mar,L1,274537,mar_Deva
panel2,A,mar_news_2020_300K,mar,L1,275022,mar_Deva
panel2,A,mar_news_2020_300K,mar,L1,275052,mar_Deva
panel2,A,mar_news_2020_300K,mar,L1,275118,mar_Deva
panel2,A,mar_news_2020_300K,mar,L1,275134,mar_Deva
panel2,A,mar_news_2020_300K,mar,L1,275177,mar_Deva
panel2,A,mar_news_2020_300K,mar,L1,275342,mar_Deva
panel2,A,mar_news_2020_300K,mar,L1,275403,mar_Deva
panel2,A,mar_news_2020_300K,mar,L1,275422,mar_Deva
panel2,A,mar_news_2020_300K,mar,L1,275494,mar_Deva
panel2,A,mar_news_2020_300K,mar,L1,275594,mar_Deva
panel2,A,mar_news_2020_300K,mar,L1,275653,mar_Deva
panel2,A,mar_news_2020_300K,mar,L1,275697,mar_Deva
panel2,A,mar_news_2020_300K,mar,L1,275787,mar_Deva
panel2,A,mar_news_2020_300K,mar,L1,275923,mar_Deva
panel2,A,mar_news_2020_300K,mar,L1,275959,mar_Deva
panel2,A,mar_news_2020_300K,mar,L1,276063,mar_Deva
panel2,A,mar_news_2020_300K,mar,L1,276096,mar_Deva
panel2,A,mar_news_2020_300K,mar,L1,276259,mar_Deva
panel2,A,mar_news_2020_300K,mar,L1,276492,mar_Deva
panel2,A,mar_news_2020_300K,mar,L1,276641,mar_Deva
panel2,A,mar_news_2020_300K,mar,L1,276788,mar_Deva
panel2,A,mar_news_2020_300K,mar,L1,276865,mar_Deva
panel2,A,mar_news_2020_300K,mar,L1,277024,mar_Deva
panel2,A,mar_news_2020_300K,mar,L1,277085,mar_Deva
panel2,A,mar_news_2020_300K,mar,L1,277113,mar_Deva
panel2,A,mar_news_2020_300K,mar,L1,277121,mar_Deva
panel2,A,mar_news_2020_300K,mar,L1,277229,mar_Deva
panel2,A,mar_news_2020_300K,mar,L1,277231,mar_Deva
panel2,A,mar_news_2020_300K,mar,L1,277259,mar_Deva
panel2,A,mar_news_2020_300K,mar,L1,277553,mar_Deva
panel2,A,mar_news_2020_300K,mar,L1,277579,mar_Deva
panel2,A,mar_news_2020_300K,mar,L1,277670,mar_Deva
panel2,A,mar_news_2020_300K,mar,L1,278268,mar_Deva
panel2,A,mar_news_2020_300K,mar,L1,278481,mar_Deva
panel2,A,mar_news_2020_300K,mar,L1,278567,mar_Deva
panel2,A,mar_news_2020_300K,mar,L1,278651,mar_Deva
panel2,A,mar_news_2020_300K,mar,L1,278657,mar_Deva
panel2,A,mar_news_2020_300K,mar,L1,278664,mar_Deva
panel2,A,mar_news_2020_300K,mar,L1,278713,mar_Deva
panel2,A,mar_news_2020_300K,mar,L1,278916,mar_Deva
panel2,A,mar_news_2020_300K,mar,L1,278930,mar_Deva
panel2,A,mar_news_2020_300K,mar,L1,278936,mar_Deva
panel2,A,mar_news_2020_300K,mar,L1,278983,mar_Deva
panel2,A,mar_news_2020_300K,mar,L1,279037,mar_Deva
panel2,A,mar_news_2020_300K,mar,L1,279039,mar_Deva
panel2,A,mar_news_2020_300K,mar,L1,279052,mar_Deva
panel2,A,mar_news_2020_300K,mar,L1,279060,mar_Deva
panel2,A,mar_news_2020_300K,mar,L1,279205,mar_Deva
panel2,A,mar_news_2020_300K,mar,L1,279431,mar_Deva
panel2,A,mar_news_2020_300K,mar,L1,279448,mar_Deva
panel2,A,mar_news_2020_300K,mar,L1,279501,mar_Deva
panel2,A,mar_news_2020_300K,mar,L1,279511,mar_Deva
panel2,A,mar_news_2020_300K,mar,L1,279530,mar_Deva
panel2,A,mar_news_2020_300K,mar,L1,279617,mar_Deva
panel2,A,mar_news_2020_300K,mar,L1,279921,mar_Deva
panel2,A,mar_news_2020_300K,mar,L1,279946,mar_Deva
panel2,A,mar_news_2020_300K,mar,L1,280252,mar_Deva
panel2,A,mar_news_2020_300K,mar,L1,280410,mar_Deva
panel2,A,mar_news_2020_300K,mar,L1,280449,mar_Deva
panel2,A,mar_news_2020_300K,mar,L1,280795,mar_Deva
panel2,A,mar_news_2020_300K,mar,L1,280987,anp_Deva
panel2,A,mar_news_2020_300K,mar,L1,281314,mar_Deva
panel2,A,mar_news_2020_300K,mar,L1,281344,mar_Deva
panel2,A,mar_news_2020_300K,mar,L1,281431,mar_Deva
panel2,A,mar_news_2020_300K,mar,L1,281583,mar_Deva
panel2,A,mar_news_2020_300K,mar,L1,281645,mar_Deva
panel2,A,mar_news_2020_300K,mar,L1,281999,mar_Deva
panel2,A,mar_news_2020_300K,mar,L1,282397,mar_Deva
panel2,A,mar_news_2020_300K,mar,L1,282415,mar_Deva
panel2,A,mar_news_2020_300K,mar,L1,282455,mar_Deva
panel2,A,mar_news_2020_300K,mar,L1,282584,mar_Deva
panel2,A,mar_news_2020_300K,mar,L1,282585,mar_Deva
panel2,A,mar_news_2020_300K,mar,L1,282671,mar_Deva
panel2,A,mar_news_2020_300K,mar,L1,282811,mar_Deva
panel2,A,mar_news_2020_300K,mar,L1,282902,mar_Deva
panel2,A,mar_news_2020_300K,mar,L1,283008,mar_Deva
panel2,A,mar_news_2020_300K,mar,L1,283112,mar_Deva
panel2,A,mar_news_2020_300K,mar,L1,283382,mar_Deva
panel2,A,mar_news_2020_300K,mar,L1,283468,mar_Deva
panel2,A,mar_news_2020_300K,mar,L1,283508,mar_Deva
panel2,A,mar_news_2020_300K,mar,L1,283551,mar_Deva
panel2,A,mar_news_2020_300K,mar,L1,284093,mar_Deva
panel2,A,mar_news_2020_300K,mar,L1,284193,mar_Deva
panel2,A,mar_news_2020_300K,mar,L1,284207,mar_Deva
panel2,A,mar_news_2020_300K,mar,L1,284330,mar_Deva
panel2,A,mar_news_2020_300K,mar,L1,284397,mar_Deva
panel2,A,mar_news_2020_300K,mar,L1,284478,mar_Deva
panel2,A,mar_news_2020_300K,mar,L1,284553,mar_Deva
panel2,A,mar_news_2020_300K,mar,L1,284563,mar_Deva
panel2,A,mar_news_2020_300K,mar,L1,284590,mar_Deva
panel2,A,mar_news_2020_300K,mar,L1,284604,mar_Deva
panel2,A,mar_news_2020_300K,mar,L1,284607,mar_Deva
panel2,A,mar_news_2020_300K,mar,L1,284900,mar_Deva
panel2,A,mar_news_2020_300K,mar,L1,285065,mar_Deva
panel2,A,mar_news_2020_300K,mar,L1,285501,mar_Deva
panel2,A,mar_news_2020_300K,mar,L1,285772,mar_Deva
panel2,A,mar_news_2020_300K,mar,L1,285912,mar_Deva
panel2,A,mar_news_2020_300K,mar,L1,285978,mar_Deva
panel2,A,mar_news_2020_300K,mar,L1,286376,mar_Deva
panel2,A,mar_news_2020_300K,mar,L1,286393,mar_Deva
panel2,A,mar_news_2020_300K,mar,L1,286490,mar_Deva
panel2,A,mar_news_2020_300K,mar,L1,286533,mar_Deva
panel2,A,mar_news_2020_300K,mar,L1,286557,mar_Deva
panel2,A,mar_news_2020_300K,mar,L1,286626,mar_Deva
panel2,A,mar_news_2020_300K,mar,L1,286655,mar_Deva
panel2,A,mar_news_2020_300K,mar,L1,286910,mar_Deva
panel2,A,mar_news_2020_300K,mar,L1,287041,mar_Deva
panel2,A,mar_news_2020_300K,mar,L1,287139,mar_Deva
panel2,A,mar_news_2020_300K,mar,L1,287651,mar_Deva
panel2,A,mar_news_2020_300K,mar,L1,288131,mar_Deva
panel2,A,mar_news_2020_300K,mar,L1,288149,mar_Deva
panel2,A,mar_news_2020_300K,mar,L1,288390,mar_Deva
panel2,A,mar_news_2020_300K,mar,L1,288526,mar_Deva
panel2,A,mar_news_2020_300K,mar,L1,288556,mar_Deva
panel2,A,mar_news_2020_300K,mar,L1,288667,mar_Deva
panel2,A,mar_news_2020_300K,mar,L1,288783,mar_Deva
panel2,A,mar_news_2020_300K,mar,L1,288905,mar_Deva
panel2,A,mar_news_2020_300K,mar,L1,288936,mar_Deva
panel2,A,mar_news_2020_300K,mar,L1,289063,mar_Deva
panel2,A,mar_news_2020_300K,mar,L1,289720,mar_Deva
panel2,A,mar_news_2020_300K,mar,L1,289869,mar_Deva
panel2,A,mar_news_2020_300K,mar,L1,289908,mar_Deva
panel2,A,mar_news_2020_300K,mar,L1,290332,mar_Deva
panel2,A,mar_news_2020_300K,mar,L1,290688,mar_Deva
panel2,A,mar_news_2020_300K,mar,L1,290973,mar_Deva
panel2,A,mar_news_2020_300K,mar,L1,291037,mar_Deva
panel2,A,mar_news_2020_300K,mar,L1,291161,mar_Deva
panel2,A,mar_news_2020_300K,mar,L1,291363,mar_Deva
panel2,A,mar_news_2020_300K,mar,L1,291542,mar_Deva
panel2,A,mar_news_2020_300K,mar,L1,291593,mar_Deva
panel2,A,mar_news_2020_300K,mar,L1,291693,mar_Deva
panel2,A,mar_news_2020_300K,mar,L1,291778,mar_Deva
panel2,A,mar_news_2020_300K,mar,L1,291806,mar_Deva
panel2,A,mar_news_2020_300K,mar,L1,291822,mar_Deva
panel2,A,mar_news_2020_300K,mar,L1,292212,mar_Deva
panel2,A,mar_news_2020_300K,mar,L1,292299,mar_Deva
panel2,A,mar_news_2020_300K,mar,L1,292336,mar_Deva
panel2,A,mar_news_2020_300K,mar,L1,292381,mar_Deva
panel2,A,mar_news_2020_300K,mar,L1,292544,mar_Deva
panel2,A,mar_news_2020_300K,mar,L1,292568,mar_Deva
panel2,A,mar_news_2020_300K,mar,L1,292662,mar_Deva
panel2,A,mar_news_2020_300K,mar,L1,293404,mar_Deva
panel2,A,mar_news_2020_300K,mar,L1,293535,mar_Deva
panel2,A,mar_news_2020_300K,mar,L1,293615,mar_Deva
panel2,A,mar_news_2020_300K,mar,L1,294158,mar_Deva
panel2,A,mar_news_2020_300K,mar,L1,294176,mar_Deva
panel2,A,mar_news_2020_300K,mar,L1,294226,mar_Deva
panel2,A,mar_news_2020_300K,mar,L1,294451,mar_Deva
panel2,A,mar_news_2020_300K,mar,L1,294479,mar_Deva
panel2,A,mar_news_2020_300K,mar,L1,294519,mar_Deva
panel2,A,mar_news_2020_300K,mar,L1,294591,mar_Deva
panel2,A,mar_news_2020_300K,mar,L1,294606,mar_Deva
panel2,A,mar_news_2020_300K,mar,L1,294785,mar_Deva
panel2,A,mar_news_2020_300K,mar,L1,294943,mar_Deva
panel2,A,mar_news_2020_300K,mar,L1,295016,mar_Deva
panel2,A,mar_news_2020_300K,mar,L1,295043,mar_Deva
panel2,A,mar_news_2020_300K,mar,L1,295080,mar_Deva
panel2,A,mar_news_2020_300K,mar,L1,295191,mar_Deva
panel2,A,mar_news_2020_300K,mar,L1,295234,mar_Deva
panel2,A,mar_news_2020_300K,mar,L1,295326,mar_Deva
panel2,A,mar_news_2020_300K,mar,L1,295480,mar_Deva
panel2,A,mar_news_2020_300K,mar,L1,296058,mar_Deva
panel2,A,mar_news_2020_300K,mar,L1,296354,mar_Deva
panel2,A,mar_news_2020_300K,mar,L1,296379,mar_Deva
panel2,A,mar_news_2020_300K,mar,L1,296462,mar_Deva
panel2,A,mar_news_2020_300K,mar,L1,296560,mar_Deva
panel2,A,mar_news_2020_300K,mar,L1,296717,mar_Deva
panel2,A,mar_news_2020_300K,mar,L1,296786,mar_Deva
panel2,A,mar_news_2020_300K,mar,L1,296898,mar_Deva
panel2,A,mar_news_2020_300K,mar,L1,296945,mar_Deva
panel2,A,mar_news_2020_300K,mar,L1,297202,mar_Deva
panel2,A,mar_news_2020_300K,mar,L1,297295,mar_Deva
panel2,A,mar_news_2020_300K,mar,L1,297400,mar_Deva
panel2,A,mar_news_2020_300K,mar,L1,297588,mar_Deva
panel2,A,mar_news_2020_300K,mar,L1,297909,mar_Deva
panel2,A,mar_news_2020_300K,mar,L1,297942,mar_Deva
panel2,A,mar_news_2020_300K,mar,L1,298122,mar_Deva
panel2,A,mar_news_2020_300K,mar,L1,298172,mar_Deva
panel2,A,mar_news_2020_300K,mar,L1,298187,mar_Deva
panel2,A,mar_news_2020_300K,mar,L1,298264,mar_Deva
panel2,A,mar_news_2020_300K,mar,L1,298278,mar_Deva
panel2,A,mar_news_2020_300K,mar,L1,298286,mar_Deva
panel2,A,mar_news_2020_300K,mar,L1,298404,mar_Deva
panel2,A,mar_news_2020_300K,mar,L1,298744,mar_Deva
panel2,A,mar_news_2020_300K,mar,L1,299018,mar_Deva
panel2,A,mar_news_2020_300K,mar,L1,299023,mar_Deva
panel2,A,mar_news_2020_300K,mar,L1,299090,mar_Deva
panel2,A,mar_news_2020_300K,mar,L1,299178,mar_Deva
panel2,A,mar_news_2020_300K,mar,L1,299307,mar_Deva
panel2,A,mar_news_2020_300K,mar,L1,299376,mar_Deva
panel2,A,mar_news_2020_300K,mar,L1,299391,mar_Deva
panel2,A,mar_news_2020_300K,mar,L1,299708,mar_Deva
panel2,A,mar_news_2020_300K,mar,L5,5,mar_Deva
panel2,A,mar_news_2020_300K,mar,L5,7,mar_Deva
panel2,A,mar_news_2020_300K,mar,L5,21,mar_Deva
panel2,A,mar_news_2020_300K,mar,L5,45,mar_Deva
panel2,A,mar_news_2020_300K,mar,L5,46,mar_Deva
panel2,A,mar_news_2020_300K,mar,L5,62,mar_Deva
panel2,A,mar_news_2020_300K,mar,L5,87,mar_Deva
panel2,A,mar_news_2020_300K,mar,L5,96,mar_Deva
panel2,A,mar_news_2020_300K,mar,L5,102,mar_Deva
panel2,A,mar_news_2020_300K,mar,L5,104,mar_Deva
panel2,A,mar_news_2020_300K,mar,L5,114,mar_Deva
panel2,A,mar_news_2020_300K,mar,L5,137,mar_Deva
panel2,A,mar_news_2020_300K,mar,L5,139,mar_Deva
panel2,A,mar_news_2020_300K,mar,L5,152,mar_Deva
panel2,A,mar_news_2020_300K,mar,L5,156,mar_Deva
panel2,A,mar_news_2020_300K,mar,L5,184,mar_Deva
panel2,A,mar_news_2020_300K,mar,L5,197,mar_Deva
panel2,A,mar_news_2020_300K,mar,L5,199,mar_Deva
panel2,A,mar_news_2020_300K,mar,L5,223,mar_Deva
panel2,A,mar_news_2020_300K,mar,L5,241,mar_Deva
panel2,A,mar_news_2020_300K,mar,L5,242,mar_Deva
panel2,A,mar_news_2020_300K,mar,L5,247,mar_Deva
panel2,A,mar_news_2020_300K,mar,L5,250,mar_Deva
panel2,A,mar_news_2020_300K,mar,L5,254,mar_Deva
panel2,A,mar_news_2020_300K,mar,L5,267,mar_Deva
panel2,A,mar_news_2020_300K,mar,L5,282,mar_Deva
panel2,A,mar_news_2020_300K,mar,L5,283,mar_Deva
panel2,A,mar_news_2020_300K,mar,L5,298,mar_Deva
panel2,A,mar_news_2020_300K,mar,L5,316,mar_Deva
panel2,A,mar_news_2020_300K,mar,L5,324,mar_Deva
panel2,A,mar_news_2020_300K,mar,L5,330,mar_Deva
panel2,A,mar_news_2020_300K,mar,L5,364,mar_Deva
panel2,A,mar_news_2020_300K,mar,L5,401,mar_Deva
panel2,A,mar_news_2020_300K,mar,L5,411,mar_Deva
panel2,A,mar_news_2020_300K,mar,L5,417,mar_Deva
panel2,A,mar_news_2020_300K,mar,L5,431,mar_Deva
panel2,A,mar_news_2020_300K,mar,L5,439,mar_Deva
panel2,A,mar_news_2020_300K,mar,L5,445,mar_Deva
panel2,A,mar_news_2020_300K,mar,L5,446,mar_Deva
panel2,A,mar_news_2020_300K,mar,L5,454,mar_Deva
panel2,A,mar_news_2020_300K,mar,L5,459,mar_Deva
panel2,A,mar_news_2020_300K,mar,L5,462,mar_Deva
panel2,A,mar_news_2020_300K,mar,L5,467,mar_Deva
panel2,A,mar_news_2020_300K,mar,L5,469,mar_Deva
panel2,A,mar_news_2020_300K,mar,L5,482,mar_Deva
panel2,A,mar_news_2020_300K,mar,L5,483,mar_Deva
panel2,A,mar_news_2020_300K,mar,L5,500,mar_Deva
panel2,A,mar_news_2020_300K,mar,L5,506,mar_Deva
panel2,A,mar_news_2020_300K,mar,L5,509,mar_Deva
panel2,A,mar_news_2020_300K,mar,L5,517,mar_Deva
panel2,A,mar_news_2020_300K,mar,L5,531,mar_Deva
panel2,A,mar_news_2020_300K,mar,L5,547,mar_Deva
panel2,A,mar_news_2020_300K,mar,L5,571,mar_Deva
panel2,A,mar_news_2020_300K,mar,L5,583,mar_Deva
panel2,A,mar_news_2020_300K,mar,L5,592,mar_Deva
panel2,A,mar_news_2020_300K,mar,L5,601,mar_Deva
panel2,A,mar_news_2020_300K,mar,L5,608,mar_Deva
panel2,A,mar_news_2020_300K,mar,L5,623,mar_Deva
panel2,A,mar_news_2020_300K,mar,L5,633,mar_Deva
panel2,A,mar_news_2020_300K,mar,L5,639,mar_Deva
panel2,A,mar_news_2020_300K,mar,L5,658,mar_Deva
panel2,A,mar_news_2020_300K,mar,L5,668,mar_Deva
panel2,A,mar_news_2020_300K,mar,L5,674,mar_Deva
panel2,A,mar_news_2020_300K,mar,L5,683,mar_Deva
panel2,A,mar_news_2020_300K,mar,L5,694,mar_Deva
panel2,A,mar_news_2020_300K,mar,L5,718,mar_Deva
panel2,A,mar_news_2020_300K,mar,L5,719,mar_Deva
panel2,A,mar_news_2020_300K,mar,L5,726,mar_Deva
panel2,A,mar_news_2020_300K,mar,L5,737,mar_Deva
panel2,A,mar_news_2020_300K,mar,L5,750,mar_Deva
panel2,A,mar_news_2020_300K,mar,L5,766,mar_Deva
panel2,A,mar_news_2020_300K,mar,L5,783,mar_Deva
panel2,A,mar_news_2020_300K,mar,L5,793,mar_Deva
panel2,A,mar_news_2020_300K,mar,L5,806,mar_Deva
panel2,A,mar_news_2020_300K,mar,L5,808,mar_Deva
panel2,A,mar_news_2020_300K,mar,L5,820,mar_Deva
panel2,A,mar_news_2020_300K,mar,L5,832,mar_Deva
panel2,A,mar_news_2020_300K,mar,L5,855,mar_Deva
panel2,A,mar_news_2020_300K,mar,L5,866,mar_Deva
panel2,A,mar_news_2020_300K,mar,L5,880,mar_Deva
panel2,A,mar_news_2020_300K,mar,L5,882,mar_Deva
panel2,A,mar_news_2020_300K,mar,L5,899,mar_Deva
panel2,A,mar_news_2020_300K,mar,L5,904,mar_Deva
panel2,A,mar_news_2020_300K,mar,L5,923,mar_Deva
panel2,A,mar_news_2020_300K,mar,L5,940,mar_Deva
panel2,A,mar_news_2020_300K,mar,L5,947,mar_Deva
panel2,A,mar_news_2020_300K,mar,L5,949,mar_Deva
panel2,A,mar_news_2020_300K,mar,L5,950,mar_Deva
panel2,A,mar_news_2020_300K,mar,L5,965,mar_Deva
panel2,A,mar_news_2020_300K,mar,L5,970,mar_Deva
panel2,A,mar_news_2020_300K,mar,L5,1021,mar_Deva
panel2,A,mar_news_2020_300K,mar,L5,1038,mar_Deva
panel2,A,mar_news_2020_300K,mar,L5,1043,mar_Deva
panel2,A,mar_news_2020_300K,mar,L5,1061,mar_Deva
panel2,A,mar_news_2020_300K,mar,L5,1077,mar_Deva
panel2,A,mar_news_2020_300K,mar,L5,1078,mar_Deva
panel2,A,mar_news_2020_300K,mar,L5,1082,mar_Deva
panel2,A,mar_news_2020_300K,mar,L5,1085,mar_Deva
panel2,A,mar_news_2020_300K,mar,L5,1090,mar_Deva
panel2,A,mar_news_2020_300K,mar,L5,1091,mar_Deva
panel2,A,mar_news_2020_300K,mar,L5,1096,mar_Deva
panel2,A,mar_news_2020_300K,mar,L5,1115,mar_Deva
panel2,A,mar_news_2020_300K,mar,L5,1116,mar_Deva
panel2,A,mar_news_2020_300K,mar,L5,1117,mar_Deva
panel2,A,mar_news_2020_300K,mar,L5,1123,mar_Deva
panel2,A,mar_news_2020_300K,mar,L5,1135,mar_Deva
panel2,A,mar_news_2020_300K,mar,L5,1157,mar_Deva
panel2,A,mar_news_2020_300K,mar,L5,1179,mar_Deva
panel2,A,mar_news_2020_300K,mar,L5,1185,mar_Deva
panel2,A,mar_news_2020_300K,mar,L5,1208,mar_Deva
panel2,A,mar_news_2020_300K,mar,L5,1221,mar_Deva
panel2,A,mar_news_2020_300K,mar,L5,1223,mar_Deva
panel2,A,mar_news_2020_300K,mar,L5,1229,mar_Deva
panel2,A,mar_news_2020_300K,mar,L5,1305,mar_Deva
panel2,A,mar_news_2020_300K,mar,L5,1306,mar_Deva
panel2,A,mar_news_2020_300K,mar,L5,1317,mar_Deva
panel2,A,mar_news_2020_300K,mar,L5,1365,mar_Deva
panel2,A,mar_news_2020_300K,mar,L5,1368,mar_Deva
panel2,A,mar_news_2020_300K,mar,L5,1380,mar_Deva
panel2,A,mar_news_2020_300K,mar,L5,1387,mar_Deva
panel2,A,mar_news_2020_300K,mar,L5,1394,mar_Deva
panel2,A,mar_news_2020_300K,mar,L5,1538,mar_Deva
panel2,A,mar_news_2020_300K,mar,L5,1544,mar_Deva
panel2,A,mar_news_2020_300K,mar,L5,1558,mar_Deva
panel2,A,mar_news_2020_300K,mar,L5,1562,mar_Deva
panel2,A,mar_news_2020_300K,mar,L5,1582,mar_Deva
panel2,A,mar_news_2020_300K,mar,L5,1607,mar_Deva
panel2,A,mar_news_2020_300K,mar,L5,1618,mar_Deva
panel2,A,mar_news_2020_300K,mar,L5,1620,mar_Deva
panel2,A,mar_news_2020_300K,mar,L5,1634,mar_Deva
panel2,A,mar_news_2020_300K,mar,L5,1651,mar_Deva
panel2,A,mar_news_2020_300K,mar,L5,1687,mar_Deva
panel2,A,mar_news_2020_300K,mar,L5,1689,mar_Deva
panel2,A,mar_news_2020_300K,mar,L5,1704,mar_Deva
panel2,A,mar_news_2020_300K,mar,L5,1717,mar_Deva
panel2,A,mar_news_2020_300K,mar,L5,1719,mar_Deva
panel2,A,mar_news_2020_300K,mar,L5,1747,mar_Deva
panel2,A,mar_news_2020_300K,mar,L5,1756,mar_Deva
panel2,A,mar_news_2020_300K,mar,L5,1760,mar_Deva
panel2,A,mar_news_2020_300K,mar,L5,1764,mar_Deva
panel2,A,mar_news_2020_300K,mar,L5,1779,mar_Deva
panel2,A,mar_news_2020_300K,mar,L5,1796,mar_Deva
panel2,A,mar_news_2020_300K,mar,L5,1801,mar_Deva
panel2,A,mar_news_2020_300K,mar,L5,1809,mar_Deva
panel2,A,mar_news_2020_300K,mar,L5,1822,mar_Deva
panel2,A,mar_news_2020_300K,mar,L5,1823,mar_Deva
panel2,A,mar_news_2020_300K,mar,L5,1830,mar_Deva
panel2,A,mar_news_2020_300K,mar,L5,1836,mar_Deva
panel2,A,mar_news_2020_300K,mar,L5,1841,mar_Deva
panel2,A,mar_news_2020_300K,mar,L5,1852,mar_Deva
panel2,A,mar_news_2020_300K,mar,L5,1866,mar_Deva
panel2,A,mar_news_2020_300K,mar,L5,1868,mar_Deva
panel2,A,mar_news_2020_300K,mar,L5,1871,mar_Deva
panel2,A,mar_news_2020_300K,mar,L5,1891,mar_Deva
panel2,A,mar_news_2020_300K,mar,L5,1904,mar_Deva
panel2,A,mar_news_2020_300K,mar,L5,1920,mar_Deva
panel2,A,mar_news_2020_300K,mar,L5,1951,mar_Deva
panel2,A,mar_news_2020_300K,mar,L5,1954,mar_Deva
panel2,A,mar_news_2020_300K,mar,L5,1961,mar_Deva
panel2,A,mar_news_2020_300K,mar,L5,1970,mar_Deva
panel2,A,mar_news_2020_300K,mar,L5,1983,mar_Deva
panel2,A,mar_news_2020_300K,mar,L5,1987,mar_Deva
panel2,A,mar_news_2020_300K,mar,L5,1996,mar_Deva
panel2,A,mar_news_2020_300K,mar,L5,2008,mar_Deva
panel2,A,mar_news_2020_300K,mar,L5,2012,mar_Deva
panel2,A,mar_news_2020_300K,mar,L5,2022,mar_Deva
panel2,A,mar_news_2020_300K,mar,L5,2027,mar_Deva
panel2,A,mar_news_2020_300K,mar,L5,2031,mar_Deva
panel2,A,mar_news_2020_300K,mar,L5,2036,mar_Deva
panel2,A,mar_news_2020_300K,mar,L5,2039,mar_Deva
panel2,A,mar_news_2020_300K,mar,L5,2041,mar_Deva
panel2,A,mar_news_2020_300K,mar,L5,2052,mar_Deva
panel2,A,mar_news_2020_300K,mar,L5,2056,mar_Deva
panel2,A,mar_news_2020_300K,mar,L5,2060,mar_Deva
panel2,A,mar_news_2020_300K,mar,L5,2063,mar_Deva
panel2,A,mar_news_2020_300K,mar,L5,2077,mar_Deva
panel2,A,mar_news_2020_300K,mar,L5,2088,mar_Deva
panel2,A,mar_news_2020_300K,mar,L5,2103,mar_Deva
panel2,A,mar_news_2020_300K,mar,L5,2104,mar_Deva
panel2,A,mar_news_2020_300K,mar,L5,2107,mar_Deva
panel2,A,mar_news_2020_300K,mar,L5,2112,mar_Deva
panel2,A,mar_news_2020_300K,mar,L5,2218,mar_Deva
panel2,A,mar_news_2020_300K,mar,L5,2221,mar_Deva
panel2,A,mar_news_2020_300K,mar,L5,2223,mar_Deva
panel2,A,mar_news_2020_300K,mar,L5,2238,mar_Deva
panel2,A,mar_news_2020_300K,mar,L5,2240,mar_Deva
panel2,A,mar_news_2020_300K,mar,L5,2244,mar_Deva
panel2,A,mar_news_2020_300K,mar,L5,2266,mar_Deva
panel2,A,mar_news_2020_300K,mar,L5,2269,mar_Deva
panel2,A,mar_news_2020_300K,mar,L5,2317,mar_Deva
panel2,A,mar_news_2020_300K,mar,L5,2328,mar_Deva
panel2,A,mar_news_2020_300K,mar,L5,2335,mar_Deva
panel2,A,mar_news_2020_300K,mar,L5,2388,mar_Deva
panel2,A,mar_news_2020_300K,mar,L5,2405,mar_Deva
panel2,A,mar_news_2020_300K,mar,L5,2409,mar_Deva
panel2,A,mar_news_2020_300K,mar,L5,2411,mar_Deva
panel2,A,mar_news_2020_300K,mar,L5,2444,mar_Deva
panel2,A,mar_news_2020_300K,mar,L5,2476,mar_Deva
panel2,A,mar_news_2020_300K,mar,L5,2513,mar_Deva
panel2,A,mar_news_2020_300K,mar,L5,2533,mar_Deva
panel2,A,mar_news_2020_300K,mar,L5,2545,mar_Deva
panel2,A,mar_news_2020_300K,mar,L5,2556,mar_Deva
panel2,A,mar_news_2020_300K,mar,L5,2563,mar_Deva
panel2,A,mar_news_2020_300K,mar,L5,2568,mar_Deva
panel2,A,mar_news_2020_300K,mar,L5,2581,mar_Deva
panel2,A,mar_news_2020_300K,mar,L5,2582,mar_Deva
panel2,A,mar_news_2020_300K,mar,L5,2586,mar_Deva
panel2,A,mar_news_2020_300K,mar,L5,2593,mar_Deva
panel2,A,mar_news_2020_300K,mar,L5,2613,mar_Deva
panel2,A,mar_news_2020_300K,mar,L5,2634,mar_Deva
panel2,A,mar_news_2020_300K,mar,L5,2641,mar_Deva
panel2,A,mar_news_2020_300K,mar,L5,2645,mar_Deva
panel2,A,mar_news_2020_300K,mar,L5,2659,mar_Deva
panel2,A,mar_news_2020_300K,mar,L5,2664,mar_Deva
panel2,A,mar_news_2020_300K,mar,L5,2675,mar_Deva
panel2,A,mar_news_2020_300K,mar,L5,2676,mar_Deva
panel2,A,mar_news_2020_300K,mar,L5,2681,mar_Deva
panel2,A,mar_news_2020_300K,mar,L5,2713,mar_Deva
panel2,A,mar_news_2020_300K,mar,L5,2719,mar_Deva
panel2,A,mar_news_2020_300K,mar,L5,2725,mar_Deva
panel2,A,mar_news_2020_300K,mar,L5,2726,mar_Deva
panel2,A,mar_news_2020_300K,mar,L5,2749,mar_Deva
panel2,A,mar_news_2020_300K,mar,L5,2752,mar_Deva
panel2,A,mar_news_2020_300K,mar,L5,2754,mar_Deva
panel2,A,mar_news_2020_300K,mar,L5,2756,mar_Deva
panel2,A,mar_news_2020_300K,mar,L5,2764,mar_Deva
panel2,A,mar_news_2020_300K,mar,L5,2766,mar_Deva
panel2,A,mar_news_2020_300K,mar,L5,2780,mar_Deva
panel2,A,mar_news_2020_300K,mar,L5,2794,mar_Deva
panel2,A,mar_news_2020_300K,mar,L5,2807,mar_Deva
panel2,A,mar_news_2020_300K,mar,L5,2811,mar_Deva
panel2,A,mar_news_2020_300K,mar,L5,2826,mar_Deva
panel2,A,mar_news_2020_300K,mar,L5,2832,mar_Deva
panel2,A,mar_news_2020_300K,mar,L5,2839,mar_Deva
panel2,A,mar_news_2020_300K,mar,L5,2852,mar_Deva
panel2,A,mar_news_2020_300K,mar,L5,2877,mar_Deva
panel2,A,mar_news_2020_300K,mar,L5,2895,mar_Deva
panel2,A,mar_news_2020_300K,mar,L5,2926,mar_Deva
panel2,A,mar_news_2020_300K,mar,L5,2929,mar_Deva
panel2,A,mar_news_2020_300K,mar,L5,2937,mar_Deva
panel2,A,mar_news_2020_300K,mar,L5,2984,mar_Deva
panel2,A,mar_news_2020_300K,mar,L5,2992,mar_Deva
panel2,A,mar_news_2020_300K,mar,L5,2995,mar_Deva
panel2,A,mar_news_2020_300K,mar,L5,3000,mar_Deva
panel2,A,mar_news_2020_300K,mar,L5,3006,mar_Deva
panel2,A,mar_news_2020_300K,mar,L5,3015,mar_Deva
panel2,A,mar_news_2020_300K,mar,L5,3042,mar_Deva
panel2,A,mar_news_2020_300K,mar,L5,3051,mar_Deva
panel2,A,mar_news_2020_300K,mar,L5,3054,mar_Deva
panel2,A,mar_news_2020_300K,mar,L5,3064,mar_Deva
panel2,A,mar_news_2020_300K,mar,L5,3080,mar_Deva
panel2,A,mar_news_2020_300K,mar,L5,3086,mar_Deva
panel2,A,mar_news_2020_300K,mar,L5,3091,mar_Deva
panel2,A,mar_news_2020_300K,mar,L5,3096,mar_Deva
panel2,A,mar_news_2020_300K,mar,L5,3135,mar_Deva
panel2,A,mar_news_2020_300K,mar,L5,3159,mar_Deva
panel2,A,mar_news_2020_300K,mar,L5,3183,mar_Deva
panel2,A,mar_news_2020_300K,mar,L5,3190,mar_Deva
panel2,A,mar_news_2020_300K,mar,L5,3196,mar_Deva
panel2,A,mar_news_2020_300K,mar,L5,3245,mar_Deva
panel2,A,mar_news_2020_300K,mar,L5,3246,mar_Deva
panel2,A,mar_news_2020_300K,mar,L5,3249,mar_Deva
panel2,A,mar_news_2020_300K,mar,L5,3251,mar_Deva
panel2,A,mar_news_2020_300K,mar,L5,3257,mar_Deva
panel2,A,mar_news_2020_300K,mar,L5,3274,mar_Deva
panel2,A,mar_news_2020_300K,mar,L5,3288,mar_Deva
panel2,A,mar_news_2020_300K,mar,L5,3299,mar_Deva
panel2,A,mar_news_2020_300K,mar,L5,3307,mar_Deva
panel2,A,mar_news_2020_300K,mar,L5,3312,mar_Deva
panel2,A,mar_news_2020_300K,mar,L5,3314,mar_Deva
panel2,A,mar_news_2020_300K,mar,L5,3323,mar_Deva
panel2,A,mar_news_2020_300K,mar,L5,3325,mar_Deva
panel2,A,mar_news_2020_300K,mar,L5,3338,mar_Deva
panel2,A,mar_news_2020_300K,mar,L5,3360,mar_Deva
panel2,A,mar_news_2020_300K,mar,L5,3409,mar_Deva
panel2,A,mar_news_2020_300K,mar,L5,3418,mar_Deva
panel2,A,mar_news_2020_300K,mar,L5,3437,mar_Deva
panel2,A,mar_news_2020_300K,mar,L5,3460,mar_Deva
panel2,A,mar_news_2020_300K,mar,L5,3475,mar_Deva
panel2,A,mar_news_2020_300K,mar,L5,3481,mar_Deva
panel2,A,mar_news_2020_300K,mar,L5,3482,mar_Deva
panel2,A,mar_news_2020_300K,mar,L5,3501,mar_Deva
panel2,A,mar_news_2020_300K,mar,L5,3513,mar_Deva
panel2,A,mar_news_2020_300K,mar,L5,3515,mar_Deva
panel2,A,mar_news_2020_300K,mar,L5,3530,mar_Deva
panel2,A,mar_news_2020_300K,mar,L5,3532,mar_Deva
panel2,A,mar_news_2020_300K,mar,L5,3550,mar_Deva
panel2,A,mar_news_2020_300K,mar,L5,3554,mar_Deva
panel2,A,mar_news_2020_300K,mar,L5,3555,mar_Deva
panel2,A,mar_news_2020_300K,mar,L5,3559,mar_Deva
panel2,A,mar_news_2020_300K,mar,L5,3561,mar_Deva
panel2,A,mar_news_2020_300K,mar,L5,3612,mar_Deva
panel2,A,mar_news_2020_300K,mar,L5,3624,mar_Deva
panel2,A,mar_news_2020_300K,mar,L5,3632,mar_Deva
panel2,A,mar_news_2020_300K,mar,L5,3662,mar_Deva
panel2,A,mar_news_2020_300K,mar,L5,3667,mar_Deva
panel2,A,mar_news_2020_300K,mar,L5,3674,mar_Deva
panel2,A,mar_news_2020_300K,mar,L5,3692,mar_Deva
panel2,A,mar_news_2020_300K,mar,L5,3706,mar_Deva
panel2,A,mar_news_2020_300K,mar,L5,3744,mar_Deva
panel2,A,mar_news_2020_300K,mar,L5,3748,mar_Deva
panel2,A,mar_news_2020_300K,mar,L5,3756,mar_Deva
panel2,A,mar_news_2020_300K,mar,L5,3771,mar_Deva
panel2,A,mar_news_2020_300K,mar,L5,3775,mar_Deva
panel2,A,mar_news_2020_300K,mar,L5,3781,mar_Deva
panel2,A,mar_news_2020_300K,mar,L5,3789,mar_Deva
panel2,A,mar_news_2020_300K,mar,L5,3824,mar_Deva
panel2,A,mar_news_2020_300K,mar,L5,3831,mar_Deva
panel2,A,mar_news_2020_300K,mar,L5,3832,mar_Deva
panel2,A,mar_news_2020_300K,mar,L5,3833,mar_Deva
panel2,A,mar_news_2020_300K,mar,L5,3846,mar_Deva
panel2,A,mar_news_2020_300K,mar,L5,3861,mar_Deva
panel2,A,mar_news_2020_300K,mar,L5,3868,mar_Deva
panel2,A,mar_news_2020_300K,mar,L5,3890,mar_Deva
panel2,A,mar_news_2020_300K,mar,L5,3894,mar_Deva
panel2,A,mar_news_2020_300K,mar,L5,3908,mar_Deva
panel2,A,mar_news_2020_300K,mar,L5,3960,mar_Deva
panel2,A,mar_news_2020_300K,mar,L5,3966,mar_Deva
panel2,A,mar_news_2020_300K,mar,L5,3971,mar_Deva
panel2,A,mar_news_2020_300K,mar,L5,3976,mar_Deva
panel2,A,mar_news_2020_300K,mar,L5,4007,mar_Deva
panel2,A,mar_news_2020_300K,mar,L5,4011,mar_Deva
panel2,A,mar_news_2020_300K,mar,L5,4014,mar_Deva
panel2,A,mar_news_2020_300K,mar,L5,4028,mar_Deva
panel2,A,mar_news_2020_300K,mar,L5,4032,mar_Deva
panel2,A,mar_news_2020_300K,mar,L5,4038,mar_Deva
panel2,A,mar_news_2020_300K,mar,L5,4052,mar_Deva
panel2,A,mar_news_2020_300K,mar,L5,4059,mar_Deva
panel2,A,mar_news_2020_300K,mar,L5,4062,mar_Deva
panel2,A,mar_news_2020_300K,mar,L5,4064,mar_Deva
panel2,A,mar_news_2020_300K,mar,L5,4115,mar_Deva
panel2,A,mar_news_2020_300K,mar,L5,4122,mar_Deva
panel2,A,mar_news_2020_300K,mar,L5,4129,mar_Deva
panel2,A,mar_news_2020_300K,mar,L5,4130,mar_Deva
panel2,A,mar_news_2020_300K,mar,L5,4159,mar_Deva
panel2,A,mar_news_2020_300K,mar,L5,4165,mar_Deva
panel2,A,mar_news_2020_300K,mar,L5,4194,mar_Deva
panel2,A,mar_news_2020_300K,mar,L5,4203,mar_Deva
panel2,A,mar_news_2020_300K,mar,L5,4204,mar_Deva
panel2,A,mar_news_2020_300K,mar,L5,4223,mar_Deva
panel2,A,mar_news_2020_300K,mar,L5,4237,mar_Deva
panel2,A,mar_news_2020_300K,mar,L5,4244,mar_Deva
panel2,A,mar_news_2020_300K,mar,L5,4251,mar_Deva
panel2,A,mar_news_2020_300K,mar,L5,4252,mar_Deva
panel2,A,mar_news_2020_300K,mar,L5,4262,mar_Deva
panel2,A,mar_news_2020_300K,mar,L5,4264,mar_Deva
panel2,A,mar_news_2020_300K,mar,L5,4288,mar_Deva
panel2,A,mar_news_2020_300K,mar,L5,4310,mar_Deva
panel2,A,mar_news_2020_300K,mar,L5,4326,mar_Deva
panel2,A,mar_news_2020_300K,mar,L5,4327,mar_Deva
panel2,A,mar_news_2020_300K,mar,L5,4338,mar_Deva
panel2,A,mar_news_2020_300K,mar,L5,4360,mar_Deva
panel2,A,mar_news_2020_300K,mar,L5,4371,mar_Deva
panel2,A,mar_news_2020_300K,mar,L5,4380,mar_Deva
panel2,A,mar_news_2020_300K,mar,L5,4381,mar_Deva
panel2,A,mar_news_2020_300K,mar,L5,4382,mar_Deva
panel2,A,mar_news_2020_300K,mar,L5,4389,mar_Deva
panel2,A,mar_news_2020_300K,mar,L5,4399,mar_Deva
panel2,A,mar_news_2020_300K,mar,L5,4400,mar_Deva
panel2,A,mar_news_2020_300K,mar,L5,4401,mar_Deva
panel2,A,mar_news_2020_300K,mar,L5,4421,mar_Deva
panel2,A,mar_news_2020_300K,mar,L5,4445,mar_Deva
panel2,A,mar_news_2020_300K,mar,L5,4464,mar_Deva
panel2,A,mar_news_2020_300K,mar,L5,4474,mar_Deva
panel2,A,mar_news_2020_300K,mar,L5,4477,mar_Deva
panel2,A,mar_news_2020_300K,mar,L5,4529,mar_Deva
panel2,A,mar_news_2020_300K,mar,L5,4533,mar_Deva
panel2,A,mar_news_2020_300K,mar,L5,4550,mar_Deva
panel2,A,mar_news_2020_300K,mar,L5,4552,mar_Deva
panel2,A,mar_news_2020_300K,mar,L5,4554,mar_Deva
panel2,A,mar_news_2020_300K,mar,L5,4576,mar_Deva
panel2,A,mar_news_2020_300K,mar,L5,4622,mar_Deva
panel2,A,mar_news_2020_300K,mar,L5,4625,mar_Deva
panel2,A,mar_news_2020_300K,mar,L5,4628,mar_Deva
panel2,A,mar_news_2020_300K,mar,L5,4633,mar_Deva
panel2,A,mar_news_2020_300K,mar,L5,4644,mar_Deva
panel2,A,mar_news_2020_300K,mar,L5,4671,mar_Deva
panel2,A,mar_news_2020_300K,mar,L5,4675,mar_Deva
panel2,A,mar_news_2020_300K,mar,L5,4684,mar_Deva
panel2,A,mar_news_2020_300K,mar,L5,4685,mar_Deva
panel2,A,mar_news_2020_300K,mar,L5,4690,mar_Deva
panel2,A,mar_news_2020_300K,mar,L5,4705,mar_Deva
panel2,A,mar_news_2020_300K,mar,L5,4713,mar_Deva
panel2,A,mar_news_2020_300K,mar,L5,4733,mar_Deva
panel2,A,mar_news_2020_300K,mar,L5,4739,mar_Deva
panel2,A,mar_news_2020_300K,mar,L5,4742,mar_Deva
panel2,A,mar_news_2020_300K,mar,L5,4785,mar_Deva
panel2,A,mar_news_2020_300K,mar,L5,4788,mar_Deva
panel2,A,mar_news_2020_300K,mar,L5,4802,mar_Deva
panel2,A,mar_news_2020_300K,mar,L5,4838,mar_Deva
panel2,A,mar_news_2020_300K,mar,L5,4862,mar_Deva
panel2,A,mar_news_2020_300K,mar,L5,4874,mar_Deva
panel2,A,mar_news_2020_300K,mar,L5,4903,mar_Deva
panel2,A,mar_news_2020_300K,mar,L5,4906,mar_Deva
panel2,A,mar_news_2020_300K,mar,L5,4912,mar_Deva
panel2,A,mar_news_2020_300K,mar,L5,4941,mar_Deva
panel2,A,mar_news_2020_300K,mar,L5,4955,mar_Deva
panel2,A,mar_news_2020_300K,mar,L5,4975,mar_Deva
panel2,A,mar_news_2020_300K,mar,L5,4981,mar_Deva
panel2,A,mar_news_2020_300K,mar,L5,4985,mar_Deva
panel2,A,mar_news_2020_300K,mar,L5,4991,mar_Deva
panel2,A,mar_news_2020_300K,mar,L5,4995,mar_Deva
panel2,A,mar_news_2020_300K,mar,L5,4998,mar_Deva
panel2,A,mar_news_2020_300K,mar,L5,5019,mar_Deva
panel2,A,mar_news_2020_300K,mar,L5,5028,mar_Deva
panel2,A,mar_news_2020_300K,mar,L5,5029,mar_Deva
panel2,A,mar_news_2020_300K,mar,L5,5063,mar_Deva
panel2,A,mar_news_2020_300K,mar,L5,5068,mar_Deva
panel2,A,mar_news_2020_300K,mar,L5,5073,mar_Deva
panel2,A,mar_news_2020_300K,mar,L5,5077,mar_Deva
panel2,A,mar_news_2020_300K,mar,L5,5100,mar_Deva
panel2,A,mar_news_2020_300K,mar,L5,5103,mar_Deva
panel2,A,mar_news_2020_300K,mar,L5,5114,mar_Deva
panel2,A,mar_news_2020_300K,mar,L5,5126,mar_Deva
panel2,A,mar_news_2020_300K,mar,L5,5127,mar_Deva
panel2,A,mar_news_2020_300K,mar,L5,5133,mar_Deva
panel2,A,mar_news_2020_300K,mar,L5,5142,mar_Deva
panel2,A,mar_news_2020_300K,mar,L5,5150,mar_Deva
panel2,A,mar_news_2020_300K,mar,L5,5166,mar_Deva
panel2,A,mar_news_2020_300K,mar,L5,5167,mar_Deva
panel2,A,mar_news_2020_300K,mar,L5,5178,mar_Deva
panel2,A,mar_news_2020_300K,mar,L5,5192,mar_Deva
panel2,A,mar_news_2020_300K,mar,L5,5205,mar_Deva
panel2,A,mar_news_2020_300K,mar,L5,5225,mar_Deva
panel2,A,mar_news_2020_300K,mar,L5,5231,mar_Deva
panel2,A,mar_news_2020_300K,mar,L5,5242,mar_Deva
panel2,A,mar_news_2020_300K,mar,L5,5243,mar_Deva
panel2,A,mar_news_2020_300K,mar,L5,5246,mar_Deva
panel2,A,mar_news_2020_300K,mar,L5,5264,mar_Deva
panel2,A,mar_news_2020_300K,mar,L5,5269,mar_Deva
panel2,A,mar_news_2020_300K,mar,L5,5285,mar_Deva
panel2,A,mar_news_2020_300K,mar,L5,5287,mar_Deva
panel2,A,mar_news_2020_300K,mar,L5,5292,mar_Deva
panel2,A,mar_news_2020_300K,mar,L5,5299,mar_Deva
panel2,A,mar_news_2020_300K,mar,L5,5307,mar_Deva
panel2,A,mar_news_2020_300K,mar,L5,5316,mar_Deva
panel2,A,mar_news_2020_300K,mar,L5,5319,mar_Deva
panel2,A,mar_news_2020_300K,mar,L5,5331,mar_Deva
panel2,A,mar_news_2020_300K,mar,L5,5351,mar_Deva
panel2,A,mar_news_2020_300K,mar,L5,5355,mar_Deva
panel2,A,mar_news_2020_300K,mar,L5,5376,mar_Deva
panel2,A,mar_news_2020_300K,mar,L5,5382,mar_Deva
panel2,A,mar_news_2020_300K,mar,L5,5401,mar_Deva
panel2,A,mar_news_2020_300K,mar,L5,5409,mar_Deva
panel2,A,mar_news_2020_300K,mar,L5,5417,mar_Deva
panel2,A,mar_news_2020_300K,mar,L5,5418,mar_Deva
panel2,A,mar_news_2020_300K,mar,L5,5458,mar_Deva
panel2,A,mar_news_2020_300K,mar,L5,5459,mar_Deva
panel2,A,mar_news_2020_300K,mar,L5,5465,mar_Deva
panel2,A,mar_news_2020_300K,mar,L5,5474,mar_Deva
panel2,A,mar_news_2020_300K,mar,L5,5476,mar_Deva
panel2,A,mar_news_2020_300K,mar,L5,5498,mar_Deva
panel2,A,mar_news_2020_300K,mar,L5,5504,mar_Deva
panel2,A,mar_news_2020_300K,mar,L5,5527,mar_Deva
panel2,A,mar_news_2020_300K,mar,L5,5563,mar_Deva
panel2,A,mar_news_2020_300K,mar,L5,5599,mar_Deva
panel2,A,mar_news_2020_300K,mar,L5,5613,mar_Deva
panel2,A,mar_news_2020_300K,mar,L5,5626,mar_Deva
panel2,A,mar_news_2020_300K,mar,L5,5647,mar_Deva
panel2,A,mar_news_2020_300K,mar,L5,5650,mar_Deva
panel2,A,mar_news_2020_300K,mar,L5,5654,mar_Deva
panel2,A,mar_news_2020_300K,mar,L5,5671,mar_Deva
panel2,A,mar_news_2020_300K,mar,L5,5678,mar_Deva
panel2,A,mar_news_2020_300K,mar,L5,5679,mar_Deva
panel2,A,mar_news_2020_300K,mar,L5,5684,mar_Deva
panel2,A,mar_news_2020_300K,mar,L5,5691,mar_Deva
panel2,A,mar_news_2020_300K,mar,L5,5703,mar_Deva
panel2,A,mar_news_2020_300K,mar,L5,5711,mar_Deva
panel2,A,mar_news_2020_300K,mar,L5,5723,mar_Deva
panel2,A,mar_news_2020_300K,mar,L5,5727,mar_Deva
panel2,A,mar_news_2020_300K,mar,L5,5737,mar_Deva
panel2,A,mar_news_2020_300K,mar,L5,5761,mar_Deva
panel2,A,mar_news_2020_300K,mar,L5,5775,mar_Deva
panel2,A,mar_news_2020_300K,mar,L5,5778,mar_Deva
panel2,A,mar_news_2020_300K,mar,L5,5781,mar_Deva
panel2,A,mar_news_2020_300K,mar,L5,5782,mar_Deva
panel2,A,mar_news_2020_300K,mar,L5,5834,mar_Deva
panel2,A,mar_news_2020_300K,mar,L5,5853,mar_Deva
panel2,A,mar_news_2020_300K,mar,L5,5892,mar_Deva
panel2,A,mar_news_2020_300K,mar,L5,5893,mar_Deva
panel2,A,mar_news_2020_300K,mar,L5,5906,mar_Deva
panel2,A,mar_news_2020_300K,mar,L5,5920,mar_Deva
panel2,A,mar_news_2020_300K,mar,L5,5929,mar_Deva
panel2,A,mar_news_2020_300K,mar,L5,5937,mar_Deva
panel2,A,mar_news_2020_300K,mar,L5,5939,mar_Deva
panel2,A,mar_news_2020_300K,mar,L5,5961,mar_Deva
panel2,A,mar_news_2020_300K,mar,L5,5978,mar_Deva
panel2,A,mar_news_2020_300K,mar,L5,5981,mar_Deva
panel2,A,mar_news_2020_300K,mar,L5,5994,mar_Deva
panel2,A,mar_news_2020_300K,mar,L5,5999,mar_Deva
panel2,A,mar_news_2020_300K,mar,L5,6004,mar_Deva
panel2,A,mar_news_2020_300K,mar,L5,6010,mar_Deva
panel2,A,mar_news_2020_300K,mar,L5,6033,mar_Deva
panel2,A,mar_news_2020_300K,mar,L5,6041,mar_Deva
panel2,A,mar_news_2020_300K,mar,L5,6058,mar_Deva
panel2,A,mar_news_2020_300K,mar,L5,6063,mar_Deva
panel2,A,mar_news_2020_300K,mar,L5,6068,mar_Deva
panel2,A,mar_news_2020_300K,mar,L5,6083,mar_Deva
panel2,A,mar_news_2020_300K,mar,L5,6085,mar_Deva
panel2,A,mar_news_2020_300K,mar,L5,6090,mar_Deva
panel2,A,mar_news_2020_300K,mar,L5,6112,mar_Deva
panel2,A,mar_news_2020_300K,mar,L5,6126,mar_Deva
panel2,A,mar_news_2020_300K,mar,L5,6128,mar_Deva
panel2,A,mar_news_2020_300K,mar,L5,6155,mar_Deva
panel2,A,mar_news_2020_300K,mar,L5,6183,mar_Deva
panel2,A,mar_news_2020_300K,mar,L5,6207,mar_Deva
panel2,A,mar_news_2020_300K,mar,L5,6230,mar_Deva
panel2,A,mar_news_2020_300K,mar,L5,6234,mar_Deva
panel2,A,mar_news_2020_300K,mar,L5,6236,mar_Deva
panel2,A,mar_news_2020_300K,mar,L5,6246,mar_Deva
panel2,A,mar_news_2020_300K,mar,L5,6254,mar_Deva
panel2,A,mar_news_2020_300K,mar,L5,6264,mar_Deva
panel2,A,mar_news_2020_300K,mar,L5,6296,mar_Deva
panel2,A,mar_news_2020_300K,mar,L5,6301,mar_Deva
panel2,A,mar_news_2020_300K,mar,L5,6303,mar_Deva
panel2,A,mar_news_2020_300K,mar,L5,6313,mar_Deva
panel2,A,mar_news_2020_300K,mar,L5,6355,mar_Deva
panel2,A,mar_news_2020_300K,mar,L5,6368,mar_Deva
panel2,A,mar_news_2020_300K,mar,L5,6378,mar_Deva
panel2,A,mar_news_2020_300K,mar,L5,6386,mar_Deva
panel2,A,mar_news_2020_300K,mar,L5,6395,mar_Deva
panel2,A,mar_news_2020_300K,mar,L5,6399,mar_Deva
panel2,A,mar_news_2020_300K,mar,L5,6401,mar_Deva
panel2,A,mar_news_2020_300K,mar,L5,6417,mar_Deva
panel2,A,mar_news_2020_300K,mar,L5,6423,mar_Deva
panel2,A,mar_news_2020_300K,mar,L5,6436,mar_Deva
panel2,A,mar_news_2020_300K,mar,L5,6449,mar_Deva
panel2,A,mar_news_2020_300K,mar,L5,6456,mar_Deva
panel2,A,mar_news_2020_300K,mar,L5,6479,mar_Deva
panel2,A,mar_news_2020_300K,mar,L5,6493,mar_Deva
panel2,A,mar_news_2020_300K,mar,L5,6498,mar_Deva
panel2,A,mar_news_2020_300K,mar,L5,6512,mar_Deva
panel2,A,mar_news_2020_300K,mar,L5,6517,mar_Deva
panel2,A,mar_news_2020_300K,mar,L5,6521,mar_Deva
panel2,A,mar_news_2020_300K,mar,L5,6526,mar_Deva
panel2,A,mar_news_2020_300K,mar,L5,6528,mar_Deva
panel2,A,mar_news_2020_300K,mar,L5,6538,mar_Deva
panel2,A,mar_news_2020_300K,mar,L5,6554,mar_Deva
panel2,A,mar_news_2020_300K,mar,L5,6565,mar_Deva
panel2,A,mar_news_2020_300K,mar,L5,6582,mar_Deva
panel2,A,mar_news_2020_300K,mar,L5,6583,mar_Deva
panel2,A,mar_news_2020_300K,mar,L5,6592,mar_Deva
panel2,A,mar_news_2020_300K,mar,L5,6603,mar_Deva
panel2,A,mar_news_2020_300K,mar,L5,6617,mar_Deva
panel2,A,mar_news_2020_300K,mar,L5,6620,mar_Deva
panel2,A,mar_news_2020_300K,mar,L5,6625,mar_Deva
panel2,A,mar_news_2020_300K,mar,L5,6641,mar_Deva
panel2,A,mar_news_2020_300K,mar,L5,6649,mar_Deva
panel2,A,mar_news_2020_300K,mar,L5,6664,mar_Deva
panel2,A,mar_news_2020_300K,mar,L5,6667,mar_Deva
panel2,A,mar_news_2020_300K,mar,L5,6712,mar_Deva
panel2,A,mar_news_2020_300K,mar,L5,6725,mar_Deva
panel2,A,mar_news_2020_300K,mar,L5,6733,mar_Deva
panel2,A,mar_news_2020_300K,mar,L5,6755,mar_Deva
panel2,A,mar_news_2020_300K,mar,L5,6758,mar_Deva
panel2,A,mar_news_2020_300K,mar,L5,6777,mar_Deva
panel2,A,mar_news_2020_300K,mar,L5,6787,mar_Deva
panel2,A,mar_news_2020_300K,mar,L5,6819,mar_Deva
panel2,A,mar_news_2020_300K,mar,L5,6822,mar_Deva
panel2,A,mar_news_2020_300K,mar,L5,6827,mar_Deva
panel2,A,mar_news_2020_300K,mar,L5,6829,mar_Deva
panel2,A,mar_news_2020_300K,mar,L5,6834,mar_Deva
panel2,A,mar_news_2020_300K,mar,L5,6850,mar_Deva
panel2,A,mar_news_2020_300K,mar,L5,6863,mar_Deva
panel2,A,mar_news_2020_300K,mar,L5,6865,mar_Deva
panel2,A,mar_news_2020_300K,mar,L5,6871,mar_Deva
panel2,A,mar_news_2020_300K,mar,L5,6911,mar_Deva
panel2,A,mar_news_2020_300K,mar,L5,6912,mar_Deva
panel2,A,mar_news_2020_300K,mar,L5,6928,mar_Deva
panel2,A,mar_news_2020_300K,mar,L5,6936,mar_Deva
panel2,A,mar_news_2020_300K,mar,L5,6938,mar_Deva
panel2,A,mar_news_2020_300K,mar,L5,6945,mar_Deva
panel2,A,mar_news_2020_300K,mar,L5,6968,mar_Deva
panel2,A,mar_news_2020_300K,mar,L5,6976,mar_Deva
panel2,A,mar_news_2020_300K,mar,L5,6988,mar_Deva
panel2,A,mar_news_2020_300K,mar,L5,6996,mar_Deva
panel2,A,mar_news_2020_300K,mar,L5,6997,mar_Deva
panel2,A,mar_news_2020_300K,mar,L5,7000,mar_Deva
panel2,A,mar_news_2020_300K,mar,L5,7006,mar_Deva
panel2,A,mar_news_2020_300K,mar,L5,7018,mar_Deva
panel2,A,mar_news_2020_300K,mar,L5,7025,mar_Deva
panel2,A,mar_news_2020_300K,mar,L5,7030,mar_Deva
panel2,A,mar_news_2020_300K,mar,L5,7089,mar_Deva
panel2,A,mar_news_2020_300K,mar,L5,7092,mar_Deva
panel2,A,mar_news_2020_300K,mar,L5,7134,mar_Deva
panel2,A,mar_news_2020_300K,mar,L5,7143,mar_Deva
panel2,A,mar_news_2020_300K,mar,L5,7145,mar_Deva
panel2,A,mar_news_2020_300K,mar,L5,7163,mar_Deva
panel2,A,mar_news_2020_300K,mar,L5,7173,mar_Deva
panel2,A,mar_news_2020_300K,mar,L5,7175,mar_Deva
panel2,A,mar_news_2020_300K,mar,L5,7177,mar_Deva
panel2,A,mar_news_2020_300K,mar,L5,7189,mar_Deva
panel2,A,mar_news_2020_300K,mar,L5,7192,mar_Deva
panel2,A,mar_news_2020_300K,mar,L5,7197,mar_Deva
panel2,A,mar_news_2020_300K,mar,L5,7199,mar_Deva
panel2,A,mar_news_2020_300K,mar,L5,7227,mar_Deva
panel2,A,mar_news_2020_300K,mar,L5,7231,mar_Deva
panel2,A,mar_news_2020_300K,mar,L5,7233,mar_Deva
panel2,A,mar_news_2020_300K,mar,L5,7248,mar_Deva
panel2,A,mar_news_2020_300K,mar,L5,7254,mar_Deva
panel2,A,mar_news_2020_300K,mar,L5,7290,mar_Deva
panel2,A,mar_news_2020_300K,mar,L5,7301,mar_Deva
panel2,A,mar_news_2020_300K,mar,L5,7312,mar_Deva
panel2,A,mar_news_2020_300K,mar,L5,7325,mar_Deva
panel2,A,mar_news_2020_300K,mar,L5,7327,mar_Deva
panel2,A,mar_news_2020_300K,mar,L5,7332,mar_Deva
panel2,A,mar_news_2020_300K,mar,L5,7353,mar_Deva
panel2,A,mar_news_2020_300K,mar,L5,7362,mar_Deva
panel2,A,mar_news_2020_300K,mar,L5,7366,mar_Deva
panel2,A,mar_news_2020_300K,mar,L5,7377,mar_Deva
panel2,A,mar_news_2020_300K,mar,L5,7397,mar_Deva
panel2,A,mar_news_2020_300K,mar,L5,7420,mar_Deva
panel2,A,mar_news_2020_300K,mar,L5,7426,mar_Deva
panel2,A,mar_news_2020_300K,mar,L5,7439,mar_Deva
panel2,A,mar_news_2020_300K,mar,L5,7455,mar_Deva
panel2,A,mar_news_2020_300K,mar,L5,7472,mar_Deva
panel2,A,mar_news_2020_300K,mar,L5,7505,mar_Deva
panel2,A,mar_news_2020_300K,mar,L5,7520,mar_Deva
panel2,A,mar_news_2020_300K,mar,L5,7528,mar_Deva
panel2,A,mar_news_2020_300K,mar,L5,7549,mar_Deva
panel2,A,mar_news_2020_300K,mar,L5,7565,mar_Deva
panel2,A,mar_news_2020_300K,mar,L5,7569,mar_Deva
panel2,A,mar_news_2020_300K,mar,L5,7572,mar_Deva
panel2,A,mar_news_2020_300K,mar,L5,7574,mar_Deva
panel2,A,mar_news_2020_300K,mar,L5,7588,mar_Deva
panel2,A,mar_news_2020_300K,mar,L5,7600,mar_Deva
panel2,A,mar_news_2020_300K,mar,L5,7611,mar_Deva
panel2,A,mar_news_2020_300K,mar,L5,7617,mar_Deva
panel2,A,mar_news_2020_300K,mar,L5,7620,mar_Deva
panel2,A,mar_news_2020_300K,mar,L5,7635,mar_Deva
panel2,A,mar_news_2020_300K,mar,L5,7637,mar_Deva
panel2,A,mar_news_2020_300K,mar,L5,7645,mar_Deva
panel2,A,mar_news_2020_300K,mar,L5,7653,mar_Deva
panel2,A,mar_news_2020_300K,mar,L5,7657,mar_Deva
panel2,A,mar_news_2020_300K,mar,L5,7658,mar_Deva
panel2,A,mar_news_2020_300K,mar,L5,7659,mar_Deva
panel2,A,mar_news_2020_300K,mar,L5,7699,mar_Deva
panel2,A,mar_news_2020_300K,mar,L5,7700,mar_Deva
panel2,A,mar_news_2020_300K,mar,L5,7710,mar_Deva
panel2,A,mar_news_2020_300K,mar,L5,7711,mar_Deva
panel2,A,mar_news_2020_300K,mar,L5,7716,mar_Deva
panel2,A,mar_news_2020_300K,mar,L5,7720,mar_Deva
panel2,A,mar_news_2020_300K,mar,L5,7772,mar_Deva
panel2,A,mar_news_2020_300K,mar,L5,7779,mar_Deva
panel2,A,mar_news_2020_300K,mar,L5,7784,mar_Deva
panel2,A,mar_news_2020_300K,mar,L5,7786,mar_Deva
panel2,A,mar_news_2020_300K,mar,L5,7789,mar_Deva
panel2,A,mar_news_2020_300K,mar,L5,7790,mar_Deva
panel2,A,mar_news_2020_300K,mar,L5,7804,mar_Deva
panel2,A,mar_news_2020_300K,mar,L5,7810,mar_Deva
panel2,A,mar_news_2020_300K,mar,L5,7836,mar_Deva
panel2,A,mar_news_2020_300K,mar,L5,7839,mar_Deva
panel2,A,mar_news_2020_300K,mar,L5,7843,mar_Deva
panel2,A,mar_news_2020_300K,mar,L5,7850,mar_Deva
panel2,A,mar_news_2020_300K,mar,L5,7858,mar_Deva
panel2,A,mar_news_2020_300K,mar,L5,7871,mar_Deva
panel2,A,mar_news_2020_300K,mar,L5,7872,mar_Deva
panel2,A,mar_news_2020_300K,mar,L5,7880,mar_Deva
panel2,A,mar_news_2020_300K,mar,L5,7890,mar_Deva
panel2,A,mar_news_2020_300K,mar,L5,7897,mar_Deva
panel2,A,mar_news_2020_300K,mar,L5,7911,mar_Deva
panel2,A,mar_news_2020_300K,mar,L5,7947,mar_Deva
panel2,A,mar_news_2020_300K,mar,L5,7949,mar_Deva
panel2,A,mar_news_2020_300K,mar,L5,7958,mar_Deva
panel2,A,mar_news_2020_300K,mar,L5,7970,mar_Deva
panel2,A,mar_news_2020_300K,mar,L5,7982,mar_Deva
panel2,A,mar_news_2020_300K,mar,L5,7999,mar_Deva
panel2,A,mar_news_2020_300K,mar,L5,8006,mar_Deva
panel2,A,mar_news_2020_300K,mar,L5,8015,mar_Deva
panel2,A,mar_news_2020_300K,mar,L5,8016,mar_Deva
panel2,A,mar_news_2020_300K,mar,L5,8021,mar_Deva
panel2,A,mar_news_2020_300K,mar,L5,8025,mar_Deva
panel2,A,mar_news_2020_300K,mar,L5,8051,mar_Deva
panel2,A,mar_news_2020_300K,mar,L5,8069,mar_Deva
panel2,A,mar_news_2020_300K,mar,L5,8086,mar_Deva
panel2,A,mar_news_2020_300K,mar,L5,8095,mar_Deva
panel2,A,mar_news_2020_300K,mar,L5,8099,mar_Deva
panel2,A,mar_news_2020_300K,mar,L5,8141,mar_Deva
panel2,A,mar_news_2020_300K,mar,L5,8169,mar_Deva
panel2,A,mar_news_2020_300K,mar,L5,8187,mar_Deva
panel2,A,mar_news_2020_300K,mar,L5,8210,mar_Deva
panel2,A,mar_news_2020_300K,mar,L5,8221,mar_Deva
panel2,A,mar_news_2020_300K,mar,L5,8233,mar_Deva
panel2,A,mar_news_2020_300K,mar,L5,8253,mar_Deva
panel2,A,mar_news_2020_300K,mar,L5,8257,mar_Deva
panel2,A,mar_news_2020_300K,mar,L5,8281,mar_Deva
panel2,A,mar_news_2020_300K,mar,L5,8286,mar_Deva
panel2,A,mar_news_2020_300K,mar,L5,8291,mar_Deva
panel2,A,mar_news_2020_300K,mar,L5,8309,mar_Deva
panel2,A,mar_news_2020_300K,mar,L5,8315,mar_Deva
panel2,A,mar_news_2020_300K,mar,L5,8318,mar_Deva
panel2,A,mar_news_2020_300K,mar,L5,8340,mar_Deva
panel2,A,mar_news_2020_300K,mar,L5,8351,mar_Deva
panel2,A,mar_news_2020_300K,mar,L5,8356,mar_Deva
panel2,A,mar_news_2020_300K,mar,L5,8379,mar_Deva
panel2,A,mar_news_2020_300K,mar,L5,8406,mar_Deva
panel2,A,mar_news_2020_300K,mar,L5,8411,mar_Deva
panel2,A,mar_news_2020_300K,mar,L5,8412,mar_Deva
panel2,A,mar_news_2020_300K,mar,L5,8434,mar_Deva
panel2,A,mar_news_2020_300K,mar,L5,8454,mar_Deva
panel2,A,mar_news_2020_300K,mar,L5,8459,mar_Deva
panel2,A,mar_news_2020_300K,mar,L5,8470,mar_Deva
panel2,A,mar_news_2020_300K,mar,L5,8471,mar_Deva
panel2,A,mar_news_2020_300K,mar,L5,8481,mar_Deva
panel2,A,mar_news_2020_300K,mar,L5,8489,mar_Deva
panel2,A,mar_news_2020_300K,mar,L5,8499,mar_Deva
panel2,A,mar_news_2020_300K,mar,L5,8501,mar_Deva
panel2,A,mar_news_2020_300K,mar,L5,8503,mar_Deva
panel2,A,mar_news_2020_300K,mar,L5,8507,mar_Deva
panel2,A,mar_news_2020_300K,mar,L5,8531,mar_Deva
panel2,A,mar_news_2020_300K,mar,L5,8561,mar_Deva
panel2,A,mar_news_2020_300K,mar,L5,8568,mar_Deva
panel2,A,mar_news_2020_300K,mar,L5,8575,mar_Deva
panel2,A,mar_news_2020_300K,mar,L5,8576,mar_Deva
panel2,A,mar_news_2020_300K,mar,L5,8640,mar_Deva
panel2,A,mar_news_2020_300K,mar,L5,8642,mar_Deva
panel2,A,mar_news_2020_300K,mar,L5,8679,mar_Deva
panel2,A,mar_news_2020_300K,mar,L5,8694,mar_Deva
panel2,A,mar_news_2020_300K,mar,L5,8727,mar_Deva
panel2,A,mar_news_2020_300K,mar,L5,8758,mar_Deva
panel2,A,mar_news_2020_300K,mar,L5,8766,mar_Deva
panel2,A,mar_news_2020_300K,mar,L5,8794,mar_Deva
panel2,A,mar_news_2020_300K,mar,L5,8852,mar_Deva
panel2,A,mar_news_2020_300K,mar,L5,8856,mar_Deva
panel2,A,mar_news_2020_300K,mar,L5,8870,mar_Deva
panel2,A,mar_news_2020_300K,mar,L5,8903,mar_Deva
panel2,A,mar_news_2020_300K,mar,L5,8905,mar_Deva
panel2,A,mar_news_2020_300K,mar,L5,8907,mar_Deva
panel2,A,mar_news_2020_300K,mar,L5,8914,mar_Deva
panel2,A,mar_news_2020_300K,mar,L5,8927,mar_Deva
panel2,A,mar_news_2020_300K,mar,L5,8933,mar_Deva
panel2,A,mar_news_2020_300K,mar,L5,8937,mar_Deva
panel2,A,mar_news_2020_300K,mar,L5,8954,mar_Deva
panel2,A,mar_news_2020_300K,mar,L5,8972,mar_Deva
panel2,A,mar_news_2020_300K,mar,L5,9011,mar_Deva
panel2,A,mar_news_2020_300K,mar,L5,9023,mar_Deva
panel2,A,mar_news_2020_300K,mar,L5,9059,mar_Deva
panel2,A,mar_news_2020_300K,mar,L5,9065,mar_Deva
panel2,A,mar_news_2020_300K,mar,L5,9068,mar_Deva
panel2,A,mar_news_2020_300K,mar,L5,9115,mar_Deva
panel2,A,mar_news_2020_300K,mar,L5,9117,mar_Deva
panel2,A,mar_news_2020_300K,mar,L5,9134,mar_Deva
panel2,A,mar_news_2020_300K,mar,L5,9136,mar_Deva
panel2,A,mar_news_2020_300K,mar,L5,9146,mar_Deva
panel2,A,mar_news_2020_300K,mar,L5,9155,mar_Deva
panel2,A,mar_news_2020_300K,mar,L5,9170,mar_Deva
panel2,A,mar_news_2020_300K,mar,L5,9174,mar_Deva
panel2,A,mar_news_2020_300K,mar,L5,9195,mar_Deva
panel2,A,mar_news_2020_300K,mar,L5,9207,mar_Deva
panel2,A,mar_news_2020_300K,mar,L5,9216,mar_Deva
panel2,A,mar_news_2020_300K,mar,L5,9226,mar_Deva
panel2,A,mar_news_2020_300K,mar,L5,9233,mar_Deva
panel2,A,mar_news_2020_300K,mar,L5,9249,mar_Deva
panel2,A,mar_news_2020_300K,mar,L5,9293,mar_Deva
panel2,A,mar_news_2020_300K,mar,L5,9296,mar_Deva
panel2,A,mar_news_2020_300K,mar,L5,9297,mar_Deva
panel2,A,mar_news_2020_300K,mar,L5,9321,mar_Deva
panel2,A,mar_news_2020_300K,mar,L5,9351,mar_Deva
panel2,A,mar_news_2020_300K,mar,L5,9390,mar_Deva
panel2,A,mar_news_2020_300K,mar,L5,9393,mar_Deva
panel2,A,mar_news_2020_300K,mar,L5,9406,mar_Deva
panel2,A,mar_news_2020_300K,mar,L5,9427,mar_Deva
panel2,A,mar_news_2020_300K,mar,L5,9435,mar_Deva
panel2,A,mar_news_2020_300K,mar,L5,9443,mar_Deva
panel2,A,mar_news_2020_300K,mar,L5,9462,mar_Deva
panel2,A,mar_news_2020_300K,mar,L5,9485,mar_Deva
panel2,A,mar_news_2020_300K,mar,L5,9502,mar_Deva
panel2,A,mar_news_2020_300K,mar,L5,9512,mar_Deva
panel2,A,mar_news_2020_300K,mar,L5,9525,mar_Deva
panel2,A,mar_news_2020_300K,mar,L5,9527,mar_Deva
panel2,A,mar_news_2020_300K,mar,L5,9528,mar_Deva
panel2,A,mar_news_2020_300K,mar,L5,9530,mar_Deva
panel2,A,mar_news_2020_300K,mar,L5,9539,mar_Deva
panel2,A,mar_news_2020_300K,mar,L5,9543,mar_Deva
panel2,A,mar_news_2020_300K,mar,L5,9556,mar_Deva
panel2,A,mar_news_2020_300K,mar,L5,9563,mar_Deva
panel2,A,mar_news_2020_300K,mar,L5,9564,mar_Deva
panel2,A,mar_news_2020_300K,mar,L5,9572,mar_Deva
panel2,A,mar_news_2020_300K,mar,L5,9597,mar_Deva
panel2,A,mar_news_2020_300K,mar,L5,9598,mar_Deva
panel2,A,mar_news_2020_300K,mar,L5,9615,mar_Deva
panel2,A,mar_news_2020_300K,mar,L5,9617,mar_Deva
panel2,A,mar_news_2020_300K,mar,L5,9619,mar_Deva
panel2,A,mar_news_2020_300K,mar,L5,9628,mar_Deva
panel2,A,mar_news_2020_300K,mar,L5,9631,mar_Deva
panel2,A,mar_news_2020_300K,mar,L5,9633,mar_Deva
panel2,A,mar_news_2020_300K,mar,L5,9649,mar_Deva
panel2,A,mar_news_2020_300K,mar,L5,9687,mar_Deva
panel2,A,mar_news_2020_300K,mar,L5,9689,mar_Deva
panel2,A,mar_news_2020_300K,mar,L5,9701,mar_Deva
panel2,A,mar_news_2020_300K,mar,L5,9722,mar_Deva
panel2,A,mar_news_2020_300K,mar,L5,9758,mar_Deva
panel2,A,mar_news_2020_300K,mar,L5,9765,mar_Deva
panel2,A,mar_news_2020_300K,mar,L5,9779,mar_Deva
panel2,A,mar_news_2020_300K,mar,L5,9791,mar_Deva
panel2,A,mar_news_2020_300K,mar,L5,9808,mar_Deva
panel2,A,mar_news_2020_300K,mar,L5,9813,mar_Deva
panel2,A,mar_news_2020_300K,mar,L5,9828,mar_Deva
panel2,A,mar_news_2020_300K,mar,L5,9846,mar_Deva
panel2,A,mar_news_2020_300K,mar,L5,9850,mar_Deva
panel2,A,mar_news_2020_300K,mar,L5,9853,mar_Deva
panel2,A,mar_news_2020_300K,mar,L5,9868,mar_Deva
panel2,A,mar_news_2020_300K,mar,L5,9870,mar_Deva
panel2,A,mar_news_2020_300K,mar,L5,9886,mar_Deva
panel2,A,mar_news_2020_300K,mar,L5,9897,mar_Deva
panel2,A,mar_news_2020_300K,mar,L5,9903,mar_Deva
panel2,A,mar_news_2020_300K,mar,L5,9944,mar_Deva
panel2,A,mar_news_2020_300K,mar,L5,9950,mar_Deva
panel2,A,mar_news_2020_300K,mar,L5,9968,mar_Deva
panel2,A,mar_news_2020_300K,mar,L5,9969,mar_Deva
panel2,A,mar_news_2020_300K,mar,L5,9970,mar_Deva
panel2,A,mar_news_2020_300K,mar,L5,9975,mar_Deva
panel2,A,mar_news_2020_300K,mar,L5,10004,mar_Deva
panel2,A,mar_news_2020_300K,mar,L5,10008,mar_Deva
panel2,A,mar_news_2020_300K,mar,L5,10026,mar_Deva
panel2,A,mar_news_2020_300K,mar,L5,10034,mar_Deva
panel2,A,mar_news_2020_300K,mar,L5,10062,mar_Deva
panel2,A,mar_news_2020_300K,mar,L5,10063,mar_Deva
panel2,A,mar_news_2020_300K,mar,L5,10078,mar_Deva
panel2,A,mar_news_2020_300K,mar,L5,10083,mar_Deva
panel2,A,mar_news_2020_300K,mar,L5,10133,mar_Deva
panel2,A,mar_news_2020_300K,mar,L5,10138,mar_Deva
panel2,A,mar_news_2020_300K,mar,L5,10176,mar_Deva
panel2,A,mar_news_2020_300K,mar,L5,10181,mar_Deva
panel2,A,mar_news_2020_300K,mar,L5,10186,mar_Deva
panel2,A,mar_news_2020_300K,mar,L5,10188,mar_Deva
panel2,A,mar_news_2020_300K,mar,L5,10196,mar_Deva
panel2,A,mar_news_2020_300K,mar,L5,10197,mar_Deva
panel2,A,mar_news_2020_300K,mar,L5,10215,mar_Deva
panel2,A,mar_news_2020_300K,mar,L5,10223,mar_Deva
panel2,A,mar_news_2020_300K,mar,L5,10232,mar_Deva
panel2,A,mar_news_2020_300K,mar,L5,10242,mar_Deva
panel2,A,mar_news_2020_300K,mar,L5,10270,mar_Deva
panel2,A,mar_news_2020_300K,mar,L5,10275,mar_Deva
panel2,A,mar_news_2020_300K,mar,L5,10277,mar_Deva
panel2,A,mar_news_2020_300K,mar,L5,10282,mar_Deva
panel2,A,mar_news_2020_300K,mar,L5,10285,mar_Deva
panel2,A,mar_news_2020_300K,mar,L5,10302,mar_Deva
panel2,A,mar_news_2020_300K,mar,L5,10308,mar_Deva
panel2,A,mar_news_2020_300K,mar,L5,10329,mar_Deva
panel2,A,mar_news_2020_300K,mar,L5,10345,mar_Deva
panel2,A,mar_news_2020_300K,mar,L5,10350,mar_Deva
panel2,A,mar_news_2020_300K,mar,L5,10356,mar_Deva
panel2,A,mar_news_2020_300K,mar,L5,10375,mar_Deva
panel2,A,mar_news_2020_300K,mar,L5,10378,mar_Deva
panel2,A,mar_news_2020_300K,mar,L5,10385,mar_Deva
panel2,A,mar_news_2020_300K,mar,L5,10395,mar_Deva
panel2,A,mar_news_2020_300K,mar,L5,10400,mar_Deva
panel2,A,mar_news_2020_300K,mar,L5,10404,mar_Deva
panel2,A,mar_news_2020_300K,mar,L5,10412,mar_Deva
panel2,A,mar_news_2020_300K,mar,L5,10413,mar_Deva
panel2,A,mar_news_2020_300K,mar,L5,10436,mar_Deva
panel2,A,mar_news_2020_300K,mar,L5,10443,mar_Deva
panel2,A,mar_news_2020_300K,mar,L5,10444,mar_Deva
panel2,A,mar_news_2020_300K,mar,L5,10466,mar_Deva
panel2,A,mar_news_2020_300K,mar,L5,10486,mar_Deva
panel2,A,mar_news_2020_300K,mar,L5,10491,mar_Deva
panel2,A,mar_news_2020_300K,mar,L5,10501,mar_Deva
panel2,A,mar_news_2020_300K,mar,L5,10509,mar_Deva
panel2,A,mar_news_2020_300K,mar,L5,10555,mar_Deva
panel2,A,mar_news_2020_300K,mar,L5,10556,mar_Deva
panel2,A,mar_news_2020_300K,mar,L5,10558,mar_Deva
panel2,A,mar_news_2020_300K,mar,L5,10564,mar_Deva
panel2,A,mar_news_2020_300K,mar,L5,10583,mar_Deva
panel2,A,mar_news_2020_300K,mar,L5,10605,mar_Deva
panel2,A,mar_news_2020_300K,mar,L5,10625,mar_Deva
panel2,A,mar_news_2020_300K,mar,L5,10630,mar_Deva
panel2,A,mar_news_2020_300K,mar,L5,10640,mar_Deva
panel2,A,mar_news_2020_300K,mar,L5,10679,mar_Deva
panel2,A,mar_news_2020_300K,mar,L5,10684,mar_Deva
panel2,A,mar_news_2020_300K,mar,L5,10701,mar_Deva
panel2,A,mar_news_2020_300K,mar,L5,10703,mar_Deva
panel2,A,mar_news_2020_300K,mar,L5,10704,mar_Deva
panel2,A,mar_news_2020_300K,mar,L5,10718,mar_Deva
panel2,A,mar_news_2020_300K,mar,L5,10726,mar_Deva
panel2,A,mar_news_2020_300K,mar,L5,10728,mar_Deva
panel2,A,mar_news_2020_300K,mar,L5,10732,mar_Deva
panel2,A,mar_news_2020_300K,mar,L5,10740,mar_Deva
panel2,A,mar_news_2020_300K,mar,L5,10745,mar_Deva
panel2,A,mar_news_2020_300K,mar,L5,10774,mar_Deva
panel2,A,mar_news_2020_300K,mar,L5,10775,mar_Deva
panel2,A,mar_news_2020_300K,mar,L5,10776,mar_Deva
panel2,A,mar_news_2020_300K,mar,L5,10786,mar_Deva
panel2,A,mar_news_2020_300K,mar,L5,10801,mar_Deva
panel2,A,mar_news_2020_300K,mar,L5,10805,mar_Deva
panel2,A,mar_news_2020_300K,mar,L5,10823,mar_Deva
panel2,A,mar_news_2020_300K,mar,L5,10826,mar_Deva
panel2,A,mar_news_2020_300K,mar,L5,10828,mar_Deva
panel2,A,mar_news_2020_300K,mar,L5,10829,mar_Deva
panel2,A,mar_news_2020_300K,mar,L5,10830,mar_Deva
panel2,A,mar_news_2020_300K,mar,L5,10840,mar_Deva
panel2,A,mar_news_2020_300K,mar,L5,10843,mar_Deva
panel2,A,mar_news_2020_300K,mar,L5,10846,mar_Deva
panel2,A,mar_news_2020_300K,mar,L5,10862,mar_Deva
panel2,A,mar_news_2020_300K,mar,L5,10868,mar_Deva
panel2,A,mar_news_2020_300K,mar,L5,10871,mar_Deva
panel2,A,mar_news_2020_300K,mar,L5,10881,mar_Deva
panel2,A,mar_news_2020_300K,mar,L5,10909,mar_Deva
panel2,A,mar_news_2020_300K,mar,L5,10917,mar_Deva
panel2,A,mar_news_2020_300K,mar,L5,10923,mar_Deva
panel2,A,mar_news_2020_300K,mar,L5,10930,mar_Deva
panel2,A,mar_news_2020_300K,mar,L5,10940,mar_Deva
panel2,A,mar_news_2020_300K,mar,L5,10945,mar_Deva
panel2,A,mar_news_2020_300K,mar,L5,10952,mar_Deva
panel2,A,mar_news_2020_300K,mar,L5,10983,mar_Deva
panel2,A,mar_news_2020_300K,mar,L5,11009,mar_Deva
panel2,A,mar_news_2020_300K,mar,L5,11062,mar_Deva
panel2,A,mar_news_2020_300K,mar,L5,11087,mar_Deva
panel2,A,mar_news_2020_300K,mar,L5,11096,mar_Deva
panel2,A,mar_news_2020_300K,mar,L5,11101,mar_Deva
panel2,A,mar_news_2020_300K,mar,L5,11105,mar_Deva
panel2,A,mar_news_2020_300K,mar,L5,11112,mar_Deva
panel2,A,mar_news_2020_300K,mar,L5,11114,mar_Deva
panel2,A,mar_news_2020_300K,mar,L5,11118,mar_Deva
panel2,A,mar_news_2020_300K,mar,L5,11133,mar_Deva
panel2,A,mar_news_2020_300K,mar,L5,11139,mar_Deva
panel2,A,mar_news_2020_300K,mar,L5,11143,mar_Deva
panel2,A,mar_news_2020_300K,mar,L5,11151,mar_Deva
panel2,A,mar_news_2020_300K,mar,L5,11152,mar_Deva
panel2,A,mar_news_2020_300K,mar,L5,11166,mar_Deva
panel2,A,mar_news_2020_300K,mar,L5,11207,mar_Deva
panel2,A,mar_news_2020_300K,mar,L5,11222,mar_Deva
panel2,A,mar_news_2020_300K,mar,L5,11228,mar_Deva
panel2,A,mar_news_2020_300K,mar,L5,11236,mar_Deva
panel2,A,mar_news_2020_300K,mar,L5,11252,mar_Deva
panel2,A,mar_news_2020_300K,mar,L5,11293,mar_Deva
panel2,A,mar_news_2020_300K,mar,L5,11305,mar_Deva
panel2,A,mar_news_2020_300K,mar,L5,11308,mar_Deva
panel2,A,mar_news_2020_300K,mar,L5,11331,mar_Deva
panel2,A,mar_news_2020_300K,mar,L5,11348,mar_Deva
panel2,A,mar_news_2020_300K,mar,L5,11349,mar_Deva
panel2,A,mar_news_2020_300K,mar,L5,11351,mar_Deva
panel2,A,mar_news_2020_300K,mar,L5,11367,mar_Deva
panel2,A,mar_news_2020_300K,mar,L5,11378,mar_Deva
panel2,A,mar_news_2020_300K,mar,L5,11393,mar_Deva
panel2,A,mar_news_2020_300K,mar,L5,11407,mar_Deva
panel2,A,mar_news_2020_300K,mar,L5,11409,mar_Deva
panel2,A,mar_news_2020_300K,mar,L5,11443,mar_Deva
panel2,A,mar_news_2020_300K,mar,L5,11449,mar_Deva
panel2,A,mar_news_2020_300K,mar,L5,11466,mar_Deva
panel2,A,mar_news_2020_300K,mar,L5,11473,mar_Deva
panel2,A,mar_news_2020_300K,mar,L5,11474,mar_Deva
panel2,A,mar_news_2020_300K,mar,L5,11488,mar_Deva
panel2,A,mar_news_2020_300K,mar,L5,11503,mar_Deva
panel2,A,mar_news_2020_300K,mar,L5,11532,mar_Deva
panel2,A,mar_news_2020_300K,mar,L5,11543,mar_Deva
panel2,A,mar_news_2020_300K,mar,L5,11556,mar_Deva
panel2,A,mar_news_2020_300K,mar,L5,11586,mar_Deva
panel2,A,mar_news_2020_300K,mar,L5,11587,mar_Deva
panel2,A,mar_news_2020_300K,mar,L5,11612,mar_Deva
panel2,A,mar_news_2020_300K,mar,L5,11633,mar_Deva
panel2,A,mar_news_2020_300K,mar,L5,11646,mar_Deva
panel2,A,mar_news_2020_300K,mar,L5,11657,mar_Deva
panel2,A,mar_news_2020_300K,mar,L5,11673,mar_Deva
panel2,A,mar_news_2020_300K,mar,L5,11684,mar_Deva
panel2,A,mar_news_2020_300K,mar,L5,11704,mar_Deva
panel2,A,mar_news_2020_300K,mar,L5,11709,mar_Deva
panel2,A,mar_news_2020_300K,mar,L5,11724,mar_Deva
panel2,A,mar_news_2020_300K,mar,L5,11742,mar_Deva
panel2,A,mar_news_2020_300K,mar,L5,11746,mar_Deva
panel2,A,mar_news_2020_300K,mar,L5,11750,mar_Deva
panel2,A,mar_news_2020_300K,mar,L5,11764,mar_Deva
panel2,A,mar_news_2020_300K,mar,L5,11776,mar_Deva
panel2,A,mar_news_2020_300K,mar,L5,11777,mar_Deva
panel2,A,mar_news_2020_300K,mar,L5,11778,mar_Deva
panel2,A,mar_news_2020_300K,mar,L5,11781,mar_Deva
panel2,A,mar_news_2020_300K,mar,L5,11782,mar_Deva
panel2,A,mar_news_2020_300K,mar,L5,11786,mar_Deva
panel2,A,mar_news_2020_300K,mar,L5,11788,mar_Deva
panel2,A,mar_news_2020_300K,mar,L5,11808,mar_Deva
panel2,A,mar_news_2020_300K,mar,L5,11812,mar_Deva
panel2,A,mar_news_2020_300K,mar,L5,11826,mar_Deva
panel2,A,mar_news_2020_300K,mar,L5,11862,mar_Deva
panel2,A,mar_news_2020_300K,mar,L5,11871,mar_Deva
panel2,A,mar_news_2020_300K,mar,L5,11884,mar_Deva
panel2,A,mar_news_2020_300K,mar,L5,11892,mar_Deva
panel2,A,mar_news_2020_300K,mar,L5,11909,mar_Deva
panel2,A,mar_news_2020_300K,mar,L5,11917,mar_Deva
panel2,A,mar_news_2020_300K,mar,L5,11923,mar_Deva
panel2,A,mar_news_2020_300K,mar,L5,11939,mar_Deva
panel2,A,mar_news_2020_300K,mar,L5,11944,mar_Deva
panel2,A,mar_news_2020_300K,mar,L5,11946,mar_Deva
panel2,A,mar_news_2020_300K,mar,L5,11986,mar_Deva
panel2,A,mar_news_2020_300K,mar,L5,11992,mar_Deva
panel2,A,mar_news_2020_300K,mar,L5,11994,mar_Deva
panel2,A,mar_news_2020_300K,mar,L5,12011,mar_Deva
panel2,A,mar_news_2020_300K,mar,L5,12038,mar_Deva
panel2,A,mar_news_2020_300K,mar,L5,12042,mar_Deva
panel2,A,mar_news_2020_300K,mar,L5,12045,mar_Deva
panel2,A,mar_news_2020_300K,mar,L5,12053,mar_Deva
panel2,A,mar_news_2020_300K,mar,L5,12079,mar_Deva
panel2,A,mar_news_2020_300K,mar,L5,12086,mar_Deva
panel2,A,mar_news_2020_300K,mar,L5,12092,mar_Deva
panel2,A,mar_news_2020_300K,mar,L5,12093,mar_Deva
panel2,A,mar_news_2020_300K,mar,L5,12097,mar_Deva
panel2,A,mar_news_2020_300K,mar,L5,12119,mar_Deva
panel2,A,mar_news_2020_300K,mar,L5,12187,mar_Deva
panel2,A,mar_news_2020_300K,mar,L5,12222,mar_Deva
panel2,A,mar_news_2020_300K,mar,L5,12228,mar_Deva
panel2,A,mar_news_2020_300K,mar,L5,12229,mar_Deva
panel2,A,mar_news_2020_300K,mar,L5,12233,mar_Deva
panel2,A,mar_news_2020_300K,mar,L5,12240,mar_Deva
panel2,A,mar_news_2020_300K,mar,L5,12241,mar_Deva
panel2,A,mar_news_2020_300K,mar,L5,12242,mar_Deva
panel2,A,mar_news_2020_300K,mar,L5,12248,mar_Deva
panel2,A,mar_news_2020_300K,mar,L5,12253,mar_Deva
panel2,A,mar_news_2020_300K,mar,L5,12260,mar_Deva
panel2,A,mar_news_2020_300K,mar,L5,12262,mar_Deva
panel2,A,mar_news_2020_300K,mar,L5,12278,mar_Deva
panel2,A,mar_news_2020_300K,mar,L5,12292,mar_Deva
panel2,A,mar_news_2020_300K,mar,L5,12308,mar_Deva
panel2,A,mar_news_2020_300K,mar,L5,12310,mar_Deva
panel2,A,mar_news_2020_300K,mar,L5,12327,mar_Deva
panel2,A,mar_news_2020_300K,mar,L5,12339,mar_Deva
panel2,A,mar_news_2020_300K,mar,L5,12346,mar_Deva
panel2,A,mar_news_2020_300K,mar,L5,12348,mar_Deva
panel2,A,mar_news_2020_300K,mar,L5,12357,mar_Deva
panel2,A,mar_news_2020_300K,mar,L5,12381,mar_Deva
panel2,A,mar_news_2020_300K,mar,L5,12399,mar_Deva
panel2,A,mar_news_2020_300K,mar,L5,12411,mar_Deva
panel2,A,mar_news_2020_300K,mar,L5,12417,mar_Deva
panel2,A,mar_news_2020_300K,mar,L5,12422,mar_Deva
panel2,A,mar_news_2020_300K,mar,L5,12429,mar_Deva
panel2,A,mar_news_2020_300K,mar,L5,12437,mar_Deva
panel2,A,mar_news_2020_300K,mar,L5,12451,mar_Deva
panel2,A,mar_news_2020_300K,mar,L5,12455,mar_Deva
panel2,A,mar_news_2020_300K,mar,L5,12468,mar_Deva
panel2,A,mar_news_2020_300K,mar,L5,12470,mar_Deva
panel2,A,mar_news_2020_300K,mar,L5,12477,mar_Deva
panel2,A,mar_news_2020_300K,mar,L5,12481,mar_Deva
panel2,A,mar_news_2020_300K,mar,L5,12486,mar_Deva
panel2,A,mar_news_2020_300K,mar,L5,12498,mar_Deva
panel2,A,mar_news_2020_300K,mar,L5,12507,mar_Deva
panel2,A,mar_news_2020_300K,mar,L5,12514,mar_Deva
panel2,A,mar_news_2020_300K,mar,L5,12530,mar_Deva
panel2,A,mar_news_2020_300K,mar,L5,12557,mar_Deva
panel2,A,mar_news_2020_300K,mar,L5,12571,mar_Deva
panel2,A,mar_news_2020_300K,mar,L5,12576,mar_Deva
panel2,A,mar_news_2020_300K,mar,L5,12578,mar_Deva
panel2,A,mar_news_2020_300K,mar,L5,12590,mar_Deva
panel2,A,mar_news_2020_300K,mar,L5,12624,mar_Deva
panel2,A,mar_news_2020_300K,mar,L5,12634,mar_Deva
panel2,A,mar_news_2020_300K,mar,L5,12639,mar_Deva
panel2,A,mar_news_2020_300K,mar,L5,12648,mar_Deva
panel2,A,mar_news_2020_300K,mar,L5,12650,mar_Deva
panel2,A,mar_news_2020_300K,mar,L5,12657,mar_Deva
panel2,A,mar_news_2020_300K,mar,L5,12662,mar_Deva
panel2,A,mar_news_2020_300K,mar,L5,12667,mar_Deva
panel2,A,mar_news_2020_300K,mar,L5,12678,mar_Deva
panel2,A,mar_news_2020_300K,mar,L5,12688,mar_Deva
panel2,A,mar_news_2020_300K,mar,L5,12690,mar_Deva
panel2,A,mar_news_2020_300K,mar,L5,12715,mar_Deva
panel2,A,mar_news_2020_300K,mar,L5,12722,mar_Deva
panel2,A,mar_news_2020_300K,mar,L5,12724,mar_Deva
panel2,A,mar_news_2020_300K,mar,L5,12733,mar_Deva
panel2,A,mar_news_2020_300K,mar,L5,12739,mar_Deva
panel2,A,mar_news_2020_300K,mar,L5,12741,mar_Deva
panel2,A,mar_news_2020_300K,mar,L5,12763,mar_Deva
panel2,A,mar_news_2020_300K,mar,L5,12776,mar_Deva
panel2,A,mar_news_2020_300K,mar,L5,12781,mar_Deva
panel2,A,mar_news_2020_300K,mar,L5,12787,mar_Deva
panel2,A,mar_news_2020_300K,mar,L5,12801,mar_Deva
panel2,A,mar_news_2020_300K,mar,L5,12815,mar_Deva
panel2,A,mar_news_2020_300K,mar,L5,12826,mar_Deva
panel2,A,mar_news_2020_300K,mar,L5,12828,mar_Deva
panel2,A,mar_news_2020_300K,mar,L5,12844,mar_Deva
panel2,A,mar_news_2020_300K,mar,L5,12847,mar_Deva
panel2,A,mar_news_2020_300K,mar,L5,12921,mar_Deva
panel2,A,mar_news_2020_300K,mar,L5,12922,mar_Deva
panel2,A,mar_news_2020_300K,mar,L5,12923,mar_Deva
panel2,A,mar_news_2020_300K,mar,L5,12928,mar_Deva
panel2,A,mar_news_2020_300K,mar,L5,12938,mar_Deva
panel2,A,mar_news_2020_300K,mar,L5,12940,mar_Deva
panel2,A,mar_news_2020_300K,mar,L5,12995,mar_Deva
panel2,A,mar_news_2020_300K,mar,L5,13028,mar_Deva
panel2,A,mar_news_2020_300K,mar,L5,13036,mar_Deva
panel2,A,mar_news_2020_300K,mar,L5,13040,mar_Deva
panel2,A,mar_news_2020_300K,mar,L5,13044,mar_Deva
panel2,A,mar_news_2020_300K,mar,L5,13053,mar_Deva
panel2,A,mar_news_2020_300K,mar,L5,13069,mar_Deva
panel2,A,mar_news_2020_300K,mar,L5,13070,mar_Deva
panel2,A,mar_news_2020_300K,mar,L5,13072,mar_Deva
panel2,A,mar_news_2020_300K,mar,L5,13090,mar_Deva
panel2,A,mar_news_2020_300K,mar,L5,13095,mar_Deva
panel2,A,mar_news_2020_300K,mar,L5,13109,mar_Deva
panel2,A,mar_news_2020_300K,mar,L5,13111,mar_Deva
panel2,A,mar_news_2020_300K,mar,L5,13116,mar_Deva
panel2,A,mar_news_2020_300K,mar,L5,13120,mar_Deva
panel2,A,mar_news_2020_300K,mar,L5,13121,mar_Deva
panel2,A,mar_news_2020_300K,mar,L5,13155,mar_Deva
panel2,A,mar_news_2020_300K,mar,L5,13158,mar_Deva
panel2,A,mar_news_2020_300K,mar,L5,13163,mar_Deva
panel2,A,mar_news_2020_300K,mar,L5,13170,mar_Deva
panel2,A,mar_news_2020_300K,mar,L5,13171,mar_Deva
panel2,A,mar_news_2020_300K,mar,L5,13173,mar_Deva
panel2,A,mar_news_2020_300K,mar,L5,13194,mar_Deva
panel2,A,mar_news_2020_300K,mar,L5,13204,mar_Deva
panel2,A,mar_news_2020_300K,mar,L5,13209,mar_Deva
panel2,A,mar_news_2020_300K,mar,L5,13215,mar_Deva
panel2,A,mar_news_2020_300K,mar,L5,13225,mar_Deva
panel2,A,mar_news_2020_300K,mar,L5,13230,mar_Deva
panel2,A,mar_news_2020_300K,mar,L5,13241,mar_Deva
panel2,A,mar_news_2020_300K,mar,L5,13248,mar_Deva
panel2,A,mar_news_2020_300K,mar,L5,13250,mar_Deva
panel2,A,mar_news_2020_300K,mar,L5,13262,mar_Deva
panel2,A,mar_news_2020_300K,mar,L5,13265,mar_Deva
panel2,A,mar_news_2020_300K,mar,L5,13287,mar_Deva
panel2,A,mar_news_2020_300K,mar,L5,13301,mar_Deva
panel2,A,mar_news_2020_300K,mar,L5,13330,mar_Deva
panel2,A,mar_news_2020_300K,mar,L5,13338,mar_Deva
panel2,A,mar_news_2020_300K,mar,L5,13339,mar_Deva
panel2,A,mar_news_2020_300K,mar,L5,13344,mar_Deva
panel2,A,mar_news_2020_300K,mar,L5,13348,mar_Deva
panel2,A,mar_news_2020_300K,mar,L5,13388,mar_Deva
panel2,A,mar_news_2020_300K,mar,L5,13422,mar_Deva
panel2,A,mar_news_2020_300K,mar,L5,13442,mar_Deva
panel2,A,mar_news_2020_300K,mar,L5,13485,mar_Deva
panel2,A,mar_news_2020_300K,mar,L5,13493,mar_Deva
panel2,A,mar_news_2020_300K,mar,L5,13503,mar_Deva
panel2,A,mar_news_2020_300K,mar,L5,13527,mar_Deva
panel2,A,mar_news_2020_300K,mar,L5,13529,mar_Deva
panel2,A,mar_news_2020_300K,mar,L5,13555,mar_Deva
panel2,A,mar_news_2020_300K,mar,L5,13565,mar_Deva
panel2,A,mar_news_2020_300K,mar,L5,13568,mar_Deva
panel2,A,mar_news_2020_300K,mar,L5,13577,mar_Deva
panel2,A,mar_news_2020_300K,mar,L5,13592,mar_Deva
panel2,A,mar_news_2020_300K,mar,L5,13596,mar_Deva
panel2,A,mar_news_2020_300K,mar,L5,13601,mar_Deva
panel2,A,mar_news_2020_300K,mar,L5,13609,mar_Deva
panel2,A,mar_news_2020_300K,mar,L5,13611,mar_Deva
panel2,A,mar_news_2020_300K,mar,L5,13628,mar_Deva
panel2,A,mar_news_2020_300K,mar,L5,13637,mar_Deva
panel2,A,mar_news_2020_300K,mar,L5,13655,mar_Deva
panel2,A,mar_news_2020_300K,mar,L5,13656,mar_Deva
panel2,A,mar_news_2020_300K,mar,L5,13699,mar_Deva
panel2,A,mar_news_2020_300K,mar,L5,13700,mar_Deva
panel2,A,mar_news_2020_300K,mar,L5,13711,mar_Deva
panel2,A,mar_news_2020_300K,mar,L5,13713,mar_Deva
panel2,A,mar_news_2020_300K,mar,L5,13735,mar_Deva
panel2,A,mar_news_2020_300K,mar,L5,13736,mar_Deva
panel2,A,mar_news_2020_300K,mar,L5,13737,mar_Deva
panel2,A,mar_news_2020_300K,mar,L5,13740,mar_Deva
panel2,A,mar_news_2020_300K,mar,L5,13796,mar_Deva
panel2,A,mar_news_2020_300K,mar,L5,13808,mar_Deva
panel2,A,mar_news_2020_300K,mar,L5,13856,mar_Deva
panel2,A,mar_news_2020_300K,mar,L5,13868,mar_Deva
panel2,A,mar_news_2020_300K,mar,L5,13880,mar_Deva
panel2,A,mar_news_2020_300K,mar,L5,13884,mar_Deva
panel2,A,mar_news_2020_300K,mar,L5,13895,mar_Deva
panel2,A,mar_news_2020_300K,mar,L5,13899,mar_Deva
panel2,A,mar_news_2020_300K,mar,L5,13914,mar_Deva
panel2,A,mar_news_2020_300K,mar,L5,13925,mar_Deva
panel2,A,mar_news_2020_300K,mar,L5,13926,mar_Deva
panel2,A,mar_news_2020_300K,mar,L5,13933,mar_Deva
panel2,A,mar_news_2020_300K,mar,L5,13942,mar_Deva
panel2,A,mar_news_2020_300K,mar,L5,13946,mar_Deva
panel2,A,mar_news_2020_300K,mar,L5,13947,mar_Deva
panel2,A,mar_news_2020_300K,mar,L5,13955,mar_Deva
panel2,A,mar_news_2020_300K,mar,L5,13959,mar_Deva
panel2,A,mar_news_2020_300K,mar,L5,13973,mar_Deva
panel2,A,mar_news_2020_300K,mar,L5,13976,mar_Deva
panel2,A,mar_news_2020_300K,mar,L5,13980,mar_Deva
panel2,A,mar_news_2020_300K,mar,L5,14024,mar_Deva
panel2,A,mar_news_2020_300K,mar,L5,14061,mar_Deva
panel2,A,mar_news_2020_300K,mar,L5,14069,mar_Deva
panel2,A,mar_news_2020_300K,mar,L5,14071,mar_Deva
panel2,A,mar_news_2020_300K,mar,L5,14091,mar_Deva
panel2,A,mar_news_2020_300K,mar,L5,14109,mar_Deva
panel2,A,mar_news_2020_300K,mar,L5,14118,mar_Deva
panel2,A,mar_news_2020_300K,mar,L5,14162,mar_Deva
panel2,A,mar_news_2020_300K,mar,L5,14180,mar_Deva
panel2,A,mar_news_2020_300K,mar,L5,14184,mar_Deva
panel2,A,mar_news_2020_300K,mar,L5,14201,mar_Deva
panel2,A,mar_news_2020_300K,mar,L5,14252,mar_Deva
panel2,A,mar_news_2020_300K,mar,L5,14257,mar_Deva
panel2,A,mar_news_2020_300K,mar,L5,14269,mar_Deva
panel2,A,mar_news_2020_300K,mar,L5,14270,mar_Deva
panel2,A,mar_news_2020_300K,mar,L5,14285,mar_Deva
panel2,A,mar_news_2020_300K,mar,L5,14292,mar_Deva
panel2,A,mar_news_2020_300K,mar,L5,14308,mar_Deva
panel2,A,mar_news_2020_300K,mar,L5,14321,mar_Deva
panel2,A,mar_news_2020_300K,mar,L5,14328,mar_Deva
panel2,A,mar_news_2020_300K,mar,L5,14330,mar_Deva
panel2,A,mar_news_2020_300K,mar,L5,14334,mar_Deva
panel2,A,mar_news_2020_300K,mar,L5,14365,mar_Deva
panel2,A,mar_news_2020_300K,mar,L5,14394,mar_Deva
panel2,A,mar_news_2020_300K,mar,L5,14395,mar_Deva
panel2,A,mar_news_2020_300K,mar,L5,14396,mar_Deva
panel2,A,mar_news_2020_300K,mar,L5,14397,mar_Deva
panel2,A,mar_news_2020_300K,mar,L5,14400,mar_Deva
panel2,A,mar_news_2020_300K,mar,L5,14421,mar_Deva
panel2,A,mar_news_2020_300K,mar,L5,14427,mar_Deva
panel2,A,mar_news_2020_300K,mar,L5,14431,mar_Deva
panel2,A,mar_news_2020_300K,mar,L5,14432,mar_Deva
panel2,A,mar_news_2020_300K,mar,L5,14443,mar_Deva
panel2,A,mar_news_2020_300K,mar,L5,14445,mar_Deva
panel2,A,mar_news_2020_300K,mar,L5,14466,mar_Deva
panel2,A,mar_news_2020_300K,mar,L5,14479,mar_Deva
panel2,A,mar_news_2020_300K,mar,L5,14480,mar_Deva
panel2,A,mar_news_2020_300K,mar,L5,14490,mar_Deva
panel2,A,mar_news_2020_300K,mar,L5,14498,mar_Deva
panel2,A,mar_news_2020_300K,mar,L5,14521,mar_Deva
panel2,A,mar_news_2020_300K,mar,L5,14526,mar_Deva
panel2,A,mar_news_2020_300K,mar,L5,14539,mar_Deva
panel2,A,mar_news_2020_300K,mar,L5,14548,mar_Deva
panel2,A,mar_news_2020_300K,mar,L5,14576,mar_Deva
panel2,A,mar_news_2020_300K,mar,L5,14581,mar_Deva
panel2,A,mar_news_2020_300K,mar,L5,14604,mar_Deva
panel2,A,mar_news_2020_300K,mar,L5,14616,mar_Deva
panel2,A,mar_news_2020_300K,mar,L5,14648,mar_Deva
panel2,A,mar_news_2020_300K,mar,L5,14650,mar_Deva
panel2,A,mar_news_2020_300K,mar,L5,14661,mar_Deva
panel2,A,mar_news_2020_300K,mar,L5,14663,mar_Deva
panel2,A,mar_news_2020_300K,mar,L5,14679,mar_Deva
panel2,A,mar_news_2020_300K,mar,L5,14696,mar_Deva
panel2,A,mar_news_2020_300K,mar,L5,14700,mar_Deva
panel2,A,mar_news_2020_300K,mar,L5,14738,mar_Deva
panel2,A,mar_news_2020_300K,mar,L5,14765,mar_Deva
panel2,A,mar_news_2020_300K,mar,L5,14771,mar_Deva
panel2,A,mar_news_2020_300K,mar,L5,14784,mar_Deva
panel2,A,mar_news_2020_300K,mar,L5,14790,mar_Deva
panel2,A,mar_news_2020_300K,mar,L5,14800,mar_Deva
panel2,A,mar_news_2020_300K,mar,L5,14801,mar_Deva
panel2,A,mar_news_2020_300K,mar,L5,14812,mar_Deva
panel2,A,mar_news_2020_300K,mar,L5,14845,mar_Deva
panel2,A,mar_news_2020_300K,mar,L5,14849,mar_Deva
panel2,A,mar_news_2020_300K,mar,L5,14851,mar_Deva
panel2,A,mar_news_2020_300K,mar,L5,14859,mar_Deva
panel2,A,mar_news_2020_300K,mar,L5,14862,mar_Deva
panel2,A,mar_news_2020_300K,mar,L5,14893,mar_Deva
panel2,A,mar_news_2020_300K,mar,L5,14914,mar_Deva
panel2,A,mar_news_2020_300K,mar,L5,14929,mar_Deva
panel2,A,mar_news_2020_300K,mar,L5,14947,mar_Deva
panel2,A,mar_news_2020_300K,mar,L5,14974,mar_Deva
panel2,A,mar_news_2020_300K,mar,L5,14978,mar_Deva
panel2,A,mar_news_2020_300K,mar,L5,15017,mar_Deva
panel2,A,mar_news_2020_300K,mar,L5,15031,mar_Deva
panel2,A,mar_news_2020_300K,mar,L5,15035,mar_Deva
panel2,A,mar_news_2020_300K,mar,L5,15040,mar_Deva
panel2,A,mar_news_2020_300K,mar,L5,15061,mar_Deva
panel2,A,mar_news_2020_300K,mar,L5,15070,mar_Deva
panel2,A,mar_news_2020_300K,mar,L5,15110,mar_Deva
panel2,A,mar_news_2020_300K,mar,L5,15112,mar_Deva
panel2,A,mar_news_2020_300K,mar,L5,15135,mar_Deva
panel2,A,mar_news_2020_300K,mar,L5,15145,mar_Deva
panel2,A,mar_news_2020_300K,mar,L5,15186,mar_Deva
panel2,A,mar_news_2020_300K,mar,L5,15189,mar_Deva
panel2,A,mar_news_2020_300K,mar,L5,15202,mar_Deva
panel2,A,mar_news_2020_300K,mar,L5,15206,mar_Deva
panel2,A,mar_news_2020_300K,mar,L5,15212,mar_Deva
panel2,A,mar_news_2020_300K,mar,L5,15236,mar_Deva
panel2,A,mar_news_2020_300K,mar,L5,15242,mar_Deva
panel2,A,mar_news_2020_300K,mar,L5,15261,mar_Deva
panel2,A,mar_news_2020_300K,mar,L5,15280,mar_Deva
panel2,A,mar_news_2020_300K,mar,L5,15301,mar_Deva
panel2,A,mar_news_2020_300K,mar,L5,15303,mar_Deva
panel2,A,mar_news_2020_300K,mar,L5,15341,mar_Deva
panel2,A,mar_news_2020_300K,mar,L5,15364,mar_Deva
panel2,A,mar_news_2020_300K,mar,L5,15367,mar_Deva
panel2,A,mar_news_2020_300K,mar,L5,15376,mar_Deva
panel2,A,mar_news_2020_300K,mar,L5,15403,mar_Deva
panel2,A,mar_news_2020_300K,mar,L5,15430,mar_Deva
panel2,A,mar_news_2020_300K,mar,L5,15433,mar_Deva
panel2,A,mar_news_2020_300K,mar,L5,15446,mar_Deva
panel2,A,mar_news_2020_300K,mar,L5,15450,mar_Deva
panel2,A,mar_news_2020_300K,mar,L5,15466,mar_Deva
panel2,A,mar_news_2020_300K,mar,L5,15471,mar_Deva
panel2,A,mar_news_2020_300K,mar,L5,15512,mar_Deva
panel2,A,mar_news_2020_300K,mar,L5,15514,mar_Deva
panel2,A,mar_news_2020_300K,mar,L5,15523,mar_Deva
panel2,A,mar_news_2020_300K,mar,L5,15540,mar_Deva
panel2,A,mar_news_2020_300K,mar,L5,15553,mar_Deva
panel2,A,mar_news_2020_300K,mar,L5,15585,mar_Deva
panel2,A,mar_news_2020_300K,mar,L5,15592,mar_Deva
panel2,A,mar_news_2020_300K,mar,L5,15612,mar_Deva
panel2,A,mar_news_2020_300K,mar,L5,15624,mar_Deva
panel2,A,mar_news_2020_300K,mar,L5,15642,mar_Deva
panel2,A,mar_news_2020_300K,mar,L5,15649,mar_Deva
panel2,A,mar_news_2020_300K,mar,L5,15671,mar_Deva
panel2,A,mar_news_2020_300K,mar,L5,15676,mar_Deva
panel2,A,mar_news_2020_300K,mar,L5,15678,mar_Deva
panel2,A,mar_news_2020_300K,mar,L5,15698,mar_Deva
panel2,A,mar_news_2020_300K,mar,L5,15705,mar_Deva
panel2,A,mar_news_2020_300K,mar,L5,15713,mar_Deva
panel2,A,mar_news_2020_300K,mar,L5,15735,mar_Deva
panel2,A,mar_news_2020_300K,mar,L5,15744,mar_Deva
panel2,A,mar_news_2020_300K,mar,L5,15757,mar_Deva
panel2,A,mar_news_2020_300K,mar,L5,15760,mar_Deva
panel2,A,mar_news_2020_300K,mar,L5,15764,mar_Deva
panel2,A,mar_news_2020_300K,mar,L5,15767,mar_Deva
panel2,A,mar_news_2020_300K,mar,L5,15770,mar_Deva
panel2,A,mar_news_2020_300K,mar,L5,15777,mar_Deva
panel2,A,mar_news_2020_300K,mar,L5,15787,mar_Deva
panel2,A,mar_news_2020_300K,mar,L5,15788,mar_Deva
panel2,A,mar_news_2020_300K,mar,L5,15808,mar_Deva
panel2,A,mar_news_2020_300K,mar,L5,15809,mar_Deva
panel2,A,mar_news_2020_300K,mar,L5,15810,mar_Deva
panel2,A,mar_news_2020_300K,mar,L5,15818,mar_Deva
panel2,A,mar_news_2020_300K,mar,L5,15836,mar_Deva
panel2,A,mar_news_2020_300K,mar,L5,15840,mar_Deva
panel2,A,mar_news_2020_300K,mar,L5,15842,mar_Deva
panel2,A,mar_news_2020_300K,mar,L5,15848,mar_Deva
panel2,A,mar_news_2020_300K,mar,L5,15862,mar_Deva
panel2,A,mar_news_2020_300K,mar,L5,15907,mar_Deva
panel2,A,mar_news_2020_300K,mar,L5,15915,mar_Deva
panel2,A,mar_news_2020_300K,mar,L5,15937,mar_Deva
panel2,A,mar_news_2020_300K,mar,L5,15943,mar_Deva
panel2,A,mar_news_2020_300K,mar,L5,15946,mar_Deva
panel2,A,mar_news_2020_300K,mar,L5,15949,mar_Deva
panel2,A,mar_news_2020_300K,mar,L5,15950,mar_Deva
panel2,A,mar_news_2020_300K,mar,L5,15971,mar_Deva
panel2,A,mar_news_2020_300K,mar,L5,15983,mar_Deva
panel2,A,mar_news_2020_300K,mar,L5,15993,mar_Deva
panel2,A,mar_news_2020_300K,mar,L5,16002,mar_Deva
panel2,A,mar_news_2020_300K,mar,L5,16040,mar_Deva
panel2,A,mar_news_2020_300K,mar,L5,16055,mar_Deva
panel2,A,mar_news_2020_300K,mar,L5,16056,mar_Deva
panel2,A,mar_news_2020_300K,mar,L5,16062,mar_Deva
panel2,A,mar_news_2020_300K,mar,L5,16067,mar_Deva
panel2,A,mar_news_2020_300K,mar,L5,16068,mar_Deva
panel2,A,mar_news_2020_300K,mar,L5,16081,mar_Deva
panel2,A,mar_news_2020_300K,mar,L5,16092,mar_Deva
panel2,A,mar_news_2020_300K,mar,L5,16097,mar_Deva
panel2,A,mar_news_2020_300K,mar,L5,16108,mar_Deva
panel2,A,mar_news_2020_300K,mar,L5,16110,mar_Deva
panel2,A,mar_news_2020_300K,mar,L5,16113,mar_Deva
panel2,A,mar_news_2020_300K,mar,L5,16126,mar_Deva
panel2,A,mar_news_2020_300K,mar,L5,16129,mar_Deva
panel2,A,mar_news_2020_300K,mar,L5,16136,mar_Deva
panel2,A,mar_news_2020_300K,mar,L5,16146,mar_Deva
panel2,A,mar_news_2020_300K,mar,L5,16149,mar_Deva
panel2,A,mar_news_2020_300K,mar,L5,16166,mar_Deva
panel2,A,mar_news_2020_300K,mar,L5,16171,mar_Deva
panel2,A,mar_news_2020_300K,mar,L5,16178,mar_Deva
panel2,A,mar_news_2020_300K,mar,L5,16205,mar_Deva
panel2,A,mar_news_2020_300K,mar,L5,16210,mar_Deva
panel2,A,mar_news_2020_300K,mar,L5,16212,mar_Deva
panel2,A,mar_news_2020_300K,mar,L5,16213,mar_Deva
panel2,A,mar_news_2020_300K,mar,L5,16223,mar_Deva
panel2,A,mar_news_2020_300K,mar,L5,16231,mar_Deva
panel2,A,mar_news_2020_300K,mar,L5,16246,mar_Deva
panel2,A,mar_news_2020_300K,mar,L5,16251,mar_Deva
panel2,A,mar_news_2020_300K,mar,L5,16256,mar_Deva
panel2,A,mar_news_2020_300K,mar,L5,16262,mar_Deva
panel2,A,mar_news_2020_300K,mar,L5,16288,mar_Deva
panel2,A,mar_news_2020_300K,mar,L5,16313,mar_Deva
panel2,A,mar_news_2020_300K,mar,L5,16322,mar_Deva
panel2,A,mar_news_2020_300K,mar,L5,16327,mar_Deva
panel2,A,mar_news_2020_300K,mar,L5,16335,mar_Deva
panel2,A,mar_news_2020_300K,mar,L5,16340,mar_Deva
panel2,A,mar_news_2020_300K,mar,L5,16358,mar_Deva
panel2,A,mar_news_2020_300K,mar,L5,16372,mar_Deva
panel2,A,mar_news_2020_300K,mar,L5,16376,mar_Deva
panel2,A,mar_news_2020_300K,mar,L5,16378,mar_Deva
panel2,A,mar_news_2020_300K,mar,L5,16391,mar_Deva
panel2,A,mar_news_2020_300K,mar,L5,16394,mar_Deva
panel2,A,mar_news_2020_300K,mar,L5,16396,mar_Deva
panel2,A,mar_news_2020_300K,mar,L5,16403,mar_Deva
panel2,A,mar_news_2020_300K,mar,L5,16417,mar_Deva
panel2,A,mar_news_2020_300K,mar,L5,16440,mar_Deva
panel2,A,mar_news_2020_300K,mar,L5,16460,mar_Deva
panel2,A,mar_news_2020_300K,mar,L5,16467,mar_Deva
panel2,A,mar_news_2020_300K,mar,L5,16503,mar_Deva
panel2,A,mar_news_2020_300K,mar,L5,16515,mar_Deva
panel2,A,mar_news_2020_300K,mar,L5,16527,mar_Deva
panel2,A,mar_news_2020_300K,mar,L5,16528,mar_Deva
panel2,A,mar_news_2020_300K,mar,L5,16548,mar_Deva
panel2,A,mar_news_2020_300K,mar,L5,16561,mar_Deva
panel2,A,mar_news_2020_300K,mar,L5,16564,mar_Deva
panel2,A,mar_news_2020_300K,mar,L5,16567,mar_Deva
panel2,A,mar_news_2020_300K,mar,L5,16576,mar_Deva
panel2,A,mar_news_2020_300K,mar,L5,16578,mar_Deva
panel2,A,mar_news_2020_300K,mar,L5,16581,mar_Deva
panel2,A,mar_news_2020_300K,mar,L5,16591,mar_Deva
panel2,A,mar_news_2020_300K,mar,L5,16595,mar_Deva
panel2,A,mar_news_2020_300K,mar,L5,16635,mar_Deva
panel2,A,mar_news_2020_300K,mar,L5,16658,mar_Deva
panel2,A,mar_news_2020_300K,mar,L5,16661,mar_Deva
panel2,A,mar_news_2020_300K,mar,L5,16662,mar_Deva
panel2,A,mar_news_2020_300K,mar,L5,16681,mar_Deva
panel2,A,mar_news_2020_300K,mar,L5,16699,mar_Deva
panel2,A,mar_news_2020_300K,mar,L5,16702,mar_Deva
panel2,A,mar_news_2020_300K,mar,L5,16707,mar_Deva
panel2,A,mar_news_2020_300K,mar,L5,16738,mar_Deva
panel2,A,mar_news_2020_300K,mar,L5,16742,mar_Deva
panel2,A,mar_news_2020_300K,mar,L5,16755,mar_Deva
panel2,A,mar_news_2020_300K,mar,L5,16778,mar_Deva
panel2,A,mar_news_2020_300K,mar,L5,16787,mar_Deva
panel2,A,mar_news_2020_300K,mar,L5,16788,mar_Deva
panel2,A,mar_news_2020_300K,mar,L5,16803,mar_Deva
panel2,A,mar_news_2020_300K,mar,L5,16814,mar_Deva
panel2,A,mar_news_2020_300K,mar,L5,16820,mar_Deva
panel2,A,mar_news_2020_300K,mar,L5,16838,mar_Deva
panel2,A,mar_news_2020_300K,mar,L5,16859,mar_Deva
panel2,A,mar_news_2020_300K,mar,L5,16865,mar_Deva
panel2,A,mar_news_2020_300K,mar,L5,16904,mar_Deva
panel2,A,mar_news_2020_300K,mar,L5,16915,mar_Deva
panel2,A,mar_news_2020_300K,mar,L5,16952,mar_Deva
panel2,A,mar_news_2020_300K,mar,L5,16962,mar_Deva
panel2,A,mar_news_2020_300K,mar,L5,16963,mar_Deva
panel2,A,mar_news_2020_300K,mar,L5,16969,mar_Deva
panel2,A,mar_news_2020_300K,mar,L5,16974,mar_Deva
panel2,A,mar_news_2020_300K,mar,L5,17020,mar_Deva
panel2,A,mar_news_2020_300K,mar,L5,17021,mar_Deva
panel2,A,mar_news_2020_300K,mar,L5,17028,mar_Deva
panel2,A,mar_news_2020_300K,mar,L5,17041,mar_Deva
panel2,A,mar_news_2020_300K,mar,L5,17042,mar_Deva
panel2,A,mar_news_2020_300K,mar,L5,17046,mar_Deva
panel2,A,mar_news_2020_300K,mar,L5,17083,mar_Deva
panel2,A,mar_news_2020_300K,mar,L5,17086,mar_Deva
panel2,A,mar_news_2020_300K,mar,L5,17101,mar_Deva
panel2,A,mar_news_2020_300K,mar,L5,17113,mar_Deva
panel2,A,mar_news_2020_300K,mar,L5,17128,mar_Deva
panel2,A,mar_news_2020_300K,mar,L5,17172,mar_Deva
panel2,A,mar_news_2020_300K,mar,L5,17174,mar_Deva
panel2,A,mar_news_2020_300K,mar,L5,17197,mar_Deva
panel2,A,mar_news_2020_300K,mar,L5,17210,mar_Deva
panel2,A,mar_news_2020_300K,mar,L5,17215,mar_Deva
panel2,A,mar_news_2020_300K,mar,L5,17240,mar_Deva
panel2,A,mar_news_2020_300K,mar,L5,17246,mar_Deva
panel2,A,mar_news_2020_300K,mar,L5,17262,mar_Deva
panel2,A,mar_news_2020_300K,mar,L5,17266,mar_Deva
panel2,A,mar_news_2020_300K,mar,L5,17273,mar_Deva
panel2,A,mar_news_2020_300K,mar,L5,17281,mar_Deva
panel2,A,mar_news_2020_300K,mar,L5,17292,mar_Deva
panel2,A,mar_news_2020_300K,mar,L5,17302,mar_Deva
panel2,A,mar_news_2020_300K,mar,L5,17340,mar_Deva
panel2,A,mar_news_2020_300K,mar,L5,17352,mar_Deva
panel2,A,mar_news_2020_300K,mar,L5,17374,mar_Deva
panel2,A,mar_news_2020_300K,mar,L5,17393,mar_Deva
panel2,A,mar_news_2020_300K,mar,L5,17394,mar_Deva
panel2,A,mar_news_2020_300K,mar,L5,17407,mar_Deva
panel2,A,mar_news_2020_300K,mar,L5,17408,mar_Deva
panel2,A,mar_news_2020_300K,mar,L5,17415,mar_Deva
panel2,A,mar_news_2020_300K,mar,L5,17425,mar_Deva
panel2,A,mar_news_2020_300K,mar,L5,17443,mar_Deva
panel2,A,mar_news_2020_300K,mar,L5,17465,mar_Deva
panel2,A,mar_news_2020_300K,mar,L5,17470,mar_Deva
panel2,A,mar_news_2020_300K,mar,L5,17484,mar_Deva
panel2,A,mar_news_2020_300K,mar,L5,17501,mar_Deva
panel2,A,mar_news_2020_300K,mar,L5,17503,mar_Deva
panel2,A,mar_news_2020_300K,mar,L5,17510,mar_Deva
panel2,A,mar_news_2020_300K,mar,L5,17515,mar_Deva
panel2,A,mar_news_2020_300K,mar,L5,17519,mar_Deva
panel2,A,mar_news_2020_300K,mar,L5,17522,mar_Deva
panel2,A,mar_news_2020_300K,mar,L5,17523,mar_Deva
panel2,A,mar_news_2020_300K,mar,L5,17592,mar_Deva
panel2,A,mar_news_2020_300K,mar,L5,17597,mar_Deva
panel2,A,mar_news_2020_300K,mar,L5,17617,mar_Deva
panel2,A,mar_news_2020_300K,mar,L5,17644,mar_Deva
panel2,A,mar_news_2020_300K,mar,L5,17652,mar_Deva
panel2,A,mar_news_2020_300K,mar,L5,17663,mar_Deva
panel2,A,mar_news_2020_300K,mar,L5,17671,mar_Deva
panel2,A,mar_news_2020_300K,mar,L5,17674,mar_Deva
panel2,A,mar_news_2020_300K,mar,L5,17703,mar_Deva
panel2,A,mar_news_2020_300K,mar,L5,17719,mar_Deva
panel2,A,mar_news_2020_300K,mar,L5,17721,mar_Deva
panel2,A,mar_news_2020_300K,mar,L5,17730,mar_Deva
panel2,A,mar_news_2020_300K,mar,L5,17769,mar_Deva
panel2,A,mar_news_2020_300K,mar,L5,17775,mar_Deva
panel2,A,mar_news_2020_300K,mar,L5,17782,mar_Deva
panel2,A,mar_news_2020_300K,mar,L5,17784,mar_Deva
panel2,A,mar_news_2020_300K,mar,L5,17792,mar_Deva
panel2,A,mar_news_2020_300K,mar,L5,17795,mar_Deva
panel2,A,mar_news_2020_300K,mar,L5,17806,mar_Deva
panel2,A,mar_news_2020_300K,mar,L5,17817,mar_Deva
panel2,A,mar_news_2020_300K,mar,L5,17865,mar_Deva
panel2,A,mar_news_2020_300K,mar,L5,17881,mar_Deva
panel2,A,mar_news_2020_300K,mar,L5,17882,mar_Deva
panel2,A,mar_news_2020_300K,mar,L5,17898,mar_Deva
panel2,A,mar_news_2020_300K,mar,L5,17899,mar_Deva
panel2,A,mar_news_2020_300K,mar,L5,17927,mar_Deva
panel2,A,mar_news_2020_300K,mar,L5,17929,mar_Deva
panel2,A,mar_news_2020_300K,mar,L5,17933,mar_Deva
panel2,A,mar_news_2020_300K,mar,L5,17957,mar_Deva
panel2,A,mar_news_2020_300K,mar,L5,17968,mar_Deva
panel2,A,mar_news_2020_300K,mar,L5,17995,mar_Deva
panel2,A,mar_news_2020_300K,mar,L5,17999,mar_Deva
panel2,A,mar_news_2020_300K,mar,L5,18009,mar_Deva
panel2,A,mar_news_2020_300K,mar,L5,18015,mar_Deva
panel2,A,mar_news_2020_300K,mar,L5,18021,mar_Deva
panel2,A,mar_news_2020_300K,mar,L5,18045,mar_Deva
panel2,A,mar_news_2020_300K,mar,L5,18052,mar_Deva
panel2,A,mar_news_2020_300K,mar,L5,18053,mar_Deva
panel2,A,mar_news_2020_300K,mar,L5,18055,mar_Deva
panel2,A,mar_news_2020_300K,mar,L5,18062,mar_Deva
panel2,A,mar_news_2020_300K,mar,L5,18069,mar_Deva
panel2,A,mar_news_2020_300K,mar,L5,18080,mar_Deva
panel2,A,mar_news_2020_300K,mar,L5,18083,mar_Deva
panel2,A,mar_news_2020_300K,mar,L5,18125,mar_Deva
panel2,A,mar_news_2020_300K,mar,L5,18160,mar_Deva
panel2,A,mar_news_2020_300K,mar,L5,18173,mar_Deva
panel2,A,mar_news_2020_300K,mar,L5,18250,mar_Deva
panel2,A,mar_news_2020_300K,mar,L5,18251,mar_Deva
panel2,A,mar_news_2020_300K,mar,L5,18270,mar_Deva
panel2,A,mar_news_2020_300K,mar,L5,18275,mar_Deva
panel2,A,mar_news_2020_300K,mar,L5,18278,mar_Deva
panel2,A,mar_news_2020_300K,mar,L5,18290,mar_Deva
panel2,A,mar_news_2020_300K,mar,L5,18313,mar_Deva
panel2,A,mar_news_2020_300K,mar,L5,18335,mar_Deva
panel2,A,mar_news_2020_300K,mar,L5,18336,mar_Deva
panel2,A,mar_news_2020_300K,mar,L5,18343,mar_Deva
panel2,A,mar_news_2020_300K,mar,L5,18361,mar_Deva
panel2,A,mar_news_2020_300K,mar,L5,18368,mar_Deva
panel2,A,mar_news_2020_300K,mar,L5,18377,mar_Deva
panel2,A,mar_news_2020_300K,mar,L5,18384,mar_Deva
panel2,A,mar_news_2020_300K,mar,L5,18423,mar_Deva
panel2,A,mar_news_2020_300K,mar,L5,18431,mar_Deva
panel2,A,mar_news_2020_300K,mar,L5,18447,mar_Deva
panel2,A,mar_news_2020_300K,mar,L5,18455,mar_Deva
panel2,A,mar_news_2020_300K,mar,L5,18462,mar_Deva
panel2,A,mar_news_2020_300K,mar,L5,18483,mar_Deva
panel2,A,mar_news_2020_300K,mar,L5,18486,mar_Deva
panel2,A,mar_news_2020_300K,mar,L5,18613,mar_Deva
panel2,A,mar_news_2020_300K,mar,L5,18621,mar_Deva
panel2,A,mar_news_2020_300K,mar,L5,18628,mar_Deva
panel2,A,mar_news_2020_300K,mar,L5,18651,mar_Deva
panel2,A,mar_news_2020_300K,mar,L5,18665,mar_Deva
panel2,A,mar_news_2020_300K,mar,L5,18666,mar_Deva
panel2,A,mar_news_2020_300K,mar,L5,18669,mar_Deva
panel2,A,mar_news_2020_300K,mar,L5,18672,mar_Deva
panel2,A,mar_news_2020_300K,mar,L5,18676,mar_Deva
panel2,A,mar_news_2020_300K,mar,L5,18693,mar_Deva
panel2,A,mar_news_2020_300K,mar,L5,18704,mar_Deva
panel2,A,mar_news_2020_300K,mar,L5,18714,mar_Deva
panel2,A,mar_news_2020_300K,mar,L5,18717,mar_Deva
panel2,A,mar_news_2020_300K,mar,L5,18718,mar_Deva
panel2,A,mar_news_2020_300K,mar,L5,18728,mar_Deva
panel2,A,mar_news_2020_300K,mar,L5,18735,mar_Deva
panel2,A,mar_news_2020_300K,mar,L5,18744,mar_Deva
panel2,A,mar_news_2020_300K,mar,L5,18751,mar_Deva
panel2,A,mar_news_2020_300K,mar,L5,18756,mar_Deva
panel2,A,mar_news_2020_300K,mar,L5,18763,mar_Deva
panel2,A,mar_news_2020_300K,mar,L5,18778,mar_Deva
panel2,A,mar_news_2020_300K,mar,L5,18806,mar_Deva
panel2,A,mar_news_2020_300K,mar,L5,18808,mar_Deva
panel2,A,mar_news_2020_300K,mar,L5,18824,mar_Deva
panel2,A,mar_news_2020_300K,mar,L5,18834,mar_Deva
panel2,A,mar_news_2020_300K,mar,L5,18839,mar_Deva
panel2,A,mar_news_2020_300K,mar,L5,18841,mar_Deva
panel2,A,mar_news_2020_300K,mar,L5,18843,mar_Deva
panel2,A,mar_news_2020_300K,mar,L5,18856,mar_Deva
panel2,A,mar_news_2020_300K,mar,L5,18862,mar_Deva
panel2,A,mar_news_2020_300K,mar,L5,18863,mar_Deva
panel2,A,mar_news_2020_300K,mar,L5,18867,mar_Deva
panel2,A,mar_news_2020_300K,mar,L5,18875,mar_Deva
panel2,A,mar_news_2020_300K,mar,L5,18877,mar_Deva
panel2,A,mar_news_2020_300K,mar,L5,18889,mar_Deva
panel2,A,mar_news_2020_300K,mar,L5,18899,mar_Deva
panel2,A,mar_news_2020_300K,mar,L5,18917,mar_Deva
panel2,A,mar_news_2020_300K,mar,L5,18927,mar_Deva
panel2,A,mar_news_2020_300K,mar,L5,18937,mar_Deva
panel2,A,mar_news_2020_300K,mar,L5,18938,mar_Deva
panel2,A,mar_news_2020_300K,mar,L5,18941,mar_Deva
panel2,A,mar_news_2020_300K,mar,L5,18965,mar_Deva
panel2,A,mar_news_2020_300K,mar,L5,18977,mar_Deva
panel2,A,mar_news_2020_300K,mar,L5,18985,mar_Deva
panel2,A,mar_news_2020_300K,mar,L5,18996,mar_Deva
panel2,A,mar_news_2020_300K,mar,L5,19002,mar_Deva
panel2,A,mar_news_2020_300K,mar,L5,19015,mar_Deva
panel2,A,mar_news_2020_300K,mar,L5,19030,mar_Deva
panel2,A,mar_news_2020_300K,mar,L5,19033,mar_Deva
panel2,A,mar_news_2020_300K,mar,L5,19043,mar_Deva
panel2,A,mar_news_2020_300K,mar,L5,19044,mar_Deva
panel2,A,mar_news_2020_300K,mar,L5,19055,mar_Deva
panel2,A,mar_news_2020_300K,mar,L5,19056,mar_Deva
panel2,A,mar_news_2020_300K,mar,L5,19079,mar_Deva
panel2,A,mar_news_2020_300K,mar,L5,19094,mar_Deva
panel2,A,mar_news_2020_300K,mar,L5,19133,mar_Deva
panel2,A,mar_news_2020_300K,mar,L5,19143,mar_Deva
panel2,A,mar_news_2020_300K,mar,L5,19193,mar_Deva
panel2,A,mar_news_2020_300K,mar,L5,19194,mar_Deva
panel2,A,mar_news_2020_300K,mar,L5,19203,mar_Deva
panel2,A,mar_news_2020_300K,mar,L5,19239,mar_Deva
panel2,A,mar_news_2020_300K,mar,L5,19247,mar_Deva
panel2,A,mar_news_2020_300K,mar,L5,19248,mar_Deva
panel2,A,mar_news_2020_300K,mar,L5,19254,mar_Deva
panel2,A,mar_news_2020_300K,mar,L5,19290,mar_Deva
panel2,A,mar_news_2020_300K,mar,L5,19294,mar_Deva
panel2,A,mar_news_2020_300K,mar,L5,19302,mar_Deva
panel2,A,mar_news_2020_300K,mar,L5,19320,mar_Deva
panel2,A,mar_news_2020_300K,mar,L5,19326,mar_Deva
panel2,A,mar_news_2020_300K,mar,L5,19334,mar_Deva
panel2,A,mar_news_2020_300K,mar,L5,19347,mar_Deva
panel2,A,mar_news_2020_300K,mar,L5,19369,mar_Deva
panel2,A,mar_news_2020_300K,mar,L5,19373,mar_Deva
panel2,A,mar_news_2020_300K,mar,L5,19383,mar_Deva
panel2,A,mar_news_2020_300K,mar,L5,19405,mar_Deva
panel2,A,mar_news_2020_300K,mar,L5,19412,mar_Deva
panel2,A,mar_news_2020_300K,mar,L5,19418,mar_Deva
panel2,A,mar_news_2020_300K,mar,L5,19422,mar_Deva
panel2,A,mar_news_2020_300K,mar,L5,19423,mar_Deva
panel2,A,mar_news_2020_300K,mar,L5,19426,mar_Deva
panel2,A,mar_news_2020_300K,mar,L5,19427,mar_Deva
panel2,A,mar_news_2020_300K,mar,L5,19429,mar_Deva
panel2,A,mar_news_2020_300K,mar,L5,19436,mar_Deva
panel2,A,mar_news_2020_300K,mar,L5,19448,mar_Deva
panel2,A,mar_news_2020_300K,mar,L5,19471,mar_Deva
panel2,A,mar_news_2020_300K,mar,L5,19504,mar_Deva
panel2,A,mar_news_2020_300K,mar,L5,19526,mar_Deva
panel2,A,mar_news_2020_300K,mar,L5,19530,mar_Deva
panel2,A,mar_news_2020_300K,mar,L5,19537,mar_Deva
panel2,A,mar_news_2020_300K,mar,L5,19553,mar_Deva
panel2,A,mar_news_2020_300K,mar,L5,19554,mar_Deva
panel2,A,mar_news_2020_300K,mar,L5,19566,mar_Deva
panel2,A,mar_news_2020_300K,mar,L5,19576,mar_Deva
panel2,A,mar_news_2020_300K,mar,L5,19580,mar_Deva
panel2,A,mar_news_2020_300K,mar,L5,19651,mar_Deva
panel2,A,mar_news_2020_300K,mar,L5,19669,mar_Deva
panel2,A,mar_news_2020_300K,mar,L5,19677,mar_Deva
panel2,A,mar_news_2020_300K,mar,L5,19688,mar_Deva
panel2,A,mar_news_2020_300K,mar,L5,19703,mar_Deva
panel2,A,mar_news_2020_300K,mar,L5,19707,mar_Deva
panel2,A,mar_news_2020_300K,mar,L5,19710,mar_Deva
panel2,A,mar_news_2020_300K,mar,L5,19716,mar_Deva
panel2,A,mar_news_2020_300K,mar,L5,19737,mar_Deva
panel2,A,mar_news_2020_300K,mar,L5,19759,mar_Deva
panel2,A,mar_news_2020_300K,mar,L5,19762,mar_Deva
panel2,A,mar_news_2020_300K,mar,L5,19763,mar_Deva
panel2,A,mar_news_2020_300K,mar,L5,19765,mar_Deva
panel2,A,mar_news_2020_300K,mar,L5,19785,mar_Deva
panel2,A,mar_news_2020_300K,mar,L5,19791,mar_Deva
panel2,A,mar_news_2020_300K,mar,L5,19808,mar_Deva
panel2,A,mar_news_2020_300K,mar,L5,19812,mar_Deva
panel2,A,mar_news_2020_300K,mar,L5,19817,mar_Deva
panel2,A,mar_news_2020_300K,mar,L5,19855,mar_Deva
panel2,A,mar_news_2020_300K,mar,L5,19862,mar_Deva
panel2,A,mar_news_2020_300K,mar,L5,19876,mar_Deva
panel2,A,mar_news_2020_300K,mar,L5,19894,mar_Deva
panel2,A,mar_news_2020_300K,mar,L5,19895,mar_Deva
panel2,A,mar_news_2020_300K,mar,L5,19898,mar_Deva
panel2,A,mar_news_2020_300K,mar,L5,19908,mar_Deva
panel2,A,mar_news_2020_300K,mar,L5,19925,mar_Deva
panel2,A,mar_news_2020_300K,mar,L5,19944,mar_Deva
panel2,A,mar_news_2020_300K,mar,L5,19956,mar_Deva
panel2,A,mar_news_2020_300K,mar,L5,19980,mar_Deva
panel2,A,mar_news_2020_300K,mar,L5,19981,mar_Deva
panel2,A,mar_news_2020_300K,mar,L5,19989,mar_Deva
panel2,A,mar_news_2020_300K,mar,L5,20005,mar_Deva
panel2,A,mar_news_2020_300K,mar,L5,20006,mar_Deva
panel2,A,mar_news_2020_300K,mar,L5,20008,mar_Deva
panel2,A,mar_news_2020_300K,mar,L5,20016,mar_Deva
panel2,A,mar_news_2020_300K,mar,L5,20025,mar_Deva
panel2,A,mar_news_2020_300K,mar,L5,20057,mar_Deva
panel2,A,mar_news_2020_300K,mar,L5,20058,mar_Deva
panel2,A,mar_news_2020_300K,mar,L5,20059,mar_Deva
panel2,A,mar_news_2020_300K,mar,L5,20065,mar_Deva
panel2,A,mar_news_2020_300K,mar,L5,20070,mar_Deva
panel2,A,mar_news_2020_300K,mar,L5,20076,mar_Deva
panel2,A,mar_news_2020_300K,mar,L5,20082,mar_Deva
panel2,A,mar_news_2020_300K,mar,L5,20131,mar_Deva
panel2,A,mar_news_2020_300K,mar,L5,20135,mar_Deva
panel2,A,mar_news_2020_300K,mar,L5,20136,mar_Deva
panel2,A,mar_news_2020_300K,mar,L5,20138,mar_Deva
panel2,A,mar_news_2020_300K,mar,L5,20155,mar_Deva
panel2,A,mar_news_2020_300K,mar,L5,20159,mar_Deva
panel2,A,mar_news_2020_300K,mar,L5,20175,mar_Deva
panel2,A,mar_news_2020_300K,mar,L5,20217,mar_Deva
panel2,A,mar_news_2020_300K,mar,L5,20251,mar_Deva
panel2,A,mar_news_2020_300K,mar,L5,20254,mar_Deva
panel2,A,mar_news_2020_300K,mar,L5,20255,mar_Deva
panel2,A,mar_news_2020_300K,mar,L5,20263,mar_Deva
panel2,A,mar_news_2020_300K,mar,L5,20264,mar_Deva
panel2,A,mar_news_2020_300K,mar,L5,20270,mar_Deva
panel2,A,mar_news_2020_300K,mar,L5,20283,mar_Deva
panel2,A,mar_news_2020_300K,mar,L5,20290,mar_Deva
panel2,A,mar_news_2020_300K,mar,L5,20339,mar_Deva
panel2,A,mar_news_2020_300K,mar,L5,20344,mar_Deva
panel2,A,mar_news_2020_300K,mar,L5,20351,mar_Deva
panel2,A,mar_news_2020_300K,mar,L5,20357,mar_Deva
panel2,A,mar_news_2020_300K,mar,L5,20387,mar_Deva
panel2,A,mar_news_2020_300K,mar,L5,20390,mar_Deva
panel2,A,mar_news_2020_300K,mar,L5,20405,mar_Deva
panel2,A,mar_news_2020_300K,mar,L5,20429,mar_Deva
panel2,A,mar_news_2020_300K,mar,L5,20439,mar_Deva
panel2,A,mar_news_2020_300K,mar,L5,20453,mar_Deva
panel2,A,mar_news_2020_300K,mar,L5,20458,mar_Deva
panel2,A,mar_news_2020_300K,mar,L5,20467,mar_Deva
panel2,A,mar_news_2020_300K,mar,L5,20476,mar_Deva
panel2,A,mar_news_2020_300K,mar,L5,20481,mar_Deva
panel2,A,mar_news_2020_300K,mar,L5,20493,mar_Deva
panel2,A,mar_news_2020_300K,mar,L5,20497,mar_Deva
panel2,A,mar_news_2020_300K,mar,L5,20501,mar_Deva
panel2,A,mar_news_2020_300K,mar,L5,20513,mar_Deva
panel2,A,mar_news_2020_300K,mar,L5,20543,mar_Deva
panel2,A,mar_news_2020_300K,mar,L5,20562,mar_Deva
panel2,A,mar_news_2020_300K,mar,L5,20565,mar_Deva
panel2,A,mar_news_2020_300K,mar,L5,20568,mar_Deva
panel2,A,mar_news_2020_300K,mar,L5,20569,mar_Deva
panel2,A,mar_news_2020_300K,mar,L5,20574,mar_Deva
panel2,A,mar_news_2020_300K,mar,L5,20599,mar_Deva
panel2,A,mar_news_2020_300K,mar,L5,20611,mar_Deva
panel2,A,mar_news_2020_300K,mar,L5,20612,mar_Deva
panel2,A,mar_news_2020_300K,mar,L5,20613,mar_Deva
panel2,A,mar_news_2020_300K,mar,L5,20616,mar_Deva
panel2,A,mar_news_2020_300K,mar,L5,20638,mar_Deva
panel2,A,mar_news_2020_300K,mar,L5,20663,mar_Deva
panel2,A,mar_news_2020_300K,mar,L5,20666,mar_Deva
panel2,A,mar_news_2020_300K,mar,L5,20678,mar_Deva
panel2,A,mar_news_2020_300K,mar,L5,20688,mar_Deva
panel2,A,mar_news_2020_300K,mar,L5,20691,mar_Deva
panel2,A,mar_news_2020_300K,mar,L5,20709,mar_Deva
panel2,A,mar_news_2020_300K,mar,L5,20716,mar_Deva
panel2,A,mar_news_2020_300K,mar,L5,20717,mar_Deva
panel2,A,mar_news_2020_300K,mar,L5,20721,mar_Deva
panel2,A,mar_news_2020_300K,mar,L5,20741,mar_Deva
panel2,A,mar_news_2020_300K,mar,L5,20782,mar_Deva
panel2,A,mar_news_2020_300K,mar,L5,20793,mar_Deva
panel2,A,mar_news_2020_300K,mar,L5,20816,mar_Deva
panel2,A,mar_news_2020_300K,mar,L5,20839,mar_Deva
panel2,A,mar_news_2020_300K,mar,L5,20841,mar_Deva
panel2,A,mar_news_2020_300K,mar,L5,20855,mar_Deva
panel2,A,mar_news_2020_300K,mar,L5,20862,mar_Deva
panel2,A,mar_news_2020_300K,mar,L5,20885,mar_Deva
panel2,A,mar_news_2020_300K,mar,L5,20891,mar_Deva
panel2,A,mar_news_2020_300K,mar,L5,20895,mar_Deva
panel2,A,mar_news_2020_300K,mar,L5,20909,mar_Deva
panel2,A,mar_news_2020_300K,mar,L5,20917,mar_Deva
panel2,A,mar_news_2020_300K,mar,L5,20934,mar_Deva
panel2,A,mar_news_2020_300K,mar,L5,20938,mar_Deva
panel2,A,mar_news_2020_300K,mar,L5,20945,mar_Deva
panel2,A,mar_news_2020_300K,mar,L5,20951,mar_Deva
panel2,A,mar_news_2020_300K,mar,L5,20962,mar_Deva
panel2,A,mar_news_2020_300K,mar,L5,20964,mar_Deva
panel2,A,mar_news_2020_300K,mar,L5,20973,mar_Deva
panel2,A,mar_news_2020_300K,mar,L5,20987,mar_Deva
panel2,A,mar_news_2020_300K,mar,L5,21000,mar_Deva
panel2,A,mar_news_2020_300K,mar,L5,21012,mar_Deva
panel2,A,mar_news_2020_300K,mar,L5,21058,mar_Deva
panel2,A,mar_news_2020_300K,mar,L5,21071,mar_Deva
panel2,A,mar_news_2020_300K,mar,L5,21095,mar_Deva
panel2,A,mar_news_2020_300K,mar,L5,21113,mar_Deva
panel2,A,mar_news_2020_300K,mar,L5,21120,mar_Deva
panel2,A,mar_news_2020_300K,mar,L5,21121,mar_Deva
panel2,A,mar_news_2020_300K,mar,L5,21134,mar_Deva
panel2,A,mar_news_2020_300K,mar,L5,21143,mar_Deva
panel2,A,mar_news_2020_300K,mar,L5,21168,mar_Deva
panel2,A,mar_news_2020_300K,mar,L5,21189,mar_Deva
panel2,A,mar_news_2020_300K,mar,L5,21198,mar_Deva
panel2,A,mar_news_2020_300K,mar,L5,21200,mar_Deva
panel2,A,mar_news_2020_300K,mar,L5,21219,mar_Deva
panel2,A,mar_news_2020_300K,mar,L5,21239,mar_Deva
panel2,A,mar_news_2020_300K,mar,L5,21250,mar_Deva
panel2,A,mar_news_2020_300K,mar,L5,21272,mar_Deva
panel2,A,mar_news_2020_300K,mar,L5,21273,mar_Deva
panel2,A,mar_news_2020_300K,mar,L5,21294,mar_Deva
panel2,A,mar_news_2020_300K,mar,L5,21303,mar_Deva
panel2,A,mar_news_2020_300K,mar,L5,21308,mar_Deva
panel2,A,mar_news_2020_300K,mar,L5,21339,mar_Deva
panel2,A,mar_news_2020_300K,mar,L5,21343,mar_Deva
panel2,A,mar_news_2020_300K,mar,L5,21350,mar_Deva
panel2,A,mar_news_2020_300K,mar,L5,21407,mar_Deva
panel2,A,mar_news_2020_300K,mar,L5,21411,mar_Deva
panel2,A,mar_news_2020_300K,mar,L5,21413,mar_Deva
panel2,A,mar_news_2020_300K,mar,L5,21426,mar_Deva
panel2,A,mar_news_2020_300K,mar,L5,21431,mar_Deva
panel2,A,mar_news_2020_300K,mar,L5,21435,mar_Deva
panel2,A,mar_news_2020_300K,mar,L5,21438,mar_Deva
panel2,A,mar_news_2020_300K,mar,L5,21443,mar_Deva
panel2,A,mar_news_2020_300K,mar,L5,21445,mar_Deva
panel2,A,mar_news_2020_300K,mar,L5,21460,mar_Deva
panel2,A,mar_news_2020_300K,mar,L5,21461,mar_Deva
panel2,A,mar_news_2020_300K,mar,L5,21474,mar_Deva
panel2,A,mar_news_2020_300K,mar,L5,21488,mar_Deva
panel2,A,mar_news_2020_300K,mar,L5,21528,mar_Deva
panel2,A,mar_news_2020_300K,mar,L5,21532,mar_Deva
panel2,A,mar_news_2020_300K,mar,L5,21534,mar_Deva
panel2,A,mar_news_2020_300K,mar,L5,21542,mar_Deva
panel2,A,mar_news_2020_300K,mar,L5,21578,mar_Deva
panel2,A,mar_news_2020_300K,mar,L5,21582,mar_Deva
panel2,A,mar_news_2020_300K,mar,L5,21594,mar_Deva
panel2,A,mar_news_2020_300K,mar,L5,21609,mar_Deva
panel2,A,mar_news_2020_300K,mar,L5,21612,mar_Deva
panel2,A,mar_news_2020_300K,mar,L5,21613,mar_Deva
panel2,A,mar_news_2020_300K,mar,L5,21638,mar_Deva
panel2,A,mar_news_2020_300K,mar,L5,21661,mar_Deva
panel2,A,mar_news_2020_300K,mar,L5,21663,mar_Deva
panel2,A,mar_news_2020_300K,mar,L5,21668,mar_Deva
panel2,A,mar_news_2020_300K,mar,L5,21675,mar_Deva
panel2,A,mar_news_2020_300K,mar,L5,21676,mar_Deva
panel2,A,mar_news_2020_300K,mar,L5,21680,mar_Deva
panel2,A,mar_news_2020_300K,mar,L5,21695,mar_Deva
panel2,A,mar_news_2020_300K,mar,L5,21702,mar_Deva
panel2,A,mar_news_2020_300K,mar,L5,21706,mar_Deva
panel2,A,mar_news_2020_300K,mar,L5,21722,mar_Deva
panel2,A,mar_news_2020_300K,mar,L5,21753,mar_Deva
panel2,A,mar_news_2020_300K,mar,L5,21758,mar_Deva
panel2,A,mar_news_2020_300K,mar,L5,21764,mar_Deva
panel2,A,mar_news_2020_300K,mar,L5,21772,mar_Deva
panel2,A,mar_news_2020_300K,mar,L5,21799,mar_Deva
panel2,A,mar_news_2020_300K,mar,L5,21811,mar_Deva
panel2,A,mar_news_2020_300K,mar,L5,21838,mar_Deva
panel2,A,mar_news_2020_300K,mar,L5,21847,mar_Deva
panel2,A,mar_news_2020_300K,mar,L5,21852,mar_Deva
panel2,A,mar_news_2020_300K,mar,L5,21873,mar_Deva
panel2,A,mar_news_2020_300K,mar,L5,21886,mar_Deva
panel2,A,mar_news_2020_300K,mar,L5,21910,mar_Deva
panel2,A,mar_news_2020_300K,mar,L5,21911,mar_Deva
panel2,A,mar_news_2020_300K,mar,L5,21913,mar_Deva
panel2,A,mar_news_2020_300K,mar,L5,21917,mar_Deva
panel2,A,mar_news_2020_300K,mar,L5,21924,mar_Deva
panel2,A,mar_news_2020_300K,mar,L5,21928,mar_Deva
panel2,A,mar_news_2020_300K,mar,L5,21935,mar_Deva
panel2,A,mar_news_2020_300K,mar,L5,21936,mar_Deva
panel2,A,mar_news_2020_300K,mar,L5,21941,mar_Deva
panel2,A,mar_news_2020_300K,mar,L5,21967,mar_Deva
panel2,A,mar_news_2020_300K,mar,L5,22004,mar_Deva
panel2,A,mar_news_2020_300K,mar,L5,22011,mar_Deva
panel2,A,mar_news_2020_300K,mar,L5,22012,mar_Deva
panel2,A,mar_news_2020_300K,mar,L5,22015,mar_Deva
panel2,A,mar_news_2020_300K,mar,L5,22035,mar_Deva
panel2,A,mar_news_2020_300K,mar,L5,22049,mar_Deva
panel2,A,mar_news_2020_300K,mar,L5,22068,mar_Deva
panel2,A,mar_news_2020_300K,mar,L5,22073,mar_Deva
panel2,A,mar_news_2020_300K,mar,L5,22079,mar_Deva
panel2,A,mar_news_2020_300K,mar,L5,22081,mar_Deva
panel2,A,mar_news_2020_300K,mar,L5,22093,mar_Deva
panel2,A,mar_news_2020_300K,mar,L5,22097,mar_Deva
panel2,A,mar_news_2020_300K,mar,L5,22103,mar_Deva
panel2,A,mar_news_2020_300K,mar,L5,22104,mar_Deva
panel2,A,mar_news_2020_300K,mar,L5,22107,mar_Deva
panel2,A,mar_news_2020_300K,mar,L5,22137,mar_Deva
panel2,A,mar_news_2020_300K,mar,L5,22155,mar_Deva
panel2,A,mar_news_2020_300K,mar,L5,22164,mar_Deva
panel2,A,mar_news_2020_300K,mar,L5,22167,mar_Deva
panel2,A,mar_news_2020_300K,mar,L5,22224,mar_Deva
panel2,A,mar_news_2020_300K,mar,L5,22246,mar_Deva
panel2,A,mar_news_2020_300K,mar,L5,22255,mar_Deva
panel2,A,mar_news_2020_300K,mar,L5,22258,mar_Deva
panel2,A,mar_news_2020_300K,mar,L5,22260,mar_Deva
panel2,A,mar_news_2020_300K,mar,L5,22261,mar_Deva
panel2,A,mar_news_2020_300K,mar,L5,22262,mar_Deva
panel2,A,mar_news_2020_300K,mar,L5,22273,mar_Deva
panel2,A,mar_news_2020_300K,mar,L5,22289,mar_Deva
panel2,A,mar_news_2020_300K,mar,L5,22324,mar_Deva
panel2,A,mar_news_2020_300K,mar,L5,22340,mar_Deva
panel2,A,mar_news_2020_300K,mar,L5,22352,mar_Deva
panel2,A,mar_news_2020_300K,mar,L5,22404,mar_Deva
panel2,A,mar_news_2020_300K,mar,L5,22411,mar_Deva
panel2,A,mar_news_2020_300K,mar,L5,22496,mar_Deva
panel2,A,mar_news_2020_300K,mar,L5,22501,mar_Deva
panel2,A,mar_news_2020_300K,mar,L5,22512,mar_Deva
panel2,A,mar_news_2020_300K,mar,L5,22519,mar_Deva
panel2,A,mar_news_2020_300K,mar,L5,22544,mar_Deva
panel2,A,mar_news_2020_300K,mar,L5,22546,mar_Deva
panel2,A,mar_news_2020_300K,mar,L5,22548,mar_Deva
panel2,A,mar_news_2020_300K,mar,L5,22549,mar_Deva
panel2,A,mar_news_2020_300K,mar,L5,22557,mar_Deva
panel2,A,mar_news_2020_300K,mar,L5,22566,mar_Deva
panel2,A,mar_news_2020_300K,mar,L5,22576,mar_Deva
panel2,A,mar_news_2020_300K,mar,L5,22577,mar_Deva
panel2,A,mar_news_2020_300K,mar,L5,22591,mar_Deva
panel2,A,mar_news_2020_300K,mar,L5,22606,mar_Deva
panel2,A,mar_news_2020_300K,mar,L5,22627,mar_Deva
panel2,A,mar_news_2020_300K,mar,L5,22635,mar_Deva
panel2,A,mar_news_2020_300K,mar,L5,22647,mar_Deva
panel2,A,mar_news_2020_300K,mar,L5,22681,mar_Deva
panel2,A,mar_news_2020_300K,mar,L5,22686,mar_Deva
panel2,A,mar_news_2020_300K,mar,L5,22689,mar_Deva
panel2,A,mar_news_2020_300K,mar,L5,22705,mar_Deva
panel2,A,mar_news_2020_300K,mar,L5,22710,mar_Deva
panel2,A,mar_news_2020_300K,mar,L5,22723,mar_Deva
panel2,A,mar_news_2020_300K,mar,L5,22737,mar_Deva
panel2,A,mar_news_2020_300K,mar,L5,22756,mar_Deva
panel2,A,mar_news_2020_300K,mar,L5,22789,mar_Deva
panel2,A,mar_news_2020_300K,mar,L5,22791,mar_Deva
panel2,A,mar_news_2020_300K,mar,L5,22875,mar_Deva
panel2,A,mar_news_2020_300K,mar,L5,22878,mar_Deva
panel2,A,mar_news_2020_300K,mar,L5,22918,mar_Deva
panel2,A,mar_news_2020_300K,mar,L5,22922,mar_Deva
panel2,A,mar_news_2020_300K,mar,L5,22923,mar_Deva
panel2,A,mar_news_2020_300K,mar,L5,22928,mar_Deva
panel2,A,mar_news_2020_300K,mar,L5,22938,mar_Deva
panel2,A,mar_news_2020_300K,mar,L5,22942,mar_Deva
panel2,A,mar_news_2020_300K,mar,L5,22951,mar_Deva
panel2,A,mar_news_2020_300K,mar,L5,22958,mar_Deva
panel2,A,mar_news_2020_300K,mar,L5,22968,mar_Deva
panel2,A,mar_news_2020_300K,mar,L5,22969,mar_Deva
panel2,A,mar_news_2020_300K,mar,L5,22995,mar_Deva
panel2,A,mar_news_2020_300K,mar,L5,22998,mar_Deva
panel2,A,mar_news_2020_300K,mar,L5,23016,mar_Deva
panel2,A,mar_news_2020_300K,mar,L5,23022,mar_Deva
panel2,A,mar_news_2020_300K,mar,L5,23043,mar_Deva
panel2,A,mar_news_2020_300K,mar,L5,23056,mar_Deva
panel2,A,mar_news_2020_300K,mar,L5,23058,mar_Deva
panel2,A,mar_news_2020_300K,mar,L5,23086,mar_Deva
panel2,A,mar_news_2020_300K,mar,L5,23089,mar_Deva
panel2,A,mar_news_2020_300K,mar,L5,23092,mar_Deva
panel2,A,mar_news_2020_300K,mar,L5,23109,mar_Deva
panel2,A,mar_news_2020_300K,mar,L5,23114,mar_Deva
panel2,A,mar_news_2020_300K,mar,L5,23121,mar_Deva
panel2,A,mar_news_2020_300K,mar,L5,23123,mar_Deva
panel2,A,mar_news_2020_300K,mar,L5,23188,mar_Deva
panel2,A,mar_news_2020_300K,mar,L5,23192,mar_Deva
panel2,A,mar_news_2020_300K,mar,L5,23198,mar_Deva
panel2,A,mar_news_2020_300K,mar,L5,23204,mar_Deva
panel2,A,mar_news_2020_300K,mar,L5,23214,mar_Deva
panel2,A,mar_news_2020_300K,mar,L5,23222,mar_Deva
panel2,A,mar_news_2020_300K,mar,L5,23255,mar_Deva
panel2,A,mar_news_2020_300K,mar,L5,23259,mar_Deva
panel2,A,mar_news_2020_300K,mar,L5,23285,mar_Deva
panel2,A,mar_news_2020_300K,mar,L5,23293,mar_Deva
panel2,A,mar_news_2020_300K,mar,L5,23295,mar_Deva
panel2,A,mar_news_2020_300K,mar,L5,23313,mar_Deva
panel2,A,mar_news_2020_300K,mar,L5,23316,mar_Deva
panel2,A,mar_news_2020_300K,mar,L5,23318,mar_Deva
panel2,A,mar_news_2020_300K,mar,L5,23320,mar_Deva
panel2,A,mar_news_2020_300K,mar,L5,23329,mar_Deva
panel2,A,mar_news_2020_300K,mar,L5,23345,mar_Deva
panel2,A,mar_news_2020_300K,mar,L5,23355,mar_Deva
panel2,A,mar_news_2020_300K,mar,L5,23361,mar_Deva
panel2,A,mar_news_2020_300K,mar,L5,23362,mar_Deva
panel2,A,mar_news_2020_300K,mar,L5,23369,mar_Deva
panel2,A,mar_news_2020_300K,mar,L5,23403,mar_Deva
panel2,A,mar_news_2020_300K,mar,L5,23410,mar_Deva
panel2,A,mar_news_2020_300K,mar,L5,23432,mar_Deva
panel2,A,mar_news_2020_300K,mar,L5,23444,mar_Deva
panel2,A,mar_news_2020_300K,mar,L5,23446,mar_Deva
panel2,A,mar_news_2020_300K,mar,L5,23448,mar_Deva
panel2,A,mar_news_2020_300K,mar,L5,23452,mar_Deva
panel2,A,mar_news_2020_300K,mar,L5,23465,mar_Deva
panel2,A,mar_news_2020_300K,mar,L5,23467,mar_Deva
panel2,A,mar_news_2020_300K,mar,L5,23468,mar_Deva
panel2,A,mar_news_2020_300K,mar,L5,23516,mar_Deva
panel2,A,mar_news_2020_300K,mar,L5,23529,mar_Deva
panel2,A,mar_news_2020_300K,mar,L5,23565,mar_Deva
panel2,A,mar_news_2020_300K,mar,L5,23570,mar_Deva
panel2,A,mar_news_2020_300K,mar,L5,23572,mar_Deva
panel2,A,mar_news_2020_300K,mar,L5,23576,mar_Deva
panel2,A,mar_news_2020_300K,mar,L5,23586,mar_Deva
panel2,A,mar_news_2020_300K,mar,L5,23593,mar_Deva
panel2,A,mar_news_2020_300K,mar,L5,23604,mar_Deva
panel2,A,mar_news_2020_300K,mar,L5,23618,mar_Deva
panel2,A,mar_news_2020_300K,mar,L5,23622,mar_Deva
panel2,A,mar_news_2020_300K,mar,L5,23625,mar_Deva
panel2,A,mar_news_2020_300K,mar,L5,23641,mar_Deva
panel2,A,mar_news_2020_300K,mar,L5,23657,mar_Deva
panel2,A,mar_news_2020_300K,mar,L5,23661,mar_Deva
panel2,A,mar_news_2020_300K,mar,L5,23674,mar_Deva
panel2,A,mar_news_2020_300K,mar,L5,23679,mar_Deva
panel2,A,mar_news_2020_300K,mar,L5,23682,mar_Deva
panel2,A,mar_news_2020_300K,mar,L5,23684,mar_Deva
panel2,A,mar_news_2020_300K,mar,L5,23697,mar_Deva
panel2,A,mar_news_2020_300K,mar,L5,23700,mar_Deva
panel2,A,mar_news_2020_300K,mar,L5,23708,mar_Deva
panel2,A,mar_news_2020_300K,mar,L5,23713,mar_Deva
panel2,A,mar_news_2020_300K,mar,L5,23732,mar_Deva
panel2,A,mar_news_2020_300K,mar,L5,23739,mar_Deva
panel2,A,mar_news_2020_300K,mar,L5,23745,mar_Deva
panel2,A,mar_news_2020_300K,mar,L5,23751,mar_Deva
panel2,A,mar_news_2020_300K,mar,L5,23765,mar_Deva
panel2,A,mar_news_2020_300K,mar,L5,23768,mar_Deva
panel2,A,mar_news_2020_300K,mar,L5,23775,mar_Deva
panel2,A,mar_news_2020_300K,mar,L5,23792,mar_Deva
panel2,A,mar_news_2020_300K,mar,L5,23799,mar_Deva
panel2,A,mar_news_2020_300K,mar,L5,23818,mar_Deva
panel2,A,mar_news_2020_300K,mar,L5,23844,mar_Deva
panel2,A,mar_news_2020_300K,mar,L5,23847,mar_Deva
panel2,A,mar_news_2020_300K,mar,L5,23861,mar_Deva
panel2,A,mar_news_2020_300K,mar,L5,23873,mar_Deva
panel2,A,mar_news_2020_300K,mar,L5,23884,mar_Deva
panel2,A,mar_news_2020_300K,mar,L5,23914,mar_Deva
panel2,A,mar_news_2020_300K,mar,L5,23919,mar_Deva
panel2,A,mar_news_2020_300K,mar,L5,23924,mar_Deva
panel2,A,mar_news_2020_300K,mar,L5,23932,mar_Deva
panel2,A,mar_news_2020_300K,mar,L5,23933,mar_Deva
panel2,A,mar_news_2020_300K,mar,L5,23943,mar_Deva
panel2,A,mar_news_2020_300K,mar,L5,23963,mar_Deva
panel2,A,mar_news_2020_300K,mar,L5,23969,mar_Deva
panel2,A,mar_news_2020_300K,mar,L5,24021,mar_Deva
panel2,A,mar_news_2020_300K,mar,L5,24023,mar_Deva
panel2,A,mar_news_2020_300K,mar,L5,24044,mar_Deva
panel2,A,mar_news_2020_300K,mar,L5,24067,mar_Deva
panel2,A,mar_news_2020_300K,mar,L5,24072,mar_Deva
panel2,A,mar_news_2020_300K,mar,L5,24077,mar_Deva
panel2,A,mar_news_2020_300K,mar,L5,24085,mar_Deva
panel2,A,mar_news_2020_300K,mar,L5,24105,mar_Deva
panel2,A,mar_news_2020_300K,mar,L5,24107,mar_Deva
panel2,A,mar_news_2020_300K,mar,L5,24117,mar_Deva
panel2,A,mar_news_2020_300K,mar,L5,24121,mar_Deva
panel2,A,mar_news_2020_300K,mar,L5,24144,mar_Deva
panel2,A,mar_news_2020_300K,mar,L5,24149,mar_Deva
panel2,A,mar_news_2020_300K,mar,L5,24186,mar_Deva
panel2,A,mar_news_2020_300K,mar,L5,24199,mar_Deva
panel2,A,mar_news_2020_300K,mar,L5,24203,mar_Deva
panel2,A,mar_news_2020_300K,mar,L5,24204,mar_Deva
panel2,A,mar_news_2020_300K,mar,L5,24237,mar_Deva
panel2,A,mar_news_2020_300K,mar,L5,24238,mar_Deva
panel2,A,mar_news_2020_300K,mar,L5,24242,mar_Deva
panel2,A,mar_news_2020_300K,mar,L5,24246,mar_Deva
panel2,A,mar_news_2020_300K,mar,L5,24305,mar_Deva
panel2,A,mar_news_2020_300K,mar,L5,24320,mar_Deva
panel2,A,mar_news_2020_300K,mar,L5,24350,mar_Deva
panel2,A,mar_news_2020_300K,mar,L5,24360,mar_Deva
panel2,A,mar_news_2020_300K,mar,L5,24405,mar_Deva
panel2,A,mar_news_2020_300K,mar,L5,24410,mar_Deva
panel2,A,mar_news_2020_300K,mar,L5,24413,mar_Deva
panel2,A,mar_news_2020_300K,mar,L5,24435,mar_Deva
panel2,A,mar_news_2020_300K,mar,L5,24446,mar_Deva
panel2,A,mar_news_2020_300K,mar,L5,24459,mar_Deva
panel2,A,mar_news_2020_300K,mar,L20,1,mar_Deva
panel2,A,mar_news_2020_300K,mar,L20,2,mar_Deva
panel2,A,mar_news_2020_300K,mar,L20,3,mar_Deva
panel2,A,mar_news_2020_300K,mar,L20,4,mar_Deva
panel2,A,mar_news_2020_300K,mar,L20,5,mar_Deva
panel2,A,mar_news_2020_300K,mar,L20,6,mar_Deva
panel2,A,mar_news_2020_300K,mar,L20,7,mar_Deva
panel2,A,mar_news_2020_300K,mar,L20,8,mar_Deva
panel2,A,mar_news_2020_300K,mar,L20,9,mar_Deva
panel2,A,mar_news_2020_300K,mar,L20,10,mar_Deva
panel2,A,mar_news_2020_300K,mar,L20,11,mar_Deva
panel2,A,mar_news_2020_300K,mar,L20,12,mar_Deva
panel2,A,mar_news_2020_300K,mar,L20,13,mar_Deva
panel2,A,mar_news_2020_300K,mar,L20,14,mar_Deva
panel2,A,mar_news_2020_300K,mar,L20,15,mar_Deva
panel2,A,mar_news_2020_300K,mar,L20,16,mar_Deva
panel2,A,mar_news_2020_300K,mar,L20,18,mar_Deva
panel2,A,mar_news_2020_300K,mar,L20,19,mar_Deva
panel2,A,mar_news_2020_300K,mar,L20,21,mar_Deva
panel2,A,mar_news_2020_300K,mar,L20,22,mar_Deva
panel2,A,mar_news_2020_300K,mar,L20,23,mar_Deva
panel2,A,mar_news_2020_300K,mar,L20,24,mar_Deva
panel2,A,mar_news_2020_300K,mar,L20,25,mar_Deva
panel2,A,mar_news_2020_300K,mar,L20,27,mar_Deva
panel2,A,mar_news_2020_300K,mar,L20,28,mar_Deva
panel2,A,mar_news_2020_300K,mar,L20,29,mar_Deva
panel2,A,mar_news_2020_300K,mar,L20,30,mar_Deva
panel2,A,mar_news_2020_300K,mar,L20,31,mar_Deva
panel2,A,mar_news_2020_300K,mar,L20,32,mar_Deva
panel2,A,mar_news_2020_300K,mar,L20,33,mar_Deva
panel2,A,mar_news_2020_300K,mar,L20,34,mar_Deva
panel2,A,mar_news_2020_300K,mar,L20,35,mar_Deva
panel2,A,mar_news_2020_300K,mar,L20,36,mar_Deva
panel2,A,mar_news_2020_300K,mar,L20,37,mar_Deva
panel2,A,mar_news_2020_300K,mar,L20,39,mar_Deva
panel2,A,mar_news_2020_300K,mar,L20,40,mar_Deva
panel2,A,mar_news_2020_300K,mar,L20,41,mar_Deva
panel2,A,mar_news_2020_300K,mar,L20,42,mar_Deva
panel2,A,mar_news_2020_300K,mar,L20,44,mar_Deva
panel2,A,mar_news_2020_300K,mar,L20,45,mar_Deva
panel2,A,mar_news_2020_300K,mar,L20,46,mar_Deva
panel2,A,mar_news_2020_300K,mar,L20,48,mar_Deva
panel2,A,mar_news_2020_300K,mar,L20,49,mar_Deva
panel2,A,mar_news_2020_300K,mar,L20,50,mar_Deva
panel2,A,mar_news_2020_300K,mar,L20,51,mar_Deva
panel2,A,mar_news_2020_300K,mar,L20,52,mar_Deva
panel2,A,mar_news_2020_300K,mar,L20,53,mar_Deva
panel2,A,mar_news_2020_300K,mar,L20,54,mar_Deva
panel2,A,mar_news_2020_300K,mar,L20,55,mar_Deva
panel2,A,mar_news_2020_300K,mar,L20,56,mar_Deva
panel2,A,mar_news_2020_300K,mar,L20,57,mar_Deva
panel2,A,mar_news_2020_300K,mar,L20,58,mar_Deva
panel2,A,mar_news_2020_300K,mar,L20,59,mar_Deva
panel2,A,mar_news_2020_300K,mar,L20,60,mar_Deva
panel2,A,mar_news_2020_300K,mar,L20,61,mar_Deva
panel2,A,mar_news_2020_300K,mar,L20,62,mar_Deva
panel2,A,mar_news_2020_300K,mar,L20,63,mar_Deva
panel2,A,mar_news_2020_300K,mar,L20,64,mar_Deva
panel2,A,mar_news_2020_300K,mar,L20,65,mar_Deva
panel2,A,mar_news_2020_300K,mar,L20,66,mar_Deva
panel2,A,mar_news_2020_300K,mar,L20,68,mar_Deva
panel2,A,mar_news_2020_300K,mar,L20,69,mar_Deva
panel2,A,mar_news_2020_300K,mar,L20,70,mar_Deva
panel2,A,mar_news_2020_300K,mar,L20,71,mar_Deva
panel2,A,mar_news_2020_300K,mar,L20,73,mar_Deva
panel2,A,mar_news_2020_300K,mar,L20,74,mar_Deva
panel2,A,mar_news_2020_300K,mar,L20,75,mar_Deva
panel2,A,mar_news_2020_300K,mar,L20,76,mar_Deva
panel2,A,mar_news_2020_300K,mar,L20,77,mar_Deva
panel2,A,mar_news_2020_300K,mar,L20,78,mar_Deva
panel2,A,mar_news_2020_300K,mar,L20,79,mar_Deva
panel2,A,mar_news_2020_300K,mar,L20,80,mar_Deva
panel2,A,mar_news_2020_300K,mar,L20,81,mar_Deva
panel2,A,mar_news_2020_300K,mar,L20,82,mar_Deva
panel2,A,mar_news_2020_300K,mar,L20,83,mar_Deva
panel2,A,mar_news_2020_300K,mar,L20,85,mar_Deva
panel2,A,mar_news_2020_300K,mar,L20,86,mar_Deva
panel2,A,mar_news_2020_300K,mar,L20,87,mar_Deva
panel2,A,mar_news_2020_300K,mar,L20,88,mar_Deva
panel2,A,mar_news_2020_300K,mar,L20,89,mar_Deva
panel2,A,mar_news_2020_300K,mar,L20,90,mar_Deva
panel2,A,mar_news_2020_300K,mar,L20,91,mar_Deva
panel2,A,mar_news_2020_300K,mar,L20,93,mar_Deva
panel2,A,mar_news_2020_300K,mar,L20,94,mar_Deva
panel2,A,mar_news_2020_300K,mar,L20,95,mar_Deva
panel2,A,mar_news_2020_300K,mar,L20,96,mar_Deva
panel2,A,mar_news_2020_300K,mar,L20,97,mar_Deva
panel2,A,mar_news_2020_300K,mar,L20,98,mar_Deva
panel2,A,mar_news_2020_300K,mar,L20,99,mar_Deva
panel2,A,mar_news_2020_300K,mar,L20,100,mar_Deva
panel2,A,mar_news_2020_300K,mar,L20,101,mar_Deva
panel2,A,mar_news_2020_300K,mar,L20,102,mar_Deva
panel2,A,mar_news_2020_300K,mar,L20,103,mar_Deva
panel2,A,mar_news_2020_300K,mar,L20,104,mar_Deva
panel2,A,mar_news_2020_300K,mar,L20,105,mar_Deva
panel2,A,mar_news_2020_300K,mar,L20,106,mar_Deva
panel2,A,mar_news_2020_300K,mar,L20,107,mar_Deva
panel2,A,mar_news_2020_300K,mar,L20,108,mar_Deva
panel2,A,mar_news_2020_300K,mar,L20,109,mar_Deva
panel2,A,mar_news_2020_300K,mar,L20,110,mar_Deva
panel2,A,mar_news_2020_300K,mar,L20,111,mar_Deva
panel2,A,mar_news_2020_300K,mar,L20,112,mar_Deva
panel2,A,mar_news_2020_300K,mar,L20,113,mar_Deva
panel2,A,mar_news_2020_300K,mar,L20,114,mar_Deva
panel2,A,mar_news_2020_300K,mar,L20,115,mar_Deva
panel2,A,mar_news_2020_300K,mar,L20,116,mar_Deva
panel2,A,mar_news_2020_300K,mar,L20,117,mar_Deva
panel2,A,mar_news_2020_300K,mar,L20,118,mar_Deva
panel2,A,mar_news_2020_300K,mar,L20,119,mar_Deva
panel2,A,mar_news_2020_300K,mar,L20,120,mar_Deva
panel2,A,mar_news_2020_300K,mar,L20,121,mar_Deva
panel2,A,mar_news_2020_300K,mar,L20,122,mar_Deva
panel2,A,mar_news_2020_300K,mar,L20,123,mar_Deva
panel2,A,mar_news_2020_300K,mar,L20,124,mar_Deva
panel2,A,mar_news_2020_300K,mar,L20,125,mar_Deva
panel2,A,mar_news_2020_300K,mar,L20,127,mar_Deva
panel2,A,mar_news_2020_300K,mar,L20,128,mar_Deva
panel2,A,mar_news_2020_300K,mar,L20,129,mar_Deva
panel2,A,mar_news_2020_300K,mar,L20,130,mar_Deva
panel2,A,mar_news_2020_300K,mar,L20,131,mar_Deva
panel2,A,mar_news_2020_300K,mar,L20,132,mar_Deva
panel2,A,mar_news_2020_300K,mar,L20,133,mar_Deva
panel2,A,mar_news_2020_300K,mar,L20,134,mar_Deva
panel2,A,mar_news_2020_300K,mar,L20,135,mar_Deva
panel2,A,mar_news_2020_300K,mar,L20,136,mar_Deva
panel2,A,mar_news_2020_300K,mar,L20,137,mar_Deva
panel2,A,mar_news_2020_300K,mar,L20,138,mar_Deva
panel2,A,mar_news_2020_300K,mar,L20,139,mar_Deva
panel2,A,mar_news_2020_300K,mar,L20,140,mar_Deva
panel2,A,mar_news_2020_300K,mar,L20,141,mar_Deva
panel2,A,mar_news_2020_300K,mar,L20,142,mar_Deva
panel2,A,mar_news_2020_300K,mar,L20,143,mar_Deva
panel2,A,mar_news_2020_300K,mar,L20,144,mar_Deva
panel2,A,mar_news_2020_300K,mar,L20,145,mar_Deva
panel2,A,mar_news_2020_300K,mar,L20,146,mar_Deva
panel2,A,mar_news_2020_300K,mar,L20,147,mar_Deva
panel2,A,mar_news_2020_300K,mar,L20,148,mar_Deva
panel2,A,mar_news_2020_300K,mar,L20,149,mar_Deva
panel2,A,mar_news_2020_300K,mar,L20,151,mar_Deva
panel2,A,mar_news_2020_300K,mar,L20,152,mar_Deva
panel2,A,mar_news_2020_300K,mar,L20,153,mar_Deva
panel2,A,mar_news_2020_300K,mar,L20,154,mar_Deva
panel2,A,mar_news_2020_300K,mar,L20,155,mar_Deva
panel2,A,mar_news_2020_300K,mar,L20,156,mar_Deva
panel2,A,mar_news_2020_300K,mar,L20,157,mar_Deva
panel2,A,mar_news_2020_300K,mar,L20,158,mar_Deva
panel2,A,mar_news_2020_300K,mar,L20,160,mar_Deva
panel2,A,mar_news_2020_300K,mar,L20,161,mar_Deva
panel2,A,mar_news_2020_300K,mar,L20,162,mar_Deva
panel2,A,mar_news_2020_300K,mar,L20,163,mar_Deva
panel2,A,mar_news_2020_300K,mar,L20,164,mar_Deva
panel2,A,mar_news_2020_300K,mar,L20,165,mar_Deva
panel2,A,mar_news_2020_300K,mar,L20,167,mar_Deva
panel2,A,mar_news_2020_300K,mar,L20,168,mar_Deva
panel2,A,mar_news_2020_300K,mar,L20,169,mar_Deva
panel2,A,mar_news_2020_300K,mar,L20,170,mar_Deva
panel2,A,mar_news_2020_300K,mar,L20,172,mar_Deva
panel2,A,mar_news_2020_300K,mar,L20,173,mar_Deva
panel2,A,mar_news_2020_300K,mar,L20,174,mar_Deva
panel2,A,mar_news_2020_300K,mar,L20,175,mar_Deva
panel2,A,mar_news_2020_300K,mar,L20,176,mar_Deva
panel2,A,mar_news_2020_300K,mar,L20,177,mar_Deva
panel2,A,mar_news_2020_300K,mar,L20,178,mar_Deva
panel2,A,mar_news_2020_300K,mar,L20,180,mar_Deva
panel2,A,mar_news_2020_300K,mar,L20,181,mar_Deva
panel2,A,mar_news_2020_300K,mar,L20,182,mar_Deva
panel2,A,mar_news_2020_300K,mar,L20,183,mar_Deva
panel2,A,mar_news_2020_300K,mar,L20,184,mar_Deva
panel2,A,mar_news_2020_300K,mar,L20,185,mar_Deva
panel2,A,mar_news_2020_300K,mar,L20,186,mar_Deva
panel2,A,mar_news_2020_300K,mar,L20,187,mar_Deva
panel2,A,mar_news_2020_300K,mar,L20,188,mar_Deva
panel2,A,mar_news_2020_300K,mar,L20,189,mar_Deva
panel2,A,mar_news_2020_300K,mar,L20,190,mar_Deva
panel2,A,mar_news_2020_300K,mar,L20,191,mar_Deva
panel2,A,mar_news_2020_300K,mar,L20,192,mar_Deva
panel2,A,mar_news_2020_300K,mar,L20,193,mar_Deva
panel2,A,mar_news_2020_300K,mar,L20,195,mar_Deva
panel2,A,mar_news_2020_300K,mar,L20,196,mar_Deva
panel2,A,mar_news_2020_300K,mar,L20,197,mar_Deva
panel2,A,mar_news_2020_300K,mar,L20,198,mar_Deva
panel2,A,mar_news_2020_300K,mar,L20,199,mar_Deva
panel2,A,mar_news_2020_300K,mar,L20,200,mar_Deva
panel2,A,mar_news_2020_300K,mar,L20,201,mar_Deva
panel2,A,mar_news_2020_300K,mar,L20,202,mar_Deva
panel2,A,mar_news_2020_300K,mar,L20,203,mar_Deva
panel2,A,mar_news_2020_300K,mar,L20,204,mar_Deva
panel2,A,mar_news_2020_300K,mar,L20,206,mar_Deva
panel2,A,mar_news_2020_300K,mar,L20,207,mar_Deva
panel2,A,mar_news_2020_300K,mar,L20,208,mar_Deva
panel2,A,mar_news_2020_300K,mar,L20,210,mar_Deva
panel2,A,mar_news_2020_300K,mar,L20,212,mar_Deva
panel2,A,mar_news_2020_300K,mar,L20,214,mar_Deva
panel2,A,mar_news_2020_300K,mar,L20,215,mar_Deva
panel2,A,mar_news_2020_300K,mar,L20,216,mar_Deva
panel2,A,mar_news_2020_300K,mar,L20,217,mar_Deva
panel2,A,mar_news_2020_300K,mar,L20,218,mar_Deva
panel2,A,mar_news_2020_300K,mar,L20,220,mar_Deva
panel2,A,mar_news_2020_300K,mar,L20,221,mar_Deva
panel2,A,mar_news_2020_300K,mar,L20,222,mar_Deva
panel2,A,mar_news_2020_300K,mar,L20,223,mar_Deva
panel2,A,mar_news_2020_300K,mar,L20,224,mar_Deva
panel2,A,mar_news_2020_300K,mar,L20,225,mar_Deva
panel2,A,mar_news_2020_300K,mar,L20,226,mar_Deva
panel2,A,mar_news_2020_300K,mar,L20,227,mar_Deva
panel2,A,mar_news_2020_300K,mar,L20,228,mar_Deva
panel2,A,mar_news_2020_300K,mar,L20,229,mar_Deva
panel2,A,mar_news_2020_300K,mar,L20,230,mar_Deva
panel2,A,mar_news_2020_300K,mar,L20,231,mar_Deva
panel2,A,mar_news_2020_300K,mar,L20,232,mar_Deva
panel2,A,mar_news_2020_300K,mar,L20,233,mar_Deva
panel2,A,mar_news_2020_300K,mar,L20,234,mar_Deva
panel2,A,mar_news_2020_300K,mar,L20,235,mar_Deva
panel2,A,mar_news_2020_300K,mar,L20,236,mar_Deva
panel2,A,mar_news_2020_300K,mar,L20,237,mar_Deva
panel2,A,mar_news_2020_300K,mar,L20,238,mar_Deva
panel2,A,mar_news_2020_300K,mar,L20,239,mar_Deva
panel2,A,mar_news_2020_300K,mar,L20,240,mar_Deva
panel2,A,mar_news_2020_300K,mar,L20,241,mar_Deva
panel2,A,mar_news_2020_300K,mar,L20,242,mar_Deva
panel2,A,mar_news_2020_300K,mar,L20,243,mar_Deva
panel2,A,mar_news_2020_300K,mar,L20,244,mar_Deva
panel2,A,mar_news_2020_300K,mar,L20,245,mar_Deva
panel2,A,mar_news_2020_300K,mar,L20,246,mar_Deva
panel2,A,mar_news_2020_300K,mar,L20,247,mar_Deva
panel2,A,mar_news_2020_300K,mar,L20,248,mar_Deva
panel2,A,mar_news_2020_300K,mar,L20,249,mar_Deva
panel2,A,mar_news_2020_300K,mar,L20,250,mar_Deva
panel2,A,mar_news_2020_300K,mar,L20,251,mar_Deva
panel2,A,mar_news_2020_300K,mar,L20,252,mar_Deva
panel2,A,mar_news_2020_300K,mar,L20,253,mar_Deva
panel2,A,mar_news_2020_300K,mar,L20,254,mar_Deva
panel2,A,mar_news_2020_300K,mar,L20,255,mar_Deva
panel2,A,mar_news_2020_300K,mar,L20,256,mar_Deva
panel2,A,mar_news_2020_300K,mar,L20,257,mar_Deva
panel2,A,mar_news_2020_300K,mar,L20,258,mar_Deva
panel2,A,mar_news_2020_300K,mar,L20,259,mar_Deva
panel2,A,mar_news_2020_300K,mar,L20,260,mar_Deva
panel2,A,mar_news_2020_300K,mar,L20,261,mar_Deva
panel2,A,mar_news_2020_300K,mar,L20,262,mar_Deva
panel2,A,mar_news_2020_300K,mar,L20,263,mar_Deva
panel2,A,mar_news_2020_300K,mar,L20,264,mar_Deva
panel2,A,mar_news_2020_300K,mar,L20,265,mar_Deva
panel2,A,mar_news_2020_300K,mar,L20,266,mar_Deva
panel2,A,mar_news_2020_300K,mar,L20,267,mar_Deva
panel2,A,mar_news_2020_300K,mar,L20,268,mar_Deva
panel2,A,mar_news_2020_300K,mar,L20,269,mar_Deva
panel2,A,mar_news_2020_300K,mar,L20,270,mar_Deva
panel2,A,mar_news_2020_300K,mar,L20,271,mar_Deva
panel2,A,mar_news_2020_300K,mar,L20,272,mar_Deva
panel2,A,mar_news_2020_300K,mar,L20,273,mar_Deva
panel2,A,mar_news_2020_300K,mar,L20,275,mar_Deva
panel2,A,mar_news_2020_300K,mar,L20,276,mar_Deva
panel2,A,mar_news_2020_300K,mar,L20,277,mar_Deva
panel2,A,mar_news_2020_300K,mar,L20,278,mar_Deva
panel2,A,mar_news_2020_300K,mar,L20,279,mar_Deva
panel2,A,mar_news_2020_300K,mar,L20,280,mar_Deva
panel2,A,mar_news_2020_300K,mar,L20,281,mar_Deva
panel2,A,mar_news_2020_300K,mar,L20,282,mar_Deva
panel2,A,mar_news_2020_300K,mar,L20,283,mar_Deva
panel2,A,mar_news_2020_300K,mar,L20,284,mar_Deva
panel2,A,mar_news_2020_300K,mar,L20,285,mar_Deva
panel2,A,mar_news_2020_300K,mar,L20,286,mar_Deva
panel2,A,mar_news_2020_300K,mar,L20,287,mar_Deva
panel2,A,mar_news_2020_300K,mar,L20,288,mar_Deva
panel2,A,mar_news_2020_300K,mar,L20,289,mar_Deva
panel2,A,mar_news_2020_300K,mar,L20,290,mar_Deva
panel2,A,mar_news_2020_300K,mar,L20,291,mar_Deva
panel2,A,mar_news_2020_300K,mar,L20,292,mar_Deva
panel2,A,mar_news_2020_300K,mar,L20,293,mar_Deva
panel2,A,mar_news_2020_300K,mar,L20,294,mar_Deva
panel2,A,mar_news_2020_300K,mar,L20,295,mar_Deva
panel2,A,mar_news_2020_300K,mar,L20,296,mar_Deva
panel2,A,mar_news_2020_300K,mar,L20,297,mar_Deva
panel2,A,mar_news_2020_300K,mar,L20,299,mar_Deva
panel2,A,mar_news_2020_300K,mar,L20,300,mar_Deva
panel2,A,mar_news_2020_300K,mar,L20,301,mar_Deva
panel2,A,mar_news_2020_300K,mar,L20,302,mar_Deva
panel2,A,mar_news_2020_300K,mar,L20,303,mar_Deva
panel2,A,mar_news_2020_300K,mar,L20,304,mar_Deva
panel2,A,mar_news_2020_300K,mar,L20,305,mar_Deva
panel2,A,mar_news_2020_300K,mar,L20,306,mar_Deva
panel2,A,mar_news_2020_300K,mar,L20,307,mar_Deva
panel2,A,mar_news_2020_300K,mar,L20,308,mar_Deva
panel2,A,mar_news_2020_300K,mar,L20,309,mar_Deva
panel2,A,mar_news_2020_300K,mar,L20,310,mar_Deva
panel2,A,mar_news_2020_300K,mar,L20,311,mar_Deva
panel2,A,mar_news_2020_300K,mar,L20,312,mar_Deva
panel2,A,mar_news_2020_300K,mar,L20,313,mar_Deva
panel2,A,mar_news_2020_300K,mar,L20,314,mar_Deva
panel2,A,mar_news_2020_300K,mar,L20,315,mar_Deva
panel2,A,mar_news_2020_300K,mar,L20,316,mar_Deva
panel2,A,mar_news_2020_300K,mar,L20,317,mar_Deva
panel2,A,mar_news_2020_300K,mar,L20,318,mar_Deva
panel2,A,mar_news_2020_300K,mar,L20,319,mar_Deva
panel2,A,mar_news_2020_300K,mar,L20,320,mar_Deva
panel2,A,mar_news_2020_300K,mar,L20,321,mar_Deva
panel2,A,mar_news_2020_300K,mar,L20,322,mar_Deva
panel2,A,mar_news_2020_300K,mar,L20,324,mar_Deva
panel2,A,mar_news_2020_300K,mar,L20,325,mar_Deva
panel2,A,mar_news_2020_300K,mar,L20,326,mar_Deva
panel2,A,mar_news_2020_300K,mar,L20,327,mar_Deva
panel2,A,mar_news_2020_300K,mar,L20,328,mar_Deva
panel2,A,mar_news_2020_300K,mar,L20,330,mar_Deva
panel2,A,mar_news_2020_300K,mar,L20,331,mar_Deva
panel2,A,mar_news_2020_300K,mar,L20,332,mar_Deva
panel2,A,mar_news_2020_300K,mar,L20,333,mar_Deva
panel2,A,mar_news_2020_300K,mar,L20,334,mar_Deva
panel2,A,mar_news_2020_300K,mar,L20,335,mar_Deva
panel2,A,mar_news_2020_300K,mar,L20,336,mar_Deva
panel2,A,mar_news_2020_300K,mar,L20,337,mar_Deva
panel2,A,mar_news_2020_300K,mar,L20,339,mar_Deva
panel2,A,mar_news_2020_300K,mar,L20,340,mar_Deva
panel2,A,mar_news_2020_300K,mar,L20,342,mar_Deva
panel2,A,mar_news_2020_300K,mar,L20,343,mar_Deva
panel2,A,mar_news_2020_300K,mar,L20,344,mar_Deva
panel2,A,mar_news_2020_300K,mar,L20,345,mar_Deva
panel2,A,mar_news_2020_300K,mar,L20,346,mar_Deva
panel2,A,mar_news_2020_300K,mar,L20,347,mar_Deva
panel2,A,mar_news_2020_300K,mar,L20,348,mar_Deva
panel2,A,mar_news_2020_300K,mar,L20,349,mar_Deva
panel2,A,mar_news_2020_300K,mar,L20,350,mar_Deva
panel2,A,mar_news_2020_300K,mar,L20,351,mar_Deva
panel2,A,mar_news_2020_300K,mar,L20,352,mar_Deva
panel2,A,mar_news_2020_300K,mar,L20,353,mar_Deva
panel2,A,mar_news_2020_300K,mar,L20,354,mar_Deva
panel2,A,mar_news_2020_300K,mar,L20,355,mar_Deva
panel2,A,mar_news_2020_300K,mar,L20,356,mar_Deva
panel2,A,mar_news_2020_300K,mar,L20,357,mar_Deva
panel2,A,mar_news_2020_300K,mar,L20,358,mar_Deva
panel2,A,mar_news_2020_300K,mar,L20,359,mar_Deva
panel2,A,mar_news_2020_300K,mar,L20,360,mar_Deva
panel2,A,mar_news_2020_300K,mar,L20,361,mar_Deva
panel2,A,mar_news_2020_300K,mar,L20,362,mar_Deva
panel2,A,mar_news_2020_300K,mar,L20,363,mar_Deva
panel2,A,mar_news_2020_300K,mar,L20,364,mar_Deva
panel2,A,mar_news_2020_300K,mar,L20,365,mar_Deva
panel2,A,mar_news_2020_300K,mar,L20,368,mar_Deva
panel2,A,mar_news_2020_300K,mar,L20,369,mar_Deva
panel2,A,mar_news_2020_300K,mar,L20,370,mar_Deva
panel2,A,mar_news_2020_300K,mar,L20,371,mar_Deva
panel2,A,mar_news_2020_300K,mar,L20,372,mar_Deva
panel2,A,mar_news_2020_300K,mar,L20,373,mar_Deva
panel2,A,mar_news_2020_300K,mar,L20,374,mar_Deva
panel2,A,mar_news_2020_300K,mar,L20,375,mar_Deva
panel2,A,mar_news_2020_300K,mar,L20,376,mar_Deva
panel2,A,mar_news_2020_300K,mar,L20,377,mar_Deva
panel2,A,mar_news_2020_300K,mar,L20,378,mar_Deva
panel2,A,mar_news_2020_300K,mar,L20,379,mar_Deva
panel2,A,mar_news_2020_300K,mar,L20,380,mar_Deva
panel2,A,mar_news_2020_300K,mar,L20,381,mar_Deva
panel2,A,mar_news_2020_300K,mar,L20,382,mar_Deva
panel2,A,mar_news_2020_300K,mar,L20,383,mar_Deva
panel2,A,mar_news_2020_300K,mar,L20,384,mar_Deva
panel2,A,mar_news_2020_300K,mar,L20,385,mar_Deva
panel2,A,mar_news_2020_300K,mar,L20,386,mar_Deva
panel2,A,mar_news_2020_300K,mar,L20,387,mar_Deva
panel2,A,mar_news_2020_300K,mar,L20,388,mar_Deva
panel2,A,mar_news_2020_300K,mar,L20,389,mar_Deva
panel2,A,mar_news_2020_300K,mar,L20,390,mar_Deva
panel2,A,mar_news_2020_300K,mar,L20,391,mar_Deva
panel2,A,mar_news_2020_300K,mar,L20,392,mar_Deva
panel2,A,mar_news_2020_300K,mar,L20,393,mar_Deva
panel2,A,mar_news_2020_300K,mar,L20,394,mar_Deva
panel2,A,mar_news_2020_300K,mar,L20,395,mar_Deva
panel2,A,mar_news_2020_300K,mar,L20,396,mar_Deva
panel2,A,mar_news_2020_300K,mar,L20,397,mar_Deva
panel2,A,mar_news_2020_300K,mar,L20,398,mar_Deva
panel2,A,mar_news_2020_300K,mar,L20,399,mar_Deva
panel2,A,mar_news_2020_300K,mar,L20,400,mar_Deva
panel2,A,mar_news_2020_300K,mar,L20,401,mar_Deva
panel2,A,mar_news_2020_300K,mar,L20,402,mar_Deva
panel2,A,mar_news_2020_300K,mar,L20,403,mar_Deva
panel2,A,mar_news_2020_300K,mar,L20,404,mar_Deva
panel2,A,mar_news_2020_300K,mar,L20,405,mar_Deva
panel2,A,mar_news_2020_300K,mar,L20,406,mar_Deva
panel2,A,mar_news_2020_300K,mar,L20,407,mar_Deva
panel2,A,mar_news_2020_300K,mar,L20,408,mar_Deva
panel2,A,mar_news_2020_300K,mar,L20,409,mar_Deva
panel2,A,mar_news_2020_300K,mar,L20,410,mar_Deva
panel2,A,mar_news_2020_300K,mar,L20,411,mar_Deva
panel2,A,mar_news_2020_300K,mar,L20,412,mar_Deva
panel2,A,mar_news_2020_300K,mar,L20,413,mar_Deva
panel2,A,mar_news_2020_300K,mar,L20,414,mar_Deva
panel2,A,mar_news_2020_300K,mar,L20,415,mar_Deva
panel2,A,mar_news_2020_300K,mar,L20,416,mar_Deva
panel2,A,mar_news_2020_300K,mar,L20,417,mar_Deva
panel2,A,mar_news_2020_300K,mar,L20,418,mar_Deva
panel2,A,mar_news_2020_300K,mar,L20,419,mar_Deva
panel2,A,mar_news_2020_300K,mar,L20,420,mar_Deva
panel2,A,mar_news_2020_300K,mar,L20,421,mar_Deva
panel2,A,mar_news_2020_300K,mar,L20,422,mar_Deva
panel2,A,mar_news_2020_300K,mar,L20,423,mar_Deva
panel2,A,mar_news_2020_300K,mar,L20,424,mar_Deva
panel2,A,mar_news_2020_300K,mar,L20,425,mar_Deva
panel2,A,mar_news_2020_300K,mar,L20,426,mar_Deva
panel2,A,mar_news_2020_300K,mar,L20,427,mar_Deva
panel2,A,mar_news_2020_300K,mar,L20,428,mar_Deva
panel2,A,mar_news_2020_300K,mar,L20,429,mar_Deva
panel2,A,mar_news_2020_300K,mar,L20,430,mar_Deva
panel2,A,mar_news_2020_300K,mar,L20,431,mar_Deva
panel2,A,mar_news_2020_300K,mar,L20,432,mar_Deva
panel2,A,mar_news_2020_300K,mar,L20,433,mar_Deva
panel2,A,mar_news_2020_300K,mar,L20,434,mar_Deva
panel2,A,mar_news_2020_300K,mar,L20,435,mar_Deva
panel2,A,mar_news_2020_300K,mar,L20,436,mar_Deva
panel2,A,mar_news_2020_300K,mar,L20,437,mar_Deva
panel2,A,mar_news_2020_300K,mar,L20,438,mar_Deva
panel2,A,mar_news_2020_300K,mar,L20,439,mar_Deva
panel2,A,mar_news_2020_300K,mar,L20,440,mar_Deva
panel2,A,mar_news_2020_300K,mar,L20,441,mar_Deva
panel2,A,mar_news_2020_300K,mar,L20,442,mar_Deva
panel2,A,mar_news_2020_300K,mar,L20,443,mar_Deva
panel2,A,mar_news_2020_300K,mar,L20,444,mar_Deva
panel2,A,mar_news_2020_300K,mar,L20,445,mar_Deva
panel2,A,mar_news_2020_300K,mar,L20,446,mar_Deva
panel2,A,mar_news_2020_300K,mar,L20,447,mar_Deva
panel2,A,mar_news_2020_300K,mar,L20,448,mar_Deva
panel2,A,mar_news_2020_300K,mar,L20,449,mar_Deva
panel2,A,mar_news_2020_300K,mar,L20,450,mar_Deva
panel2,A,mar_news_2020_300K,mar,L20,451,mar_Deva
panel2,A,mar_news_2020_300K,mar,L20,452,mar_Deva
panel2,A,mar_news_2020_300K,mar,L20,453,mar_Deva
panel2,A,mar_news_2020_300K,mar,L20,454,mar_Deva
panel2,A,mar_news_2020_300K,mar,L20,455,mar_Deva
panel2,A,mar_news_2020_300K,mar,L20,456,mar_Deva
panel2,A,mar_news_2020_300K,mar,L20,457,mar_Deva
panel2,A,mar_news_2020_300K,mar,L20,458,mar_Deva
panel2,A,mar_news_2020_300K,mar,L20,459,mar_Deva
panel2,A,mar_news_2020_300K,mar,L20,461,mar_Deva
panel2,A,mar_news_2020_300K,mar,L20,463,mar_Deva
panel2,A,mar_news_2020_300K,mar,L20,464,mar_Deva
panel2,A,mar_news_2020_300K,mar,L20,466,mar_Deva
panel2,A,mar_news_2020_300K,mar,L20,467,mar_Deva
panel2,A,mar_news_2020_300K,mar,L20,468,mar_Deva
panel2,A,mar_news_2020_300K,mar,L20,469,mar_Deva
panel2,A,mar_news_2020_300K,mar,L20,470,mar_Deva
panel2,A,mar_news_2020_300K,mar,L20,471,mar_Deva
panel2,A,mar_news_2020_300K,mar,L20,472,mar_Deva
panel2,A,mar_news_2020_300K,mar,L20,473,mar_Deva
panel2,A,mar_news_2020_300K,mar,L20,474,mar_Deva
panel2,A,mar_news_2020_300K,mar,L20,475,mar_Deva
panel2,A,mar_news_2020_300K,mar,L20,476,mar_Deva
panel2,A,mar_news_2020_300K,mar,L20,477,mar_Deva
panel2,A,mar_news_2020_300K,mar,L20,478,mar_Deva
panel2,A,mar_news_2020_300K,mar,L20,479,mar_Deva
panel2,A,mar_news_2020_300K,mar,L20,481,mar_Deva
panel2,A,mar_news_2020_300K,mar,L20,482,mar_Deva
panel2,A,mar_news_2020_300K,mar,L20,483,mar_Deva
panel2,A,mar_news_2020_300K,mar,L20,484,mar_Deva
panel2,A,mar_news_2020_300K,mar,L20,486,mar_Deva
panel2,A,mar_news_2020_300K,mar,L20,487,mar_Deva
panel2,A,mar_news_2020_300K,mar,L20,488,mar_Deva
panel2,A,mar_news_2020_300K,mar,L20,489,mar_Deva
panel2,A,mar_news_2020_300K,mar,L20,490,mar_Deva
panel2,A,mar_news_2020_300K,mar,L20,491,mar_Deva
panel2,A,mar_news_2020_300K,mar,L20,492,mar_Deva
panel2,A,mar_news_2020_300K,mar,L20,493,mar_Deva
panel2,A,mar_news_2020_300K,mar,L20,494,mar_Deva
panel2,A,mar_news_2020_300K,mar,L20,495,mar_Deva
panel2,A,mar_news_2020_300K,mar,L20,496,mar_Deva
panel2,A,mar_news_2020_300K,mar,L20,497,mar_Deva
panel2,A,mar_news_2020_300K,mar,L20,498,mar_Deva
panel2,A,mar_news_2020_300K,mar,L20,500,mar_Deva
panel2,A,mar_news_2020_300K,mar,L20,501,mar_Deva
panel2,A,mar_news_2020_300K,mar,L20,502,mar_Deva
panel2,A,mar_news_2020_300K,mar,L20,503,mar_Deva
panel2,A,mar_news_2020_300K,mar,L20,505,mar_Deva
panel2,A,mar_news_2020_300K,mar,L20,506,mar_Deva
panel2,A,mar_news_2020_300K,mar,L20,507,mar_Deva
panel2,A,mar_news_2020_300K,mar,L20,508,mar_Deva
panel2,A,mar_news_2020_300K,mar,L20,509,mar_Deva
panel2,A,mar_news_2020_300K,mar,L20,510,mar_Deva
panel2,A,mar_news_2020_300K,mar,L20,512,mar_Deva
panel2,A,mar_news_2020_300K,mar,L20,513,mar_Deva
panel2,A,mar_news_2020_300K,mar,L20,514,mar_Deva
panel2,A,mar_news_2020_300K,mar,L20,515,mar_Deva
panel2,A,mar_news_2020_300K,mar,L20,516,mar_Deva
panel2,A,mar_news_2020_300K,mar,L20,517,mar_Deva
panel2,A,mar_news_2020_300K,mar,L20,518,mar_Deva
panel2,A,mar_news_2020_300K,mar,L20,520,mar_Deva
panel2,A,mar_news_2020_300K,mar,L20,521,mar_Deva
panel2,A,mar_news_2020_300K,mar,L20,522,mar_Deva
panel2,A,mar_news_2020_300K,mar,L20,523,mar_Deva
panel2,A,mar_news_2020_300K,mar,L20,524,mar_Deva
panel2,A,mar_news_2020_300K,mar,L20,525,mar_Deva
panel2,A,mar_news_2020_300K,mar,L20,526,mar_Deva
panel2,A,mar_news_2020_300K,mar,L20,527,mar_Deva
panel2,A,mar_news_2020_300K,mar,L20,528,mar_Deva
panel2,A,mar_news_2020_300K,mar,L20,530,mar_Deva
panel2,A,mar_news_2020_300K,mar,L20,532,mar_Deva
panel2,A,mar_news_2020_300K,mar,L20,533,mar_Deva
panel2,A,mar_news_2020_300K,mar,L20,534,mar_Deva
panel2,A,mar_news_2020_300K,mar,L20,535,mar_Deva
panel2,A,mar_news_2020_300K,mar,L20,536,mar_Deva
panel2,A,mar_news_2020_300K,mar,L20,537,mar_Deva
panel2,A,mar_news_2020_300K,mar,L20,538,mar_Deva
panel2,A,mar_news_2020_300K,mar,L20,539,mar_Deva
panel2,A,mar_news_2020_300K,mar,L20,540,mar_Deva
panel2,A,mar_news_2020_300K,mar,L20,541,mar_Deva
panel2,A,mar_news_2020_300K,mar,L20,542,mar_Deva
panel2,A,mar_news_2020_300K,mar,L20,543,mar_Deva
panel2,A,mar_news_2020_300K,mar,L20,544,mar_Deva
panel2,A,mar_news_2020_300K,mar,L20,545,mar_Deva
panel2,A,mar_news_2020_300K,mar,L20,547,mar_Deva
panel2,A,mar_news_2020_300K,mar,L20,548,mar_Deva
panel2,A,mar_news_2020_300K,mar,L20,549,mar_Deva
panel2,A,mar_news_2020_300K,mar,L20,550,mar_Deva
panel2,A,mar_news_2020_300K,mar,L20,551,mar_Deva
panel2,A,mar_news_2020_300K,mar,L20,553,mar_Deva
panel2,A,mar_news_2020_300K,mar,L20,554,mar_Deva
panel2,A,mar_news_2020_300K,mar,L20,556,mar_Deva
panel2,A,mar_news_2020_300K,mar,L20,557,mar_Deva
panel2,A,mar_news_2020_300K,mar,L20,558,mar_Deva
panel2,A,mar_news_2020_300K,mar,L20,559,mar_Deva
panel2,A,mar_news_2020_300K,mar,L20,560,mar_Deva
panel2,A,mar_news_2020_300K,mar,L20,561,mar_Deva
panel2,A,mar_news_2020_300K,mar,L20,562,mar_Deva
panel2,A,mar_news_2020_300K,mar,L20,563,mar_Deva
panel2,A,mar_news_2020_300K,mar,L20,564,mar_Deva
panel2,A,mar_news_2020_300K,mar,L20,565,mar_Deva
panel2,A,mar_news_2020_300K,mar,L20,566,mar_Deva
panel2,A,mar_news_2020_300K,mar,L20,567,mar_Deva
panel2,A,mar_news_2020_300K,mar,L20,568,mar_Deva
panel2,A,mar_news_2020_300K,mar,L20,569,mar_Deva
panel2,A,mar_news_2020_300K,mar,L20,570,mar_Deva
panel2,A,mar_news_2020_300K,mar,L20,571,mar_Deva
panel2,A,mar_news_2020_300K,mar,L20,572,mar_Deva
panel2,A,mar_news_2020_300K,mar,L20,573,mar_Deva
panel2,A,mar_news_2020_300K,mar,L20,574,mar_Deva
panel2,A,mar_news_2020_300K,mar,L20,575,mar_Deva
panel2,A,mar_news_2020_300K,mar,L20,576,mar_Deva
panel2,A,mar_news_2020_300K,mar,L20,577,mar_Deva
panel2,A,mar_news_2020_300K,mar,L20,578,mar_Deva
panel2,A,mar_news_2020_300K,mar,L20,579,mar_Deva
panel2,A,mar_news_2020_300K,mar,L20,580,mar_Deva
panel2,A,mar_news_2020_300K,mar,L20,581,mar_Deva
panel2,A,mar_news_2020_300K,mar,L20,582,mar_Deva
panel2,A,mar_news_2020_300K,mar,L20,583,mar_Deva
panel2,A,mar_news_2020_300K,mar,L20,584,mar_Deva
panel2,A,mar_news_2020_300K,mar,L20,585,mar_Deva
panel2,A,mar_news_2020_300K,mar,L20,586,mar_Deva
panel2,A,mar_news_2020_300K,mar,L20,587,mar_Deva
panel2,A,mar_news_2020_300K,mar,L20,588,mar_Deva
panel2,A,mar_news_2020_300K,mar,L20,589,mar_Deva
panel2,A,mar_news_2020_300K,mar,L20,591,mar_Deva
panel2,A,mar_news_2020_300K,mar,L20,592,mar_Deva
panel2,A,mar_news_2020_300K,mar,L20,593,mar_Deva
panel2,A,mar_news_2020_300K,mar,L20,594,mar_Deva
panel2,A,mar_news_2020_300K,mar,L20,595,mar_Deva
panel2,A,mar_news_2020_300K,mar,L20,596,mar_Deva
panel2,A,mar_news_2020_300K,mar,L20,598,mar_Deva
panel2,A,mar_news_2020_300K,mar,L20,599,mar_Deva
panel2,A,mar_news_2020_300K,mar,L20,600,mar_Deva
panel2,A,mar_news_2020_300K,mar,L20,601,mar_Deva
panel2,A,mar_news_2020_300K,mar,L20,603,mar_Deva
panel2,A,mar_news_2020_300K,mar,L20,605,mar_Deva
panel2,A,mar_news_2020_300K,mar,L20,606,mar_Deva
panel2,A,mar_news_2020_300K,mar,L20,607,mar_Deva
panel2,A,mar_news_2020_300K,mar,L20,608,mar_Deva
panel2,A,mar_news_2020_300K,mar,L20,609,mar_Deva
panel2,A,mar_news_2020_300K,mar,L20,610,mar_Deva
panel2,A,mar_news_2020_300K,mar,L20,611,mar_Deva
panel2,A,mar_news_2020_300K,mar,L20,612,mar_Deva
panel2,A,mar_news_2020_300K,mar,L20,613,mar_Deva
panel2,A,mar_news_2020_300K,mar,L20,614,mar_Deva
panel2,A,mar_news_2020_300K,mar,L20,615,mar_Deva
panel2,A,mar_news_2020_300K,mar,L20,616,mar_Deva
panel2,A,mar_news_2020_300K,mar,L20,617,mar_Deva
panel2,A,mar_news_2020_300K,mar,L20,618,mar_Deva
panel2,A,mar_news_2020_300K,mar,L20,619,mar_Deva
panel2,A,mar_news_2020_300K,mar,L20,620,mar_Deva
panel2,A,mar_news_2020_300K,mar,L20,621,mar_Deva
panel2,A,mar_news_2020_300K,mar,L20,622,mar_Deva
panel2,A,mar_news_2020_300K,mar,L20,623,mar_Deva
panel2,A,mar_news_2020_300K,mar,L20,624,mar_Deva
panel2,A,mar_news_2020_300K,mar,L20,626,mar_Deva
panel2,A,mar_news_2020_300K,mar,L20,627,mar_Deva
panel2,A,mar_news_2020_300K,mar,L20,628,mar_Deva
panel2,A,mar_news_2020_300K,mar,L20,629,mar_Deva
panel2,A,mar_news_2020_300K,mar,L20,630,mar_Deva
panel2,A,mar_news_2020_300K,mar,L20,631,mar_Deva
panel2,A,mar_news_2020_300K,mar,L20,632,mar_Deva
panel2,A,mar_news_2020_300K,mar,L20,633,mar_Deva
panel2,A,mar_news_2020_300K,mar,L20,634,mar_Deva
panel2,A,mar_news_2020_300K,mar,L20,635,mar_Deva
panel2,A,mar_news_2020_300K,mar,L20,636,mar_Deva
panel2,A,mar_news_2020_300K,mar,L20,638,mar_Deva
panel2,A,mar_news_2020_300K,mar,L20,639,mar_Deva
panel2,A,mar_news_2020_300K,mar,L20,640,mar_Deva
panel2,A,mar_news_2020_300K,mar,L20,641,mar_Deva
panel2,A,mar_news_2020_300K,mar,L20,642,mar_Deva
panel2,A,mar_news_2020_300K,mar,L20,643,mar_Deva
panel2,A,mar_news_2020_300K,mar,L20,644,mar_Deva
panel2,A,mar_news_2020_300K,mar,L20,645,mar_Deva
panel2,A,mar_news_2020_300K,mar,L20,647,mar_Deva
panel2,A,mar_news_2020_300K,mar,L20,648,mar_Deva
panel2,A,mar_news_2020_300K,mar,L20,649,mar_Deva
panel2,A,mar_news_2020_300K,mar,L20,650,mar_Deva
panel2,A,mar_news_2020_300K,mar,L20,651,mar_Deva
panel2,A,mar_news_2020_300K,mar,L20,652,mar_Deva
panel2,A,mar_news_2020_300K,mar,L20,653,mar_Deva
panel2,A,mar_news_2020_300K,mar,L20,654,mar_Deva
panel2,A,mar_news_2020_300K,mar,L20,655,mar_Deva
panel2,A,mar_news_2020_300K,mar,L20,656,mar_Deva
panel2,A,mar_news_2020_300K,mar,L20,657,mar_Deva
panel2,A,mar_news_2020_300K,mar,L20,658,mar_Deva
panel2,A,mar_news_2020_300K,mar,L20,659,mar_Deva
panel2,A,mar_news_2020_300K,mar,L20,660,mar_Deva
panel2,A,mar_news_2020_300K,mar,L20,661,mar_Deva
panel2,A,mar_news_2020_300K,mar,L20,662,mar_Deva
panel2,A,mar_news_2020_300K,mar,L20,663,mar_Deva
panel2,A,mar_news_2020_300K,mar,L20,664,mar_Deva
panel2,A,mar_news_2020_300K,mar,L20,665,mar_Deva
panel2,A,mar_news_2020_300K,mar,L20,666,mar_Deva
panel2,A,mar_news_2020_300K,mar,L20,667,mar_Deva
panel2,A,mar_news_2020_300K,mar,L20,668,mar_Deva
panel2,A,mar_news_2020_300K,mar,L20,669,mar_Deva
panel2,A,mar_news_2020_300K,mar,L20,670,mar_Deva
panel2,A,mar_news_2020_300K,mar,L20,671,mar_Deva
panel2,A,mar_news_2020_300K,mar,L20,672,mar_Deva
panel2,A,mar_news_2020_300K,mar,L20,673,mar_Deva
panel2,A,mar_news_2020_300K,mar,L20,674,mar_Deva
panel2,A,mar_news_2020_300K,mar,L20,675,mar_Deva
panel2,A,mar_news_2020_300K,mar,L20,676,mar_Deva
panel2,A,mar_news_2020_300K,mar,L20,677,mar_Deva
panel2,A,mar_news_2020_300K,mar,L20,678,mar_Deva
panel2,A,mar_news_2020_300K,mar,L20,679,mar_Deva
panel2,A,mar_news_2020_300K,mar,L20,680,mar_Deva
panel2,A,mar_news_2020_300K,mar,L20,681,mar_Deva
panel2,A,mar_news_2020_300K,mar,L20,683,mar_Deva
panel2,A,mar_news_2020_300K,mar,L20,684,mar_Deva
panel2,A,mar_news_2020_300K,mar,L20,686,mar_Deva
panel2,A,mar_news_2020_300K,mar,L20,687,mar_Deva
panel2,A,mar_news_2020_300K,mar,L20,688,mar_Deva
panel2,A,mar_news_2020_300K,mar,L20,690,mar_Deva
panel2,A,mar_news_2020_300K,mar,L20,691,mar_Deva
panel2,A,mar_news_2020_300K,mar,L20,692,mar_Deva
panel2,A,mar_news_2020_300K,mar,L20,693,mar_Deva
panel2,A,mar_news_2020_300K,mar,L20,694,mar_Deva
panel2,A,mar_news_2020_300K,mar,L20,695,mar_Deva
panel2,A,mar_news_2020_300K,mar,L20,696,mar_Deva
panel2,A,mar_news_2020_300K,mar,L20,697,mar_Deva
panel2,A,mar_news_2020_300K,mar,L20,698,mar_Deva
panel2,A,mar_news_2020_300K,mar,L20,699,mar_Deva
panel2,A,mar_news_2020_300K,mar,L20,700,mar_Deva
panel2,A,mar_news_2020_300K,mar,L20,701,mar_Deva
panel2,A,mar_news_2020_300K,mar,L20,702,mar_Deva
panel2,A,mar_news_2020_300K,mar,L20,703,mar_Deva
panel2,A,mar_news_2020_300K,mar,L20,704,mar_Deva
panel2,A,mar_news_2020_300K,mar,L20,705,mar_Deva
panel2,A,mar_news_2020_300K,mar,L20,706,mar_Deva
panel2,A,mar_news_2020_300K,mar,L20,709,mar_Deva
panel2,A,mar_news_2020_300K,mar,L20,710,mar_Deva
panel2,A,mar_news_2020_300K,mar,L20,711,mar_Deva
panel2,A,mar_news_2020_300K,mar,L20,712,mar_Deva
panel2,A,mar_news_2020_300K,mar,L20,713,mar_Deva
panel2,A,mar_news_2020_300K,mar,L20,714,mar_Deva
panel2,A,mar_news_2020_300K,mar,L20,715,mar_Deva
panel2,A,mar_news_2020_300K,mar,L20,716,mar_Deva
panel2,A,mar_news_2020_300K,mar,L20,717,mar_Deva
panel2,A,mar_news_2020_300K,mar,L20,718,mar_Deva
panel2,A,mar_news_2020_300K,mar,L20,719,mar_Deva
panel2,A,mar_news_2020_300K,mar,L20,721,mar_Deva
panel2,A,mar_news_2020_300K,mar,L20,722,mar_Deva
panel2,A,mar_news_2020_300K,mar,L20,723,mar_Deva
panel2,A,mar_news_2020_300K,mar,L20,724,mar_Deva
panel2,A,mar_news_2020_300K,mar,L20,725,mar_Deva
panel2,A,mar_news_2020_300K,mar,L20,726,mar_Deva
panel2,A,mar_news_2020_300K,mar,L20,727,mar_Deva
panel2,A,mar_news_2020_300K,mar,L20,728,mar_Deva
panel2,A,mar_news_2020_300K,mar,L20,729,mar_Deva
panel2,A,mar_news_2020_300K,mar,L20,730,mar_Deva
panel2,A,mar_news_2020_300K,mar,L20,731,mar_Deva
panel2,A,mar_news_2020_300K,mar,L20,732,mar_Deva
panel2,A,mar_news_2020_300K,mar,L20,733,mar_Deva
panel2,A,mar_news_2020_300K,mar,L20,735,mar_Deva
panel2,A,mar_news_2020_300K,mar,L20,738,mar_Deva
panel2,A,mar_news_2020_300K,mar,L20,739,mar_Deva
panel2,A,mar_news_2020_300K,mar,L20,740,mar_Deva
panel2,A,mar_news_2020_300K,mar,L20,741,mar_Deva
panel2,A,mar_news_2020_300K,mar,L20,742,mar_Deva
panel2,A,mar_news_2020_300K,mar,L20,743,mar_Deva
panel2,A,mar_news_2020_300K,mar,L20,744,mar_Deva
panel2,A,mar_news_2020_300K,mar,L20,745,mar_Deva
panel2,A,mar_news_2020_300K,mar,L20,746,mar_Deva
panel2,A,mar_news_2020_300K,mar,L20,747,mar_Deva
panel2,A,mar_news_2020_300K,mar,L20,748,mar_Deva
panel2,A,mar_news_2020_300K,mar,L20,749,mar_Deva
panel2,A,mar_news_2020_300K,mar,L20,750,mar_Deva
panel2,A,mar_news_2020_300K,mar,L20,751,mar_Deva
panel2,A,mar_news_2020_300K,mar,L20,752,mar_Deva
panel2,A,mar_news_2020_300K,mar,L20,753,mar_Deva
panel2,A,mar_news_2020_300K,mar,L20,754,mar_Deva
panel2,A,mar_news_2020_300K,mar,L20,755,mar_Deva
panel2,A,mar_news_2020_300K,mar,L20,756,mar_Deva
panel2,A,mar_news_2020_300K,mar,L20,757,mar_Deva
panel2,A,mar_news_2020_300K,mar,L20,758,mar_Deva
panel2,A,mar_news_2020_300K,mar,L20,759,mar_Deva
panel2,A,mar_news_2020_300K,mar,L20,760,mar_Deva
panel2,A,mar_news_2020_300K,mar,L20,761,mar_Deva
panel2,A,mar_news_2020_300K,mar,L20,762,mar_Deva
panel2,A,mar_news_2020_300K,mar,L20,763,mar_Deva
panel2,A,mar_news_2020_300K,mar,L20,764,mar_Deva
panel2,A,mar_news_2020_300K,mar,L20,765,mar_Deva
panel2,A,mar_news_2020_300K,mar,L20,766,mar_Deva
panel2,A,mar_news_2020_300K,mar,L20,767,mar_Deva
panel2,A,mar_news_2020_300K,mar,L20,768,mar_Deva
panel2,A,mar_news_2020_300K,mar,L20,769,mar_Deva
panel2,A,mar_news_2020_300K,mar,L20,771,mar_Deva
panel2,A,mar_news_2020_300K,mar,L20,772,mar_Deva
panel2,A,mar_news_2020_300K,mar,L20,773,mar_Deva
panel2,A,mar_news_2020_300K,mar,L20,774,mar_Deva
panel2,A,mar_news_2020_300K,mar,L20,775,mar_Deva
panel2,A,mar_news_2020_300K,mar,L20,776,mar_Deva
panel2,A,mar_news_2020_300K,mar,L20,777,mar_Deva
panel2,A,mar_news_2020_300K,mar,L20,778,mar_Deva
panel2,A,mar_news_2020_300K,mar,L20,779,mar_Deva
panel2,A,mar_news_2020_300K,mar,L20,780,mar_Deva
panel2,A,mar_news_2020_300K,mar,L20,782,mar_Deva
panel2,A,mar_news_2020_300K,mar,L20,783,mar_Deva
panel2,A,mar_news_2020_300K,mar,L20,784,mar_Deva
panel2,A,mar_news_2020_300K,mar,L20,785,mar_Deva
panel2,A,mar_news_2020_300K,mar,L20,786,mar_Deva
panel2,A,mar_news_2020_300K,mar,L20,787,mar_Deva
panel2,A,mar_news_2020_300K,mar,L20,788,mar_Deva
panel2,A,mar_news_2020_300K,mar,L20,789,mar_Deva
panel2,A,mar_news_2020_300K,mar,L20,790,mar_Deva
panel2,A,mar_news_2020_300K,mar,L20,791,mar_Deva
panel2,A,mar_news_2020_300K,mar,L20,792,mar_Deva
panel2,A,mar_news_2020_300K,mar,L20,793,mar_Deva
panel2,A,mar_news_2020_300K,mar,L20,794,mar_Deva
panel2,A,mar_news_2020_300K,mar,L20,795,mar_Deva
panel2,A,mar_news_2020_300K,mar,L20,796,mar_Deva
panel2,A,mar_news_2020_300K,mar,L20,797,mar_Deva
panel2,A,mar_news_2020_300K,mar,L20,798,mar_Deva
panel2,A,mar_news_2020_300K,mar,L20,799,mar_Deva
panel2,A,mar_news_2020_300K,mar,L20,800,mar_Deva
panel2,A,mar_news_2020_300K,mar,L20,801,mar_Deva
panel2,A,mar_news_2020_300K,mar,L20,802,mar_Deva
panel2,A,mar_news_2020_300K,mar,L20,804,mar_Deva
panel2,A,mar_news_2020_300K,mar,L20,805,mar_Deva
panel2,A,mar_news_2020_300K,mar,L20,806,mar_Deva
panel2,A,mar_news_2020_300K,mar,L20,807,mar_Deva
panel2,A,mar_news_2020_300K,mar,L20,808,mar_Deva
panel2,A,mar_news_2020_300K,mar,L20,809,mar_Deva
panel2,A,mar_news_2020_300K,mar,L20,810,mar_Deva
panel2,A,mar_news_2020_300K,mar,L20,811,mar_Deva
panel2,A,mar_news_2020_300K,mar,L20,812,mar_Deva
panel2,A,mar_news_2020_300K,mar,L20,813,mar_Deva
panel2,A,mar_news_2020_300K,mar,L20,814,mar_Deva
panel2,A,mar_news_2020_300K,mar,L20,815,mar_Deva
panel2,A,mar_news_2020_300K,mar,L20,816,mar_Deva
panel2,A,mar_news_2020_300K,mar,L20,817,mar_Deva
panel2,A,mar_news_2020_300K,mar,L20,818,mar_Deva
panel2,A,mar_news_2020_300K,mar,L20,819,mar_Deva
panel2,A,mar_news_2020_300K,mar,L20,821,mar_Deva
panel2,A,mar_news_2020_300K,mar,L20,822,mar_Deva
panel2,A,mar_news_2020_300K,mar,L20,823,mar_Deva
panel2,A,mar_news_2020_300K,mar,L20,824,mar_Deva
panel2,A,mar_news_2020_300K,mar,L20,825,mar_Deva
panel2,A,mar_news_2020_300K,mar,L20,826,mar_Deva
panel2,A,mar_news_2020_300K,mar,L20,827,mar_Deva
panel2,A,mar_news_2020_300K,mar,L20,828,mar_Deva
panel2,A,mar_news_2020_300K,mar,L20,829,mar_Deva
panel2,A,mar_news_2020_300K,mar,L20,830,mar_Deva
panel2,A,mar_news_2020_300K,mar,L20,831,mar_Deva
panel2,A,mar_news_2020_300K,mar,L20,832,mar_Deva
panel2,A,mar_news_2020_300K,mar,L20,833,mar_Deva
panel2,A,mar_news_2020_300K,mar,L20,834,mar_Deva
panel2,A,mar_news_2020_300K,mar,L20,835,mar_Deva
panel2,A,mar_news_2020_300K,mar,L20,836,mar_Deva
panel2,A,mar_news_2020_300K,mar,L20,837,mar_Deva
panel2,A,mar_news_2020_300K,mar,L20,838,mar_Deva
panel2,A,mar_news_2020_300K,mar,L20,839,mar_Deva
panel2,A,mar_news_2020_300K,mar,L20,840,mar_Deva
panel2,A,mar_news_2020_300K,mar,L20,841,mar_Deva
panel2,A,mar_news_2020_300K,mar,L20,842,mar_Deva
panel2,A,mar_news_2020_300K,mar,L20,843,mar_Deva
panel2,A,mar_news_2020_300K,mar,L20,844,mar_Deva
panel2,A,mar_news_2020_300K,mar,L20,845,mar_Deva
panel2,A,mar_news_2020_300K,mar,L20,846,mar_Deva
panel2,A,mar_news_2020_300K,mar,L20,847,mar_Deva
panel2,A,mar_news_2020_300K,mar,L20,848,mar_Deva
panel2,A,mar_news_2020_300K,mar,L20,849,mar_Deva
panel2,A,mar_news_2020_300K,mar,L20,850,mar_Deva
panel2,A,mar_news_2020_300K,mar,L20,852,mar_Deva
panel2,A,mar_news_2020_300K,mar,L20,853,mar_Deva
panel2,A,mar_news_2020_300K,mar,L20,854,mar_Deva
panel2,A,mar_news_2020_300K,mar,L20,855,mar_Deva
panel2,A,mar_news_2020_300K,mar,L20,856,mar_Deva
panel2,A,mar_news_2020_300K,mar,L20,857,mar_Deva
panel2,A,mar_news_2020_300K,mar,L20,858,mar_Deva
panel2,A,mar_news_2020_300K,mar,L20,859,mar_Deva
panel2,A,mar_news_2020_300K,mar,L20,860,mar_Deva
panel2,A,mar_news_2020_300K,mar,L20,861,mar_Deva
panel2,A,mar_news_2020_300K,mar,L20,862,mar_Deva
panel2,A,mar_news_2020_300K,mar,L20,863,mar_Deva
panel2,A,mar_news_2020_300K,mar,L20,864,mar_Deva
panel2,A,mar_news_2020_300K,mar,L20,865,mar_Deva
panel2,A,mar_news_2020_300K,mar,L20,866,mar_Deva
panel2,A,mar_news_2020_300K,mar,L20,867,mar_Deva
panel2,A,mar_news_2020_300K,mar,L20,868,mar_Deva
panel2,A,mar_news_2020_300K,mar,L20,869,mar_Deva
panel2,A,mar_news_2020_300K,mar,L20,870,mar_Deva
panel2,A,mar_news_2020_300K,mar,L20,871,mar_Deva
panel2,A,mar_news_2020_300K,mar,L20,872,mar_Deva
panel2,A,mar_news_2020_300K,mar,L20,873,mar_Deva
panel2,A,mar_news_2020_300K,mar,L20,874,mar_Deva
panel2,A,mar_news_2020_300K,mar,L20,875,mar_Deva
panel2,A,mar_news_2020_300K,mar,L20,876,mar_Deva
panel2,A,mar_news_2020_300K,mar,L20,877,mar_Deva
panel2,A,mar_news_2020_300K,mar,L20,878,mar_Deva
panel2,A,mar_news_2020_300K,mar,L20,879,mar_Deva
panel2,A,mar_news_2020_300K,mar,L20,880,mar_Deva
panel2,A,mar_news_2020_300K,mar,L20,881,mar_Deva
panel2,A,mar_news_2020_300K,mar,L20,882,mar_Deva
panel2,A,mar_news_2020_300K,mar,L20,883,mar_Deva
panel2,A,mar_news_2020_300K,mar,L20,886,mar_Deva
panel2,A,mar_news_2020_300K,mar,L20,888,mar_Deva
panel2,A,mar_news_2020_300K,mar,L20,889,mar_Deva
panel2,A,mar_news_2020_300K,mar,L20,890,mar_Deva
panel2,A,mar_news_2020_300K,mar,L20,891,mar_Deva
panel2,A,mar_news_2020_300K,mar,L20,892,mar_Deva
panel2,A,mar_news_2020_300K,mar,L20,893,mar_Deva
panel2,A,mar_news_2020_300K,mar,L20,894,mar_Deva
panel2,A,mar_news_2020_300K,mar,L20,895,mar_Deva
panel2,A,mar_news_2020_300K,mar,L20,896,mar_Deva
panel2,A,mar_news_2020_300K,mar,L20,897,mar_Deva
panel2,A,mar_news_2020_300K,mar,L20,898,mar_Deva
panel2,A,mar_news_2020_300K,mar,L20,899,mar_Deva
panel2,A,mar_news_2020_300K,mar,L20,900,mar_Deva
panel2,A,mar_news_2020_300K,mar,L20,901,mar_Deva
panel2,A,mar_news_2020_300K,mar,L20,902,mar_Deva
panel2,A,mar_news_2020_300K,mar,L20,903,mar_Deva
panel2,A,mar_news_2020_300K,mar,L20,904,mar_Deva
panel2,A,mar_news_2020_300K,mar,L20,905,mar_Deva
panel2,A,mar_news_2020_300K,mar,L20,906,mar_Deva
panel2,A,mar_news_2020_300K,mar,L20,907,mar_Deva
panel2,A,mar_news_2020_300K,mar,L20,908,mar_Deva
panel2,A,mar_news_2020_300K,mar,L20,910,mar_Deva
panel2,A,mar_news_2020_300K,mar,L20,911,mar_Deva
panel2,A,mar_news_2020_300K,mar,L20,912,mar_Deva
panel2,A,mar_news_2020_300K,mar,L20,914,mar_Deva
panel2,A,mar_news_2020_300K,mar,L20,915,mar_Deva
panel2,A,mar_news_2020_300K,mar,L20,916,mar_Deva
panel2,A,mar_news_2020_300K,mar,L20,917,mar_Deva
panel2,A,mar_news_2020_300K,mar,L20,918,mar_Deva
panel2,A,mar_news_2020_300K,mar,L20,919,mar_Deva
panel2,A,mar_news_2020_300K,mar,L20,920,mar_Deva
panel2,A,mar_news_2020_300K,mar,L20,921,mar_Deva
panel2,A,mar_news_2020_300K,mar,L20,922,mar_Deva
panel2,A,mar_news_2020_300K,mar,L20,923,mar_Deva
panel2,A,mar_news_2020_300K,mar,L20,925,mar_Deva
panel2,A,mar_news_2020_300K,mar,L20,926,mar_Deva
panel2,A,mar_news_2020_300K,mar,L20,927,mar_Deva
panel2,A,mar_news_2020_300K,mar,L20,928,mar_Deva
panel2,A,mar_news_2020_300K,mar,L20,929,mar_Deva
panel2,A,mar_news_2020_300K,mar,L20,930,mar_Deva
panel2,A,mar_news_2020_300K,mar,L20,931,mar_Deva
panel2,A,mar_news_2020_300K,mar,L20,932,mar_Deva
panel2,A,mar_news_2020_300K,mar,L20,933,mar_Deva
panel2,A,mar_news_2020_300K,mar,L20,934,mar_Deva
panel2,A,mar_news_2020_300K,mar,L20,935,mar_Deva
panel2,A,mar_news_2020_300K,mar,L20,936,mar_Deva
panel2,A,mar_news_2020_300K,mar,L20,937,mar_Deva
panel2,A,mar_news_2020_300K,mar,L20,938,mar_Deva
panel2,A,mar_news_2020_300K,mar,L20,939,mar_Deva
panel2,A,mar_news_2020_300K,mar,L20,940,mar_Deva
panel2,A,mar_news_2020_300K,mar,L20,942,mar_Deva
panel2,A,mar_news_2020_300K,mar,L20,943,mar_Deva
panel2,A,mar_news_2020_300K,mar,L20,944,mar_Deva
panel2,A,mar_news_2020_300K,mar,L20,945,mar_Deva
panel2,A,mar_news_2020_300K,mar,L20,946,mar_Deva
panel2,A,mar_news_2020_300K,mar,L20,947,mar_Deva
panel2,A,mar_news_2020_300K,mar,L20,948,mar_Deva
panel2,A,mar_news_2020_300K,mar,L20,949,mar_Deva
panel2,A,mar_news_2020_300K,mar,L20,950,mar_Deva
panel2,A,mar_news_2020_300K,mar,L20,951,mar_Deva
panel2,A,mar_news_2020_300K,mar,L20,952,mar_Deva
panel2,A,mar_news_2020_300K,mar,L20,953,mar_Deva
panel2,A,mar_news_2020_300K,mar,L20,954,mar_Deva
panel2,A,mar_news_2020_300K,mar,L20,955,mar_Deva
panel2,A,mar_news_2020_300K,mar,L20,956,mar_Deva
panel2,A,mar_news_2020_300K,mar,L20,957,mar_Deva
panel2,A,mar_news_2020_300K,mar,L20,958,mar_Deva
panel2,A,mar_news_2020_300K,mar,L20,959,mar_Deva
panel2,A,mar_news_2020_300K,mar,L20,960,mar_Deva
panel2,A,mar_news_2020_300K,mar,L20,961,mar_Deva
panel2,A,mar_news_2020_300K,mar,L20,962,mar_Deva
panel2,A,mar_news_2020_300K,mar,L20,963,mar_Deva
panel2,A,mar_news_2020_300K,mar,L20,964,mar_Deva
panel2,A,mar_news_2020_300K,mar,L20,965,mar_Deva
panel2,A,mar_news_2020_300K,mar,L20,966,mar_Deva
panel2,A,mar_news_2020_300K,mar,L20,967,mar_Deva
panel2,A,mar_news_2020_300K,mar,L20,968,mar_Deva
panel2,A,mar_news_2020_300K,mar,L20,969,mar_Deva
panel2,A,mar_news_2020_300K,mar,L20,970,mar_Deva
panel2,A,mar_news_2020_300K,mar,L20,971,mar_Deva
panel2,A,mar_news_2020_300K,mar,L20,972,mar_Deva
panel2,A,mar_news_2020_300K,mar,L20,973,mar_Deva
panel2,A,mar_news_2020_300K,mar,L20,974,mar_Deva
panel2,A,mar_news_2020_300K,mar,L20,975,mar_Deva
panel2,A,mar_news_2020_300K,mar,L20,976,mar_Deva
panel2,A,mar_news_2020_300K,mar,L20,977,mar_Deva
panel2,A,mar_news_2020_300K,mar,L20,978,mar_Deva
panel2,A,mar_news_2020_300K,mar,L20,979,mar_Deva
panel2,A,mar_news_2020_300K,mar,L20,980,mar_Deva
panel2,A,mar_news_2020_300K,mar,L20,982,mar_Deva
panel2,A,mar_news_2020_300K,mar,L20,983,mar_Deva
panel2,A,mar_news_2020_300K,mar,L20,984,mar_Deva
panel2,A,mar_news_2020_300K,mar,L20,985,mar_Deva
panel2,A,mar_news_2020_300K,mar,L20,986,mar_Deva
panel2,A,mar_news_2020_300K,mar,L20,987,mar_Deva
panel2,A,mar_news_2020_300K,mar,L20,988,mar_Deva
panel2,A,mar_news_2020_300K,mar,L20,989,mar_Deva
panel2,A,mar_news_2020_300K,mar,L20,990,mar_Deva
panel2,A,mar_news_2020_300K,mar,L20,991,mar_Deva
panel2,A,mar_news_2020_300K,mar,L20,992,mar_Deva
panel2,A,mar_news_2020_300K,mar,L20,993,mar_Deva
panel2,A,mar_news_2020_300K,mar,L20,994,mar_Deva
panel2,A,mar_news_2020_300K,mar,L20,995,mar_Deva
panel2,A,mar_news_2020_300K,mar,L20,996,mar_Deva
panel2,A,mar_news_2020_300K,mar,L20,997,mar_Deva
panel2,A,mar_news_2020_300K,mar,L20,999,mar_Deva
panel2,A,mar_news_2020_300K,mar,L20,1000,mar_Deva
panel2,A,mar_news_2020_300K,mar,L20,1001,mar_Deva
panel2,A,mar_news_2020_300K,mar,L20,1002,mar_Deva
panel2,A,mar_news_2020_300K,mar,L20,1003,mar_Deva
panel2,A,mar_news_2020_300K,mar,L20,1004,mar_Deva
panel2,A,mar_news_2020_300K,mar,L20,1005,mar_Deva
panel2,A,mar_news_2020_300K,mar,L20,1006,mar_Deva
panel2,A,mar_news_2020_300K,mar,L20,1007,mar_Deva
panel2,A,mar_news_2020_300K,mar,L20,1008,mar_Deva
panel2,A,mar_news_2020_300K,mar,L20,1009,mar_Deva
panel2,A,mar_news_2020_300K,mar,L20,1011,mar_Deva
panel2,A,mar_news_2020_300K,mar,L20,1012,mar_Deva
panel2,A,mar_news_2020_300K,mar,L20,1013,mar_Deva
panel2,A,mar_news_2020_300K,mar,L20,1014,mar_Deva
panel2,A,mar_news_2020_300K,mar,L20,1015,mar_Deva
panel2,A,mar_news_2020_300K,mar,L20,1016,mar_Deva
panel2,A,mar_news_2020_300K,mar,L20,1017,mar_Deva
panel2,A,mar_news_2020_300K,mar,L20,1018,mar_Deva
panel2,A,mar_news_2020_300K,mar,L20,1019,mar_Deva
panel2,A,mar_news_2020_300K,mar,L20,1020,mar_Deva
panel2,A,mar_news_2020_300K,mar,L20,1021,mar_Deva
panel2,A,mar_news_2020_300K,mar,L20,1022,mar_Deva
panel2,A,mar_news_2020_300K,mar,L20,1023,mar_Deva
panel2,A,mar_news_2020_300K,mar,L20,1024,mar_Deva
panel2,A,mar_news_2020_300K,mar,L20,1025,mar_Deva
panel2,A,mar_news_2020_300K,mar,L20,1026,mar_Deva
panel2,A,mar_news_2020_300K,mar,L20,1027,mar_Deva
panel2,A,mar_news_2020_300K,mar,L20,1028,mar_Deva
panel2,A,mar_news_2020_300K,mar,L20,1029,mar_Deva
panel2,A,mar_news_2020_300K,mar,L20,1030,mar_Deva
panel2,A,mar_news_2020_300K,mar,L20,1031,mar_Deva
panel2,A,mar_news_2020_300K,mar,L20,1032,mar_Deva
panel2,A,mar_news_2020_300K,mar,L20,1033,mar_Deva
panel2,A,mar_news_2020_300K,mar,L20,1034,mar_Deva
panel2,A,mar_news_2020_300K,mar,L20,1035,mar_Deva
panel2,A,mar_news_2020_300K,mar,L20,1037,mar_Deva
panel2,A,mar_news_2020_300K,mar,L20,1038,mar_Deva
panel2,A,mar_news_2020_300K,mar,L20,1039,mar_Deva
panel2,A,mar_news_2020_300K,mar,L20,1040,mar_Deva
panel2,A,mar_news_2020_300K,mar,L20,1041,mar_Deva
panel2,A,mar_news_2020_300K,mar,L20,1042,mar_Deva
panel2,A,mar_news_2020_300K,mar,L20,1043,mar_Deva
panel2,A,mar_news_2020_300K,mar,L20,1044,mar_Deva
panel2,A,mar_news_2020_300K,mar,L20,1045,mar_Deva
panel2,A,mar_news_2020_300K,mar,L20,1047,mar_Deva
panel2,A,mar_news_2020_300K,mar,L20,1048,mar_Deva
panel2,A,mar_news_2020_300K,mar,L20,1049,mar_Deva
panel2,A,mar_news_2020_300K,mar,L20,1050,mar_Deva
panel2,A,mar_news_2020_300K,mar,L20,1052,mar_Deva
panel2,A,mar_news_2020_300K,mar,L20,1053,mar_Deva
panel2,A,mar_news_2020_300K,mar,L20,1054,mar_Deva
panel2,A,mar_news_2020_300K,mar,L20,1055,mar_Deva
panel2,A,mar_news_2020_300K,mar,L20,1056,mar_Deva
panel2,A,mar_news_2020_300K,mar,L20,1057,mar_Deva
panel2,A,mar_news_2020_300K,mar,L20,1058,mar_Deva
panel2,A,mar_news_2020_300K,mar,L20,1059,mar_Deva
panel2,A,mar_news_2020_300K,mar,L20,1060,mar_Deva
panel2,A,mar_news_2020_300K,mar,L20,1061,mar_Deva
panel2,A,mar_news_2020_300K,mar,L20,1062,mar_Deva
panel2,A,mar_news_2020_300K,mar,L20,1063,mar_Deva
panel2,A,mar_news_2020_300K,mar,L20,1064,mar_Deva
panel2,A,mar_news_2020_300K,mar,L20,1065,mar_Deva
panel2,A,mar_news_2020_300K,mar,L20,1066,mar_Deva
panel2,A,mar_news_2020_300K,mar,L20,1067,mar_Deva
panel2,A,mar_news_2020_300K,mar,L20,1068,mar_Deva
panel2,A,mar_news_2020_300K,mar,L20,1069,mar_Deva
panel2,A,mar_news_2020_300K,mar,L20,1070,mar_Deva
panel2,A,mar_news_2020_300K,mar,L20,1071,mar_Deva
panel2,A,mar_news_2020_300K,mar,L20,1072,mar_Deva
panel2,A,mar_news_2020_300K,mar,L20,1073,mar_Deva
panel2,A,mar_news_2020_300K,mar,L20,1074,mar_Deva
panel2,A,mar_news_2020_300K,mar,L20,1075,mar_Deva
panel2,A,mar_news_2020_300K,mar,L20,1076,mar_Deva
panel2,A,mar_news_2020_300K,mar,L20,1077,mar_Deva
panel2,A,mar_news_2020_300K,mar,L20,1078,mar_Deva
panel2,A,mar_news_2020_300K,mar,L20,1079,mar_Deva
panel2,A,mar_news_2020_300K,mar,L20,1080,mar_Deva
panel2,A,mar_news_2020_300K,mar,L20,1081,mar_Deva
panel2,A,mar_news_2020_300K,mar,L20,1082,mar_Deva
panel2,A,mar_news_2020_300K,mar,L20,1083,mar_Deva
panel2,A,mar_news_2020_300K,mar,L20,1084,mar_Deva
panel2,A,mar_news_2020_300K,mar,L20,1085,mar_Deva
panel2,A,mar_news_2020_300K,mar,L20,1086,mar_Deva
panel2,A,mar_news_2020_300K,mar,L20,1087,mar_Deva
panel2,A,mar_news_2020_300K,mar,L20,1088,mar_Deva
panel2,A,mar_news_2020_300K,mar,L20,1089,mar_Deva
panel2,A,mar_news_2020_300K,mar,L20,1090,mar_Deva
panel2,A,mar_news_2020_300K,mar,L20,1091,mar_Deva
panel2,A,mar_news_2020_300K,mar,L20,1092,mar_Deva
panel2,A,mar_news_2020_300K,mar,L20,1093,mar_Deva
panel2,A,mar_news_2020_300K,mar,L20,1094,mar_Deva
panel2,A,mar_news_2020_300K,mar,L20,1095,mar_Deva
panel2,A,mar_news_2020_300K,mar,L20,1096,mar_Deva
panel2,A,mar_news_2020_300K,mar,L20,1097,mar_Deva
panel2,A,mar_news_2020_300K,mar,L20,1098,mar_Deva
panel2,A,mar_news_2020_300K,mar,L20,1100,mar_Deva
panel2,A,mar_news_2020_300K,mar,L20,1101,mar_Deva
panel2,A,mar_news_2020_300K,mar,L20,1103,mar_Deva
panel2,A,mar_news_2020_300K,mar,L20,1105,mar_Deva
panel2,A,mar_news_2020_300K,mar,L20,1106,mar_Deva
panel2,A,mar_news_2020_300K,mar,L20,1107,mar_Deva
panel2,A,mar_news_2020_300K,mar,L20,1108,mar_Deva
panel2,A,mar_news_2020_300K,mar,L20,1109,mar_Deva
panel2,A,mar_news_2020_300K,mar,L20,1110,mar_Deva
panel2,A,mar_news_2020_300K,mar,L20,1111,mar_Deva
panel2,A,mar_news_2020_300K,mar,L20,1112,mar_Deva
panel2,A,mar_news_2020_300K,mar,L20,1113,mar_Deva
panel2,A,mar_news_2020_300K,mar,L20,1114,mar_Deva
panel2,A,mar_news_2020_300K,mar,L20,1115,mar_Deva
panel2,A,mar_news_2020_300K,mar,L20,1116,mar_Deva
panel2,A,mar_news_2020_300K,mar,L20,1117,mar_Deva
panel2,A,mar_news_2020_300K,mar,L20,1118,mar_Deva
panel2,A,mar_news_2020_300K,mar,L20,1119,mar_Deva
panel2,A,mar_news_2020_300K,mar,L20,1120,mar_Deva
panel2,A,mar_news_2020_300K,mar,L20,1121,mar_Deva
panel2,A,mar_news_2020_300K,mar,L20,1122,mar_Deva
panel2,A,mar_news_2020_300K,mar,L20,1124,mar_Deva
panel2,A,mar_news_2020_300K,mar,L20,1125,mar_Deva
panel2,A,mar_news_2020_300K,mar,L20,1126,mar_Deva
panel2,A,mar_news_2020_300K,mar,L20,1127,mar_Deva
panel2,A,mar_news_2020_300K,mar,L20,1128,mar_Deva
panel2,A,mar_news_2020_300K,mar,L20,1129,mar_Deva
panel2,A,mar_news_2020_300K,mar,L20,1130,mar_Deva
panel2,A,mar_news_2020_300K,mar,L20,1131,mar_Deva
panel2,A,mar_news_2020_300K,mar,L20,1132,mar_Deva
panel2,A,mar_news_2020_300K,mar,L20,1134,mar_Deva
panel2,A,mar_news_2020_300K,mar,L20,1135,mar_Deva
panel2,A,mar_news_2020_300K,mar,L20,1136,mar_Deva
panel2,A,mar_news_2020_300K,mar,L20,1137,mar_Deva
panel2,A,mar_news_2020_300K,mar,L20,1138,mar_Deva
panel2,A,mar_news_2020_300K,mar,L20,1139,mar_Deva
panel2,A,mar_news_2020_300K,mar,L20,1140,mar_Deva
panel2,A,mar_news_2020_300K,mar,L20,1141,mar_Deva
panel2,A,mar_news_2020_300K,mar,L20,1142,mar_Deva
panel2,A,mar_news_2020_300K,mar,L20,1143,mar_Deva
panel2,A,mar_news_2020_300K,mar,L20,1144,mar_Deva
panel2,A,mar_news_2020_300K,mar,L20,1145,mar_Deva
panel2,A,mar_news_2020_300K,mar,L20,1146,mar_Deva
panel2,A,mar_news_2020_300K,mar,L20,1147,mar_Deva
panel2,A,mar_news_2020_300K,mar,L20,1148,mar_Deva
panel2,A,mar_news_2020_300K,mar,L20,1149,mar_Deva
panel2,A,mar_news_2020_300K,mar,L20,1150,mar_Deva
panel2,A,mar_news_2020_300K,mar,L20,1151,mar_Deva
panel2,A,mar_news_2020_300K,mar,L20,1152,mar_Deva
panel2,A,mar_news_2020_300K,mar,L20,1153,mar_Deva
panel2,A,mar_news_2020_300K,mar,L20,1154,mar_Deva
panel2,A,mar_news_2020_300K,mar,L20,1155,mar_Deva
panel2,A,mar_news_2020_300K,mar,L20,1156,mar_Deva
panel2,A,mar_news_2020_300K,mar,L20,1157,mar_Deva
panel2,A,mar_news_2020_300K,mar,L20,1158,mar_Deva
panel2,A,mar_news_2020_300K,mar,L20,1160,mar_Deva
panel2,A,mar_news_2020_300K,mar,L20,1161,mar_Deva
panel2,A,mar_news_2020_300K,mar,L20,1162,mar_Deva
panel2,A,mar_news_2020_300K,mar,L20,1163,mar_Deva
panel2,A,mar_news_2020_300K,mar,L20,1164,mar_Deva
panel2,A,mar_news_2020_300K,mar,L20,1165,mar_Deva
panel2,A,mar_news_2020_300K,mar,L20,1166,mar_Deva
panel2,A,mar_news_2020_300K,mar,L20,1168,mar_Deva
panel2,A,mar_news_2020_300K,mar,L20,1170,mar_Deva
panel2,A,mar_news_2020_300K,mar,L20,1171,mar_Deva
panel2,A,mar_news_2020_300K,mar,L20,1172,mar_Deva
panel2,A,mar_news_2020_300K,mar,L20,1173,mar_Deva
panel2,A,mar_news_2020_300K,mar,L20,1174,mar_Deva
panel2,A,mar_news_2020_300K,mar,L20,1175,mar_Deva
panel2,A,mar_news_2020_300K,mar,L20,1176,mar_Deva
panel2,A,mar_news_2020_300K,mar,L20,1177,mar_Deva
panel2,A,mar_news_2020_300K,mar,L20,1178,mar_Deva
panel2,A,mar_news_2020_300K,mar,L20,1179,mar_Deva
panel2,A,mar_news_2020_300K,mar,L20,1181,mar_Deva
panel2,A,mar_news_2020_300K,mar,L20,1182,mar_Deva
panel2,A,mar_news_2020_300K,mar,L20,1183,mar_Deva
panel2,A,mar_news_2020_300K,mar,L20,1184,mar_Deva
panel2,A,mar_news_2020_300K,mar,L20,1185,mar_Deva
panel2,A,mar_news_2020_300K,mar,L20,1186,mar_Deva
panel2,A,mar_news_2020_300K,mar,L20,1187,mar_Deva
panel2,A,mar_news_2020_300K,mar,L20,1188,mar_Deva
panel2,A,mar_news_2020_300K,mar,L20,1189,mar_Deva
panel2,A,mar_news_2020_300K,mar,L20,1190,mar_Deva
panel2,A,mar_news_2020_300K,mar,L20,1191,mar_Deva
panel2,A,mar_news_2020_300K,mar,L20,1192,mar_Deva
panel2,A,mar_news_2020_300K,mar,L20,1193,mar_Deva
panel2,A,mar_news_2020_300K,mar,L20,1194,mar_Deva
panel2,A,mar_news_2020_300K,mar,L20,1195,mar_Deva
panel2,A,mar_news_2020_300K,mar,L20,1196,mar_Deva
panel2,A,mar_news_2020_300K,mar,L20,1197,mar_Deva
panel2,A,mar_news_2020_300K,mar,L20,1198,mar_Deva
panel2,A,mar_news_2020_300K,mar,L20,1199,mar_Deva
panel2,A,mar_news_2020_300K,mar,L20,1200,mar_Deva
panel2,A,mar_news_2020_300K,mar,L20,1201,mar_Deva
panel2,A,mar_news_2020_300K,mar,L20,1202,mar_Deva
panel2,A,mar_news_2020_300K,mar,L20,1203,mar_Deva
panel2,A,mar_news_2020_300K,mar,L20,1204,mar_Deva
panel2,A,mar_news_2020_300K,mar,L20,1205,mar_Deva
panel2,A,mar_news_2020_300K,mar,L20,1206,mar_Deva
panel2,A,mar_news_2020_300K,mar,L20,1207,mar_Deva
panel2,A,mar_news_2020_300K,mar,L20,1208,mar_Deva
panel2,A,mar_news_2020_300K,mar,L20,1209,mar_Deva
panel2,A,mar_news_2020_300K,mar,L20,1210,mar_Deva
panel2,A,mar_news_2020_300K,mar,L20,1211,mar_Deva
panel2,A,mar_news_2020_300K,mar,L20,1212,mar_Deva
panel2,A,mar_news_2020_300K,mar,L20,1213,mar_Deva
panel2,A,mar_news_2020_300K,mar,L20,1214,mar_Deva
panel2,A,mar_news_2020_300K,mar,L20,1215,mar_Deva
panel2,A,mar_news_2020_300K,mar,L20,1217,mar_Deva
panel2,A,mar_news_2020_300K,mar,L20,1218,mar_Deva
panel2,A,mar_news_2020_300K,mar,L20,1219,mar_Deva
panel2,A,mar_news_2020_300K,mar,L20,1220,mar_Deva
panel2,A,mar_news_2020_300K,mar,L20,1221,mar_Deva
panel2,A,mar_news_2020_300K,mar,L20,1222,mar_Deva
panel2,A,mar_news_2020_300K,mar,L20,1223,mar_Deva
panel2,A,mar_news_2020_300K,mar,L20,1224,mar_Deva
panel2,A,mar_news_2020_300K,mar,L20,1225,mar_Deva
panel2,A,mar_news_2020_300K,mar,L20,1226,mar_Deva
panel2,A,mar_news_2020_300K,mar,L20,1227,mar_Deva
panel2,A,mar_news_2020_300K,mar,L20,1228,mar_Deva
panel2,A,mar_news_2020_300K,mar,L20,1229,mar_Deva
panel2,A,mar_news_2020_300K,mar,L20,1230,mar_Deva
panel2,A,mar_news_2020_300K,mar,L20,1231,mar_Deva
panel2,A,mar_news_2020_300K,mar,L20,1232,mar_Deva
panel2,A,mar_news_2020_300K,mar,L20,1233,mar_Deva
panel2,A,mar_news_2020_300K,mar,L20,1234,mar_Deva
panel2,A,mar_news_2020_300K,mar,L20,1235,mar_Deva
panel2,A,mar_news_2020_300K,mar,L20,1236,mar_Deva
panel2,A,mar_news_2020_300K,mar,L20,1237,mar_Deva
panel2,A,mar_news_2020_300K,mar,L20,1238,mar_Deva
panel2,A,mar_news_2020_300K,mar,L20,1239,mar_Deva
panel2,A,mar_news_2020_300K,mar,L20,1240,mar_Deva
panel2,A,mar_news_2020_300K,mar,L20,1241,mar_Deva
panel2,A,mar_news_2020_300K,mar,L20,1242,mar_Deva
panel2,A,mar_news_2020_300K,mar,L20,1243,mar_Deva
panel2,A,mar_news_2020_300K,mar,L20,1244,mar_Deva
panel2,A,mar_news_2020_300K,mar,L20,1245,mar_Deva
panel2,A,mar_news_2020_300K,mar,L20,1246,mar_Deva
panel2,A,mar_news_2020_300K,mar,L20,1247,mar_Deva
panel2,A,mar_news_2020_300K,mar,L20,1248,mar_Deva
panel2,A,mar_news_2020_300K,mar,L20,1249,mar_Deva
panel2,A,mar_news_2020_300K,mar,L20,1250,mar_Deva
panel2,A,mar_news_2020_300K,mar,L20,1251,mar_Deva
panel2,A,mar_news_2020_300K,mar,L20,1252,mar_Deva
panel2,A,mar_news_2020_300K,mar,L20,1253,mar_Deva
panel2,A,mar_news_2020_300K,mar,L20,1254,mar_Deva
panel2,A,mar_news_2020_300K,mar,L20,1255,mar_Deva
panel2,A,mar_news_2020_300K,mar,L20,1256,mar_Deva
panel2,A,mar_news_2020_300K,mar,L20,1257,mar_Deva
panel2,A,mar_news_2020_300K,mar,L20,1258,mar_Deva
panel2,A,mar_news_2020_300K,mar,L20,1259,mar_Deva
panel2,A,mar_news_2020_300K,mar,L20,1262,mar_Deva
panel2,A,mar_news_2020_300K,mar,L20,1263,mar_Deva
panel2,A,mar_news_2020_300K,mar,L20,1264,mar_Deva
panel2,A,mar_news_2020_300K,mar,L20,1265,mar_Deva
panel2,A,mar_news_2020_300K,mar,L20,1266,mar_Deva
panel2,A,mar_news_2020_300K,mar,L20,1267,mar_Deva
panel2,A,mar_news_2020_300K,mar,L20,1269,mar_Deva
panel2,A,mar_news_2020_300K,mar,L20,1270,mar_Deva
panel2,A,mar_news_2020_300K,mar,L20,1271,mar_Deva
panel2,A,mar_news_2020_300K,mar,L20,1272,mar_Deva
panel2,A,mar_news_2020_300K,mar,L20,1273,mar_Deva
panel2,A,mar_news_2020_300K,mar,L20,1274,mar_Deva
panel2,A,mar_news_2020_300K,mar,L20,1275,mar_Deva
panel2,A,mar_news_2020_300K,mar,L20,1276,mar_Deva
panel2,A,mar_news_2020_300K,mar,L20,1277,mar_Deva
panel2,A,mar_news_2020_300K,mar,L20,1278,mar_Deva
panel2,A,mar_news_2020_300K,mar,L20,1279,mar_Deva
panel2,A,mar_news_2020_300K,mar,L20,1280,mar_Deva
panel2,A,mar_news_2020_300K,mar,L20,1281,mar_Deva
panel2,A,mar_news_2020_300K,mar,L20,1282,mar_Deva
panel2,A,mar_news_2020_300K,mar,L20,1283,mar_Deva
panel2,A,mar_news_2020_300K,mar,L20,1284,mar_Deva
panel2,A,mar_news_2020_300K,mar,L20,1286,mar_Deva
panel2,A,mar_news_2020_300K,mar,L20,1287,mar_Deva
panel2,A,mar_news_2020_300K,mar,L20,1288,mar_Deva
panel2,A,mar_news_2020_300K,mar,L20,1289,mar_Deva
panel2,A,mar_news_2020_300K,mar,L20,1290,mar_Deva
panel2,A,mar_news_2020_300K,mar,L20,1292,mar_Deva
panel2,A,mar_news_2020_300K,mar,L20,1293,mar_Deva
panel2,A,mar_news_2020_300K,mar,L20,1294,mar_Deva
panel2,A,mar_news_2020_300K,mar,L20,1295,mar_Deva
panel2,A,mar_news_2020_300K,mar,L20,1296,mar_Deva
panel2,A,mar_news_2020_300K,mar,L20,1297,mar_Deva
panel2,A,mar_news_2020_300K,mar,L20,1298,mar_Deva
panel2,A,mar_news_2020_300K,mar,L20,1299,mar_Deva
panel2,A,mar_news_2020_300K,mar,L20,1300,mar_Deva
panel2,A,mar_news_2020_300K,mar,L20,1301,mar_Deva
panel2,A,mar_news_2020_300K,mar,L20,1302,mar_Deva
panel2,A,mar_news_2020_300K,mar,L20,1303,mar_Deva
panel2,A,mar_news_2020_300K,mar,L20,1304,mar_Deva
panel2,A,mar_news_2020_300K,mar,L20,1305,mar_Deva
panel2,A,mar_news_2020_300K,mar,L20,1306,mar_Deva
panel2,A,mar_news_2020_300K,mar,L20,1308,mar_Deva
panel2,A,mar_news_2020_300K,mar,L20,1309,mar_Deva
panel2,A,mar_news_2020_300K,mar,L20,1310,mar_Deva
panel2,A,mar_news_2020_300K,mar,L20,1311,mar_Deva
panel2,A,mar_news_2020_300K,mar,L20,1312,mar_Deva
panel2,A,mar_news_2020_300K,mar,L20,1313,mar_Deva
panel2,A,mar_news_2020_300K,mar,L20,1314,mar_Deva
panel2,A,mar_news_2020_300K,mar,L20,1315,mar_Deva
panel2,A,mar_news_2020_300K,mar,L20,1316,mar_Deva
panel2,A,mar_news_2020_300K,mar,L20,1317,mar_Deva
panel2,A,mar_news_2020_300K,mar,L20,1318,mar_Deva
panel2,A,mar_news_2020_300K,mar,L20,1319,mar_Deva
panel2,A,mar_news_2020_300K,mar,L20,1320,mar_Deva
panel2,A,mar_news_2020_300K,mar,L20,1321,mar_Deva
panel2,A,mar_news_2020_300K,mar,L20,1322,mar_Deva
panel2,A,mar_news_2020_300K,mar,L20,1323,mar_Deva
panel2,A,mar_news_2020_300K,mar,L20,1324,mar_Deva
panel2,A,mar_news_2020_300K,mar,L20,1325,mar_Deva
panel2,A,mar_news_2020_300K,mar,L20,1326,mar_Deva
panel2,A,mar_news_2020_300K,mar,L20,1327,mar_Deva
panel2,A,mar_news_2020_300K,mar,L20,1328,mar_Deva
panel2,A,mar_news_2020_300K,mar,L20,1329,mar_Deva
panel2,A,mar_news_2020_300K,mar,L20,1330,mar_Deva
panel2,A,mar_news_2020_300K,mar,L20,1331,mar_Deva
panel2,A,mar_news_2020_300K,mar,L20,1332,mar_Deva
panel2,A,mar_news_2020_300K,mar,L20,1333,mar_Deva
panel2,A,mar_news_2020_300K,mar,L20,1334,mar_Deva
panel2,A,mar_news_2020_300K,mar,L20,1335,mar_Deva
panel2,A,mar_news_2020_300K,mar,L20,1336,mar_Deva
panel2,A,mar_news_2020_300K,mar,L20,1337,mar_Deva
panel2,A,mar_news_2020_300K,mar,L20,1338,mar_Deva
panel2,A,mar_news_2020_300K,mar,L20,1339,mar_Deva
panel2,A,mar_news_2020_300K,mar,L20,1340,mar_Deva
panel2,A,mar_news_2020_300K,mar,L20,1341,mar_Deva
panel2,A,mar_news_2020_300K,mar,L20,1342,mar_Deva
panel2,A,mar_news_2020_300K,mar,L20,1343,mar_Deva
panel2,A,mar_news_2020_300K,mar,L20,1344,mar_Deva
panel2,A,mar_news_2020_300K,mar,L20,1345,mar_Deva
panel2,A,mar_news_2020_300K,mar,L20,1346,mar_Deva
panel2,A,mar_news_2020_300K,mar,L20,1347,mar_Deva
panel2,A,mar_news_2020_300K,mar,L20,1348,mar_Deva
panel2,A,mar_news_2020_300K,mar,L20,1349,mar_Deva
panel2,A,mar_news_2020_300K,mar,L20,1350,mar_Deva
panel2,A,mar_news_2020_300K,mar,L20,1351,mar_Deva
panel2,A,mar_news_2020_300K,mar,L20,1352,mar_Deva
panel2,A,mar_news_2020_300K,mar,L20,1353,mar_Deva
panel2,A,mar_news_2020_300K,mar,L20,1354,mar_Deva
panel2,A,mar_news_2020_300K,mar,L20,1355,mar_Deva
panel2,A,mar_news_2020_300K,mar,L20,1356,mar_Deva
panel2,A,mar_news_2020_300K,mar,L20,1357,mar_Deva
panel2,A,mar_news_2020_300K,mar,L20,1358,mar_Deva
panel2,A,mar_news_2020_300K,mar,L20,1359,mar_Deva
panel2,A,mar_news_2020_300K,mar,L20,1360,mar_Deva
panel2,A,mar_news_2020_300K,mar,L20,1361,mar_Deva
panel2,A,mar_news_2020_300K,mar,L20,1362,mar_Deva
panel2,A,mar_news_2020_300K,mar,L20,1363,mar_Deva
panel2,A,mar_news_2020_300K,mar,L20,1364,mar_Deva
panel2,A,mar_news_2020_300K,mar,L20,1365,mar_Deva
panel2,A,mar_news_2020_300K,mar,L20,1366,mar_Deva
panel2,A,mar_news_2020_300K,mar,L20,1368,mar_Deva
panel2,A,mar_news_2020_300K,mar,L20,1369,mar_Deva
panel2,A,mar_news_2020_300K,mar,L20,1370,mar_Deva
panel2,A,mar_news_2020_300K,mar,L20,1371,mar_Deva
panel2,A,mar_news_2020_300K,mar,L20,1372,mar_Deva
panel2,A,mar_news_2020_300K,mar,L20,1373,mar_Deva
panel2,A,mar_news_2020_300K,mar,L20,1374,mar_Deva
panel2,A,mar_news_2020_300K,mar,L20,1375,mar_Deva
panel2,A,mar_news_2020_300K,mar,L20,1376,mar_Deva
panel2,A,mar_news_2020_300K,mar,L20,1377,mar_Deva
panel2,A,mar_news_2020_300K,mar,L20,1378,mar_Deva
panel2,A,mar_news_2020_300K,mar,L20,1379,mar_Deva
panel2,A,mar_news_2020_300K,mar,L20,1380,mar_Deva
panel2,A,mar_news_2020_300K,mar,L20,1381,mar_Deva
panel2,A,mar_news_2020_300K,mar,L20,1382,mar_Deva
panel2,A,mar_news_2020_300K,mar,L20,1383,mar_Deva
panel2,A,mar_news_2020_300K,mar,L20,1384,mar_Deva
panel2,A,mar_news_2020_300K,mar,L20,1385,mar_Deva
panel2,A,mar_news_2020_300K,mar,L20,1386,mar_Deva
panel2,A,mar_news_2020_300K,mar,L20,1387,mar_Deva
panel2,A,mar_news_2020_300K,mar,L20,1388,mar_Deva
panel2,A,mar_news_2020_300K,mar,L20,1389,mar_Deva
panel2,A,mar_news_2020_300K,mar,L20,1390,mar_Deva
panel2,A,mar_news_2020_300K,mar,L20,1391,mar_Deva
panel2,A,mar_news_2020_300K,mar,L20,1392,mar_Deva
panel2,A,mar_news_2020_300K,mar,L20,1393,mar_Deva
panel2,A,mar_news_2020_300K,mar,L20,1394,mar_Deva
panel2,A,mar_news_2020_300K,mar,L20,1395,mar_Deva
panel2,A,mar_news_2020_300K,mar,L20,1396,mar_Deva
panel2,A,mar_news_2020_300K,mar,L20,1397,mar_Deva
panel2,A,mar_news_2020_300K,mar,L20,1398,mar_Deva
panel2,A,mar_news_2020_300K,mar,L20,1399,mar_Deva
panel2,A,mar_news_2020_300K,mar,L20,1400,mar_Deva
panel2,A,mar_news_2020_300K,mar,L20,1401,mar_Deva
panel2,A,mar_news_2020_300K,mar,L20,1403,mar_Deva
panel2,A,mar_news_2020_300K,mar,L20,1404,mar_Deva
panel2,A,mar_news_2020_300K,mar,L20,1405,mar_Deva
panel2,A,mar_news_2020_300K,mar,L20,1406,mar_Deva
panel2,A,mar_news_2020_300K,mar,L20,1407,mar_Deva
panel2,A,mar_news_2020_300K,mar,L20,1408,mar_Deva
panel2,A,mar_news_2020_300K,mar,L20,1409,mar_Deva
panel2,A,mar_news_2020_300K,mar,L20,1410,mar_Deva
panel2,A,mar_news_2020_300K,mar,L20,1411,mar_Deva
panel2,A,mar_news_2020_300K,mar,L20,1412,mar_Deva
panel2,A,mar_news_2020_300K,mar,L20,1413,mar_Deva
panel2,A,mar_news_2020_300K,mar,L20,1414,mar_Deva
panel2,A,mar_news_2020_300K,mar,L20,1415,mar_Deva
panel2,A,mar_news_2020_300K,mar,L20,1416,mar_Deva
panel2,A,mar_news_2020_300K,mar,L20,1417,mar_Deva
panel2,A,mar_news_2020_300K,mar,L20,1418,mar_Deva
panel2,A,mar_news_2020_300K,mar,L20,1419,mar_Deva
panel2,A,mar_news_2020_300K,mar,L20,1420,mar_Deva
panel2,A,mar_news_2020_300K,mar,L20,1421,mar_Deva
panel2,A,mar_news_2020_300K,mar,L20,1422,mar_Deva
panel2,A,mar_news_2020_300K,mar,L20,1423,mar_Deva
panel2,A,mar_news_2020_300K,mar,L20,1424,mar_Deva
panel2,A,mar_news_2020_300K,mar,L20,1425,mar_Deva
panel2,A,mar_news_2020_300K,mar,L20,1426,mar_Deva
panel2,A,mar_news_2020_300K,mar,L20,1427,mar_Deva
panel2,A,mar_news_2020_300K,mar,L20,1428,mar_Deva
panel2,A,mar_news_2020_300K,mar,L20,1429,mar_Deva
panel2,A,mar_news_2020_300K,mar,L20,1430,mar_Deva
panel2,A,mar_news_2020_300K,mar,L20,1431,mar_Deva
panel2,A,mar_news_2020_300K,mar,L20,1432,mar_Deva
panel2,A,mar_news_2020_300K,mar,L20,1433,mar_Deva
panel2,A,mar_news_2020_300K,mar,L20,1434,mar_Deva
panel2,A,mar_news_2020_300K,mar,L20,1435,mar_Deva
panel2,A,mar_news_2020_300K,mar,L20,1436,mar_Deva
panel2,A,mar_news_2020_300K,mar,L20,1437,mar_Deva
panel2,A,mar_news_2020_300K,mar,L20,1438,mar_Deva
panel2,A,mar_news_2020_300K,mar,L20,1439,mar_Deva
panel2,A,mar_news_2020_300K,mar,L20,1440,mar_Deva
panel2,A,mar_news_2020_300K,mar,L20,1441,mar_Deva
panel2,A,mar_news_2020_300K,mar,L20,1442,mar_Deva
panel2,A,mar_news_2020_300K,mar,L20,1443,mar_Deva
panel2,A,mar_news_2020_300K,mar,L20,1444,mar_Deva
panel2,A,mar_news_2020_300K,mar,L20,1445,mar_Deva
panel2,A,mar_news_2020_300K,mar,L20,1446,mar_Deva
panel2,A,mar_news_2020_300K,mar,L20,1447,mar_Deva
panel2,A,mar_news_2020_300K,mar,L20,1448,mar_Deva
panel2,A,mar_news_2020_300K,mar,L20,1450,mar_Deva
panel2,A,mar_news_2020_300K,mar,L20,1451,mar_Deva
panel2,A,mar_news_2020_300K,mar,L20,1452,mar_Deva
panel2,A,mar_news_2020_300K,mar,L20,1453,mar_Deva
panel2,A,mar_news_2020_300K,mar,L20,1454,mar_Deva
panel2,A,mar_news_2020_300K,mar,L20,1455,mar_Deva
panel2,A,mar_news_2020_300K,mar,L20,1456,mar_Deva
panel2,A,mar_news_2020_300K,mar,L20,1457,mar_Deva
panel2,A,mar_news_2020_300K,mar,L20,1459,mar_Deva
panel2,A,mar_news_2020_300K,mar,L20,1460,mar_Deva
panel2,A,mar_news_2020_300K,mar,L20,1461,mar_Deva
panel2,A,mar_news_2020_300K,mar,L20,1463,mar_Deva
panel2,A,mar_news_2020_300K,mar,L20,1464,mar_Deva
panel2,A,mar_news_2020_300K,mar,L20,1465,mar_Deva
panel2,A,mar_news_2020_300K,mar,L20,1466,mar_Deva
panel2,A,mar_news_2020_300K,mar,L20,1467,mar_Deva
panel2,A,mar_news_2020_300K,mar,L20,1468,mar_Deva
panel2,A,mar_news_2020_300K,mar,L20,1469,mar_Deva
panel2,A,mar_news_2020_300K,mar,L20,1470,mar_Deva
panel2,A,mar_news_2020_300K,mar,L20,1471,mar_Deva
panel2,A,mar_news_2020_300K,mar,L20,1472,mar_Deva
panel2,A,mar_news_2020_300K,mar,L20,1473,mar_Deva
panel2,A,mar_news_2020_300K,mar,L20,1474,mar_Deva
panel2,A,mar_news_2020_300K,mar,L20,1475,mar_Deva
panel2,A,mar_news_2020_300K,mar,L20,1476,mar_Deva
panel2,A,mar_news_2020_300K,mar,L20,1477,mar_Deva
panel2,A,mar_news_2020_300K,mar,L20,1478,mar_Deva
panel2,A,mar_news_2020_300K,mar,L20,1479,mar_Deva
panel2,A,mar_news_2020_300K,mar,L20,1480,mar_Deva
panel2,A,mar_news_2020_300K,mar,L20,1481,mar_Deva
panel2,A,mar_news_2020_300K,mar,L20,1482,mar_Deva
panel2,A,mar_news_2020_300K,mar,L20,1483,mar_Deva
panel2,A,mar_news_2020_300K,mar,L20,1484,mar_Deva
panel2,A,mar_news_2020_300K,mar,L20,1485,mar_Deva
panel2,A,mar_news_2020_300K,mar,L20,1487,mar_Deva
panel2,A,mar_news_2020_300K,mar,L20,1488,mar_Deva
panel2,A,mar_news_2020_300K,mar,L20,1489,mar_Deva
panel2,A,mar_news_2020_300K,mar,L20,1490,mar_Deva
panel2,A,mar_news_2020_300K,mar,L20,1491,mar_Deva
panel2,A,mar_news_2020_300K,mar,L20,1492,mar_Deva
panel2,A,mar_news_2020_300K,mar,L20,1493,mar_Deva
panel2,A,mar_news_2020_300K,mar,L20,1494,mar_Deva
panel2,A,mar_news_2020_300K,mar,L20,1495,mar_Deva
panel2,A,mar_news_2020_300K,mar,L20,1496,mar_Deva
panel2,A,mar_news_2020_300K,mar,L20,1497,mar_Deva
panel2,A,mar_news_2020_300K,mar,L20,1498,mar_Deva
panel2,A,mar_news_2020_300K,mar,L20,1499,mar_Deva
panel2,A,mar_news_2020_300K,mar,L20,1500,mar_Deva
panel2,A,mar_news_2020_300K,mar,L20,1501,mar_Deva
panel2,A,mar_news_2020_300K,mar,L20,1502,mar_Deva
panel2,A,mar_news_2020_300K,mar,L20,1503,mar_Deva
panel2,A,mar_news_2020_300K,mar,L20,1504,mar_Deva
panel2,A,mar_news_2020_300K,mar,L20,1505,mar_Deva
panel2,A,mar_news_2020_300K,mar,L20,1506,mar_Deva
panel2,A,mar_news_2020_300K,mar,L20,1508,mar_Deva
panel2,A,mar_news_2020_300K,mar,L20,1509,mar_Deva
panel2,A,mar_news_2020_300K,mar,L20,1510,mar_Deva
panel2,A,mar_news_2020_300K,mar,L20,1511,mar_Deva
panel2,A,mar_news_2020_300K,mar,L20,1512,mar_Deva
panel2,A,mar_news_2020_300K,mar,L20,1513,mar_Deva
panel2,A,mar_news_2020_300K,mar,L20,1514,mar_Deva
panel2,A,mar_news_2020_300K,mar,L20,1515,mar_Deva
panel2,A,mar_news_2020_300K,mar,L20,1516,mar_Deva
panel2,A,mar_news_2020_300K,mar,L20,1517,mar_Deva
panel2,A,mar_news_2020_300K,mar,L20,1518,mar_Deva
panel2,A,mar_news_2020_300K,mar,L20,1519,mar_Deva
panel2,A,mar_news_2020_300K,mar,L20,1520,mar_Deva
panel2,A,mar_news_2020_300K,mar,L20,1522,mar_Deva
panel2,A,mar_news_2020_300K,mar,L20,1523,mar_Deva
panel2,A,mar_news_2020_300K,mar,L20,1524,mar_Deva
panel2,A,mar_news_2020_300K,mar,L20,1525,mar_Deva
panel2,A,mar_news_2020_300K,mar,L20,1526,mar_Deva
panel2,A,mar_news_2020_300K,mar,L20,1527,mar_Deva
panel2,A,mar_news_2020_300K,mar,L20,1528,mar_Deva
panel2,A,mar_news_2020_300K,mar,L20,1529,mar_Deva
panel2,A,mar_news_2020_300K,mar,L20,1530,mar_Deva
panel2,A,mar_news_2020_300K,mar,L20,1531,mar_Deva
panel2,A,mar_news_2020_300K,mar,L20,1532,mar_Deva
panel2,A,mar_news_2020_300K,mar,L20,1533,mar_Deva
panel2,A,mar_news_2020_300K,mar,L20,1534,mar_Deva
panel2,A,mar_news_2020_300K,mar,L20,1535,mar_Deva
panel2,A,mar_news_2020_300K,mar,L20,1536,mar_Deva
panel2,A,mar_news_2020_300K,mar,L20,1537,mar_Deva
panel2,A,mar_news_2020_300K,mar,L20,1538,mar_Deva
panel2,A,mar_news_2020_300K,mar,L20,1539,mar_Deva
panel2,A,mar_news_2020_300K,mar,L20,1540,mar_Deva
panel2,A,mar_news_2020_300K,mar,L20,1541,mar_Deva
panel2,A,mar_news_2020_300K,mar,L20,1542,mar_Deva
panel2,A,mar_news_2020_300K,mar,L20,1543,mar_Deva
panel2,A,mar_news_2020_300K,mar,L20,1544,mar_Deva
panel2,A,mar_news_2020_300K,mar,L20,1545,mar_Deva
panel2,A,mar_news_2020_300K,mar,L20,1546,mar_Deva
panel2,A,mar_news_2020_300K,mar,L20,1547,mar_Deva
panel2,A,mar_news_2020_300K,mar,L20,1548,mar_Deva
panel2,A,mar_news_2020_300K,mar,L20,1549,mar_Deva
panel2,A,mar_news_2020_300K,mar,L20,1550,mar_Deva
panel2,A,mar_news_2020_300K,mar,L20,1551,mar_Deva
panel2,A,mar_news_2020_300K,mar,L20,1552,mar_Deva
panel2,A,mar_news_2020_300K,mar,L20,1553,mar_Deva
panel2,A,mar_news_2020_300K,mar,L20,1554,mar_Deva
panel2,A,mar_news_2020_300K,mar,L20,1556,mar_Deva
panel2,A,mar_news_2020_300K,mar,L20,1557,mar_Deva
panel2,A,mar_news_2020_300K,mar,L20,1558,mar_Deva
panel2,A,mar_news_2020_300K,mar,L20,1559,mar_Deva
panel2,A,mar_news_2020_300K,mar,L20,1560,mar_Deva
panel2,A,mar_news_2020_300K,mar,L20,1561,mar_Deva
panel2,A,mar_news_2020_300K,mar,L20,1562,mar_Deva
panel2,A,mar_news_2020_300K,mar,L20,1563,mar_Deva
panel2,A,mar_news_2020_300K,mar,L20,1564,mar_Deva
panel2,A,mar_news_2020_300K,mar,L20,1565,mar_Deva
panel2,A,mar_news_2020_300K,mar,L20,1567,mar_Deva
panel2,A,mar_news_2020_300K,mar,L20,1568,mar_Deva
panel2,A,mar_news_2020_300K,mar,L20,1569,mar_Deva
panel2,A,mar_news_2020_300K,mar,L20,1570,mar_Deva
panel2,A,mar_news_2020_300K,mar,L20,1571,mar_Deva
panel2,A,mar_news_2020_300K,mar,L20,1572,mar_Deva
panel2,A,mar_news_2020_300K,mar,L20,1573,mar_Deva
panel2,A,mar_news_2020_300K,mar,L20,1574,mar_Deva
panel2,A,mar_news_2020_300K,mar,L20,1575,mar_Deva
panel2,A,mar_news_2020_300K,mar,L20,1576,mar_Deva
panel2,A,mar_news_2020_300K,mar,L20,1577,mar_Deva
panel2,A,mar_news_2020_300K,mar,L20,1578,mar_Deva
panel2,A,mar_news_2020_300K,mar,L20,1579,mar_Deva
panel2,A,mar_news_2020_300K,mar,L20,1580,mar_Deva
panel2,A,mar_news_2020_300K,mar,L20,1581,mar_Deva
panel2,A,mar_news_2020_300K,mar,L20,1582,mar_Deva
panel2,A,mar_news_2020_300K,mar,L20,1583,mar_Deva
panel2,A,mar_news_2020_300K,mar,L20,1584,mar_Deva
panel2,A,mar_news_2020_300K,mar,L20,1585,mar_Deva
panel2,A,mar_news_2020_300K,mar,L20,1586,mar_Deva
panel2,A,mar_news_2020_300K,mar,L20,1587,mar_Deva
panel2,A,mar_news_2020_300K,mar,L20,1588,mar_Deva
panel2,A,mar_news_2020_300K,mar,L20,1589,mar_Deva
panel2,A,mar_news_2020_300K,mar,L20,1590,mar_Deva
panel2,A,mar_news_2020_300K,mar,L20,1591,mar_Deva
panel2,A,mar_news_2020_300K,mar,L20,1592,mar_Deva
panel2,A,mar_news_2020_300K,mar,L20,1593,mar_Deva
panel2,A,mar_news_2020_300K,mar,L20,1594,mar_Deva
panel2,A,mar_news_2020_300K,mar,L20,1595,mar_Deva
panel2,A,mar_news_2020_300K,mar,L20,1596,mar_Deva
panel2,A,mar_news_2020_300K,mar,L20,1597,mar_Deva
panel2,A,mar_news_2020_300K,mar,L20,1598,mar_Deva
panel2,A,mar_news_2020_300K,mar,L20,1599,mar_Deva
panel2,A,mar_news_2020_300K,mar,L20,1600,mar_Deva
panel2,A,mar_news_2020_300K,mar,L20,1601,mar_Deva
panel2,A,mar_news_2020_300K,mar,L20,1602,mar_Deva
panel2,A,mar_news_2020_300K,mar,L20,1603,mar_Deva
panel2,A,mar_news_2020_300K,mar,L20,1604,mar_Deva
panel2,A,mar_news_2020_300K,mar,L20,1605,mar_Deva
panel2,A,mar_news_2020_300K,mar,L20,1607,mar_Deva
panel2,A,mar_news_2020_300K,mar,L20,1608,mar_Deva
panel2,A,mar_news_2020_300K,mar,L20,1609,mar_Deva
panel2,A,mar_news_2020_300K,mar,L20,1610,mar_Deva
panel2,A,mar_news_2020_300K,mar,L20,1611,mar_Deva
panel2,A,mar_news_2020_300K,mar,L20,1612,mar_Deva
panel2,A,mar_news_2020_300K,mar,L20,1613,mar_Deva
panel2,A,mar_news_2020_300K,mar,L20,1614,mar_Deva
panel2,A,mar_news_2020_300K,mar,L20,1615,mar_Deva
panel2,A,mar_news_2020_300K,mar,L20,1616,mar_Deva
panel2,A,mar_news_2020_300K,mar,L20,1617,mar_Deva
panel2,A,mar_news_2020_300K,mar,L20,1619,mar_Deva
panel2,A,mar_news_2020_300K,mar,L20,1620,mar_Deva
panel2,A,mar_news_2020_300K,mar,L20,1621,mar_Deva
panel2,A,mar_news_2020_300K,mar,L20,1623,mar_Deva
panel2,A,mar_news_2020_300K,mar,L20,1624,mar_Deva
panel2,A,mar_news_2020_300K,mar,L20,1625,mar_Deva
panel2,A,mar_news_2020_300K,mar,L20,1626,mar_Deva
panel2,A,mar_news_2020_300K,mar,L20,1627,mar_Deva
panel2,A,mar_news_2020_300K,mar,L20,1628,mar_Deva
panel2,A,mar_news_2020_300K,mar,L20,1629,mar_Deva
panel2,A,mar_news_2020_300K,mar,L20,1630,mar_Deva
panel2,A,mar_news_2020_300K,mar,L20,1631,mar_Deva
panel2,A,mar_news_2020_300K,mar,L20,1632,mar_Deva
panel2,A,mar_news_2020_300K,mar,L20,1633,mar_Deva
panel2,A,mar_news_2020_300K,mar,L20,1634,mar_Deva
panel2,A,mar_news_2020_300K,mar,L20,1635,mar_Deva
panel2,A,mar_news_2020_300K,mar,L20,1636,mar_Deva
panel2,A,mar_news_2020_300K,mar,L20,1637,mar_Deva
panel2,A,mar_news_2020_300K,mar,L20,1639,mar_Deva
panel2,A,mar_news_2020_300K,mar,L20,1640,mar_Deva
panel2,A,mar_news_2020_300K,mar,L20,1641,mar_Deva
panel2,A,mar_news_2020_300K,mar,L20,1642,mar_Deva
panel2,A,mar_news_2020_300K,mar,L20,1644,mar_Deva
panel2,A,mar_news_2020_300K,mar,L20,1645,mar_Deva
panel2,A,mar_news_2020_300K,mar,L20,1646,mar_Deva
panel2,A,mar_news_2020_300K,mar,L20,1647,mar_Deva
panel2,A,mar_news_2020_300K,mar,L20,1648,mar_Deva
panel2,A,mar_news_2020_300K,mar,L20,1649,mar_Deva
panel2,A,mar_news_2020_300K,mar,L20,1650,mar_Deva
panel2,A,mar_news_2020_300K,mar,L20,1651,mar_Deva
panel2,A,mar_news_2020_300K,mar,L20,1652,mar_Deva
panel2,A,mar_news_2020_300K,mar,L20,1654,mar_Deva
panel2,A,mar_news_2020_300K,mar,L20,1655,mar_Deva
panel2,A,mar_news_2020_300K,mar,L20,1656,mar_Deva
panel2,A,mar_news_2020_300K,mar,L20,1657,mar_Deva
panel2,A,mar_news_2020_300K,mar,L20,1659,mar_Deva
panel2,A,mar_news_2020_300K,mar,L20,1660,mar_Deva
panel2,A,mar_news_2020_300K,mar,L20,1661,mar_Deva
panel2,A,mar_news_2020_300K,mar,L20,1662,mar_Deva
panel2,A,mar_news_2020_300K,mar,L20,1663,mar_Deva
panel2,A,mar_news_2020_300K,mar,L20,1664,mar_Deva
panel2,A,mar_news_2020_300K,mar,L20,1668,mar_Deva
panel2,A,mar_news_2020_300K,mar,L20,1669,mar_Deva
panel2,A,mar_news_2020_300K,mar,L20,1670,mar_Deva
panel2,A,mar_news_2020_300K,mar,L20,1671,mar_Deva
panel2,A,mar_news_2020_300K,mar,L20,1672,mar_Deva
panel2,A,mar_news_2020_300K,mar,L20,1673,mar_Deva
panel2,A,mar_news_2020_300K,mar,L20,1674,mar_Deva
panel2,A,mar_news_2020_300K,mar,L20,1675,mar_Deva
panel2,A,mar_news_2020_300K,mar,L20,1676,mar_Deva
panel2,A,mar_news_2020_300K,mar,L20,1677,mar_Deva
panel2,A,mar_news_2020_300K,mar,L20,1678,mar_Deva
panel2,A,mar_news_2020_300K,mar,L20,1679,mar_Deva
panel2,A,mar_news_2020_300K,mar,L20,1681,mar_Deva
panel2,A,mar_news_2020_300K,mar,L20,1682,mar_Deva
panel2,A,mar_news_2020_300K,mar,L20,1683,mar_Deva
panel2,A,mar_news_2020_300K,mar,L20,1684,mar_Deva
panel2,A,mar_news_2020_300K,mar,L20,1685,mar_Deva
panel2,A,mar_news_2020_300K,mar,L20,1686,mar_Deva
panel2,A,mar_news_2020_300K,mar,L20,1687,mar_Deva
panel2,A,mar_news_2020_300K,mar,L20,1688,mar_Deva
panel2,A,mar_news_2020_300K,mar,L20,1689,mar_Deva
panel2,A,mar_news_2020_300K,mar,L20,1690,mar_Deva
panel2,A,mar_news_2020_300K,mar,L20,1691,mar_Deva
panel2,A,mar_news_2020_300K,mar,L20,1692,mar_Deva
panel2,A,mar_news_2020_300K,mar,L20,1693,mar_Deva
panel2,A,mar_news_2020_300K,mar,L20,1694,mar_Deva
panel2,A,mar_news_2020_300K,mar,L20,1695,mar_Deva
panel2,A,mar_news_2020_300K,mar,L20,1696,mar_Deva
panel2,A,mar_news_2020_300K,mar,L20,1697,mar_Deva
panel2,A,mar_news_2020_300K,mar,L20,1698,mar_Deva
panel2,A,mar_news_2020_300K,mar,L20,1699,mar_Deva
panel2,A,mar_news_2020_300K,mar,L20,1700,mar_Deva
panel2,A,mar_news_2020_300K,mar,L20,1701,mar_Deva
panel2,A,mar_news_2020_300K,mar,L20,1702,mar_Deva
panel2,A,mar_news_2020_300K,mar,L20,1703,mar_Deva
panel2,A,mar_news_2020_300K,mar,L20,1704,mar_Deva
panel2,A,mar_news_2020_300K,mar,L20,1705,mar_Deva
panel2,A,mar_news_2020_300K,mar,L20,1706,mar_Deva
panel2,A,mar_news_2020_300K,mar,L20,1707,mar_Deva
panel2,A,mar_news_2020_300K,mar,L20,1708,mar_Deva
panel2,A,mar_news_2020_300K,mar,L20,1709,mar_Deva
panel2,A,mar_news_2020_300K,mar,L20,1710,mar_Deva
panel2,A,mar_news_2020_300K,mar,L20,1711,mar_Deva
panel2,A,mar_news_2020_300K,mar,L20,1712,mar_Deva
panel2,A,mar_news_2020_300K,mar,L20,1713,mar_Deva
panel2,A,mar_news_2020_300K,mar,L20,1715,mar_Deva
panel2,A,mar_news_2020_300K,mar,L20,1716,mar_Deva
panel2,A,mar_news_2020_300K,mar,L20,1717,mar_Deva
panel2,A,mar_news_2020_300K,mar,L20,1718,mar_Deva
panel2,A,mar_news_2020_300K,mar,L20,1719,mar_Deva
panel2,A,mar_news_2020_300K,mar,L20,1721,mar_Deva
panel2,A,mar_news_2020_300K,mar,L20,1722,mar_Deva
panel2,A,mar_news_2020_300K,mar,L20,1723,mar_Deva
panel2,A,mar_news_2020_300K,mar,L20,1724,mar_Deva
panel2,A,mar_news_2020_300K,mar,L20,1725,mar_Deva
panel2,A,mar_news_2020_300K,mar,L20,1727,mar_Deva
panel2,A,mar_news_2020_300K,mar,L20,1728,mar_Deva
panel2,A,mar_news_2020_300K,mar,L20,1729,mar_Deva
panel2,A,mar_news_2020_300K,mar,L20,1730,mar_Deva
panel2,A,mar_news_2020_300K,mar,L20,1731,mar_Deva
panel2,A,mar_news_2020_300K,mar,L20,1732,mar_Deva
panel2,A,mar_news_2020_300K,mar,L20,1733,mar_Deva
panel2,A,mar_news_2020_300K,mar,L20,1734,mar_Deva
panel2,A,mar_news_2020_300K,mar,L20,1735,mar_Deva
panel2,A,mar_news_2020_300K,mar,L20,1737,mar_Deva
panel2,A,mar_news_2020_300K,mar,L20,1738,mar_Deva
panel2,A,mar_news_2020_300K,mar,L20,1739,mar_Deva
panel2,A,mar_news_2020_300K,mar,L20,1740,mar_Deva
panel2,A,mar_news_2020_300K,mar,L20,1741,mar_Deva
panel2,A,mar_news_2020_300K,mar,L20,1742,mar_Deva
panel2,A,mar_news_2020_300K,mar,L20,1744,mar_Deva
panel2,A,mar_news_2020_300K,mar,L20,1745,mar_Deva
panel2,A,mar_news_2020_300K,mar,L20,1746,mar_Deva
panel2,A,mar_news_2020_300K,mar,L20,1747,mar_Deva
panel2,A,mar_news_2020_300K,mar,L20,1748,mar_Deva
panel2,A,mar_news_2020_300K,mar,L20,1749,mar_Deva
panel2,A,mar_news_2020_300K,mar,L20,1750,mar_Deva
panel2,A,mar_news_2020_300K,mar,L20,1751,mar_Deva
panel2,A,mar_news_2020_300K,mar,L20,1752,mar_Deva
panel2,A,mar_news_2020_300K,mar,L20,1753,mar_Deva
panel2,A,mar_news_2020_300K,mar,L20,1754,mar_Deva
panel2,A,mar_news_2020_300K,mar,L20,1755,mar_Deva
panel2,A,mar_news_2020_300K,mar,L20,1756,mar_Deva
panel2,A,mar_news_2020_300K,mar,L20,1757,mar_Deva
panel2,A,mar_news_2020_300K,mar,L20,1759,mar_Deva
panel2,A,mar_news_2020_300K,mar,L20,1760,mar_Deva
panel2,A,mar_news_2020_300K,mar,L20,1761,mar_Deva
panel2,A,mar_news_2020_300K,mar,L20,1763,mar_Deva
panel2,A,mar_news_2020_300K,mar,L20,1764,mar_Deva
panel2,A,mar_news_2020_300K,mar,L20,1765,mar_Deva
panel2,A,mar_news_2020_300K,mar,L20,1766,mar_Deva
panel2,A,mar_news_2020_300K,mar,L20,1767,mar_Deva
panel2,A,mar_news_2020_300K,mar,L20,1768,mar_Deva
panel2,A,mar_news_2020_300K,mar,L20,1769,mar_Deva
panel2,A,mar_news_2020_300K,mar,L20,1770,mar_Deva
panel2,A,mar_news_2020_300K,mar,L20,1771,mar_Deva
panel2,A,mar_news_2020_300K,mar,L20,1772,mar_Deva
panel2,A,mar_news_2020_300K,mar,L20,1773,mar_Deva
panel2,A,mar_news_2020_300K,mar,L20,1774,mar_Deva
panel2,A,mar_news_2020_300K,mar,L20,1775,mar_Deva
panel2,A,mar_news_2020_300K,mar,L20,1776,mar_Deva
panel2,A,mar_news_2020_300K,mar,L20,1777,mar_Deva
panel2,A,mar_news_2020_300K,mar,L20,1778,mar_Deva
panel2,A,mar_news_2020_300K,mar,L20,1779,mar_Deva
panel2,A,mar_news_2020_300K,mar,L20,1780,mar_Deva
panel2,A,mar_news_2020_300K,mar,L20,1782,mar_Deva
panel2,A,mar_news_2020_300K,mar,L20,1783,mar_Deva
panel2,A,mar_news_2020_300K,mar,L20,1784,mar_Deva
panel2,A,mar_news_2020_300K,mar,L20,1785,mar_Deva
panel2,A,mar_news_2020_300K,mar,L20,1786,mar_Deva
panel2,A,mar_news_2020_300K,mar,L20,1787,mar_Deva
panel2,A,mar_news_2020_300K,mar,L20,1788,mar_Deva
panel2,A,mar_news_2020_300K,mar,L20,1789,mar_Deva
panel2,A,mar_news_2020_300K,mar,L20,1790,mar_Deva
panel2,A,mar_news_2020_300K,mar,L20,1791,mar_Deva
panel2,A,mar_news_2020_300K,mar,L20,1792,mar_Deva
panel2,A,mar_news_2020_300K,mar,L20,1793,mar_Deva
panel2,A,mar_news_2020_300K,mar,L20,1794,mar_Deva
panel2,A,mar_news_2020_300K,mar,L20,1795,mar_Deva
panel2,A,mar_news_2020_300K,mar,L20,1796,mar_Deva
panel2,A,mar_news_2020_300K,mar,L20,1797,mar_Deva
panel2,A,mar_news_2020_300K,mar,L20,1798,mar_Deva
panel2,A,mar_news_2020_300K,mar,L20,1799,mar_Deva
panel2,A,mar_news_2020_300K,mar,L20,1800,mar_Deva
panel2,A,mar_news_2020_300K,mar,L20,1801,mar_Deva
panel2,A,mar_news_2020_300K,mar,L20,1802,mar_Deva
panel2,A,mar_news_2020_300K,mar,L20,1803,mar_Deva
panel2,A,mar_news_2020_300K,mar,L20,1804,mar_Deva
panel2,A,mar_news_2020_300K,mar,L20,1805,mar_Deva
panel2,A,mar_news_2020_300K,mar,L20,1806,mar_Deva
panel2,A,mar_news_2020_300K,mar,L20,1808,mar_Deva
panel2,A,mar_news_2020_300K,mar,L20,1809,mar_Deva
panel2,A,mar_news_2020_300K,mar,L20,1810,mar_Deva
panel2,A,mar_news_2020_300K,mar,L20,1811,mar_Deva
panel2,A,mar_news_2020_300K,mar,L20,1812,mar_Deva
panel2,A,mar_news_2020_300K,mar,L20,1813,mar_Deva
panel2,A,mar_news_2020_300K,mar,L20,1814,mar_Deva
panel2,A,mar_news_2020_300K,mar,L20,1815,mar_Deva
panel2,A,mar_news_2020_300K,mar,L20,1816,mar_Deva
panel2,A,mar_news_2020_300K,mar,L20,1817,mar_Deva
panel2,A,mar_news_2020_300K,mar,L20,1818,mar_Deva
panel2,A,mar_news_2020_300K,mar,L20,1819,mar_Deva
panel2,A,mar_news_2020_300K,mar,L20,1820,mar_Deva
panel2,A,mar_news_2020_300K,mar,L20,1821,mar_Deva
panel2,A,mar_news_2020_300K,mar,L20,1822,mar_Deva
panel2,A,mar_news_2020_300K,mar,L20,1823,mar_Deva
panel2,A,mar_news_2020_300K,mar,L20,1824,mar_Deva
panel2,A,mar_news_2020_300K,mar,L20,1825,mar_Deva
panel2,A,mar_news_2020_300K,mar,L20,1826,mar_Deva
panel2,A,mar_news_2020_300K,mar,L20,1827,mar_Deva
panel2,A,mar_news_2020_300K,mar,L20,1828,mar_Deva
panel2,A,mar_news_2020_300K,mar,L20,1829,mar_Deva
panel2,A,mar_news_2020_300K,mar,L20,1830,mar_Deva
panel2,A,mar_news_2020_300K,mar,L20,1831,mar_Deva
panel2,A,mar_news_2020_300K,mar,L20,1832,mar_Deva
panel2,A,mar_news_2020_300K,mar,L20,1834,mar_Deva
panel2,A,mar_news_2020_300K,mar,L20,1835,mar_Deva
panel2,A,mar_news_2020_300K,mar,L20,1836,mar_Deva
panel2,A,mar_news_2020_300K,mar,L20,1837,mar_Deva
panel2,A,mar_news_2020_300K,mar,L20,1838,mar_Deva
panel2,A,mar_news_2020_300K,mar,L20,1839,mar_Deva
panel2,A,mar_news_2020_300K,mar,L20,1840,mar_Deva
panel2,A,mar_news_2020_300K,mar,L20,1841,mar_Deva
panel2,A,mar_news_2020_300K,mar,L20,1842,mar_Deva
panel2,A,mar_news_2020_300K,mar,L20,1843,mar_Deva
panel2,A,mar_news_2020_300K,mar,L20,1844,mar_Deva
panel2,A,mar_news_2020_300K,mar,L20,1845,mar_Deva
panel2,A,mar_news_2020_300K,mar,L20,1846,mar_Deva
panel2,A,mar_news_2020_300K,mar,L20,1847,mar_Deva
panel2,A,mar_news_2020_300K,mar,L20,1848,mar_Deva
panel2,A,mar_news_2020_300K,mar,L20,1849,mar_Deva
panel2,A,mar_news_2020_300K,mar,L20,1850,mar_Deva
panel2,A,mar_news_2020_300K,mar,L20,1851,mar_Deva
panel2,A,mar_news_2020_300K,mar,L20,1852,mar_Deva
panel2,A,mar_news_2020_300K,mar,L20,1853,mar_Deva
panel2,A,mar_news_2020_300K,mar,L20,1854,mar_Deva
panel2,A,mar_news_2020_300K,mar,L20,1855,mar_Deva
panel2,A,mar_news_2020_300K,mar,L20,1856,mar_Deva
panel2,A,mar_news_2020_300K,mar,L20,1857,mar_Deva
panel2,A,mar_news_2020_300K,mar,L20,1858,mar_Deva
panel2,A,mar_news_2020_300K,mar,L20,1859,mar_Deva
panel2,A,mar_news_2020_300K,mar,L20,1860,mar_Deva
panel2,A,mar_news_2020_300K,mar,L20,1861,mar_Deva
panel2,A,mar_news_2020_300K,mar,L20,1862,mar_Deva
panel2,A,mar_news_2020_300K,mar,L20,1863,mar_Deva
panel2,A,mar_news_2020_300K,mar,L20,1864,mar_Deva
panel2,A,mar_news_2020_300K,mar,L20,1865,mar_Deva
panel2,A,mar_news_2020_300K,mar,L20,1866,mar_Deva
panel2,A,mar_news_2020_300K,mar,L20,1867,mar_Deva
panel2,A,mar_news_2020_300K,mar,L20,1868,mar_Deva
panel2,A,mar_news_2020_300K,mar,L20,1869,mar_Deva
panel2,A,mar_news_2020_300K,mar,L20,1871,mar_Deva
panel2,A,mar_news_2020_300K,mar,L20,1872,mar_Deva
panel2,A,mar_news_2020_300K,mar,L20,1873,mar_Deva
panel2,A,mar_news_2020_300K,mar,L20,1874,mar_Deva
panel2,A,mar_news_2020_300K,mar,L20,1875,mar_Deva
panel2,A,mar_news_2020_300K,mar,L20,1876,mar_Deva
panel2,A,mar_news_2020_300K,mar,L20,1877,mar_Deva
panel2,A,mar_news_2020_300K,mar,L20,1878,mar_Deva
panel2,A,mar_news_2020_300K,mar,L20,1879,mar_Deva
panel2,A,mar_news_2020_300K,mar,L20,1880,mar_Deva
panel2,A,mar_news_2020_300K,mar,L20,1881,mar_Deva
panel2,A,mar_news_2020_300K,mar,L20,1882,mar_Deva
panel2,A,mar_news_2020_300K,mar,L20,1883,mar_Deva
panel2,A,mar_news_2020_300K,mar,L20,1884,mar_Deva
panel2,A,mar_news_2020_300K,mar,L20,1885,mar_Deva
panel2,A,mar_news_2020_300K,mar,L20,1886,mar_Deva
panel2,A,mar_news_2020_300K,mar,L20,1887,mar_Deva
panel2,A,mar_news_2020_300K,mar,L20,1888,mar_Deva
panel2,A,mar_news_2020_300K,mar,L20,1889,mar_Deva
panel2,A,mar_news_2020_300K,mar,L20,1890,mar_Deva
panel2,A,mar_news_2020_300K,mar,L20,1891,mar_Deva
panel2,A,mar_news_2020_300K,mar,L20,1892,mar_Deva
panel2,A,mar_news_2020_300K,mar,L20,1893,mar_Deva
panel2,A,mar_news_2020_300K,mar,L20,1894,mar_Deva
panel2,A,mar_news_2020_300K,mar,L20,1895,mar_Deva
panel2,A,mar_news_2020_300K,mar,L20,1896,mar_Deva
panel2,A,mar_news_2020_300K,mar,L20,1897,mar_Deva
panel2,A,mar_news_2020_300K,mar,L20,1898,mar_Deva
panel2,A,mar_news_2020_300K,mar,L20,1900,mar_Deva
panel2,A,mar_news_2020_300K,mar,L20,1901,mar_Deva
panel2,A,mar_news_2020_300K,mar,L20,1902,mar_Deva
panel2,A,mar_news_2020_300K,mar,L20,1903,mar_Deva
panel2,A,mar_news_2020_300K,mar,L20,1904,mar_Deva
panel2,A,mar_news_2020_300K,mar,L20,1905,mar_Deva
panel2,A,mar_news_2020_300K,mar,L20,1906,mar_Deva
panel2,A,mar_news_2020_300K,mar,L20,1907,mar_Deva
panel2,A,mar_news_2020_300K,mar,L20,1908,mar_Deva
panel2,A,mar_news_2020_300K,mar,L20,1909,mar_Deva
panel2,A,mar_news_2020_300K,mar,L20,1910,mar_Deva
panel2,A,mar_news_2020_300K,mar,L20,1911,mar_Deva
panel2,A,mar_news_2020_300K,mar,L20,1913,mar_Deva
panel2,A,mar_news_2020_300K,mar,L20,1914,mar_Deva
panel2,A,mar_news_2020_300K,mar,L20,1915,mar_Deva
panel2,A,mar_news_2020_300K,mar,L20,1916,mar_Deva
panel2,A,mar_news_2020_300K,mar,L20,1917,mar_Deva
panel2,A,mar_news_2020_300K,mar,L20,1918,mar_Deva
panel2,A,mar_news_2020_300K,mar,L20,1920,mar_Deva
panel2,A,mar_news_2020_300K,mar,L20,1921,mar_Deva
panel2,A,mar_news_2020_300K,mar,L20,1923,mar_Deva
panel2,A,mar_news_2020_300K,mar,L20,1924,mar_Deva
panel2,A,mar_news_2020_300K,mar,L20,1925,mar_Deva
panel2,A,mar_news_2020_300K,mar,L20,1926,mar_Deva
panel2,A,mar_news_2020_300K,mar,L20,1927,mar_Deva
panel2,A,mar_news_2020_300K,mar,L20,1928,mar_Deva
panel2,A,mar_news_2020_300K,mar,L20,1929,mar_Deva
panel2,A,mar_news_2020_300K,mar,L20,1930,mar_Deva
panel2,A,mar_news_2020_300K,mar,L20,1931,mar_Deva
panel2,A,mar_news_2020_300K,mar,L20,1932,mar_Deva
panel2,A,mar_news_2020_300K,mar,L20,1933,mar_Deva
panel2,A,mar_news_2020_300K,mar,L20,1934,mar_Deva
panel2,A,mar_news_2020_300K,mar,L20,1935,mar_Deva
panel2,A,mar_news_2020_300K,mar,L20,1936,mar_Deva
panel2,A,mar_news_2020_300K,mar,L20,1938,mar_Deva
panel2,A,mar_news_2020_300K,mar,L20,1939,mar_Deva
panel2,A,mar_news_2020_300K,mar,L20,1940,mar_Deva
panel2,A,mar_news_2020_300K,mar,L20,1941,mar_Deva
panel2,A,mar_news_2020_300K,mar,L20,1942,mar_Deva
panel2,A,mar_news_2020_300K,mar,L20,1943,mar_Deva
panel2,A,mar_news_2020_300K,mar,L20,1944,mar_Deva
panel2,A,mar_news_2020_300K,mar,L20,1945,mar_Deva
panel2,A,mar_news_2020_300K,mar,L20,1946,mar_Deva
panel2,A,mar_news_2020_300K,mar,L20,1947,mar_Deva
panel2,A,mar_news_2020_300K,mar,L20,1948,mar_Deva
panel2,A,mar_news_2020_300K,mar,L20,1949,mar_Deva
panel2,A,mar_news_2020_300K,mar,L20,1950,mar_Deva
panel2,A,mar_news_2020_300K,mar,L20,1951,mar_Deva
panel2,A,mar_news_2020_300K,mar,L20,1952,mar_Deva
panel2,A,mar_news_2020_300K,mar,L20,1953,mar_Deva
panel2,A,mar_news_2020_300K,mar,L20,1954,mar_Deva
panel2,A,mar_news_2020_300K,mar,L20,1955,mar_Deva
panel2,A,mar_news_2020_300K,mar,L20,1956,mar_Deva
panel2,A,mar_news_2020_300K,mar,L20,1957,mar_Deva
panel2,A,mar_news_2020_300K,mar,L20,1958,mar_Deva
panel2,A,mar_news_2020_300K,mar,L20,1959,mar_Deva
panel2,A,mar_news_2020_300K,mar,L20,1960,mar_Deva
panel2,A,mar_news_2020_300K,mar,L20,1961,mar_Deva
panel2,A,mar_news_2020_300K,mar,L20,1962,mar_Deva
panel2,A,mar_news_2020_300K,mar,L20,1963,mar_Deva
panel2,A,mar_news_2020_300K,mar,L20,1964,mar_Deva
panel2,A,mar_news_2020_300K,mar,L20,1966,mar_Deva
panel2,A,mar_news_2020_300K,mar,L20,1967,mar_Deva
panel2,A,mar_news_2020_300K,mar,L20,1968,mar_Deva
panel2,A,mar_news_2020_300K,mar,L20,1969,mar_Deva
panel2,A,mar_news_2020_300K,mar,L20,1970,mar_Deva
panel2,A,mar_news_2020_300K,mar,L20,1971,mar_Deva
panel2,A,mar_news_2020_300K,mar,L20,1972,mar_Deva
panel2,A,mar_news_2020_300K,mar,L20,1973,mar_Deva
panel2,A,mar_news_2020_300K,mar,L20,1974,mar_Deva
panel2,A,mar_news_2020_300K,mar,L20,1976,mar_Deva
panel2,A,mar_news_2020_300K,mar,L20,1977,mar_Deva
panel2,A,mar_news_2020_300K,mar,L20,1978,mar_Deva
panel2,A,mar_news_2020_300K,mar,L20,1980,mar_Deva
panel2,A,mar_news_2020_300K,mar,L20,1981,mar_Deva
panel2,A,mar_news_2020_300K,mar,L20,1982,mar_Deva
panel2,A,mar_news_2020_300K,mar,L20,1983,mar_Deva
panel2,A,mar_news_2020_300K,mar,L20,1984,mar_Deva
panel2,A,mar_news_2020_300K,mar,L20,1985,mar_Deva
panel2,A,mar_news_2020_300K,mar,L20,1986,mar_Deva
panel2,A,mar_news_2020_300K,mar,L20,1987,mar_Deva
panel2,A,mar_news_2020_300K,mar,L20,1988,mar_Deva
panel2,A,mar_news_2020_300K,mar,L20,1989,mar_Deva
panel2,A,mar_news_2020_300K,mar,L20,1990,mar_Deva
panel2,A,mar_news_2020_300K,mar,L20,1991,mar_Deva
panel2,A,mar_news_2020_300K,mar,L20,1992,mar_Deva
panel2,A,mar_news_2020_300K,mar,L20,1993,mar_Deva
panel2,A,mar_news_2020_300K,mar,L20,1994,mar_Deva
panel2,A,mar_news_2020_300K,mar,L20,1995,mar_Deva
panel2,A,mar_news_2020_300K,mar,L20,1996,mar_Deva
panel2,A,mar_news_2020_300K,mar,L20,1997,mar_Deva
panel2,A,mar_news_2020_300K,mar,L20,1998,mar_Deva
panel2,A,mar_news_2020_300K,mar,L20,1999,mar_Deva
panel2,A,mar_news_2020_300K,mar,L20,2000,mar_Deva
panel2,A,mar_news_2020_300K,mar,L20,2001,mar_Deva
panel2,A,mar_news_2020_300K,mar,L20,2002,mar_Deva
panel2,A,mar_news_2020_300K,mar,L20,2003,mar_Deva
panel2,A,mar_news_2020_300K,mar,L20,2004,mar_Deva
panel2,A,mar_news_2020_300K,mar,L20,2005,mar_Deva
panel2,A,mar_news_2020_300K,mar,L20,2006,mar_Deva
panel2,A,mar_news_2020_300K,mar,L20,2007,mar_Deva
panel2,A,mar_news_2020_300K,mar,L20,2008,mar_Deva
panel2,A,mar_news_2020_300K,mar,L20,2009,mar_Deva
panel2,A,mar_news_2020_300K,mar,L20,2010,mar_Deva
panel2,A,mar_news_2020_300K,mar,L20,2011,mar_Deva
panel2,A,mar_news_2020_300K,mar,L20,2012,mar_Deva
panel2,A,mar_news_2020_300K,mar,L20,2013,mar_Deva
panel2,A,mar_news_2020_300K,mar,L20,2014,mar_Deva
panel2,A,mar_news_2020_300K,mar,L20,2015,mar_Deva
panel2,A,mar_news_2020_300K,mar,L20,2016,mar_Deva
panel2,A,mar_news_2020_300K,mar,L20,2017,mar_Deva
panel2,A,mar_news_2020_300K,mar,L20,2018,mar_Deva
panel2,A,mar_news_2020_300K,mar,L20,2019,mar_Deva
panel2,A,mar_news_2020_300K,mar,L20,2020,mar_Deva
panel2,A,mar_news_2020_300K,mar,L20,2021,mar_Deva
panel2,A,mar_news_2020_300K,mar,L20,2022,mar_Deva
panel2,A,mar_news_2020_300K,mar,L20,2023,mar_Deva
panel2,A,mar_news_2020_300K,mar,L20,2024,mar_Deva
panel2,A,mar_news_2020_300K,mar,L20,2025,mar_Deva
panel2,A,mar_news_2020_300K,mar,L20,2026,mar_Deva
panel2,A,mar_news_2020_300K,mar,L20,2027,mar_Deva
panel2,A,mar_news_2020_300K,mar,L20,2028,mar_Deva
panel2,A,mar_news_2020_300K,mar,L20,2029,mar_Deva
panel2,A,mar_news_2020_300K,mar,L20,2030,mar_Deva
panel2,A,mar_news_2020_300K,mar,L20,2031,mar_Deva
panel2,A,mar_news_2020_300K,mar,L20,2032,mar_Deva
panel2,A,mar_news_2020_300K,mar,L20,2033,mar_Deva
panel2,A,mar_news_2020_300K,mar,L20,2034,mar_Deva
panel2,A,mar_news_2020_300K,mar,L20,2035,mar_Deva
panel2,A,mar_news_2020_300K,mar,L20,2037,mar_Deva
panel2,A,mar_news_2020_300K,mar,L20,2038,mar_Deva
panel2,A,mar_news_2020_300K,mar,L20,2039,mar_Deva
panel2,A,mar_news_2020_300K,mar,L20,2040,mar_Deva
panel2,A,mar_news_2020_300K,mar,L20,2041,mar_Deva
panel2,A,mar_news_2020_300K,mar,L20,2042,mar_Deva
panel2,A,mar_news_2020_300K,mar,L20,2043,mar_Deva
panel2,A,mar_news_2020_300K,mar,L20,2044,mar_Deva
panel2,A,mar_news_2020_300K,mar,L20,2045,mar_Deva
panel2,A,mar_news_2020_300K,mar,L20,2046,mar_Deva
panel2,A,mar_news_2020_300K,mar,L20,2047,mar_Deva
panel2,A,mar_news_2020_300K,mar,L20,2048,mar_Deva
panel2,A,mar_news_2020_300K,mar,L20,2049,mar_Deva
panel2,A,mar_news_2020_300K,mar,L20,2050,mar_Deva
panel2,A,mar_news_2020_300K,mar,L20,2051,mar_Deva
panel2,A,mar_news_2020_300K,mar,L20,2052,mar_Deva
panel2,A,mar_news_2020_300K,mar,L20,2053,mar_Deva
panel2,A,mar_news_2020_300K,mar,L20,2054,mar_Deva
panel2,A,mar_news_2020_300K,mar,L20,2055,mar_Deva
panel2,A,mar_news_2020_300K,mar,L20,2056,mar_Deva
panel2,A,mar_news_2020_300K,mar,L20,2057,mar_Deva
panel2,A,mar_news_2020_300K,mar,L20,2058,mar_Deva
panel2,A,mar_news_2020_300K,mar,L20,2060,mar_Deva
panel2,A,mar_news_2020_300K,mar,L20,2061,mar_Deva
panel2,A,mar_news_2020_300K,mar,L20,2062,mar_Deva
panel2,A,mar_news_2020_300K,mar,L20,2063,mar_Deva
panel2,A,mar_news_2020_300K,mar,L20,2064,mar_Deva
panel2,A,mar_news_2020_300K,mar,L20,2065,mar_Deva
panel2,A,mar_news_2020_300K,mar,L20,2066,mar_Deva
panel2,A,mar_news_2020_300K,mar,L20,2067,mar_Deva
panel2,A,mar_news_2020_300K,mar,L20,2068,mar_Deva
panel2,A,mar_news_2020_300K,mar,L20,2069,mar_Deva
panel2,A,mar_news_2020_300K,mar,L20,2070,mar_Deva
panel2,A,mar_news_2020_300K,mar,L20,2071,mar_Deva
panel2,A,mar_news_2020_300K,mar,L20,2072,mar_Deva
panel2,A,mar_news_2020_300K,mar,L20,2073,mar_Deva
panel2,A,mar_news_2020_300K,mar,L20,2075,mar_Deva
panel2,A,mar_news_2020_300K,mar,L20,2076,mar_Deva
panel2,A,mar_news_2020_300K,mar,L20,2077,mar_Deva
panel2,A,mar_news_2020_300K,mar,L20,2078,mar_Deva
panel2,A,mar_news_2020_300K,mar,L20,2079,mar_Deva
panel2,A,mar_news_2020_300K,mar,L20,2080,mar_Deva
panel2,A,mar_news_2020_300K,mar,L20,2081,mar_Deva
panel2,A,mar_news_2020_300K,mar,L20,2082,mar_Deva
panel2,A,mar_news_2020_300K,mar,L20,2083,mar_Deva
panel2,A,mar_news_2020_300K,mar,L20,2084,mar_Deva
panel2,A,mar_news_2020_300K,mar,L20,2085,mar_Deva
panel2,A,mar_news_2020_300K,mar,L20,2086,mar_Deva
panel2,A,mar_news_2020_300K,mar,L20,2087,mar_Deva
panel2,A,mar_news_2020_300K,mar,L20,2088,mar_Deva
panel2,A,mar_news_2020_300K,mar,L20,2089,mar_Deva
panel2,A,mar_news_2020_300K,mar,L20,2090,mar_Deva
panel2,A,mar_news_2020_300K,mar,L20,2091,mar_Deva
panel2,A,mar_news_2020_300K,mar,L20,2093,mar_Deva
panel2,A,mar_news_2020_300K,mar,L20,2094,mar_Deva
panel2,A,mar_news_2020_300K,mar,L20,2095,mar_Deva
panel2,A,mar_news_2020_300K,mar,L20,2096,mar_Deva
panel2,A,mar_news_2020_300K,mar,L20,2097,mar_Deva
panel2,A,mar_news_2020_300K,mar,L20,2098,mar_Deva
panel2,A,mar_news_2020_300K,mar,L20,2099,mar_Deva
panel2,A,mar_news_2020_300K,mar,L20,2100,mar_Deva
panel2,A,mar_news_2020_300K,mar,L20,2101,mar_Deva
panel2,A,mar_news_2020_300K,mar,L20,2102,mar_Deva
panel2,A,mar_news_2020_300K,mar,L20,2103,mar_Deva
panel2,A,mar_news_2020_300K,mar,L20,2105,mar_Deva
panel2,A,mar_news_2020_300K,mar,L20,2107,mar_Deva
panel2,A,mar_news_2020_300K,mar,L20,2108,mar_Deva
panel2,A,mar_news_2020_300K,mar,L20,2109,mar_Deva
panel2,A,mar_news_2020_300K,mar,L20,2110,mar_Deva
panel2,A,mar_news_2020_300K,mar,L20,2111,mar_Deva
panel2,A,mar_news_2020_300K,mar,L20,2112,mar_Deva
panel2,A,mar_news_2020_300K,mar,L20,2113,mar_Deva
panel2,A,mar_news_2020_300K,mar,L20,2114,mar_Deva
panel2,A,mar_news_2020_300K,mar,L20,2115,mar_Deva
panel2,A,mar_news_2020_300K,mar,L20,2116,mar_Deva
panel2,A,mar_news_2020_300K,mar,L20,2117,mar_Deva
panel2,A,mar_news_2020_300K,mar,L20,2118,mar_Deva
panel2,A,mar_news_2020_300K,mar,L20,2121,mar_Deva
panel2,A,mar_news_2020_300K,mar,L20,2122,mar_Deva
panel2,A,mar_news_2020_300K,mar,L20,2124,mar_Deva
panel2,A,mar_news_2020_300K,mar,L20,2125,mar_Deva
panel2,A,mar_news_2020_300K,mar,L20,2126,mar_Deva
panel2,A,mar_news_2020_300K,mar,L20,2127,mar_Deva
panel2,A,mar_news_2020_300K,mar,L20,2128,mar_Deva
panel2,A,mar_news_2020_300K,mar,L20,2129,mar_Deva
panel2,A,mar_news_2020_300K,mar,L20,2131,mar_Deva
panel2,A,mar_news_2020_300K,mar,L20,2132,mar_Deva
panel2,A,mar_news_2020_300K,mar,L20,2133,mar_Deva
panel2,A,mar_news_2020_300K,mar,L20,2134,mar_Deva
panel2,A,mar_news_2020_300K,mar,L20,2135,mar_Deva
panel2,A,mar_news_2020_300K,mar,L20,2136,mar_Deva
panel2,A,mar_news_2020_300K,mar,L20,2137,mar_Deva
panel2,A,mar_news_2020_300K,mar,L20,2138,mar_Deva
panel2,A,mar_news_2020_300K,mar,L20,2139,mar_Deva
panel2,A,mar_news_2020_300K,mar,L20,2140,mar_Deva
panel2,A,mar_news_2020_300K,mar,L20,2141,mar_Deva
panel2,A,mar_news_2020_300K,mar,L20,2142,mar_Deva
panel2,A,mar_news_2020_300K,mar,L20,2143,mar_Deva
panel2,A,mar_news_2020_300K,mar,L20,2144,mar_Deva
panel2,B,vardial2018/dev,awa,L1,dev:2,mag_Deva
panel2,B,vardial2018/dev,awa,L1,dev:12,awa_Deva
panel2,B,vardial2018/dev,awa,L1,dev:30,awa_Deva
panel2,B,vardial2018/dev,awa,L1,dev:31,awa_Deva
panel2,B,vardial2018/dev,awa,L1,dev:34,awa_Deva
panel2,B,vardial2018/dev,awa,L1,dev:40,mai_Deva
panel2,B,vardial2018/dev,awa,L1,dev:41,awa_Deva
panel2,B,vardial2018/dev,awa,L1,dev:49,awa_Deva
panel2,B,vardial2018/dev,awa,L1,dev:50,hin_Deva
panel2,B,vardial2018/dev,awa,L1,dev:75,new_Deva
panel2,B,vardial2018/dev,awa,L1,dev:80,awa_Deva
panel2,B,vardial2018/dev,awa,L1,dev:83,awa_Deva
panel2,B,vardial2018/dev,awa,L1,dev:88,awa_Deva
panel2,B,vardial2018/dev,awa,L1,dev:94,awa_Deva
panel2,B,vardial2018/dev,awa,L1,dev:95,awa_Deva
panel2,B,vardial2018/dev,awa,L1,dev:106,awa_Deva
panel2,B,vardial2018/dev,awa,L1,dev:113,doi_Deva
panel2,B,vardial2018/dev,awa,L1,dev:134,hin_Deva
panel2,B,vardial2018/dev,awa,L1,dev:135,mai_Deva
panel2,B,vardial2018/dev,awa,L1,dev:142,awa_Deva
panel2,B,vardial2018/dev,awa,L1,dev:152,awa_Deva
panel2,B,vardial2018/dev,awa,L1,dev:155,awa_Deva
panel2,B,vardial2018/dev,awa,L1,dev:161,awa_Deva
panel2,B,vardial2018/dev,awa,L1,dev:180,kas_Deva
panel2,B,vardial2018/dev,awa,L1,dev:184,hin_Deva
panel2,B,vardial2018/dev,awa,L1,dev:188,awa_Deva
panel2,B,vardial2018/dev,awa,L1,dev:191,awa_Deva
panel2,B,vardial2018/dev,awa,L1,dev:209,awa_Deva
panel2,B,vardial2018/dev,awa,L1,dev:218,doi_Deva
panel2,B,vardial2018/dev,awa,L1,dev:226,awa_Deva
panel2,B,vardial2018/dev,awa,L1,dev:234,awa_Deva
panel2,B,vardial2018/dev,awa,L1,dev:237,mag_Deva
panel2,B,vardial2018/dev,awa,L1,dev:238,awa_Deva
panel2,B,vardial2018/dev,awa,L1,dev:265,hin_Deva
panel2,B,vardial2018/dev,awa,L1,dev:266,awa_Deva
panel2,B,vardial2018/dev,awa,L1,dev:270,awa_Deva
panel2,B,vardial2018/dev,awa,L1,dev:271,awa_Deva
panel2,B,vardial2018/dev,awa,L1,dev:300,awa_Deva
panel2,B,vardial2018/dev,awa,L1,dev:303,hin_Deva
panel2,B,vardial2018/dev,awa,L1,dev:304,hin_Deva
panel2,B,vardial2018/dev,awa,L1,dev:310,awa_Deva
panel2,B,vardial2018/dev,awa,L1,dev:324,hin_Deva
panel2,B,vardial2018/dev,awa,L1,dev:331,kas_Deva
panel2,B,vardial2018/dev,awa,L1,dev:334,hin_Deva
panel2,B,vardial2018/dev,awa,L1,dev:346,awa_Deva
panel2,B,vardial2018/dev,awa,L1,dev:349,doi_Deva
panel2,B,vardial2018/dev,awa,L1,dev:366,awa_Deva
panel2,B,vardial2018/dev,awa,L1,dev:368,awa_Deva
panel2,B,vardial2018/dev,awa,L1,dev:369,awa_Deva
panel2,B,vardial2018/dev,awa,L1,dev:377,anp_Deva
panel2,B,vardial2018/dev,awa,L1,dev:382,awa_Deva
panel2,B,vardial2018/dev,awa,L1,dev:388,kas_Deva
panel2,B,vardial2018/dev,awa,L1,dev:390,awa_Deva
panel2,B,vardial2018/dev,awa,L1,dev:401,hin_Deva
panel2,B,vardial2018/dev,awa,L1,dev:411,awa_Deva
panel2,B,vardial2018/dev,awa,L1,dev:412,awa_Deva
panel2,B,vardial2018/dev,awa,L1,dev:418,awa_Deva
panel2,B,vardial2018/dev,awa,L1,dev:440,awa_Deva
panel2,B,vardial2018/dev,awa,L1,dev:442,awa_Deva
panel2,B,vardial2018/dev,awa,L1,dev:448,awa_Deva
panel2,B,vardial2018/dev,awa,L1,dev:465,hin_Deva
panel2,B,vardial2018/dev,awa,L1,dev:485,hin_Deva
panel2,B,vardial2018/dev,awa,L1,dev:487,doi_Deva
panel2,B,vardial2018/dev,awa,L1,dev:492,awa_Deva
panel2,B,vardial2018/dev,awa,L1,dev:499,awa_Deva
panel2,B,vardial2018/dev,awa,L1,dev:502,kru_Deva
panel2,B,vardial2018/dev,awa,L1,dev:506,awa_Deva
panel2,B,vardial2018/dev,awa,L1,dev:510,awa_Deva
panel2,B,vardial2018/dev,awa,L1,dev:514,hin_Deva
panel2,B,vardial2018/dev,awa,L1,dev:527,awa_Deva
panel2,B,vardial2018/dev,awa,L1,dev:546,awa_Deva
panel2,B,vardial2018/dev,awa,L1,dev:548,awa_Deva
panel2,B,vardial2018/dev,awa,L1,dev:555,awa_Deva
panel2,B,vardial2018/dev,awa,L1,dev:557,awa_Deva
panel2,B,vardial2018/dev,awa,L1,dev:561,awa_Deva
panel2,B,vardial2018/dev,awa,L1,dev:564,awa_Deva
panel2,B,vardial2018/dev,awa,L1,dev:580,awa_Deva
panel2,B,vardial2018/dev,awa,L1,dev:581,awa_Deva
panel2,B,vardial2018/dev,awa,L1,dev:611,awa_Deva
panel2,B,vardial2018/dev,awa,L1,dev:617,bho_Deva
panel2,B,vardial2018/dev,awa,L1,dev:619,awa_Deva
panel2,B,vardial2018/dev,awa,L1,dev:627,npi_Deva
panel2,B,vardial2018/dev,awa,L1,dev:628,hin_Deva
panel2,B,vardial2018/dev,awa,L1,dev:632,kas_Deva
panel2,B,vardial2018/dev,awa,L1,dev:638,kas_Deva
panel2,B,vardial2018/dev,awa,L1,dev:646,awa_Deva
panel2,B,vardial2018/dev,awa,L1,dev:647,awa_Deva
panel2,B,vardial2018/dev,awa,L1,dev:663,awa_Deva
panel2,B,vardial2018/dev,awa,L1,dev:672,awa_Deva
panel2,B,vardial2018/dev,awa,L1,dev:679,awa_Deva
panel2,B,vardial2018/dev,awa,L1,dev:682,awa_Deva
panel2,B,vardial2018/dev,awa,L1,dev:701,awa_Deva
panel2,B,vardial2018/dev,awa,L1,dev:702,awa_Deva
panel2,B,vardial2018/dev,awa,L1,dev:704,awa_Deva
panel2,B,vardial2018/dev,awa,L1,dev:720,awa_Deva
panel2,B,vardial2018/dev,awa,L1,dev:723,awa_Deva
panel2,B,vardial2018/dev,awa,L1,dev:728,kas_Deva
panel2,B,vardial2018/dev,awa,L1,dev:739,mai_Deva
panel2,B,vardial2018/dev,awa,L1,dev:749,fmu_Deva
panel2,B,vardial2018/dev,awa,L1,dev:765,hin_Deva
panel2,B,vardial2018/dev,awa,L1,dev:766,awa_Deva
panel2,B,vardial2018/dev,awa,L1,dev:770,awa_Deva
panel2,B,vardial2018/dev,awa,L1,dev:777,awa_Deva
panel2,B,vardial2018/dev,awa,L1,dev:779,awa_Deva
panel2,B,vardial2018/dev,awa,L1,dev:788,awa_Deva
panel2,B,vardial2018/dev,awa,L1,dev:790,hin_Deva
panel2,B,vardial2018/dev,awa,L1,dev:796,awa_Deva
panel2,B,vardial2018/dev,awa,L1,dev:804,awa_Deva
panel2,B,vardial2018/dev,awa,L1,dev:805,doi_Deva
panel2,B,vardial2018/dev,awa,L1,dev:813,awa_Deva
panel2,B,vardial2018/dev,awa,L1,dev:815,suz_Deva
panel2,B,vardial2018/dev,awa,L1,dev:816,hin_Deva
panel2,B,vardial2018/dev,awa,L1,dev:819,awa_Deva
panel2,B,vardial2018/dev,awa,L1,dev:820,awa_Deva
panel2,B,vardial2018/dev,awa,L1,dev:826,awa_Deva
panel2,B,vardial2018/dev,awa,L1,dev:844,awa_Deva
panel2,B,vardial2018/dev,awa,L1,dev:858,awa_Deva
panel2,B,vardial2018/dev,awa,L1,dev:868,awa_Deva
panel2,B,vardial2018/dev,awa,L1,dev:870,awa_Deva
panel2,B,vardial2018/dev,awa,L1,dev:872,mar_Deva
panel2,B,vardial2018/dev,awa,L1,dev:910,awa_Deva
panel2,B,vardial2018/dev,awa,L1,dev:920,awa_Deva
panel2,B,vardial2018/dev,awa,L1,dev:931,kas_Deva
panel2,B,vardial2018/dev,awa,L1,dev:937,awa_Deva
panel2,B,vardial2018/dev,awa,L1,dev:943,awa_Deva
panel2,B,vardial2018/dev,awa,L1,dev:945,awa_Deva
panel2,B,vardial2018/dev,awa,L1,dev:959,awa_Deva
panel2,B,vardial2018/dev,awa,L1,dev:982,bho_Deva
panel2,B,vardial2018/dev,awa,L1,dev:1005,awa_Deva
panel2,B,vardial2018/dev,awa,L1,dev:1020,awa_Deva
panel2,B,vardial2018/dev,awa,L1,dev:1030,mag_Deva
panel2,B,vardial2018/dev,awa,L1,dev:1051,awa_Deva
panel2,B,vardial2018/dev,awa,L1,dev:1057,new_Deva
panel2,B,vardial2018/dev,awa,L1,dev:1058,awa_Deva
panel2,B,vardial2018/dev,awa,L1,dev:1064,doi_Deva
panel2,B,vardial2018/dev,awa,L1,dev:1073,awa_Deva
panel2,B,vardial2018/dev,awa,L1,dev:1082,awa_Deva
panel2,B,vardial2018/dev,awa,L1,dev:1083,new_Deva
panel2,B,vardial2018/dev,awa,L1,dev:1087,awa_Deva
panel2,B,vardial2018/dev,awa,L1,dev:1098,awa_Deva
panel2,B,vardial2018/dev,awa,L1,dev:1103,hin_Deva
panel2,B,vardial2018/dev,awa,L1,dev:1106,awa_Deva
panel2,B,vardial2018/dev,awa,L1,dev:1109,awa_Deva
panel2,B,vardial2018/dev,awa,L1,dev:1115,hin_Deva
panel2,B,vardial2018/dev,awa,L1,dev:1155,hin_Deva
panel2,B,vardial2018/dev,awa,L1,dev:1156,awa_Deva
panel2,B,vardial2018/dev,awa,L1,dev:1198,hin_Deva
panel2,B,vardial2018/dev,awa,L1,dev:1216,hin_Deva
panel2,B,vardial2018/dev,awa,L1,dev:1219,awa_Deva
panel2,B,vardial2018/dev,awa,L1,dev:1233,doi_Deva
panel2,B,vardial2018/dev,awa,L1,dev:1234,awa_Deva
panel2,B,vardial2018/dev,awa,L1,dev:1251,awa_Deva
panel2,B,vardial2018/dev,awa,L1,dev:1263,awa_Deva
panel2,B,vardial2018/dev,awa,L1,dev:1268,awa_Deva
panel2,B,vardial2018/dev,awa,L1,dev:1284,awa_Deva
panel2,B,vardial2018/dev,awa,L1,dev:1291,awa_Deva
panel2,B,vardial2018/dev,awa,L1,dev:1294,mai_Deva
panel2,B,vardial2018/dev,awa,L1,dev:1308,awa_Deva
panel2,B,vardial2018/dev,awa,L1,dev:1313,hin_Deva
panel2,B,vardial2018/dev,awa,L1,dev:1328,hne_Deva
panel2,B,vardial2018/dev,awa,L1,dev:1333,awa_Deva
panel2,B,vardial2018/dev,awa,L1,dev:1352,awa_Deva
panel2,B,vardial2018/dev,awa,L1,dev:1369,doi_Deva
panel2,B,vardial2018/dev,awa,L1,dev:1373,awa_Deva
panel2,B,vardial2018/dev,awa,L1,dev:1391,hin_Deva
panel2,B,vardial2018/dev,awa,L1,dev:1396,awa_Deva
panel2,B,vardial2018/dev,awa,L1,dev:1414,awa_Deva
panel2,B,vardial2018/dev,awa,L1,dev:1436,awa_Deva
panel2,B,vardial2018/dev,awa,L1,dev:1450,awa_Deva
panel2,B,vardial2018/dev,awa,L1,dev:1464,awa_Deva
panel2,B,vardial2018/dev,awa,L1,dev:1467,hin_Deva
panel2,B,vardial2018/dev,awa,L1,dev:1471,awa_Deva
panel2,B,vardial2018/dev,awa,L1,dev:1472,awa_Deva
panel2,B,vardial2018/dev,awa,L1,dev:1478,awa_Deva
panel2,B,vardial2018/dev,awa,L1,dev:1481,mai_Deva
panel2,B,vardial2018/dev,awa,L1,dev:1489,anp_Deva
panel2,B,vardial2018/dev,awa,L1,dev:1500,hin_Deva
panel2,B,vardial2018/dev,awa,L1,dev:1507,awa_Deva
panel2,B,vardial2018/dev,awa,L1,dev:1508,awa_Deva
panel2,B,vardial2018/dev,awa,L1,dev:1518,awa_Deva
panel2,B,vardial2018/dev,awa,L1,dev:1533,awa_Deva
panel2,B,vardial2018/dev,awa,L1,dev:1538,awa_Deva
panel2,B,vardial2018/dev,awa,L1,dev:1542,kas_Deva
panel2,B,vardial2018/dev,awa,L1,dev:1548,awa_Deva
panel2,B,vardial2018/dev,awa,L1,dev:1558,awa_Deva
panel2,B,vardial2018/dev,awa,L1,dev:1565,awa_Deva
panel2,B,vardial2018/dev,awa,L1,dev:1566,awa_Deva
panel2,B,vardial2018/dev,awa,L1,dev:1576,awa_Deva
panel2,B,vardial2018/dev,awa,L1,dev:1579,awa_Deva
panel2,B,vardial2018/dev,awa,L1,dev:1582,awa_Deva
panel2,B,vardial2018/dev,awa,L1,dev:1596,awa_Deva
panel2,B,vardial2018/dev,awa,L1,dev:1604,hin_Deva
panel2,B,vardial2018/dev,awa,L1,dev:1611,awa_Deva
panel2,B,vardial2018/dev,awa,L1,dev:1620,mai_Deva
panel2,B,vardial2018/dev,awa,L1,dev:1622,mai_Deva
panel2,B,vardial2018/dev,awa,L1,dev:1624,awa_Deva
panel2,B,vardial2018/dev,awa,L1,dev:1627,awa_Deva
panel2,B,vardial2018/dev,awa,L1,dev:1634,awa_Deva
panel2,B,vardial2018/dev,awa,L1,dev:1636,awa_Deva
panel2,B,vardial2018/dev,awa,L1,dev:1642,awa_Deva
panel2,B,vardial2018/dev,awa,L1,dev:1644,awa_Deva
panel2,B,vardial2018/dev,awa,L1,dev:1657,npi_Deva
panel2,B,vardial2018/dev,awa,L1,dev:1658,awa_Deva
panel2,B,vardial2018/dev,awa,L1,dev:1674,awa_Deva
panel2,B,vardial2018/dev,awa,L1,dev:1677,awa_Deva
panel2,B,vardial2018/dev,awa,L1,dev:1682,awa_Deva
panel2,B,vardial2018/dev,awa,L1,dev:1698,kas_Deva
panel2,B,vardial2018/dev,awa,L1,dev:1704,bho_Deva
panel2,B,vardial2018/dev,awa,L1,dev:1718,awa_Deva
panel2,B,vardial2018/dev,awa,L1,dev:1722,kas_Deva
panel2,B,vardial2018/dev,awa,L1,dev:1723,hin_Deva
panel2,B,vardial2018/dev,awa,L1,dev:1732,awa_Deva
panel2,B,vardial2018/dev,awa,L1,dev:1751,anp_Deva
panel2,B,vardial2018/dev,awa,L1,dev:1753,awa_Deva
panel2,B,vardial2018/dev,awa,L1,dev:1756,awa_Deva
panel2,B,vardial2018/dev,awa,L1,dev:1760,hin_Deva
panel2,B,vardial2018/dev,awa,L1,dev:1764,awa_Deva
panel2,B,vardial2018/dev,awa,L1,dev:1766,awa_Deva
panel2,B,vardial2018/dev,awa,L1,dev:1767,awa_Deva
panel2,B,vardial2018/dev,awa,L1,dev:1778,awa_Deva
panel2,B,vardial2018/dev,awa,L1,dev:1790,awa_Deva
panel2,B,vardial2018/dev,awa,L1,dev:1791,awa_Deva
panel2,B,vardial2018/dev,awa,L1,dev:1792,awa_Deva
panel2,B,vardial2018/dev,awa,L1,dev:1793,awa_Deva
panel2,B,vardial2018/dev,awa,L1,dev:1797,hin_Deva
panel2,B,vardial2018/dev,awa,L1,dev:1803,awa_Deva
panel2,B,vardial2018/dev,awa,L1,dev:1804,awa_Deva
panel2,B,vardial2018/dev,awa,L1,dev:1810,hin_Deva
panel2,B,vardial2018/dev,awa,L1,dev:1811,kas_Deva
panel2,B,vardial2018/dev,awa,L1,dev:1814,hin_Deva
panel2,B,vardial2018/dev,awa,L1,dev:1817,awa_Deva
panel2,B,vardial2018/dev,awa,L1,dev:1821,bho_Deva
panel2,B,vardial2018/dev,awa,L1,dev:1842,awa_Deva
panel2,B,vardial2018/dev,awa,L1,dev:1849,awa_Deva
panel2,B,vardial2018/dev,awa,L1,dev:1850,awa_Deva
panel2,B,vardial2018/dev,awa,L1,dev:1859,awa_Deva
panel2,B,vardial2018/dev,awa,L1,dev:1864,awa_Deva
panel2,B,vardial2018/dev,awa,L1,dev:1865,awa_Deva
panel2,B,vardial2018/dev,awa,L1,dev:1872,kas_Deva
panel2,B,vardial2018/dev,awa,L1,dev:1873,awa_Deva
panel2,B,vardial2018/dev,awa,L1,dev:1880,hin_Deva
panel2,B,vardial2018/dev,awa,L1,dev:1901,awa_Deva
panel2,B,vardial2018/dev,awa,L1,dev:1907,awa_Deva
panel2,B,vardial2018/dev,awa,L1,dev:1908,awa_Deva
panel2,B,vardial2018/dev,awa,L1,dev:1921,hin_Deva
panel2,B,vardial2018/dev,awa,L1,dev:1931,ghe_Deva
panel2,B,vardial2018/dev,awa,L1,dev:1934,awa_Deva
panel2,B,vardial2018/dev,awa,L1,dev:1941,kas_Deva
panel2,B,vardial2018/dev,awa,L1,dev:1943,awa_Deva
panel2,B,vardial2018/dev,awa,L1,dev:1958,hin_Deva
panel2,B,vardial2018/dev,awa,L1,dev:1962,hin_Deva
panel2,B,vardial2018/dev,awa,L1,dev:1965,awa_Deva
panel2,B,vardial2018/dev,awa,L1,dev:1969,awa_Deva
panel2,B,vardial2018/dev,awa,L1,dev:2000,hin_Deva
panel2,B,vardial2018/dev,awa,L1,dev:2007,awa_Deva
panel2,B,vardial2018/dev,awa,L1,dev:2010,mai_Deva
panel2,B,vardial2018/dev,awa,L1,dev:2012,san_Deva
panel2,B,vardial2018/dev,awa,L1,dev:2015,awa_Deva
panel2,B,vardial2018/dev,awa,L1,dev:2020,mai_Deva
panel2,B,vardial2018/dev,awa,L1,dev:2021,awa_Deva
panel2,B,vardial2018/dev,awa,L1,dev:2024,hin_Deva
panel2,B,vardial2018/dev,awa,L1,dev:2032,awa_Deva
panel2,B,vardial2018/dev,awa,L1,dev:2046,awa_Deva
panel2,B,vardial2018/dev,awa,L1,dev:2047,awa_Deva
panel2,B,vardial2018/dev,awa,L1,dev:2049,bho_Deva
panel2,B,vardial2018/dev,awa,L1,dev:2051,awa_Deva
panel2,B,vardial2018/dev,awa,L1,dev:2072,awa_Deva
panel2,B,vardial2018/dev,awa,L1,dev:2078,hin_Deva
panel2,B,vardial2018/dev,awa,L1,dev:2079,hin_Deva
panel2,B,vardial2018/dev,awa,L1,dev:2093,awa_Deva
panel2,B,vardial2018/dev,awa,L1,dev:2112,awa_Deva
panel2,B,vardial2018/dev,awa,L1,dev:2115,awa_Deva
panel2,B,vardial2018/dev,awa,L1,dev:2116,awa_Deva
panel2,B,vardial2018/dev,awa,L1,dev:2121,hin_Deva
panel2,B,vardial2018/dev,awa,L1,dev:2122,awa_Deva
panel2,B,vardial2018/dev,awa,L1,dev:2131,awa_Deva
panel2,B,vardial2018/dev,awa,L1,dev:2146,kru_Deva
panel2,B,vardial2018/dev,awa,L1,dev:2147,awa_Deva
panel2,B,vardial2018/dev,awa,L1,dev:2150,awa_Deva
panel2,B,vardial2018/dev,awa,L1,dev:2153,awa_Deva
panel2,B,vardial2018/dev,awa,L1,dev:2156,hin_Deva
panel2,B,vardial2018/dev,awa,L1,dev:2158,hin_Deva
panel2,B,vardial2018/dev,awa,L1,dev:2172,awa_Deva
panel2,B,vardial2018/dev,awa,L1,dev:2192,awa_Deva
panel2,B,vardial2018/dev,awa,L1,dev:2198,awa_Deva
panel2,B,vardial2018/dev,awa,L1,dev:2201,awa_Deva
panel2,B,vardial2018/dev,awa,L1,dev:2207,awa_Deva
panel2,B,vardial2018/dev,awa,L1,dev:2211,awa_Deva
panel2,B,vardial2018/dev,awa,L1,dev:2223,awa_Deva
panel2,B,vardial2018/dev,awa,L1,dev:2224,awa_Deva
panel2,B,vardial2018/dev,awa,L1,dev:2248,bho_Deva
panel2,B,vardial2018/dev,awa,L1,dev:2249,kas_Deva
panel2,B,vardial2018/dev,awa,L1,dev:2251,npi_Deva
panel2,B,vardial2018/dev,awa,L1,dev:2256,hin_Deva
panel2,B,vardial2018/dev,awa,L1,dev:2257,hin_Deva
panel2,B,vardial2018/dev,awa,L1,dev:2260,bho_Deva
panel2,B,vardial2018/dev,awa,L1,dev:2270,awa_Deva
panel2,B,vardial2018/dev,awa,L1,dev:2277,awa_Deva
panel2,B,vardial2018/dev,awa,L1,dev:2278,hin_Deva
panel2,B,vardial2018/dev,awa,L1,dev:2282,awa_Deva
panel2,B,vardial2018/dev,awa,L1,dev:2306,awa_Deva
panel2,B,vardial2018/dev,awa,L1,dev:2333,awa_Deva
panel2,B,vardial2018/dev,awa,L1,dev:2335,awa_Deva
panel2,B,vardial2018/dev,awa,L1,dev:2356,awa_Deva
panel2,B,vardial2018/dev,awa,L1,dev:2361,awa_Deva
panel2,B,vardial2018/dev,awa,L1,dev:2366,awa_Deva
panel2,B,vardial2018/dev,awa,L1,dev:2372,awa_Deva
panel2,B,vardial2018/dev,awa,L1,dev:2392,awa_Deva
panel2,B,vardial2018/dev,awa,L1,dev:2418,awa_Deva
panel2,B,vardial2018/dev,awa,L1,dev:2421,awa_Deva
panel2,B,vardial2018/dev,awa,L1,dev:2424,awa_Deva
panel2,B,vardial2018/dev,awa,L1,dev:2426,kas_Deva
panel2,B,vardial2018/dev,awa,L1,dev:2430,awa_Deva
panel2,B,vardial2018/dev,awa,L1,dev:2442,hin_Deva
panel2,B,vardial2018/dev,awa,L1,dev:2452,awa_Deva
panel2,B,vardial2018/dev,awa,L1,dev:2460,awa_Deva
panel2,B,vardial2018/dev,awa,L1,dev:2467,awa_Deva
panel2,B,vardial2018/dev,awa,L1,dev:2473,kas_Deva
panel2,B,vardial2018/dev,awa,L1,dev:2488,mai_Deva
panel2,B,vardial2018/dev,awa,L1,dev:2512,awa_Deva
panel2,B,vardial2018/dev,awa,L1,dev:2518,hin_Deva
panel2,B,vardial2018/dev,awa,L1,dev:2519,awa_Deva
panel2,B,vardial2018/dev,awa,L1,dev:2536,awa_Deva
panel2,B,vardial2018/dev,awa,L1,dev:2537,awa_Deva
panel2,B,vardial2018/dev,awa,L1,dev:2543,kas_Deva
panel2,B,vardial2018/dev,awa,L1,dev:2560,awa_Deva
panel2,B,vardial2018/dev,awa,L1,dev:2565,anp_Deva
panel2,B,vardial2018/dev,awa,L1,dev:2566,awa_Deva
panel2,B,vardial2018/dev,awa,L1,dev:2584,awa_Deva
panel2,B,vardial2018/dev,awa,L1,dev:2596,hin_Deva
panel2,B,vardial2018/dev,awa,L1,dev:2618,awa_Deva
panel2,B,vardial2018/dev,awa,L1,dev:2622,doi_Deva
panel2,B,vardial2018/dev,awa,L1,dev:2627,awa_Deva
panel2,B,vardial2018/dev,awa,L1,dev:2639,awa_Deva
panel2,B,vardial2018/dev,awa,L1,dev:2644,awa_Deva
panel2,B,vardial2018/dev,awa,L1,dev:2650,hin_Deva
panel2,B,vardial2018/dev,awa,L1,dev:2653,awa_Deva
panel2,B,vardial2018/dev,awa,L1,dev:2660,awa_Deva
panel2,B,vardial2018/dev,awa,L1,dev:2671,awa_Deva
panel2,B,vardial2018/dev,awa,L1,dev:2696,awa_Deva
panel2,B,vardial2018/dev,awa,L1,dev:2720,awa_Deva
panel2,B,vardial2018/dev,awa,L1,dev:2721,mai_Deva
panel2,B,vardial2018/dev,awa,L1,dev:2724,awa_Deva
panel2,B,vardial2018/dev,awa,L1,dev:2756,awa_Deva
panel2,B,vardial2018/dev,awa,L1,dev:2759,awa_Deva
panel2,B,vardial2018/dev,awa,L1,dev:2773,awa_Deva
panel2,B,vardial2018/dev,awa,L1,dev:2791,awa_Deva
panel2,B,vardial2018/dev,awa,L1,dev:2800,awa_Deva
panel2,B,vardial2018/dev,awa,L1,dev:2805,awa_Deva
panel2,B,vardial2018/dev,awa,L1,dev:2806,awa_Deva
panel2,B,vardial2018/dev,awa,L1,dev:2807,awa_Deva
panel2,B,vardial2018/dev,awa,L1,dev:2819,hin_Deva
panel2,B,vardial2018/dev,awa,L1,dev:2826,hin_Deva
panel2,B,vardial2018/dev,awa,L1,dev:2837,mai_Deva
panel2,B,vardial2018/dev,awa,L1,dev:2841,awa_Deva
panel2,B,vardial2018/dev,awa,L1,dev:2849,awa_Deva
panel2,B,vardial2018/dev,awa,L1,dev:2851,hin_Deva
panel2,B,vardial2018/dev,awa,L1,dev:2862,kas_Deva
panel2,B,vardial2018/dev,awa,L1,dev:2877,awa_Deva
panel2,B,vardial2018/dev,awa,L1,dev:2884,awa_Deva
panel2,B,vardial2018/dev,awa,L1,dev:2886,awa_Deva
panel2,B,vardial2018/dev,awa,L1,dev:2889,awa_Deva
panel2,B,vardial2018/dev,awa,L1,dev:2904,npi_Deva
panel2,B,vardial2018/dev,awa,L1,dev:2927,awa_Deva
panel2,B,vardial2018/dev,awa,L1,dev:2929,awa_Deva
panel2,B,vardial2018/dev,awa,L1,dev:2939,awa_Deva
panel2,B,vardial2018/dev,awa,L1,dev:2941,awa_Deva
panel2,B,vardial2018/dev,awa,L1,dev:2949,awa_Deva
panel2,B,vardial2018/dev,awa,L1,dev:2955,awa_Deva
panel2,B,vardial2018/dev,awa,L1,dev:2956,hin_Deva
panel2,B,vardial2018/dev,awa,L1,dev:2977,awa_Deva
panel2,B,vardial2018/dev,awa,L1,dev:2985,awa_Deva
panel2,B,vardial2018/dev,awa,L1,dev:2986,awa_Deva
panel2,B,vardial2018/dev,awa,L1,dev:2999,hin_Deva
panel2,B,vardial2018/dev,awa,L1,dev:3010,awa_Deva
panel2,B,vardial2018/dev,awa,L1,dev:3012,kas_Deva
panel2,B,vardial2018/dev,awa,L1,dev:3028,hin_Deva
panel2,B,vardial2018/dev,awa,L1,dev:3033,awa_Deva
panel2,B,vardial2018/dev,awa,L1,dev:3044,awa_Deva
panel2,B,vardial2018/dev,awa,L1,dev:3060,awa_Deva
panel2,B,vardial2018/dev,awa,L1,dev:3070,awa_Deva
panel2,B,vardial2018/dev,awa,L1,dev:3071,awa_Deva
panel2,B,vardial2018/dev,awa,L1,dev:3072,awa_Deva
panel2,B,vardial2018/dev,awa,L1,dev:3077,awa_Deva
panel2,B,vardial2018/dev,awa,L1,dev:3083,awa_Deva
panel2,B,vardial2018/dev,awa,L1,dev:3087,awa_Deva
panel2,B,vardial2018/dev,awa,L1,dev:3090,awa_Deva
panel2,B,vardial2018/dev,awa,L1,dev:3097,awa_Deva
panel2,B,vardial2018/dev,awa,L1,dev:3101,awa_Deva
panel2,B,vardial2018/dev,awa,L1,dev:3108,awa_Deva
panel2,B,vardial2018/dev,awa,L1,dev:3124,awa_Deva
panel2,B,vardial2018/dev,awa,L1,dev:3134,awa_Deva
panel2,B,vardial2018/dev,awa,L1,dev:3147,awa_Deva
panel2,B,vardial2018/dev,awa,L1,dev:3153,awa_Deva
panel2,B,vardial2018/dev,awa,L1,dev:3154,kas_Deva
panel2,B,vardial2018/dev,awa,L1,dev:3184,awa_Deva
panel2,B,vardial2018/dev,awa,L1,dev:3190,mai_Deva
panel2,B,vardial2018/dev,awa,L1,dev:3194,awa_Deva
panel2,B,vardial2018/dev,awa,L1,dev:3226,awa_Deva
panel2,B,vardial2018/dev,awa,L1,dev:3227,awa_Deva
panel2,B,vardial2018/dev,awa,L1,dev:3237,mag_Deva
panel2,B,vardial2018/dev,awa,L1,dev:3249,awa_Deva
panel2,B,vardial2018/dev,awa,L1,dev:3254,awa_Deva
panel2,B,vardial2018/dev,awa,L1,dev:3256,bho_Deva
panel2,B,vardial2018/dev,awa,L1,dev:3259,hin_Deva
panel2,B,vardial2018/dev,awa,L1,dev:3264,awa_Deva
panel2,B,vardial2018/dev,awa,L1,dev:3273,awa_Deva
panel2,B,vardial2018/dev,awa,L1,dev:3285,awa_Deva
panel2,B,vardial2018/dev,awa,L1,dev:3292,awa_Deva
panel2,B,vardial2018/dev,awa,L1,dev:3293,awa_Deva
panel2,B,vardial2018/dev,awa,L1,dev:3294,awa_Deva
panel2,B,vardial2018/dev,awa,L1,dev:3300,bho_Deva
panel2,B,vardial2018/dev,awa,L1,dev:3301,awa_Deva
panel2,B,vardial2018/dev,awa,L1,dev:3305,awa_Deva
panel2,B,vardial2018/dev,awa,L1,dev:3306,awa_Deva
panel2,B,vardial2018/dev,awa,L1,dev:3332,awa_Deva
panel2,B,vardial2018/dev,awa,L1,dev:3353,awa_Deva
panel2,B,vardial2018/dev,awa,L1,dev:3355,awa_Deva
panel2,B,vardial2018/dev,awa,L1,dev:3358,awa_Deva
panel2,B,vardial2018/dev,awa,L1,dev:3363,awa_Deva
panel2,B,vardial2018/dev,awa,L1,dev:3365,awa_Deva
panel2,B,vardial2018/dev,awa,L1,dev:3370,awa_Deva
panel2,B,vardial2018/dev,awa,L1,dev:3371,awa_Deva
panel2,B,vardial2018/dev,awa,L1,dev:3384,awa_Deva
panel2,B,vardial2018/dev,awa,L1,dev:3385,kas_Deva
panel2,B,vardial2018/dev,awa,L1,dev:3396,awa_Deva
panel2,B,vardial2018/dev,awa,L1,dev:3400,awa_Deva
panel2,B,vardial2018/dev,awa,L1,dev:3407,awa_Deva
panel2,B,vardial2018/dev,awa,L1,dev:3420,awa_Deva
panel2,B,vardial2018/dev,awa,L1,dev:3425,awa_Deva
panel2,B,vardial2018/dev,awa,L1,dev:3429,awa_Deva
panel2,B,vardial2018/dev,awa,L1,dev:3442,mag_Deva
panel2,B,vardial2018/dev,awa,L1,dev:3444,kas_Deva
panel2,B,vardial2018/dev,awa,L1,dev:3447,hin_Deva
panel2,B,vardial2018/dev,awa,L1,dev:3450,npi_Deva
panel2,B,vardial2018/dev,awa,L1,dev:3508,awa_Deva
panel2,B,vardial2018/dev,awa,L1,dev:3524,anp_Deva
panel2,B,vardial2018/dev,awa,L1,dev:3529,awa_Deva
panel2,B,vardial2018/dev,awa,L1,dev:3530,awa_Deva
panel2,B,vardial2018/dev,awa,L1,dev:3532,awa_Deva
panel2,B,vardial2018/dev,awa,L1,dev:3540,awa_Deva
panel2,B,vardial2018/dev,awa,L1,dev:3545,hin_Deva
panel2,B,vardial2018/dev,awa,L1,dev:3548,hin_Deva
panel2,B,vardial2018/dev,awa,L1,dev:3564,awa_Deva
panel2,B,vardial2018/dev,awa,L1,dev:3566,awa_Deva
panel2,B,vardial2018/dev,awa,L1,dev:3570,awa_Deva
panel2,B,vardial2018/dev,awa,L1,dev:3582,awa_Deva
panel2,B,vardial2018/dev,awa,L1,dev:3588,awa_Deva
panel2,B,vardial2018/dev,awa,L1,dev:3599,awa_Deva
panel2,B,vardial2018/dev,awa,L1,dev:3604,awa_Deva
panel2,B,vardial2018/dev,awa,L1,dev:3613,awa_Deva
panel2,B,vardial2018/dev,awa,L1,dev:3616,awa_Deva
panel2,B,vardial2018/dev,awa,L1,dev:3625,kas_Deva
panel2,B,vardial2018/dev,awa,L1,dev:3626,awa_Deva
panel2,B,vardial2018/dev,awa,L1,dev:3634,awa_Deva
panel2,B,vardial2018/dev,awa,L1,dev:3660,awa_Deva
panel2,B,vardial2018/dev,awa,L1,dev:3666,awa_Deva
panel2,B,vardial2018/dev,awa,L1,dev:3673,awa_Deva
panel2,B,vardial2018/dev,awa,L1,dev:3677,hin_Deva
panel2,B,vardial2018/dev,awa,L1,dev:3679,brx_Deva
panel2,B,vardial2018/dev,awa,L1,dev:3682,awa_Deva
panel2,B,vardial2018/dev,awa,L1,dev:3683,awa_Deva
panel2,B,vardial2018/dev,awa,L1,dev:3699,mup_Deva
panel2,B,vardial2018/dev,awa,L1,dev:3717,awa_Deva
panel2,B,vardial2018/dev,awa,L1,dev:3728,awa_Deva
panel2,B,vardial2018/dev,awa,L1,dev:3730,hin_Deva
panel2,B,vardial2018/dev,awa,L1,dev:3749,bho_Deva
panel2,B,vardial2018/dev,awa,L1,dev:3751,awa_Deva
panel2,B,vardial2018/dev,awa,L1,dev:3769,kas_Deva
panel2,B,vardial2018/dev,awa,L1,dev:3770,anp_Deva
panel2,B,vardial2018/dev,awa,L1,dev:3771,awa_Deva
panel2,B,vardial2018/dev,awa,L1,dev:3772,awa_Deva
panel2,B,vardial2018/dev,awa,L1,dev:3777,awa_Deva
panel2,B,vardial2018/dev,awa,L1,dev:3786,hin_Deva
panel2,B,vardial2018/dev,awa,L1,dev:3787,awa_Deva
panel2,B,vardial2018/dev,awa,L1,dev:3789,awa_Deva
panel2,B,vardial2018/dev,awa,L1,dev:3810,awa_Deva
panel2,B,vardial2018/dev,awa,L1,dev:3812,awa_Deva
panel2,B,vardial2018/dev,awa,L1,dev:3816,anp_Deva
panel2,B,vardial2018/dev,awa,L1,dev:3831,npi_Deva
panel2,B,vardial2018/dev,awa,L1,dev:3834,awa_Deva
panel2,B,vardial2018/dev,awa,L1,dev:3836,awa_Deva
panel2,B,vardial2018/dev,awa,L1,dev:3840,mar_Deva
panel2,B,vardial2018/dev,awa,L1,dev:3853,hin_Deva
panel2,B,vardial2018/dev,awa,L1,dev:3861,awa_Deva
panel2,B,vardial2018/dev,awa,L1,dev:3868,mai_Deva
panel2,B,vardial2018/dev,awa,L1,dev:3874,awa_Deva
panel2,B,vardial2018/dev,awa,L1,dev:3875,mai_Deva
panel2,B,vardial2018/dev,awa,L1,dev:3877,awa_Deva
panel2,B,vardial2018/dev,awa,L1,dev:3879,suz_Deva
panel2,B,vardial2018/dev,awa,L1,dev:3892,awa_Deva
panel2,B,vardial2018/dev,awa,L1,dev:3894,awa_Deva
panel2,B,vardial2018/dev,awa,L1,dev:3901,awa_Deva
panel2,B,vardial2018/dev,awa,L1,dev:3914,mai_Deva
panel2,B,vardial2018/dev,awa,L1,dev:3926,awa_Deva
panel2,B,vardial2018/dev,awa,L1,dev:3927,awa_Deva
panel2,B,vardial2018/dev,awa,L1,dev:3933,npi_Deva
panel2,B,vardial2018/dev,awa,L1,dev:3941,doi_Deva
panel2,B,vardial2018/dev,awa,L1,dev:3946,hin_Deva
panel2,B,vardial2018/dev,awa,L1,dev:3951,awa_Deva
panel2,B,vardial2018/dev,awa,L1,dev:3965,awa_Deva
panel2,B,vardial2018/dev,awa,L1,dev:3968,awa_Deva
panel2,B,vardial2018/dev,awa,L1,dev:3969,awa_Deva
panel2,B,vardial2018/dev,awa,L1,dev:3979,doi_Deva
panel2,B,vardial2018/dev,awa,L1,dev:3990,awa_Deva
panel2,B,vardial2018/dev,awa,L1,dev:3998,hin_Deva
panel2,B,vardial2018/dev,awa,L1,dev:3999,awa_Deva
panel2,B,vardial2018/dev,awa,L1,dev:4000,awa_Deva
panel2,B,vardial2018/dev,awa,L1,dev:4003,awa_Deva
panel2,B,vardial2018/dev,awa,L1,dev:4007,kas_Deva
panel2,B,vardial2018/dev,awa,L1,dev:4011,awa_Deva
panel2,B,vardial2018/dev,awa,L1,dev:4022,awa_Deva
panel2,B,vardial2018/dev,awa,L1,dev:4025,awa_Deva
panel2,B,vardial2018/dev,awa,L1,dev:4030,hin_Deva
panel2,B,vardial2018/dev,awa,L1,dev:4044,hin_Deva
panel2,B,vardial2018/dev,awa,L1,dev:4050,awa_Deva
panel2,B,vardial2018/dev,awa,L1,dev:4061,awa_Deva
panel2,B,vardial2018/dev,awa,L1,dev:4070,mai_Deva
panel2,B,vardial2018/dev,awa,L1,dev:4096,awa_Deva
panel2,B,vardial2018/dev,awa,L1,dev:4108,awa_Deva
panel2,B,vardial2018/dev,awa,L1,dev:4120,awa_Deva
panel2,B,vardial2018/dev,awa,L1,dev:4131,awa_Deva
panel2,B,vardial2018/dev,awa,L1,dev:4156,awa_Deva
panel2,B,vardial2018/dev,awa,L1,dev:4161,awa_Deva
panel2,B,vardial2018/dev,awa,L1,dev:4171,awa_Deva
panel2,B,vardial2018/dev,awa,L1,dev:4190,hin_Deva
panel2,B,vardial2018/dev,awa,L1,dev:4191,bho_Deva
panel2,B,vardial2018/dev,awa,L1,dev:4197,awa_Deva
panel2,B,vardial2018/dev,awa,L1,dev:4217,npi_Deva
panel2,B,vardial2018/dev,awa,L1,dev:4224,awa_Deva
panel2,B,vardial2018/dev,awa,L1,dev:4259,awa_Deva
panel2,B,vardial2018/dev,awa,L1,dev:4263,mar_Deva
panel2,B,vardial2018/dev,awa,L1,dev:4264,awa_Deva
panel2,B,vardial2018/dev,awa,L1,dev:4272,awa_Deva
panel2,B,vardial2018/dev,awa,L1,dev:4274,bho_Deva
panel2,B,vardial2018/dev,awa,L1,dev:4281,awa_Deva
panel2,B,vardial2018/dev,awa,L1,dev:4289,awa_Deva
panel2,B,vardial2018/dev,awa,L1,dev:4292,hin_Deva
panel2,B,vardial2018/dev,awa,L1,dev:4293,hin_Deva
panel2,B,vardial2018/dev,awa,L1,dev:4297,awa_Deva
panel2,B,vardial2018/dev,awa,L1,dev:4312,hin_Deva
panel2,B,vardial2018/dev,awa,L1,dev:4320,awa_Deva
panel2,B,vardial2018/dev,awa,L1,dev:4340,awa_Deva
panel2,B,vardial2018/dev,awa,L1,dev:4359,awa_Deva
panel2,B,vardial2018/dev,awa,L1,dev:4364,awa_Deva
panel2,B,vardial2018/dev,awa,L1,dev:4375,awa_Deva
panel2,B,vardial2018/dev,awa,L1,dev:4376,awa_Deva
panel2,B,vardial2018/dev,awa,L1,dev:4377,doi_Deva
panel2,B,vardial2018/dev,awa,L1,dev:4383,mai_Deva
panel2,B,vardial2018/dev,awa,L1,dev:4384,npi_Deva
panel2,B,vardial2018/dev,awa,L1,dev:4389,kas_Deva
panel2,B,vardial2018/dev,awa,L1,dev:4393,awa_Deva
panel2,B,vardial2018/dev,awa,L1,dev:4427,awa_Deva
panel2,B,vardial2018/dev,awa,L1,dev:4436,awa_Deva
panel2,B,vardial2018/dev,awa,L1,dev:4440,awa_Deva
panel2,B,vardial2018/dev,awa,L1,dev:4445,awa_Deva
panel2,B,vardial2018/dev,awa,L1,dev:4474,mai_Deva
panel2,B,vardial2018/dev,awa,L1,dev:4477,hin_Deva
panel2,B,vardial2018/dev,awa,L1,dev:4501,awa_Deva
panel2,B,vardial2018/dev,awa,L1,dev:4502,awa_Deva
panel2,B,vardial2018/dev,awa,L1,dev:4510,kru_Deva
panel2,B,vardial2018/dev,awa,L1,dev:4515,awa_Deva
panel2,B,vardial2018/dev,awa,L1,dev:4523,awa_Deva
panel2,B,vardial2018/dev,awa,L1,dev:4524,awa_Deva
panel2,B,vardial2018/dev,awa,L1,dev:4526,awa_Deva
panel2,B,vardial2018/dev,awa,L1,dev:4532,bho_Deva
panel2,B,vardial2018/dev,awa,L1,dev:4533,bho_Deva
panel2,B,vardial2018/dev,awa,L1,dev:4538,awa_Deva
panel2,B,vardial2018/dev,awa,L1,dev:4540,awa_Deva
panel2,B,vardial2018/dev,awa,L1,dev:4550,awa_Deva
panel2,B,vardial2018/dev,awa,L1,dev:4559,awa_Deva
panel2,B,vardial2018/dev,awa,L1,dev:4560,awa_Deva
panel2,B,vardial2018/dev,awa,L1,dev:4578,bho_Deva
panel2,B,vardial2018/dev,awa,L1,dev:4586,awa_Deva
panel2,B,vardial2018/dev,awa,L1,dev:4593,awa_Deva
panel2,B,vardial2018/dev,awa,L1,dev:4597,awa_Deva
panel2,B,vardial2018/dev,awa,L1,dev:4599,awa_Deva
panel2,B,vardial2018/dev,awa,L1,dev:4607,awa_Deva
panel2,B,vardial2018/dev,awa,L1,dev:4622,awa_Deva
panel2,B,vardial2018/dev,awa,L1,dev:4623,hin_Deva
panel2,B,vardial2018/dev,awa,L1,dev:4627,awa_Deva
panel2,B,vardial2018/dev,awa,L1,dev:4644,mai_Deva
panel2,B,vardial2018/dev,awa,L1,dev:4645,awa_Deva
panel2,B,vardial2018/dev,awa,L1,dev:4656,bho_Deva
panel2,B,vardial2018/dev,awa,L1,dev:4658,awa_Deva
panel2,B,vardial2018/dev,awa,L1,dev:4669,awa_Deva
panel2,B,vardial2018/dev,awa,L1,dev:4670,bho_Deva
panel2,B,vardial2018/dev,awa,L1,dev:4679,npi_Deva
panel2,B,vardial2018/dev,awa,L1,dev:4690,awa_Deva
panel2,B,vardial2018/dev,awa,L1,dev:4697,bho_Deva
panel2,B,vardial2018/dev,awa,L1,dev:4702,awa_Deva
panel2,B,vardial2018/dev,awa,L1,dev:4716,hin_Deva
panel2,B,vardial2018/dev,awa,L1,dev:4737,awa_Deva
panel2,B,vardial2018/dev,awa,L1,dev:4747,kas_Deva
panel2,B,vardial2018/dev,awa,L1,dev:4753,kas_Deva
panel2,B,vardial2018/dev,awa,L1,dev:4759,mai_Deva
panel2,B,vardial2018/dev,awa,L1,dev:4761,hin_Deva
panel2,B,vardial2018/dev,awa,L1,dev:4762,awa_Deva
panel2,B,vardial2018/dev,awa,L1,dev:4763,awa_Deva
panel2,B,vardial2018/dev,awa,L1,dev:4765,hin_Deva
panel2,B,vardial2018/dev,awa,L1,dev:4779,awa_Deva
panel2,B,vardial2018/dev,awa,L1,dev:4784,awa_Deva
panel2,B,vardial2018/dev,awa,L1,dev:4789,hin_Deva
panel2,B,vardial2018/dev,awa,L1,dev:4799,awa_Deva
panel2,B,vardial2018/dev,awa,L1,dev:4820,npi_Deva
panel2,B,vardial2018/dev,awa,L1,dev:4821,kru_Deva
panel2,B,vardial2018/dev,awa,L1,dev:4822,npi_Deva
panel2,B,vardial2018/dev,awa,L1,dev:4840,hin_Deva
panel2,B,vardial2018/dev,awa,L1,dev:4847,awa_Deva
panel2,B,vardial2018/dev,awa,L1,dev:4879,awa_Deva
panel2,B,vardial2018/dev,awa,L1,dev:4890,hin_Deva
panel2,B,vardial2018/dev,awa,L1,dev:4891,awa_Deva
panel2,B,vardial2018/dev,awa,L1,dev:4900,awa_Deva
panel2,B,vardial2018/dev,awa,L1,dev:4908,awa_Deva
panel2,B,vardial2018/dev,awa,L1,dev:4922,awa_Deva
panel2,B,vardial2018/dev,awa,L1,dev:4923,npi_Deva
panel2,B,vardial2018/dev,awa,L1,dev:4925,awa_Deva
panel2,B,vardial2018/dev,awa,L1,dev:4927,hin_Deva
panel2,B,vardial2018/dev,awa,L1,dev:4929,hin_Deva
panel2,B,vardial2018/dev,awa,L1,dev:4931,awa_Deva
panel2,B,vardial2018/dev,awa,L1,dev:4949,awa_Deva
panel2,B,vardial2018/dev,awa,L1,dev:4950,awa_Deva
panel2,B,vardial2018/dev,awa,L1,dev:4964,bho_Deva
panel2,B,vardial2018/dev,awa,L1,dev:4984,awa_Deva
panel2,B,vardial2018/dev,awa,L1,dev:4992,bho_Deva
panel2,B,vardial2018/dev,awa,L1,dev:4993,awa_Deva
panel2,B,vardial2018/dev,awa,L1,dev:4994,awa_Deva
panel2,B,vardial2018/dev,awa,L1,dev:5003,thl_Deva
panel2,B,vardial2018/dev,awa,L1,dev:5016,awa_Deva
panel2,B,vardial2018/dev,awa,L1,dev:5029,awa_Deva
panel2,B,vardial2018/dev,awa,L1,dev:5050,awa_Deva
panel2,B,vardial2018/dev,awa,L1,dev:5063,mup_Deva
panel2,B,vardial2018/dev,awa,L1,dev:5065,kru_Deva
panel2,B,vardial2018/dev,awa,L1,dev:5069,awa_Deva
panel2,B,vardial2018/dev,awa,L1,dev:5075,awa_Deva
panel2,B,vardial2018/dev,awa,L1,dev:5086,awa_Deva
panel2,B,vardial2018/dev,awa,L1,dev:5099,hin_Deva
panel2,B,vardial2018/dev,awa,L1,dev:5117,awa_Deva
panel2,B,vardial2018/dev,awa,L1,dev:5133,awa_Deva
panel2,B,vardial2018/dev,awa,L1,dev:5139,awa_Deva
panel2,B,vardial2018/dev,awa,L1,dev:5151,awa_Deva
panel2,B,vardial2018/dev,awa,L1,dev:5153,hin_Deva
panel2,B,vardial2018/dev,awa,L1,dev:5173,awa_Deva
panel2,B,vardial2018/dev,awa,L1,dev:5181,awa_Deva
panel2,B,vardial2018/dev,awa,L1,dev:5189,awa_Deva
panel2,B,vardial2018/dev,awa,L1,dev:5205,awa_Deva
panel2,B,vardial2018/dev,awa,L1,dev:5215,awa_Deva
panel2,B,vardial2018/dev,awa,L1,dev:5226,hin_Deva
panel2,B,vardial2018/dev,awa,L1,dev:5241,kas_Deva
panel2,B,vardial2018/dev,awa,L1,dev:5259,awa_Deva
panel2,B,vardial2018/dev,awa,L1,dev:5269,npi_Deva
panel2,B,vardial2018/dev,awa,L1,dev:5270,awa_Deva
panel2,B,vardial2018/dev,awa,L1,dev:5273,awa_Deva
panel2,B,vardial2018/dev,awa,L1,dev:5280,awa_Deva
panel2,B,vardial2018/dev,awa,L1,dev:5282,kru_Deva
panel2,B,vardial2018/dev,awa,L1,dev:5283,awa_Deva
panel2,B,vardial2018/dev,awa,L1,dev:5284,awa_Deva
panel2,B,vardial2018/dev,awa,L1,dev:5293,mar_Deva
panel2,B,vardial2018/dev,awa,L1,dev:5297,awa_Deva
panel2,B,vardial2018/dev,awa,L1,dev:5313,awa_Deva
panel2,B,vardial2018/dev,awa,L1,dev:5330,awa_Deva
panel2,B,vardial2018/dev,awa,L1,dev:5334,npi_Deva
panel2,B,vardial2018/dev,awa,L1,dev:5344,awa_Deva
panel2,B,vardial2018/dev,awa,L1,dev:5350,awa_Deva
panel2,B,vardial2018/dev,awa,L1,dev:5354,awa_Deva
panel2,B,vardial2018/dev,awa,L1,dev:5374,doi_Deva
panel2,B,vardial2018/dev,awa,L1,dev:5377,hin_Deva
panel2,B,vardial2018/dev,awa,L1,dev:5380,awa_Deva
panel2,B,vardial2018/dev,awa,L1,dev:5383,hin_Deva
panel2,B,vardial2018/dev,awa,L1,dev:5389,hin_Deva
panel2,B,vardial2018/dev,awa,L1,dev:5401,doi_Deva
panel2,B,vardial2018/dev,awa,L1,dev:5422,awa_Deva
panel2,B,vardial2018/dev,awa,L1,dev:5423,awa_Deva
panel2,B,vardial2018/dev,awa,L1,dev:5434,awa_Deva
panel2,B,vardial2018/dev,awa,L1,dev:5436,awa_Deva
panel2,B,vardial2018/dev,awa,L1,dev:5458,bho_Deva
panel2,B,vardial2018/dev,awa,L1,dev:5468,awa_Deva
panel2,B,vardial2018/dev,awa,L1,dev:5469,awa_Deva
panel2,B,vardial2018/dev,awa,L1,dev:5474,awa_Deva
panel2,B,vardial2018/dev,awa,L1,dev:5487,awa_Deva
panel2,B,vardial2018/dev,awa,L1,dev:5492,awa_Deva
panel2,B,vardial2018/dev,awa,L1,dev:5496,hin_Deva
panel2,B,vardial2018/dev,awa,L1,dev:5512,awa_Deva
panel2,B,vardial2018/dev,awa,L1,dev:5529,bho_Deva
panel2,B,vardial2018/dev,awa,L1,dev:5530,hin_Deva
panel2,B,vardial2018/dev,awa,L1,dev:5534,awa_Deva
panel2,B,vardial2018/dev,awa,L1,dev:5539,awa_Deva
panel2,B,vardial2018/dev,awa,L1,dev:5553,hin_Deva
panel2,B,vardial2018/dev,awa,L1,dev:5554,hne_Deva
panel2,B,vardial2018/dev,awa,L1,dev:5564,hin_Deva
panel2,B,vardial2018/dev,awa,L1,dev:5565,awa_Deva
panel2,B,vardial2018/dev,awa,L1,dev:5568,awa_Deva
panel2,B,vardial2018/dev,awa,L1,dev:5582,awa_Deva
panel2,B,vardial2018/dev,awa,L1,dev:5593,hin_Deva
panel2,B,vardial2018/dev,awa,L1,dev:5596,awa_Deva
panel2,B,vardial2018/dev,awa,L1,dev:5601,awa_Deva
panel2,B,vardial2018/dev,awa,L1,dev:5609,awa_Deva
panel2,B,vardial2018/dev,awa,L1,dev:5610,awa_Deva
panel2,B,vardial2018/dev,awa,L1,dev:5616,awa_Deva
panel2,B,vardial2018/dev,awa,L1,dev:5617,hin_Deva
panel2,B,vardial2018/dev,awa,L1,dev:5618,awa_Deva
panel2,B,vardial2018/dev,awa,L1,dev:5627,mai_Deva
panel2,B,vardial2018/dev,awa,L1,dev:5632,awa_Deva
panel2,B,vardial2018/dev,awa,L1,dev:5636,awa_Deva
panel2,B,vardial2018/dev,awa,L1,dev:5638,awa_Deva
panel2,B,vardial2018/dev,awa,L1,dev:5642,awa_Deva
panel2,B,vardial2018/dev,awa,L1,dev:5643,awa_Deva
panel2,B,vardial2018/dev,awa,L1,dev:5650,awa_Deva
panel2,B,vardial2018/dev,awa,L1,dev:5652,awa_Deva
panel2,B,vardial2018/dev,awa,L1,dev:5678,kas_Deva
panel2,B,vardial2018/dev,awa,L1,dev:5690,awa_Deva
panel2,B,vardial2018/dev,awa,L1,dev:5691,kru_Deva
panel2,B,vardial2018/dev,awa,L1,dev:5695,awa_Deva
panel2,B,vardial2018/dev,awa,L1,dev:5710,awa_Deva
panel2,B,vardial2018/dev,awa,L1,dev:5711,hin_Deva
panel2,B,vardial2018/dev,awa,L1,dev:5714,awa_Deva
panel2,B,vardial2018/dev,awa,L1,dev:5724,awa_Deva
panel2,B,vardial2018/dev,awa,L1,dev:5725,awa_Deva
panel2,B,vardial2018/dev,awa,L1,dev:5728,awa_Deva
panel2,B,vardial2018/dev,awa,L1,dev:5732,awa_Deva
panel2,B,vardial2018/dev,awa,L1,dev:5740,awa_Deva
panel2,B,vardial2018/dev,awa,L1,dev:5752,hin_Deva
panel2,B,vardial2018/dev,awa,L1,dev:5753,doi_Deva
panel2,B,vardial2018/dev,awa,L1,dev:5767,awa_Deva
panel2,B,vardial2018/dev,awa,L1,dev:5770,new_Deva
panel2,B,vardial2018/dev,awa,L1,dev:5771,bho_Deva
panel2,B,vardial2018/dev,awa,L1,dev:5808,awa_Deva
panel2,B,vardial2018/dev,awa,L1,dev:5817,awa_Deva
panel2,B,vardial2018/dev,awa,L1,dev:5823,awa_Deva
panel2,B,vardial2018/dev,awa,L1,dev:5825,anp_Deva
panel2,B,vardial2018/dev,awa,L1,dev:5849,awa_Deva
panel2,B,vardial2018/dev,awa,L1,dev:5861,awa_Deva
panel2,B,vardial2018/dev,awa,L1,dev:5869,npi_Deva
panel2,B,vardial2018/dev,awa,L1,dev:5880,awa_Deva
panel2,B,vardial2018/dev,awa,L1,dev:5886,awa_Deva
panel2,B,vardial2018/dev,awa,L1,dev:5889,awa_Deva
panel2,B,vardial2018/dev,awa,L1,dev:5901,awa_Deva
panel2,B,vardial2018/dev,awa,L1,dev:5902,awa_Deva
panel2,B,vardial2018/dev,awa,L1,dev:5905,hin_Deva
panel2,B,vardial2018/dev,awa,L1,dev:5918,awa_Deva
panel2,B,vardial2018/dev,awa,L1,dev:5928,hin_Deva
panel2,B,vardial2018/dev,awa,L1,dev:5941,hin_Deva
panel2,B,vardial2018/dev,awa,L1,dev:5943,mai_Deva
panel2,B,vardial2018/dev,awa,L1,dev:5950,awa_Deva
panel2,B,vardial2018/dev,awa,L1,dev:5955,awa_Deva
panel2,B,vardial2018/dev,awa,L1,dev:5968,awa_Deva
panel2,B,vardial2018/dev,awa,L1,dev:5972,mag_Deva
panel2,B,vardial2018/dev,awa,L1,dev:5975,awa_Deva
panel2,B,vardial2018/dev,awa,L1,dev:5979,awa_Deva
panel2,B,vardial2018/dev,awa,L1,dev:5981,mai_Deva
panel2,B,vardial2018/dev,awa,L1,dev:5986,awa_Deva
panel2,B,vardial2018/dev,awa,L1,dev:5993,awa_Deva
panel2,B,vardial2018/dev,awa,L1,dev:6011,awa_Deva
panel2,B,vardial2018/dev,awa,L1,dev:6012,awa_Deva
panel2,B,vardial2018/dev,awa,L1,dev:6021,kas_Deva
panel2,B,vardial2018/dev,awa,L1,dev:6036,hin_Deva
panel2,B,vardial2018/dev,awa,L1,dev:6038,awa_Deva
panel2,B,vardial2018/dev,awa,L1,dev:6041,bho_Deva
panel2,B,vardial2018/dev,awa,L1,dev:6046,awa_Deva
panel2,B,vardial2018/dev,awa,L1,dev:6050,awa_Deva
panel2,B,vardial2018/dev,awa,L1,dev:6060,doi_Deva
panel2,B,vardial2018/dev,awa,L1,dev:6083,mai_Deva
panel2,B,vardial2018/dev,awa,L1,dev:6084,awa_Deva
panel2,B,vardial2018/dev,awa,L1,dev:6103,kas_Deva
panel2,B,vardial2018/dev,awa,L1,dev:6108,awa_Deva
panel2,B,vardial2018/dev,awa,L1,dev:6109,hin_Deva
panel2,B,vardial2018/dev,awa,L1,dev:6110,awa_Deva
panel2,B,vardial2018/dev,awa,L1,dev:6123,awa_Deva
panel2,B,vardial2018/dev,awa,L1,dev:6124,awa_Deva
panel2,B,vardial2018/dev,awa,L1,dev:6148,awa_Deva
panel2,B,vardial2018/dev,awa,L1,dev:6152,awa_Deva
panel2,B,vardial2018/dev,awa,L1,dev:6156,anp_Deva
panel2,B,vardial2018/dev,awa,L1,dev:6160,san_Deva
panel2,B,vardial2018/dev,awa,L1,dev:6163,awa_Deva
panel2,B,vardial2018/dev,awa,L1,dev:6178,awa_Deva
panel2,B,vardial2018/dev,awa,L1,dev:6200,san_Deva
panel2,B,vardial2018/dev,awa,L1,dev:6205,awa_Deva
panel2,B,vardial2018/dev,awa,L1,dev:6208,kas_Deva
panel2,B,vardial2018/dev,awa,L1,dev:6209,awa_Deva
panel2,B,vardial2018/dev,awa,L1,dev:6211,awa_Deva
panel2,B,vardial2018/dev,awa,L1,dev:6237,awa_Deva
panel2,B,vardial2018/dev,awa,L1,dev:6245,mai_Deva
panel2,B,vardial2018/dev,awa,L1,dev:6251,awa_Deva
panel2,B,vardial2018/dev,awa,L1,dev:6259,kas_Deva
panel2,B,vardial2018/dev,awa,L1,dev:6291,awa_Deva
panel2,B,vardial2018/dev,awa,L1,dev:6295,awa_Deva
panel2,B,vardial2018/dev,awa,L1,dev:6303,awa_Deva
panel2,B,vardial2018/dev,awa,L1,dev:6313,kas_Deva
panel2,B,vardial2018/dev,awa,L1,dev:6323,kas_Deva
panel2,B,vardial2018/dev,awa,L1,dev:6360,hin_Deva
panel2,B,vardial2018/dev,awa,L1,dev:6368,awa_Deva
panel2,B,vardial2018/dev,awa,L1,dev:6371,bho_Deva
panel2,B,vardial2018/dev,awa,L1,dev:6378,awa_Deva
panel2,B,vardial2018/dev,awa,L1,dev:6387,awa_Deva
panel2,B,vardial2018/dev,awa,L1,dev:6390,awa_Deva
panel2,B,vardial2018/dev,awa,L1,dev:6391,mar_Deva
panel2,B,vardial2018/dev,awa,L1,dev:6398,awa_Deva
panel2,B,vardial2018/dev,awa,L1,dev:6400,hin_Deva
panel2,B,vardial2018/dev,awa,L1,dev:6401,awa_Deva
panel2,B,vardial2018/dev,awa,L1,dev:6407,awa_Deva
panel2,B,vardial2018/dev,awa,L1,dev:6409,awa_Deva
panel2,B,vardial2018/dev,awa,L1,dev:6417,awa_Deva
panel2,B,vardial2018/dev,awa,L1,dev:6428,awa_Deva
panel2,B,vardial2018/dev,awa,L1,dev:6443,awa_Deva
panel2,B,vardial2018/dev,awa,L1,dev:6450,awa_Deva
panel2,B,vardial2018/dev,awa,L1,dev:6475,awa_Deva
panel2,B,vardial2018/dev,awa,L1,dev:6485,hin_Deva
panel2,B,vardial2018/dev,awa,L1,dev:6487,awa_Deva
panel2,B,vardial2018/dev,awa,L1,dev:6493,awa_Deva
panel2,B,vardial2018/dev,awa,L1,dev:6517,awa_Deva
panel2,B,vardial2018/dev,awa,L1,dev:6523,awa_Deva
panel2,B,vardial2018/dev,awa,L1,dev:6525,kas_Deva
panel2,B,vardial2018/dev,awa,L1,dev:6526,awa_Deva
panel2,B,vardial2018/dev,awa,L1,dev:6527,awa_Deva
panel2,B,vardial2018/dev,awa,L1,dev:6539,awa_Deva
panel2,B,vardial2018/dev,awa,L1,dev:6543,awa_Deva
panel2,B,vardial2018/dev,awa,L1,dev:6545,awa_Deva
panel2,B,vardial2018/dev,awa,L1,dev:6557,awa_Deva
panel2,B,vardial2018/dev,awa,L1,dev:6559,awa_Deva
panel2,B,vardial2018/dev,awa,L1,dev:6563,awa_Deva
panel2,B,vardial2018/dev,awa,L1,dev:6576,bho_Deva
panel2,B,vardial2018/dev,awa,L1,dev:6593,hin_Deva
panel2,B,vardial2018/dev,awa,L1,dev:6597,awa_Deva
panel2,B,vardial2018/dev,awa,L1,dev:6610,awa_Deva
panel2,B,vardial2018/dev,awa,L1,dev:6618,awa_Deva
panel2,B,vardial2018/dev,awa,L1,dev:6626,awa_Deva
panel2,B,vardial2018/dev,awa,L1,dev:6633,awa_Deva
panel2,B,vardial2018/dev,awa,L1,dev:6636,awa_Deva
panel2,B,vardial2018/dev,awa,L1,dev:6651,awa_Deva
panel2,B,vardial2018/dev,awa,L1,dev:6654,awa_Deva
panel2,B,vardial2018/dev,awa,L1,dev:6658,anp_Deva
panel2,B,vardial2018/dev,awa,L1,dev:6660,awa_Deva
panel2,B,vardial2018/dev,awa,L1,dev:6667,awa_Deva
panel2,B,vardial2018/dev,awa,L1,dev:6668,new_Deva
panel2,B,vardial2018/dev,awa,L1,dev:6670,awa_Deva
panel2,B,vardial2018/dev,awa,L1,dev:6671,npi_Deva
panel2,B,vardial2018/dev,awa,L1,dev:6673,awa_Deva
panel2,B,vardial2018/dev,awa,L1,dev:6678,hne_Deva
panel2,B,vardial2018/dev,awa,L1,dev:6686,hin_Deva
panel2,B,vardial2018/dev,awa,L1,dev:6689,awa_Deva
panel2,B,vardial2018/dev,awa,L1,dev:6694,awa_Deva
panel2,B,vardial2018/dev,awa,L1,dev:6695,awa_Deva
panel2,B,vardial2018/dev,awa,L1,dev:6704,awa_Deva
panel2,B,vardial2018/dev,awa,L1,dev:6705,hne_Deva
panel2,B,vardial2018/dev,awa,L1,dev:6716,awa_Deva
panel2,B,vardial2018/dev,awa,L1,dev:6718,awa_Deva
panel2,B,vardial2018/dev,awa,L1,dev:6719,awa_Deva
panel2,B,vardial2018/dev,awa,L1,dev:6723,awa_Deva
panel2,B,vardial2018/dev,awa,L1,dev:6724,awa_Deva
panel2,B,vardial2018/dev,awa,L1,dev:6725,awa_Deva
panel2,B,vardial2018/dev,awa,L1,dev:6736,mai_Deva
panel2,B,vardial2018/dev,awa,L1,dev:6740,awa_Deva
panel2,B,vardial2018/dev,awa,L1,dev:6742,awa_Deva
panel2,B,vardial2018/dev,awa,L1,dev:6745,hin_Deva
panel2,B,vardial2018/dev,awa,L1,dev:6747,awa_Deva
panel2,B,vardial2018/dev,awa,L1,dev:6752,hin_Deva
panel2,B,vardial2018/dev,awa,L1,dev:6757,awa_Deva
panel2,B,vardial2018/dev,awa,L1,dev:6759,hin_Deva
panel2,B,vardial2018/dev,awa,L1,dev:6769,awa_Deva
panel2,B,vardial2018/dev,awa,L1,dev:6784,awa_Deva
panel2,B,vardial2018/dev,awa,L1,dev:6812,npi_Deva
panel2,B,vardial2018/dev,awa,L1,dev:6816,awa_Deva
panel2,B,vardial2018/dev,awa,L1,dev:6825,doi_Deva
panel2,B,vardial2018/dev,awa,L1,dev:6830,awa_Deva
panel2,B,vardial2018/dev,awa,L1,dev:6831,awa_Deva
panel2,B,vardial2018/dev,awa,L1,dev:6841,hin_Deva
panel2,B,vardial2018/dev,awa,L1,dev:6851,awa_Deva
panel2,B,vardial2018/dev,awa,L1,dev:6857,awa_Deva
panel2,B,vardial2018/dev,awa,L1,dev:6861,awa_Deva
panel2,B,vardial2018/dev,awa,L1,dev:6890,awa_Deva
panel2,B,vardial2018/dev,awa,L1,dev:6892,awa_Deva
panel2,B,vardial2018/dev,awa,L1,dev:6911,bho_Deva
panel2,B,vardial2018/dev,awa,L1,dev:6918,bho_Deva
panel2,B,vardial2018/dev,awa,L1,dev:6951,awa_Deva
panel2,B,vardial2018/dev,awa,L1,dev:6958,mag_Deva
panel2,B,vardial2018/dev,awa,L1,dev:6971,npi_Deva
panel2,B,vardial2018/dev,awa,L1,dev:6973,awa_Deva
panel2,B,vardial2018/dev,awa,L1,dev:6978,awa_Deva
panel2,B,vardial2018/dev,awa,L1,dev:6979,mai_Deva
panel2,B,vardial2018/dev,awa,L1,dev:7003,awa_Deva
panel2,B,vardial2018/dev,awa,L1,dev:7004,hin_Deva
panel2,B,vardial2018/dev,awa,L1,dev:7009,awa_Deva
panel2,B,vardial2018/dev,awa,L1,dev:7018,awa_Deva
panel2,B,vardial2018/dev,awa,L1,dev:7025,awa_Deva
panel2,B,vardial2018/dev,awa,L1,dev:7027,awa_Deva
panel2,B,vardial2018/dev,awa,L1,dev:7034,awa_Deva
panel2,B,vardial2018/dev,awa,L1,dev:7052,awa_Deva
panel2,B,vardial2018/dev,awa,L1,dev:7057,awa_Deva
panel2,B,vardial2018/dev,awa,L1,dev:7058,awa_Deva
panel2,B,vardial2018/dev,awa,L1,dev:7060,awa_Deva
panel2,B,vardial2018/dev,awa,L1,dev:7065,anp_Deva
panel2,B,vardial2018/dev,awa,L1,dev:7080,awa_Deva
panel2,B,vardial2018/dev,awa,L1,dev:7081,hin_Deva
panel2,B,vardial2018/dev,awa,L1,dev:7083,awa_Deva
panel2,B,vardial2018/dev,awa,L1,dev:7094,hin_Deva
panel2,B,vardial2018/dev,awa,L1,dev:7103,awa_Deva
panel2,B,vardial2018/dev,awa,L1,dev:7106,suz_Deva
panel2,B,vardial2018/dev,awa,L1,dev:7125,awa_Deva
panel2,B,vardial2018/dev,awa,L1,dev:7128,awa_Deva
panel2,B,vardial2018/dev,awa,L1,dev:7136,mai_Deva
panel2,B,vardial2018/dev,awa,L1,dev:7137,awa_Deva
panel2,B,vardial2018/dev,awa,L1,dev:7141,hin_Deva
panel2,B,vardial2018/dev,awa,L1,dev:7156,bho_Deva
panel2,B,vardial2018/dev,awa,L1,dev:7171,awa_Deva
panel2,B,vardial2018/dev,awa,L1,dev:7175,awa_Deva
panel2,B,vardial2018/dev,awa,L1,dev:7176,awa_Deva
panel2,B,vardial2018/dev,awa,L1,dev:7177,hin_Deva
panel2,B,vardial2018/dev,awa,L1,dev:7185,awa_Deva
panel2,B,vardial2018/dev,awa,L1,dev:7191,hin_Deva
panel2,B,vardial2018/dev,awa,L1,dev:7199,kas_Deva
panel2,B,vardial2018/dev,awa,L1,dev:7200,awa_Deva
panel2,B,vardial2018/dev,awa,L1,dev:7215,awa_Deva
panel2,B,vardial2018/dev,awa,L1,dev:7226,awa_Deva
panel2,B,vardial2018/dev,awa,L1,dev:7240,kas_Deva
panel2,B,vardial2018/dev,awa,L1,dev:7242,hin_Deva
panel2,B,vardial2018/dev,awa,L1,dev:7250,mag_Deva
panel2,B,vardial2018/dev,awa,L1,dev:7252,hin_Deva
panel2,B,vardial2018/dev,awa,L1,dev:7254,bho_Deva
panel2,B,vardial2018/dev,awa,L1,dev:7255,new_Deva
panel2,B,vardial2018/dev,awa,L1,dev:7278,awa_Deva
panel2,B,vardial2018/dev,awa,L1,dev:7286,kas_Deva
panel2,B,vardial2018/dev,awa,L1,dev:7288,awa_Deva
panel2,B,vardial2018/dev,awa,L1,dev:7290,awa_Deva
panel2,B,vardial2018/dev,awa,L1,dev:7291,hin_Deva
panel2,B,vardial2018/dev,awa,L1,dev:7304,hin_Deva
panel2,B,vardial2018/dev,awa,L1,dev:7305,anp_Deva
panel2,B,vardial2018/dev,awa,L1,dev:7308,awa_Deva
panel2,B,vardial2018/dev,awa,L1,dev:7311,hin_Deva
panel2,B,vardial2018/dev,awa,L1,dev:7313,npi_Deva
panel2,B,vardial2018/dev,awa,L1,dev:7326,awa_Deva
panel2,B,vardial2018/dev,awa,L1,dev:7335,awa_Deva
panel2,B,vardial2018/dev,awa,L1,dev:7343,kas_Deva
panel2,B,vardial2018/dev,awa,L1,dev:7351,awa_Deva
panel2,B,vardial2018/dev,awa,L1,dev:7356,awa_Deva
panel2,B,vardial2018/dev,awa,L1,dev:7367,awa_Deva
panel2,B,vardial2018/dev,awa,L1,dev:7369,awa_Deva
panel2,B,vardial2018/dev,awa,L1,dev:7374,awa_Deva
panel2,B,vardial2018/dev,awa,L1,dev:7404,awa_Deva
panel2,B,vardial2018/dev,awa,L1,dev:7421,awa_Deva
panel2,B,vardial2018/dev,awa,L1,dev:7428,awa_Deva
panel2,B,vardial2018/dev,awa,L1,dev:7444,awa_Deva
panel2,B,vardial2018/dev,awa,L1,dev:7447,awa_Deva
panel2,B,vardial2018/dev,awa,L1,dev:7449,awa_Deva
panel2,B,vardial2018/dev,awa,L1,dev:7450,awa_Deva
panel2,B,vardial2018/dev,awa,L1,dev:7463,awa_Deva
panel2,B,vardial2018/dev,awa,L1,dev:7465,hin_Deva
panel2,B,vardial2018/dev,awa,L1,dev:7467,hin_Deva
panel2,B,vardial2018/dev,awa,L1,dev:7477,hin_Deva
panel2,B,vardial2018/dev,awa,L1,dev:7484,awa_Deva
panel2,B,vardial2018/dev,awa,L1,dev:7501,awa_Deva
panel2,B,vardial2018/dev,awa,L1,dev:7502,mar_Deva
panel2,B,vardial2018/dev,awa,L1,dev:7509,awa_Deva
panel2,B,vardial2018/dev,awa,L1,dev:7510,npi_Deva
panel2,B,vardial2018/dev,awa,L1,dev:7514,hin_Deva
panel2,B,vardial2018/dev,awa,L1,dev:7538,awa_Deva
panel2,B,vardial2018/dev,awa,L1,dev:7541,awa_Deva
panel2,B,vardial2018/dev,awa,L1,dev:7543,hin_Deva
panel2,B,vardial2018/dev,awa,L1,dev:7556,awa_Deva
panel2,B,vardial2018/dev,awa,L1,dev:7562,hin_Deva
panel2,B,vardial2018/dev,awa,L1,dev:7566,mar_Deva
panel2,B,vardial2018/dev,awa,L1,dev:7590,awa_Deva
panel2,B,vardial2018/dev,awa,L1,dev:7595,awa_Deva
panel2,B,vardial2018/dev,awa,L1,dev:7597,hin_Deva
panel2,B,vardial2018/dev,awa,L1,dev:7601,awa_Deva
panel2,B,vardial2018/dev,awa,L1,dev:7618,awa_Deva
panel2,B,vardial2018/dev,awa,L1,dev:7621,awa_Deva
panel2,B,vardial2018/dev,awa,L1,dev:7625,awa_Deva
panel2,B,vardial2018/dev,awa,L1,dev:7633,awa_Deva
panel2,B,vardial2018/dev,awa,L1,dev:7638,hin_Deva
panel2,B,vardial2018/dev,awa,L1,dev:7644,awa_Deva
panel2,B,vardial2018/dev,awa,L1,dev:7646,awa_Deva
panel2,B,vardial2018/dev,awa,L1,dev:7655,awa_Deva
panel2,B,vardial2018/dev,awa,L1,dev:7672,awa_Deva
panel2,B,vardial2018/dev,awa,L1,dev:7685,awa_Deva
panel2,B,vardial2018/dev,awa,L1,dev:7688,bho_Deva
panel2,B,vardial2018/dev,awa,L1,dev:7691,mai_Deva
panel2,B,vardial2018/dev,awa,L1,dev:7694,awa_Deva
panel2,B,vardial2018/dev,awa,L1,dev:7707,awa_Deva
panel2,B,vardial2018/dev,awa,L1,dev:7710,cok_Latn
panel2,B,vardial2018/dev,awa,L1,dev:7713,awa_Deva
panel2,B,vardial2018/dev,awa,L1,dev:7715,awa_Deva
panel2,B,vardial2018/dev,awa,L1,dev:7718,awa_Deva
panel2,B,vardial2018/dev,awa,L1,dev:7722,awa_Deva
panel2,B,vardial2018/dev,awa,L1,dev:7725,bho_Deva
panel2,B,vardial2018/dev,awa,L1,dev:7726,awa_Deva
panel2,B,vardial2018/dev,awa,L1,dev:7729,hin_Deva
panel2,B,vardial2018/dev,awa,L1,dev:7733,awa_Deva
panel2,B,vardial2018/dev,awa,L1,dev:7739,awa_Deva
panel2,B,vardial2018/dev,awa,L1,dev:7741,npi_Deva
panel2,B,vardial2018/dev,awa,L1,dev:7743,bho_Deva
panel2,B,vardial2018/dev,awa,L1,dev:7744,awa_Deva
panel2,B,vardial2018/dev,awa,L1,dev:7751,awa_Deva
panel2,B,vardial2018/dev,awa,L1,dev:7752,awa_Deva
panel2,B,vardial2018/dev,awa,L1,dev:7757,awa_Deva
panel2,B,vardial2018/dev,awa,L1,dev:7759,awa_Deva
panel2,B,vardial2018/dev,awa,L1,dev:7767,awa_Deva
panel2,B,vardial2018/dev,awa,L1,dev:7769,awa_Deva
panel2,B,vardial2018/dev,awa,L1,dev:7772,awa_Deva
panel2,B,vardial2018/dev,awa,L1,dev:7780,awa_Deva
panel2,B,vardial2018/dev,awa,L1,dev:7787,awa_Deva
panel2,B,vardial2018/dev,awa,L1,dev:7788,awa_Deva
panel2,B,vardial2018/dev,awa,L1,dev:7803,awa_Deva
panel2,B,vardial2018/dev,awa,L1,dev:7804,doi_Deva
panel2,B,vardial2018/dev,awa,L1,dev:7825,bho_Deva
panel2,B,vardial2018/dev,awa,L1,dev:7839,awa_Deva
panel2,B,vardial2018/dev,awa,L1,dev:7849,awa_Deva
panel2,B,vardial2018/dev,awa,L1,dev:7850,awa_Deva
panel2,B,vardial2018/dev,awa,L1,dev:7858,doi_Deva
panel2,B,vardial2018/dev,awa,L1,dev:7877,hin_Deva
panel2,B,vardial2018/dev,awa,L1,dev:7885,awa_Deva
panel2,B,vardial2018/dev,awa,L1,dev:7886,mai_Deva
panel2,B,vardial2018/dev,awa,L1,dev:7888,hin_Deva
panel2,B,vardial2018/dev,awa,L1,dev:7902,awa_Deva
panel2,B,vardial2018/dev,awa,L1,dev:7908,awa_Deva
panel2,B,vardial2018/dev,awa,L1,dev:7909,awa_Deva
panel2,B,vardial2018/dev,awa,L1,dev:7910,awa_Deva
panel2,B,vardial2018/dev,awa,L1,dev:7912,awa_Deva
panel2,B,vardial2018/dev,awa,L1,dev:7919,hin_Deva
panel2,B,vardial2018/dev,awa,L1,dev:7920,awa_Deva
panel2,B,vardial2018/dev,awa,L1,dev:7931,kas_Deva
panel2,B,vardial2018/dev,awa,L1,dev:7943,awa_Deva
panel2,B,vardial2018/dev,awa,L1,dev:7950,mai_Deva
panel2,B,vardial2018/dev,awa,L1,dev:7958,awa_Deva
panel2,B,vardial2018/dev,awa,L1,dev:7967,hin_Deva
panel2,B,vardial2018/dev,awa,L1,dev:7971,awa_Deva
panel2,B,vardial2018/dev,awa,L1,dev:7974,awa_Deva
panel2,B,vardial2018/dev,awa,L1,dev:7984,awa_Deva
panel2,B,vardial2018/dev,awa,L1,dev:7987,hin_Deva
panel2,B,vardial2018/dev,awa,L1,dev:7988,anp_Deva
panel2,B,vardial2018/dev,awa,L1,dev:7991,awa_Deva
panel2,B,vardial2018/dev,awa,L1,dev:7994,awa_Deva
panel2,B,vardial2018/dev,awa,L1,dev:8002,awa_Deva
panel2,B,vardial2018/dev,awa,L1,dev:8011,hin_Deva
panel2,B,vardial2018/dev,awa,L1,dev:8016,hin_Deva
panel2,B,vardial2018/dev,awa,L1,dev:8021,awa_Deva
panel2,B,vardial2018/dev,awa,L1,dev:8028,awa_Deva
panel2,B,vardial2018/dev,awa,L1,dev:8029,awa_Deva
panel2,B,vardial2018/dev,awa,L1,dev:8034,hin_Deva
panel2,B,vardial2018/dev,awa,L1,dev:8035,awa_Deva
panel2,B,vardial2018/dev,awa,L1,dev:8052,doi_Deva
panel2,B,vardial2018/dev,awa,L1,dev:8053,awa_Deva
panel2,B,vardial2018/dev,awa,L1,dev:8066,awa_Deva
panel2,B,vardial2018/dev,awa,L1,dev:8074,anp_Deva
panel2,B,vardial2018/dev,awa,L1,dev:8077,hin_Deva
panel2,B,vardial2018/dev,awa,L1,dev:8084,awa_Deva
panel2,B,vardial2018/dev,awa,L1,dev:8085,doi_Deva
panel2,B,vardial2018/dev,awa,L1,dev:8098,awa_Deva
panel2,B,vardial2018/dev,awa,L1,dev:8101,hin_Deva
panel2,B,vardial2018/dev,awa,L1,dev:8102,awa_Deva
panel2,B,vardial2018/dev,awa,L1,dev:8105,awa_Deva
panel2,B,vardial2018/dev,awa,L1,dev:8124,kas_Deva
panel2,B,vardial2018/dev,awa,L1,dev:8132,awa_Deva
panel2,B,vardial2018/dev,awa,L1,dev:8145,awa_Deva
panel2,B,vardial2018/dev,awa,L1,dev:8150,awa_Deva
panel2,B,vardial2018/dev,awa,L1,dev:8161,awa_Deva
panel2,B,vardial2018/dev,awa,L1,dev:8173,awa_Deva
panel2,B,vardial2018/dev,awa,L1,dev:8174,hin_Deva
panel2,B,vardial2018/dev,awa,L1,dev:8176,awa_Deva
panel2,B,vardial2018/dev,awa,L1,dev:8185,kas_Deva
panel2,B,vardial2018/dev,awa,L1,dev:8204,awa_Deva
panel2,B,vardial2018/dev,awa,L1,dev:8205,awa_Deva
panel2,B,vardial2018/dev,awa,L1,dev:8206,awa_Deva
panel2,B,vardial2018/dev,awa,L1,dev:8209,awa_Deva
panel2,B,vardial2018/dev,awa,L1,dev:8217,awa_Deva
panel2,B,vardial2018/dev,awa,L1,dev:8231,hin_Deva
panel2,B,vardial2018/dev,awa,L1,dev:8235,hin_Deva
panel2,B,vardial2018/dev,awa,L1,dev:8237,hin_Deva
panel2,B,vardial2018/dev,awa,L1,dev:8239,awa_Deva
panel2,B,vardial2018/dev,awa,L1,dev:8241,awa_Deva
panel2,B,vardial2018/dev,awa,L1,dev:8251,awa_Deva
panel2,B,vardial2018/dev,awa,L1,dev:8257,kas_Deva
panel2,B,vardial2018/dev,awa,L1,dev:8259,awa_Deva
panel2,B,vardial2018/dev,awa,L1,dev:8260,awa_Deva
panel2,B,vardial2018/dev,awa,L1,dev:8262,anp_Deva
panel2,B,vardial2018/dev,awa,L1,dev:8280,awa_Deva
panel2,B,vardial2018/dev,awa,L1,dev:8281,awa_Deva
panel2,B,vardial2018/dev,awa,L1,dev:8285,kas_Deva
panel2,B,vardial2018/dev,awa,L1,dev:8296,hin_Deva
panel2,B,vardial2018/dev,awa,L1,dev:8304,kas_Deva
panel2,B,vardial2018/dev,awa,L1,dev:8306,awa_Deva
panel2,B,vardial2018/dev,awa,L1,dev:8314,kas_Deva
panel2,B,vardial2018/dev,awa,L1,dev:8319,awa_Deva
panel2,B,vardial2018/dev,awa,L1,dev:8331,awa_Deva
panel2,B,vardial2018/dev,awa,L1,dev:8335,awa_Deva
panel2,B,vardial2018/dev,awa,L1,dev:8361,awa_Deva
panel2,B,vardial2018/dev,awa,L1,dev:8366,kru_Deva
panel2,B,vardial2018/dev,awa,L1,dev:8382,kas_Deva
panel2,B,vardial2018/dev,awa,L1,dev:8387,kas_Deva
panel2,B,vardial2018/dev,awa,L1,dev:8395,awa_Deva
panel2,B,vardial2018/dev,awa,L1,dev:8397,bho_Deva
panel2,B,vardial2018/dev,awa,L1,dev:8405,awa_Deva
panel2,B,vardial2018/dev,awa,L1,dev:8410,awa_Deva
panel2,B,vardial2018/dev,awa,L1,dev:8418,awa_Deva
panel2,B,vardial2018/dev,awa,L1,dev:8424,awa_Deva
panel2,B,vardial2018/dev,awa,L1,dev:8439,awa_Deva
panel2,B,vardial2018/dev,awa,L1,dev:8440,hin_Deva
panel2,B,vardial2018/dev,awa,L1,dev:8445,hin_Deva
panel2,B,vardial2018/dev,awa,L1,dev:8450,awa_Deva
panel2,B,vardial2018/dev,awa,L1,dev:8455,hne_Deva
panel2,B,vardial2018/dev,awa,L1,dev:8456,awa_Deva
panel2,B,vardial2018/dev,awa,L1,dev:8474,awa_Deva
panel2,B,vardial2018/dev,awa,L1,dev:8481,awa_Deva
panel2,B,vardial2018/dev,awa,L1,dev:8494,awa_Deva
panel2,B,vardial2018/dev,awa,L1,dev:8529,new_Deva
panel2,B,vardial2018/dev,awa,L1,dev:8530,awa_Deva
panel2,B,vardial2018/dev,awa,L1,dev:8532,awa_Deva
panel2,B,vardial2018/dev,awa,L1,dev:8539,awa_Deva
panel2,B,vardial2018/dev,awa,L1,dev:8549,anp_Deva
panel2,B,vardial2018/dev,awa,L1,dev:8552,awa_Deva
panel2,B,vardial2018/dev,awa,L1,dev:8567,awa_Deva
panel2,B,vardial2018/dev,awa,L1,dev:8570,awa_Deva
panel2,B,vardial2018/dev,awa,L1,dev:8572,awa_Deva
panel2,B,vardial2018/dev,awa,L1,dev:8581,awa_Deva
panel2,B,vardial2018/dev,awa,L1,dev:8589,awa_Deva
panel2,B,vardial2018/dev,awa,L1,dev:8602,qxn_Latn
panel2,B,vardial2018/dev,awa,L1,dev:8613,awa_Deva
panel2,B,vardial2018/dev,awa,L1,dev:8624,awa_Deva
panel2,B,vardial2018/dev,awa,L1,dev:8625,awa_Deva
panel2,B,vardial2018/dev,awa,L1,dev:8642,awa_Deva
panel2,B,vardial2018/dev,awa,L1,dev:8645,awa_Deva
panel2,B,vardial2018/dev,awa,L1,dev:8647,awa_Deva
panel2,B,vardial2018/dev,awa,L1,dev:8662,awa_Deva
panel2,B,vardial2018/dev,awa,L1,dev:8663,mai_Deva
panel2,B,vardial2018/dev,awa,L1,dev:8677,awa_Deva
panel2,B,vardial2018/dev,awa,L1,dev:8683,awa_Deva
panel2,B,vardial2018/dev,awa,L1,dev:8685,awa_Deva
panel2,B,vardial2018/dev,awa,L1,dev:8688,awa_Deva
panel2,B,vardial2018/dev,awa,L1,dev:8689,hin_Deva
panel2,B,vardial2018/dev,awa,L1,dev:8694,awa_Deva
panel2,B,vardial2018/dev,awa,L1,dev:8695,awa_Deva
panel2,B,vardial2018/dev,awa,L1,dev:8696,awa_Deva
panel2,B,vardial2018/dev,awa,L1,dev:8726,new_Deva
panel2,B,vardial2018/dev,awa,L1,dev:8727,awa_Deva
panel2,B,vardial2018/dev,awa,L1,dev:8735,hin_Deva
panel2,B,vardial2018/dev,awa,L1,dev:8736,mai_Deva
panel2,B,vardial2018/dev,awa,L1,dev:8760,kas_Deva
panel2,B,vardial2018/dev,awa,L1,dev:8764,awa_Deva
panel2,B,vardial2018/dev,awa,L1,dev:8765,awa_Deva
panel2,B,vardial2018/dev,awa,L1,dev:8766,awa_Deva
panel2,B,vardial2018/dev,awa,L1,dev:8782,awa_Deva
panel2,B,vardial2018/dev,awa,L1,dev:8790,bho_Deva
panel2,B,vardial2018/dev,awa,L1,dev:8792,awa_Deva
panel2,B,vardial2018/dev,awa,L1,dev:8803,awa_Deva
panel2,B,vardial2018/dev,awa,L1,dev:8810,anp_Deva
panel2,B,vardial2018/dev,awa,L1,dev:8813,awa_Deva
panel2,B,vardial2018/dev,awa,L1,dev:8816,awa_Deva
panel2,B,vardial2018/dev,awa,L1,dev:8819,awa_Deva
panel2,B,vardial2018/dev,awa,L1,dev:8822,hin_Deva
panel2,B,vardial2018/dev,awa,L1,dev:8824,awa_Deva
panel2,B,vardial2018/dev,awa,L1,dev:8841,awa_Deva
panel2,B,vardial2018/dev,awa,L1,dev:8846,npi_Deva
panel2,B,vardial2018/dev,awa,L1,dev:8850,kas_Deva
panel2,B,vardial2018/dev,awa,L1,dev:8853,mai_Deva
panel2,B,vardial2018/dev,awa,L1,dev:8865,awa_Deva
panel2,B,vardial2018/dev,awa,L1,dev:8867,awa_Deva
panel2,B,vardial2018/dev,awa,L1,dev:8878,awa_Deva
panel2,B,vardial2018/dev,awa,L1,dev:8886,hin_Deva
panel2,B,vardial2018/dev,awa,L1,dev:8898,awa_Deva
panel2,B,vardial2018/dev,awa,L1,dev:8902,awa_Deva
panel2,B,vardial2018/dev,awa,L1,dev:8912,awa_Deva
panel2,B,vardial2018/dev,awa,L1,dev:8915,awa_Deva
panel2,B,vardial2018/dev,awa,L1,dev:8919,awa_Deva
panel2,B,vardial2018/dev,awa,L1,dev:8920,mai_Deva
panel2,B,vardial2018/dev,awa,L1,dev:8926,awa_Deva
panel2,B,vardial2018/dev,awa,L1,dev:8932,hin_Deva
panel2,B,vardial2018/dev,awa,L1,dev:8939,awa_Deva
panel2,B,vardial2018/dev,awa,L1,dev:8974,awa_Deva
panel2,B,vardial2018/dev,awa,L1,dev:8975,awa_Deva
panel2,B,vardial2018/dev,awa,L1,dev:8978,awa_Deva
panel2,B,vardial2018/dev,awa,L1,dev:8980,mai_Deva
panel2,B,vardial2018/dev,awa,L1,dev:8983,bho_Deva
panel2,B,vardial2018/dev,awa,L1,dev:8997,awa_Deva
panel2,B,vardial2018/dev,awa,L1,dev:9003,awa_Deva
panel2,B,vardial2018/dev,awa,L1,dev:9004,awa_Deva
panel2,B,vardial2018/dev,awa,L1,dev:9006,awa_Deva
panel2,B,vardial2018/dev,awa,L1,dev:9011,awa_Deva
panel2,B,vardial2018/dev,awa,L1,dev:9012,awa_Deva
panel2,B,vardial2018/dev,awa,L1,dev:9013,awa_Deva
panel2,B,vardial2018/dev,awa,L1,dev:9022,kas_Deva
panel2,B,vardial2018/dev,awa,L1,dev:9025,hin_Deva
panel2,B,vardial2018/dev,awa,L1,dev:9035,hin_Deva
panel2,B,vardial2018/dev,awa,L1,dev:9065,awa_Deva
panel2,B,vardial2018/dev,awa,L1,dev:9069,kas_Deva
panel2,B,vardial2018/dev,awa,L1,dev:9105,awa_Deva
panel2,B,vardial2018/dev,awa,L1,dev:9124,awa_Deva
panel2,B,vardial2018/dev,awa,L1,dev:9131,hin_Deva
panel2,B,vardial2018/dev,awa,L1,dev:9144,awa_Deva
panel2,B,vardial2018/dev,awa,L1,dev:9151,hin_Deva
panel2,B,vardial2018/dev,awa,L1,dev:9168,awa_Deva
panel2,B,vardial2018/dev,awa,L1,dev:9178,awa_Deva
panel2,B,vardial2018/dev,awa,L1,dev:9180,awa_Deva
panel2,B,vardial2018/dev,awa,L1,dev:9184,mai_Deva
panel2,B,vardial2018/dev,awa,L1,dev:9190,awa_Deva
panel2,B,vardial2018/dev,awa,L1,dev:9191,hin_Deva
panel2,B,vardial2018/dev,awa,L1,dev:9208,awa_Deva
panel2,B,vardial2018/dev,awa,L1,dev:9214,awa_Deva
panel2,B,vardial2018/dev,awa,L1,dev:9217,bho_Deva
panel2,B,vardial2018/dev,awa,L1,dev:9222,awa_Deva
panel2,B,vardial2018/dev,awa,L1,dev:9223,npi_Deva
panel2,B,vardial2018/dev,awa,L1,dev:9227,hin_Deva
panel2,B,vardial2018/dev,awa,L1,dev:9256,awa_Deva
panel2,B,vardial2018/dev,awa,L1,dev:9257,awa_Deva
panel2,B,vardial2018/dev,awa,L1,dev:9258,awa_Deva
panel2,B,vardial2018/dev,awa,L1,dev:9282,awa_Deva
panel2,B,vardial2018/dev,awa,L1,dev:9286,awa_Deva
panel2,B,vardial2018/dev,awa,L1,dev:9288,awa_Deva
panel2,B,vardial2018/dev,awa,L1,dev:9292,mai_Deva
panel2,B,vardial2018/dev,awa,L1,dev:9293,awa_Deva
panel2,B,vardial2018/dev,awa,L1,dev:9296,bho_Deva
panel2,B,vardial2018/dev,awa,L1,dev:9298,mai_Deva
panel2,B,vardial2018/dev,awa,L1,dev:9304,awa_Deva
panel2,B,vardial2018/dev,awa,L1,dev:9308,npi_Deva
panel2,B,vardial2018/dev,awa,L1,dev:9324,awa_Deva
panel2,B,vardial2018/dev,awa,L1,dev:9336,doi_Deva
panel2,B,vardial2018/dev,awa,L1,dev:9342,kas_Deva
panel2,B,vardial2018/dev,awa,L1,dev:9364,awa_Deva
panel2,B,vardial2018/dev,awa,L1,dev:9367,awa_Deva
panel2,B,vardial2018/dev,awa,L1,dev:9376,kas_Deva
panel2,B,vardial2018/dev,awa,L1,dev:9401,awa_Deva
panel2,B,vardial2018/dev,awa,L1,dev:9408,mai_Deva
panel2,B,vardial2018/dev,awa,L1,dev:9412,awa_Deva
panel2,B,vardial2018/dev,awa,L1,dev:9413,hin_Deva
panel2,B,vardial2018/dev,awa,L1,dev:9416,san_Deva
panel2,B,vardial2018/dev,awa,L1,dev:9431,hin_Deva
panel2,B,vardial2018/dev,awa,L1,dev:9435,awa_Deva
panel2,B,vardial2018/dev,awa,L1,dev:9442,awa_Deva
panel2,B,vardial2018/dev,awa,L1,dev:9446,awa_Deva
panel2,B,vardial2018/dev,awa,L1,dev:9448,awa_Deva
panel2,B,vardial2018/dev,awa,L1,dev:9450,kas_Deva
panel2,B,vardial2018/dev,awa,L1,dev:9451,awa_Deva
panel2,B,vardial2018/dev,awa,L1,dev:9455,awa_Deva
panel2,B,vardial2018/dev,awa,L1,dev:9475,awa_Deva
panel2,B,vardial2018/dev,awa,L1,dev:9476,doi_Deva
panel2,B,vardial2018/dev,awa,L1,dev:9484,awa_Deva
panel2,B,vardial2018/dev,awa,L1,dev:9492,awa_Deva
panel2,B,vardial2018/dev,awa,L1,dev:9496,awa_Deva
panel2,B,vardial2018/dev,awa,L1,dev:9508,hin_Deva
panel2,B,vardial2018/dev,awa,L1,dev:9516,npi_Deva
panel2,B,vardial2018/dev,awa,L1,dev:9536,awa_Deva
panel2,B,vardial2018/dev,awa,L1,dev:9539,awa_Deva
panel2,B,vardial2018/dev,awa,L1,dev:9543,awa_Deva
panel2,B,vardial2018/dev,awa,L1,dev:9554,kru_Deva
panel2,B,vardial2018/dev,awa,L1,dev:9561,awa_Deva
panel2,B,vardial2018/dev,awa,L1,dev:9567,awa_Deva
panel2,B,vardial2018/dev,awa,L1,dev:9574,awa_Deva
panel2,B,vardial2018/dev,awa,L1,dev:9584,awa_Deva
panel2,B,vardial2018/dev,awa,L1,dev:9589,awa_Deva
panel2,B,vardial2018/dev,awa,L1,dev:9590,san_Deva
panel2,B,vardial2018/dev,awa,L1,dev:9594,awa_Deva
panel2,B,vardial2018/dev,awa,L1,dev:9618,awa_Deva
panel2,B,vardial2018/dev,awa,L1,dev:9624,awa_Deva
panel2,B,vardial2018/dev,awa,L1,dev:9649,awa_Deva
panel2,B,vardial2018/dev,awa,L1,dev:9650,awa_Deva
panel2,B,vardial2018/dev,awa,L1,dev:9660,awa_Deva
panel2,B,vardial2018/dev,awa,L1,dev:9670,doi_Deva
panel2,B,vardial2018/dev,awa,L1,dev:9678,awa_Deva
panel2,B,vardial2018/dev,awa,L1,dev:9680,awa_Deva
panel2,B,vardial2018/dev,awa,L1,dev:9682,hin_Deva
panel2,B,vardial2018/dev,awa,L1,dev:9695,awa_Deva
panel2,B,vardial2018/dev,awa,L1,dev:9712,awa_Deva
panel2,B,vardial2018/dev,awa,L1,dev:9718,awa_Deva
panel2,B,vardial2018/dev,awa,L1,dev:9724,awa_Deva
panel2,B,vardial2018/dev,awa,L1,dev:9728,awa_Deva
panel2,B,vardial2018/dev,awa,L1,dev:9741,awa_Deva
panel2,B,vardial2018/dev,awa,L1,dev:9744,mai_Deva
panel2,B,vardial2018/dev,awa,L1,dev:9746,awa_Deva
panel2,B,vardial2018/dev,awa,L1,dev:9752,anp_Deva
panel2,B,vardial2018/dev,awa,L1,dev:9754,awa_Deva
panel2,B,vardial2018/dev,awa,L1,dev:9770,awa_Deva
panel2,B,vardial2018/dev,awa,L1,dev:9772,hin_Deva
panel2,B,vardial2018/dev,awa,L1,dev:9774,awa_Deva
panel2,B,vardial2018/dev,awa,L1,dev:9778,hin_Deva
panel2,B,vardial2018/dev,awa,L1,dev:9779,kas_Deva
panel2,B,vardial2018/dev,awa,L1,dev:9790,anp_Deva
panel2,B,vardial2018/dev,awa,L1,dev:9808,awa_Deva
panel2,B,vardial2018/dev,awa,L1,dev:9809,awa_Deva
panel2,B,vardial2018/dev,awa,L1,dev:9821,awa_Deva
panel2,B,vardial2018/dev,awa,L1,dev:9822,awa_Deva
panel2,B,vardial2018/dev,awa,L1,dev:9827,awa_Deva
panel2,B,vardial2018/dev,awa,L1,dev:9830,awa_Deva
panel2,B,vardial2018/dev,awa,L1,dev:9855,awa_Deva
panel2,B,vardial2018/dev,awa,L1,dev:9863,awa_Deva
panel2,B,vardial2018/dev,awa,L1,dev:9874,npi_Deva
panel2,B,vardial2018/dev,awa,L1,dev:9880,hin_Deva
panel2,B,vardial2018/dev,awa,L1,dev:9884,awa_Deva
panel2,B,vardial2018/dev,awa,L1,dev:9888,kas_Deva
panel2,B,vardial2018/dev,awa,L1,dev:9894,npi_Deva
panel2,B,vardial2018/dev,awa,L1,dev:9906,awa_Deva
panel2,B,vardial2018/dev,awa,L1,dev:9911,hin_Deva
panel2,B,vardial2018/dev,awa,L1,dev:9914,awa_Deva
panel2,B,vardial2018/dev,awa,L1,dev:9936,awa_Deva
panel2,B,vardial2018/dev,awa,L1,dev:9945,awa_Deva
panel2,B,vardial2018/dev,awa,L1,dev:9951,awa_Deva
panel2,B,vardial2018/dev,awa,L1,dev:9958,awa_Deva
panel2,B,vardial2018/dev,awa,L1,dev:9959,awa_Deva
panel2,B,vardial2018/dev,awa,L1,dev:9964,awa_Deva
panel2,B,vardial2018/dev,awa,L1,dev:9967,awa_Deva
panel2,B,vardial2018/dev,awa,L1,dev:10011,mar_Deva
panel2,B,vardial2018/dev,awa,L1,dev:10025,awa_Deva
panel2,B,vardial2018/dev,awa,L1,dev:10035,awa_Deva
panel2,B,vardial2018/dev,awa,L1,dev:10042,awa_Deva
panel2,B,vardial2018/dev,awa,L1,dev:10064,awa_Deva
panel2,B,vardial2018/dev,awa,L1,dev:10066,awa_Deva
panel2,B,vardial2018/dev,awa,L1,dev:10092,ghe_Deva
panel2,B,vardial2018/dev,awa,L1,dev:10106,awa_Deva
panel2,B,vardial2018/dev,awa,L1,dev:10115,awa_Deva
panel2,B,vardial2018/dev,awa,L1,dev:10116,awa_Deva
panel2,B,vardial2018/dev,awa,L1,dev:10117,awa_Deva
panel2,B,vardial2018/dev,awa,L1,dev:10121,awa_Deva
panel2,B,vardial2018/dev,awa,L1,dev:10139,awa_Deva
panel2,B,vardial2018/dev,awa,L1,dev:10147,awa_Deva
panel2,B,vardial2018/dev,awa,L1,dev:10152,mar_Deva
panel2,B,vardial2018/dev,awa,L1,dev:10169,awa_Deva
panel2,B,vardial2018/dev,awa,L1,dev:10180,anp_Deva
panel2,B,vardial2018/dev,awa,L1,dev:10182,awa_Deva
panel2,B,vardial2018/dev,awa,L1,dev:10200,awa_Deva
panel2,B,vardial2018/dev,awa,L1,dev:10204,mar_Deva
panel2,B,vardial2018/dev,awa,L1,dev:10210,new_Deva
panel2,B,vardial2018/dev,awa,L1,dev:10211,awa_Deva
panel2,B,vardial2018/dev,awa,L1,dev:10214,awa_Deva
panel2,B,vardial2018/dev,awa,L1,dev:10221,awa_Deva
panel2,B,vardial2018/dev,awa,L1,dev:10228,awa_Deva
panel2,B,vardial2018/dev,awa,L1,dev:10245,anp_Deva
panel2,B,vardial2018/dev,awa,L1,dev:10247,npi_Deva
panel2,B,vardial2018/dev,awa,L1,dev:10262,awa_Deva
panel2,B,vardial2018/dev,awa,L1,dev:10264,awa_Deva
panel2,B,vardial2018/dev,awa,L1,dev:10267,awa_Deva
panel2,B,vardial2018/dev,awa,L1,dev:10274,awa_Deva
panel2,B,vardial2018/dev,awa,L1,dev:10277,awa_Deva
panel2,B,vardial2018/dev,awa,L1,dev:10285,kas_Deva
panel2,B,vardial2018/dev,awa,L1,dev:10306,hin_Deva
panel2,B,vardial2018/dev,awa,L1,dev:10312,awa_Deva
panel2,B,vardial2018/dev,awa,L1,dev:10314,awa_Deva
panel2,B,vardial2018/test,awa,L1,test:5,suz_Deva
panel2,B,vardial2018/test,awa,L1,test:29,awa_Deva
panel2,B,vardial2018/test,awa,L1,test:37,awa_Deva
panel2,B,vardial2018/test,awa,L1,test:43,awa_Deva
panel2,B,vardial2018/test,awa,L1,test:60,awa_Deva
panel2,B,vardial2018/test,awa,L1,test:62,awa_Deva
panel2,B,vardial2018/test,awa,L1,test:74,bho_Deva
panel2,B,vardial2018/test,awa,L1,test:75,hin_Deva
panel2,B,vardial2018/test,awa,L1,test:78,awa_Deva
panel2,B,vardial2018/test,awa,L1,test:80,doi_Deva
panel2,B,vardial2018/test,awa,L1,test:87,awa_Deva
panel2,B,vardial2018/test,awa,L1,test:94,awa_Deva
panel2,B,vardial2018/test,awa,L1,test:104,awa_Deva
panel2,B,vardial2018/test,awa,L1,test:110,awa_Deva
panel2,B,vardial2018/test,awa,L1,test:113,awa_Deva
panel2,B,vardial2018/test,awa,L1,test:119,awa_Deva
panel2,B,vardial2018/test,awa,L1,test:121,awa_Deva
panel2,B,vardial2018/test,awa,L1,test:123,awa_Deva
panel2,B,vardial2018/test,awa,L1,test:129,awa_Deva
panel2,B,vardial2018/test,awa,L1,test:150,awa_Deva
panel2,B,vardial2018/test,awa,L1,test:155,awa_Deva
panel2,B,vardial2018/test,awa,L1,test:170,awa_Deva
panel2,B,vardial2018/test,awa,L1,test:178,awa_Deva
panel2,B,vardial2018/test,awa,L1,test:194,awa_Deva
panel2,B,vardial2018/test,awa,L1,test:198,awa_Deva
panel2,B,vardial2018/test,awa,L1,test:205,awa_Deva
panel2,B,vardial2018/test,awa,L1,test:223,hin_Deva
panel2,B,vardial2018/test,awa,L1,test:224,awa_Deva
panel2,B,vardial2018/test,awa,L1,test:231,awa_Deva
panel2,B,vardial2018/test,awa,L1,test:251,awa_Deva
panel2,B,vardial2018/test,awa,L1,test:256,awa_Deva
panel2,B,vardial2018/test,awa,L1,test:261,awa_Deva
panel2,B,vardial2018/test,awa,L1,test:265,awa_Deva
panel2,B,vardial2018/test,awa,L1,test:268,awa_Deva
panel2,B,vardial2018/test,awa,L1,test:271,hin_Deva
panel2,B,vardial2018/test,awa,L1,test:306,awa_Deva
panel2,B,vardial2018/test,awa,L1,test:308,awa_Deva
panel2,B,vardial2018/test,awa,L1,test:313,awa_Deva
panel2,B,vardial2018/test,awa,L1,test:318,awa_Deva
panel2,B,vardial2018/test,awa,L1,test:321,awa_Deva
panel2,B,vardial2018/test,awa,L1,test:326,awa_Deva
panel2,B,vardial2018/test,awa,L1,test:330,awa_Deva
panel2,B,vardial2018/test,awa,L1,test:331,npi_Deva
panel2,B,vardial2018/test,awa,L1,test:344,awa_Deva
panel2,B,vardial2018/test,awa,L1,test:346,awa_Deva
panel2,B,vardial2018/test,awa,L1,test:353,awa_Deva
panel2,B,vardial2018/test,awa,L1,test:355,awa_Deva
panel2,B,vardial2018/test,awa,L1,test:356,awa_Deva
panel2,B,vardial2018/test,awa,L1,test:357,awa_Deva
panel2,B,vardial2018/test,awa,L1,test:359,hin_Deva
panel2,B,vardial2018/test,awa,L1,test:360,awa_Deva
panel2,B,vardial2018/test,awa,L1,test:363,awa_Deva
panel2,B,vardial2018/test,awa,L1,test:372,awa_Deva
panel2,B,vardial2018/test,awa,L1,test:376,awa_Deva
panel2,B,vardial2018/test,awa,L1,test:378,thl_Deva
panel2,B,vardial2018/test,awa,L1,test:384,mai_Deva
panel2,B,vardial2018/test,awa,L1,test:391,awa_Deva
panel2,B,vardial2018/test,awa,L1,test:399,awa_Deva
panel2,B,vardial2018/test,awa,L1,test:406,awa_Deva
panel2,B,vardial2018/test,awa,L1,test:409,awa_Deva
panel2,B,vardial2018/test,awa,L1,test:452,awa_Deva
panel2,B,vardial2018/test,awa,L1,test:454,awa_Deva
panel2,B,vardial2018/test,awa,L1,test:471,awa_Deva
panel2,B,vardial2018/test,awa,L1,test:481,awa_Deva
panel2,B,vardial2018/test,awa,L1,test:490,hin_Deva
panel2,B,vardial2018/test,awa,L1,test:514,hin_Deva
panel2,B,vardial2018/test,awa,L1,test:515,mag_Deva
panel2,B,vardial2018/test,awa,L1,test:520,awa_Deva
panel2,B,vardial2018/test,awa,L1,test:521,awa_Deva
panel2,B,vardial2018/test,awa,L1,test:525,awa_Deva
panel2,B,vardial2018/test,awa,L1,test:526,awa_Deva
panel2,B,vardial2018/test,awa,L1,test:527,awa_Deva
panel2,B,vardial2018/test,awa,L1,test:530,awa_Deva
panel2,B,vardial2018/test,awa,L1,test:535,hin_Deva
panel2,B,vardial2018/test,awa,L1,test:539,doi_Deva
panel2,B,vardial2018/test,awa,L1,test:560,awa_Deva
panel2,B,vardial2018/test,awa,L1,test:585,awa_Deva
panel2,B,vardial2018/test,awa,L1,test:586,awa_Deva
panel2,B,vardial2018/test,awa,L1,test:589,awa_Deva
panel2,B,vardial2018/test,awa,L1,test:591,awa_Deva
panel2,B,vardial2018/test,awa,L1,test:595,awa_Deva
panel2,B,vardial2018/test,awa,L1,test:599,awa_Deva
panel2,B,vardial2018/test,awa,L1,test:603,anp_Deva
panel2,B,vardial2018/test,awa,L1,test:608,thl_Deva
panel2,B,vardial2018/test,awa,L1,test:610,awa_Deva
panel2,B,vardial2018/test,awa,L1,test:612,awa_Deva
panel2,B,vardial2018/test,awa,L1,test:619,awa_Deva
panel2,B,vardial2018/test,awa,L1,test:622,awa_Deva
panel2,B,vardial2018/test,awa,L1,test:634,awa_Deva
panel2,B,vardial2018/test,awa,L1,test:652,awa_Deva
panel2,B,vardial2018/test,awa,L1,test:658,awa_Deva
panel2,B,vardial2018/test,awa,L1,test:659,awa_Deva
panel2,B,vardial2018/test,awa,L1,test:662,awa_Deva
panel2,B,vardial2018/test,awa,L1,test:671,awa_Deva
panel2,B,vardial2018/test,awa,L1,test:672,awa_Deva
panel2,B,vardial2018/test,awa,L1,test:674,awa_Deva
panel2,B,vardial2018/test,awa,L1,test:675,awa_Deva
panel2,B,vardial2018/test,awa,L1,test:681,awa_Deva
panel2,B,vardial2018/test,awa,L1,test:688,awa_Deva
panel2,B,vardial2018/test,awa,L1,test:708,awa_Deva
panel2,B,vardial2018/test,awa,L1,test:710,awa_Deva
panel2,B,vardial2018/test,awa,L1,test:713,awa_Deva
panel2,B,vardial2018/test,awa,L1,test:715,awa_Deva
panel2,B,vardial2018/test,awa,L1,test:716,awa_Deva
panel2,B,vardial2018/test,awa,L1,test:732,awa_Deva
panel2,B,vardial2018/test,awa,L1,test:735,doi_Deva
panel2,B,vardial2018/test,awa,L1,test:739,bho_Deva
panel2,B,vardial2018/test,awa,L1,test:742,awa_Deva
panel2,B,vardial2018/test,awa,L1,test:743,kas_Deva
panel2,B,vardial2018/test,awa,L1,test:744,npi_Deva
panel2,B,vardial2018/test,awa,L1,test:755,bho_Deva
panel2,B,vardial2018/test,awa,L1,test:760,awa_Deva
panel2,B,vardial2018/test,awa,L1,test:762,awa_Deva
panel2,B,vardial2018/test,awa,L1,test:765,awa_Deva
panel2,B,vardial2018/test,awa,L1,test:768,awa_Deva
panel2,B,vardial2018/test,awa,L1,test:770,awa_Deva
panel2,B,vardial2018/test,awa,L1,test:777,awa_Deva
panel2,B,vardial2018/test,awa,L1,test:785,awa_Deva
panel2,B,vardial2018/test,awa,L1,test:786,awa_Deva
panel2,B,vardial2018/test,awa,L1,test:795,awa_Deva
panel2,B,vardial2018/test,awa,L1,test:798,awa_Deva
panel2,B,vardial2018/test,awa,L1,test:801,awa_Deva
panel2,B,vardial2018/test,awa,L1,test:803,awa_Deva
panel2,B,vardial2018/test,awa,L1,test:821,awa_Deva
panel2,B,vardial2018/test,awa,L1,test:822,awa_Deva
panel2,B,vardial2018/test,awa,L1,test:825,awa_Deva
panel2,B,vardial2018/test,awa,L1,test:830,awa_Deva
panel2,B,vardial2018/test,awa,L1,test:855,awa_Deva
panel2,B,vardial2018/test,awa,L1,test:857,awa_Deva
panel2,B,vardial2018/test,awa,L1,test:859,awa_Deva
panel2,B,vardial2018/test,awa,L1,test:864,awa_Deva
panel2,B,vardial2018/test,awa,L1,test:873,awa_Deva
panel2,B,vardial2018/test,awa,L1,test:876,awa_Deva
panel2,B,vardial2018/test,awa,L1,test:879,awa_Deva
panel2,B,vardial2018/test,awa,L1,test:880,awa_Deva
panel2,B,vardial2018/test,awa,L1,test:883,awa_Deva
panel2,B,vardial2018/test,awa,L1,test:892,awa_Deva
panel2,B,vardial2018/test,awa,L1,test:899,awa_Deva
panel2,B,vardial2018/test,awa,L1,test:908,awa_Deva
panel2,B,vardial2018/test,awa,L1,test:910,doi_Deva
panel2,B,vardial2018/test,awa,L1,test:915,awa_Deva
panel2,B,vardial2018/test,awa,L1,test:919,awa_Deva
panel2,B,vardial2018/test,awa,L1,test:921,awa_Deva
panel2,B,vardial2018/test,awa,L1,test:938,awa_Deva
panel2,B,vardial2018/test,awa,L1,test:940,awa_Deva
panel2,B,vardial2018/test,awa,L1,test:944,awa_Deva
panel2,B,vardial2018/test,awa,L1,test:946,awa_Deva
panel2,B,vardial2018/test,awa,L1,test:952,awa_Deva
panel2,B,vardial2018/test,awa,L1,test:954,awa_Deva
panel2,B,vardial2018/test,awa,L1,test:958,awa_Deva
panel2,B,vardial2018/test,awa,L1,test:964,awa_Deva
panel2,B,vardial2018/test,awa,L1,test:965,awa_Deva
panel2,B,vardial2018/test,awa,L1,test:972,awa_Deva
panel2,B,vardial2018/test,awa,L1,test:995,awa_Deva
panel2,B,vardial2018/test,awa,L1,test:1000,awa_Deva
panel2,B,vardial2018/test,awa,L1,test:1007,awa_Deva
panel2,B,vardial2018/test,awa,L1,test:1008,awa_Deva
panel2,B,vardial2018/test,awa,L1,test:1018,awa_Deva
panel2,B,vardial2018/test,awa,L1,test:1019,awa_Deva
panel2,B,vardial2018/test,awa,L1,test:1041,awa_Deva
panel2,B,vardial2018/test,awa,L1,test:1046,awa_Deva
panel2,B,vardial2018/test,awa,L1,test:1050,awa_Deva
panel2,B,vardial2018/test,awa,L1,test:1058,hin_Deva
panel2,B,vardial2018/test,awa,L1,test:1060,awa_Deva
panel2,B,vardial2018/test,awa,L1,test:1066,awa_Deva
panel2,B,vardial2018/test,awa,L1,test:1072,awa_Deva
panel2,B,vardial2018/test,awa,L1,test:1073,kas_Deva
panel2,B,vardial2018/test,awa,L1,test:1074,awa_Deva
panel2,B,vardial2018/test,awa,L1,test:1077,hin_Deva
panel2,B,vardial2018/test,awa,L1,test:1081,awa_Deva
panel2,B,vardial2018/test,awa,L1,test:1082,hin_Deva
panel2,B,vardial2018/test,awa,L1,test:1088,awa_Deva
panel2,B,vardial2018/test,awa,L1,test:1091,mai_Deva
panel2,B,vardial2018/test,awa,L1,test:1104,hin_Deva
panel2,B,vardial2018/test,awa,L1,test:1129,awa_Deva
panel2,B,vardial2018/test,awa,L1,test:1133,awa_Deva
panel2,B,vardial2018/test,awa,L1,test:1138,awa_Deva
panel2,B,vardial2018/test,awa,L1,test:1141,awa_Deva
panel2,B,vardial2018/test,awa,L1,test:1149,awa_Deva
panel2,B,vardial2018/test,awa,L1,test:1151,awa_Deva
panel2,B,vardial2018/test,awa,L1,test:1167,hne_Deva
panel2,B,vardial2018/test,awa,L1,test:1168,awa_Deva
panel2,B,vardial2018/test,awa,L1,test:1170,awa_Deva
panel2,B,vardial2018/test,awa,L1,test:1185,awa_Deva
panel2,B,vardial2018/test,awa,L1,test:1186,awa_Deva
panel2,B,vardial2018/test,awa,L1,test:1196,awa_Deva
panel2,B,vardial2018/test,awa,L1,test:1202,awa_Deva
panel2,B,vardial2018/test,awa,L1,test:1209,awa_Deva
panel2,B,vardial2018/test,awa,L1,test:1210,awa_Deva
panel2,B,vardial2018/test,awa,L1,test:1213,awa_Deva
panel2,B,vardial2018/test,awa,L1,test:1218,hne_Deva
panel2,B,vardial2018/test,awa,L1,test:1219,awa_Deva
panel2,B,vardial2018/test,awa,L1,test:1221,awa_Deva
panel2,B,vardial2018/test,awa,L1,test:1230,awa_Deva
panel2,B,vardial2018/test,awa,L1,test:1232,awa_Deva
panel2,B,vardial2018/test,awa,L1,test:1235,awa_Deva
panel2,B,vardial2018/test,awa,L1,test:1239,awa_Deva
panel2,B,vardial2018/test,awa,L1,test:1253,awa_Deva
panel2,B,vardial2018/test,awa,L1,test:1254,awa_Deva
panel2,B,vardial2018/test,awa,L1,test:1263,awa_Deva
panel2,B,vardial2018/test,awa,L1,test:1264,awa_Deva
panel2,B,vardial2018/test,awa,L1,test:1265,npi_Deva
panel2,B,vardial2018/test,awa,L1,test:1269,awa_Deva
panel2,B,vardial2018/test,awa,L1,test:1273,awa_Deva
panel2,B,vardial2018/test,awa,L1,test:1276,awa_Deva
panel2,B,vardial2018/test,awa,L1,test:1314,mai_Deva
panel2,B,vardial2018/test,awa,L1,test:1318,awa_Deva
panel2,B,vardial2018/test,awa,L1,test:1337,awa_Deva
panel2,B,vardial2018/test,awa,L1,test:1340,awa_Deva
panel2,B,vardial2018/test,awa,L1,test:1350,awa_Deva
panel2,B,vardial2018/test,awa,L1,test:1355,awa_Deva
panel2,B,vardial2018/test,awa,L1,test:1366,awa_Deva
panel2,B,vardial2018/test,awa,L1,test:1367,awa_Deva
panel2,B,vardial2018/test,awa,L1,test:1369,awa_Deva
panel2,B,vardial2018/test,awa,L1,test:1370,awa_Deva
panel2,B,vardial2018/test,awa,L1,test:1371,new_Deva
panel2,B,vardial2018/test,awa,L1,test:1372,awa_Deva
panel2,B,vardial2018/test,awa,L1,test:1374,hin_Deva
panel2,B,vardial2018/test,awa,L1,test:1375,awa_Deva
panel2,B,vardial2018/test,awa,L1,test:1381,awa_Deva
panel2,B,vardial2018/test,awa,L1,test:1391,mai_Deva
panel2,B,vardial2018/test,awa,L1,test:1393,hin_Deva
panel2,B,vardial2018/test,awa,L1,test:1400,awa_Deva
panel2,B,vardial2018/test,awa,L1,test:1406,awa_Deva
panel2,B,vardial2018/test,awa,L1,test:1415,awa_Deva
panel2,B,vardial2018/test,awa,L1,test:1433,kru_Deva
panel2,B,vardial2018/test,awa,L1,test:1436,awa_Deva
panel2,B,vardial2018/test,awa,L1,test:1439,awa_Deva
panel2,B,vardial2018/test,awa,L1,test:1440,awa_Deva
panel2,B,vardial2018/test,awa,L1,test:1444,awa_Deva
panel2,B,vardial2018/test,awa,L1,test:1448,awa_Deva
panel2,B,vardial2018/test,awa,L1,test:1452,awa_Deva
panel2,B,vardial2018/test,awa,L1,test:1472,hin_Deva
panel2,B,vardial2018/test,awa,L1,test:1475,awa_Deva
panel2,B,vardial2018/test,awa,L1,test:1482,awa_Deva
panel2,B,vardial2018/test,awa,L1,test:1484,awa_Deva
panel2,B,vardial2018/test,awa,L1,test:1488,awa_Deva
panel2,B,vardial2018/test,awa,L1,test:1501,bho_Deva
panel2,B,vardial2018/test,awa,L1,test:1508,awa_Deva
panel2,B,vardial2018/test,awa,L1,test:1514,awa_Deva
panel2,B,vardial2018/test,awa,L1,test:1540,awa_Deva
panel2,B,vardial2018/test,awa,L1,test:1541,awa_Deva
panel2,B,vardial2018/test,awa,L1,test:1543,awa_Deva
panel2,B,vardial2018/test,awa,L1,test:1546,awa_Deva
panel2,B,vardial2018/test,awa,L1,test:1547,hin_Deva
panel2,B,vardial2018/test,awa,L1,test:1549,awa_Deva
panel2,B,vardial2018/test,awa,L1,test:1552,awa_Deva
panel2,B,vardial2018/test,awa,L1,test:1560,awa_Deva
panel2,B,vardial2018/test,awa,L1,test:1564,awa_Deva
panel2,B,vardial2018/test,awa,L1,test:1568,awa_Deva
panel2,B,vardial2018/test,awa,L1,test:1586,kas_Deva
panel2,B,vardial2018/test,awa,L1,test:1594,awa_Deva
panel2,B,vardial2018/test,awa,L1,test:1600,hin_Deva
panel2,B,vardial2018/test,awa,L1,test:1617,awa_Deva
panel2,B,vardial2018/test,awa,L1,test:1629,awa_Deva
panel2,B,vardial2018/test,awa,L1,test:1636,awa_Deva
panel2,B,vardial2018/test,awa,L1,test:1642,awa_Deva
panel2,B,vardial2018/test,awa,L1,test:1650,hne_Deva
panel2,B,vardial2018/test,awa,L1,test:1653,bho_Deva
panel2,B,vardial2018/test,awa,L1,test:1654,awa_Deva
panel2,B,vardial2018/test,awa,L1,test:1670,hin_Deva
panel2,B,vardial2018/test,awa,L1,test:1677,hin_Deva
panel2,B,vardial2018/test,awa,L1,test:1678,awa_Deva
panel2,B,vardial2018/test,awa,L1,test:1689,awa_Deva
panel2,B,vardial2018/test,awa,L1,test:1699,hin_Deva
panel2,B,vardial2018/test,awa,L1,test:1703,hin_Deva
panel2,B,vardial2018/test,awa,L1,test:1711,awa_Deva
panel2,B,vardial2018/test,awa,L1,test:1731,awa_Deva
panel2,B,vardial2018/test,awa,L1,test:1741,awa_Deva
panel2,B,vardial2018/test,awa,L1,test:1753,awa_Deva
panel2,B,vardial2018/test,awa,L1,test:1755,bho_Deva
panel2,B,vardial2018/test,awa,L1,test:1765,anp_Deva
panel2,B,vardial2018/test,awa,L1,test:1766,awa_Deva
panel2,B,vardial2018/test,awa,L1,test:1776,awa_Deva
panel2,B,vardial2018/test,awa,L1,test:1801,awa_Deva
panel2,B,vardial2018/test,awa,L1,test:1802,awa_Deva
panel2,B,vardial2018/test,awa,L1,test:1815,awa_Deva
panel2,B,vardial2018/test,awa,L1,test:1823,awa_Deva
panel2,B,vardial2018/test,awa,L1,test:1827,awa_Deva
panel2,B,vardial2018/test,awa,L1,test:1830,awa_Deva
panel2,B,vardial2018/test,awa,L1,test:1837,awa_Deva
panel2,B,vardial2018/test,awa,L1,test:1840,awa_Deva
panel2,B,vardial2018/test,awa,L1,test:1848,awa_Deva
panel2,B,vardial2018/test,awa,L1,test:1865,awa_Deva
panel2,B,vardial2018/test,awa,L1,test:1868,kas_Deva
panel2,B,vardial2018/test,awa,L1,test:1874,awa_Deva
panel2,B,vardial2018/test,awa,L1,test:1884,awa_Deva
panel2,B,vardial2018/test,awa,L1,test:1885,awa_Deva
panel2,B,vardial2018/test,awa,L1,test:1886,bho_Deva
panel2,B,vardial2018/test,awa,L1,test:1888,awa_Deva
panel2,B,vardial2018/test,awa,L1,test:1898,awa_Deva
panel2,B,vardial2018/test,awa,L1,test:1901,anp_Deva
panel2,B,vardial2018/test,awa,L1,test:1909,awa_Deva
panel2,B,vardial2018/test,awa,L1,test:1910,awa_Deva
panel2,B,vardial2018/test,awa,L1,test:1921,awa_Deva
panel2,B,vardial2018/test,awa,L1,test:1925,doi_Deva
panel2,B,vardial2018/test,awa,L1,test:1926,awa_Deva
panel2,B,vardial2018/test,awa,L1,test:1931,hin_Deva
panel2,B,vardial2018/test,awa,L1,test:1951,hin_Deva
panel2,B,vardial2018/test,awa,L1,test:1952,awa_Deva
panel2,B,vardial2018/test,awa,L1,test:1959,awa_Deva
panel2,B,vardial2018/test,awa,L1,test:1963,awa_Deva
panel2,B,vardial2018/test,awa,L1,test:1968,awa_Deva
panel2,B,vardial2018/test,awa,L1,test:1972,awa_Deva
panel2,B,vardial2018/test,awa,L1,test:1978,awa_Deva
panel2,B,vardial2018/test,awa,L1,test:1980,awa_Deva
panel2,B,vardial2018/test,awa,L1,test:1983,awa_Deva
panel2,B,vardial2018/test,awa,L1,test:2001,awa_Deva
panel2,B,vardial2018/test,awa,L1,test:2009,awa_Deva
panel2,B,vardial2018/test,awa,L1,test:2010,hin_Deva
panel2,B,vardial2018/test,awa,L1,test:2023,awa_Deva
panel2,B,vardial2018/test,awa,L1,test:2029,awa_Deva
panel2,B,vardial2018/test,awa,L1,test:2040,mag_Deva
panel2,B,vardial2018/test,awa,L1,test:2056,hin_Deva
panel2,B,vardial2018/test,awa,L1,test:2084,awa_Deva
panel2,B,vardial2018/test,awa,L1,test:2087,hin_Deva
panel2,B,vardial2018/test,awa,L1,test:2091,awa_Deva
panel2,B,vardial2018/test,awa,L1,test:2094,hin_Deva
panel2,B,vardial2018/test,awa,L1,test:2095,doi_Deva
panel2,B,vardial2018/test,awa,L1,test:2098,awa_Deva
panel2,B,vardial2018/test,awa,L1,test:2106,awa_Deva
panel2,B,vardial2018/test,awa,L1,test:2110,awa_Deva
panel2,B,vardial2018/test,awa,L1,test:2119,awa_Deva
panel2,B,vardial2018/test,awa,L1,test:2120,awa_Deva
panel2,B,vardial2018/test,awa,L1,test:2127,awa_Deva
panel2,B,vardial2018/test,awa,L1,test:2143,awa_Deva
panel2,B,vardial2018/test,awa,L1,test:2148,awa_Deva
panel2,B,vardial2018/test,awa,L1,test:2164,awa_Deva
panel2,B,vardial2018/test,awa,L1,test:2165,awa_Deva
panel2,B,vardial2018/test,awa,L1,test:2177,awa_Deva
panel2,B,vardial2018/test,awa,L1,test:2182,awa_Deva
panel2,B,vardial2018/test,awa,L1,test:2192,awa_Deva
panel2,B,vardial2018/test,awa,L1,test:2195,awa_Deva
panel2,B,vardial2018/test,awa,L1,test:2202,mag_Deva
panel2,B,vardial2018/test,awa,L1,test:2207,awa_Deva
panel2,B,vardial2018/test,awa,L1,test:2216,awa_Deva
panel2,B,vardial2018/test,awa,L1,test:2224,awa_Deva
panel2,B,vardial2018/test,awa,L1,test:2228,awa_Deva
panel2,B,vardial2018/test,awa,L1,test:2230,npi_Deva
panel2,B,vardial2018/test,awa,L1,test:2238,anp_Deva
panel2,B,vardial2018/test,awa,L1,test:2264,awa_Deva
panel2,B,vardial2018/test,awa,L1,test:2280,awa_Deva
panel2,B,vardial2018/test,awa,L1,test:2281,awa_Deva
panel2,B,vardial2018/test,awa,L1,test:2290,awa_Deva
panel2,B,vardial2018/test,awa,L1,test:2296,awa_Deva
panel2,B,vardial2018/test,awa,L1,test:2298,awa_Deva
panel2,B,vardial2018/test,awa,L1,test:2299,awa_Deva
panel2,B,vardial2018/test,awa,L1,test:2312,awa_Deva
panel2,B,vardial2018/test,awa,L1,test:2328,awa_Deva
panel2,B,vardial2018/test,awa,L1,test:2336,awa_Deva
panel2,B,vardial2018/test,awa,L1,test:2339,awa_Deva
panel2,B,vardial2018/test,awa,L1,test:2340,awa_Deva
panel2,B,vardial2018/test,awa,L1,test:2341,awa_Deva
panel2,B,vardial2018/test,awa,L1,test:2346,awa_Deva
panel2,B,vardial2018/test,awa,L1,test:2352,awa_Deva
panel2,B,vardial2018/test,awa,L1,test:2356,awa_Deva
panel2,B,vardial2018/test,awa,L1,test:2359,awa_Deva
panel2,B,vardial2018/test,awa,L1,test:2364,awa_Deva
panel2,B,vardial2018/test,awa,L1,test:2366,awa_Deva
panel2,B,vardial2018/test,awa,L1,test:2379,awa_Deva
panel2,B,vardial2018/test,awa,L1,test:2390,awa_Deva
panel2,B,vardial2018/test,awa,L1,test:2392,awa_Deva
panel2,B,vardial2018/test,awa,L1,test:2398,awa_Deva
panel2,B,vardial2018/test,awa,L1,test:2401,awa_Deva
panel2,B,vardial2018/test,awa,L1,test:2405,bho_Deva
panel2,B,vardial2018/test,awa,L1,test:2413,awa_Deva
panel2,B,vardial2018/test,awa,L1,test:2416,mup_Deva
panel2,B,vardial2018/test,awa,L1,test:2419,bho_Deva
panel2,B,vardial2018/test,awa,L1,test:2420,anp_Deva
panel2,B,vardial2018/test,awa,L1,test:2424,hin_Deva
panel2,B,vardial2018/test,awa,L1,test:2433,awa_Deva
panel2,B,vardial2018/test,awa,L1,test:2455,new_Deva
panel2,B,vardial2018/test,awa,L1,test:2456,awa_Deva
panel2,B,vardial2018/test,awa,L1,test:2457,awa_Deva
panel2,B,vardial2018/test,awa,L1,test:2464,awa_Deva
panel2,B,vardial2018/test,awa,L1,test:2465,mag_Deva
panel2,B,vardial2018/test,awa,L1,test:2470,awa_Deva
panel2,B,vardial2018/test,awa,L1,test:2473,hin_Deva
panel2,B,vardial2018/test,awa,L1,test:2474,anp_Deva
panel2,B,vardial2018/test,awa,L1,test:2477,kas_Deva
panel2,B,vardial2018/test,awa,L1,test:2480,awa_Deva
panel2,B,vardial2018/test,awa,L1,test:2482,awa_Deva
panel2,B,vardial2018/test,awa,L1,test:2487,awa_Deva
panel2,B,vardial2018/test,awa,L1,test:2496,bho_Deva
panel2,B,vardial2018/test,awa,L1,test:2497,awa_Deva
panel2,B,vardial2018/test,awa,L1,test:2524,awa_Deva
panel2,B,vardial2018/test,awa,L1,test:2530,awa_Deva
panel2,B,vardial2018/test,awa,L1,test:2543,awa_Deva
panel2,B,vardial2018/test,awa,L1,test:2557,mag_Deva
panel2,B,vardial2018/test,awa,L1,test:2559,awa_Deva
panel2,B,vardial2018/test,awa,L1,test:2561,awa_Deva
panel2,B,vardial2018/test,awa,L1,test:2563,awa_Deva
panel2,B,vardial2018/test,awa,L1,test:2566,awa_Deva
panel2,B,vardial2018/test,awa,L1,test:2583,awa_Deva
panel2,B,vardial2018/test,awa,L1,test:2590,awa_Deva
panel2,B,vardial2018/test,awa,L1,test:2593,awa_Deva
panel2,B,vardial2018/test,awa,L1,test:2604,awa_Deva
panel2,B,vardial2018/test,awa,L1,test:2607,awa_Deva
panel2,B,vardial2018/test,awa,L1,test:2609,awa_Deva
panel2,B,vardial2018/test,awa,L1,test:2612,awa_Deva
panel2,B,vardial2018/test,awa,L1,test:2619,awa_Deva
panel2,B,vardial2018/test,awa,L1,test:2620,awa_Deva
panel2,B,vardial2018/test,awa,L1,test:2628,hin_Deva
panel2,B,vardial2018/test,awa,L1,test:2640,awa_Deva
panel2,B,vardial2018/test,awa,L1,test:2642,awa_Deva
panel2,B,vardial2018/test,awa,L1,test:2645,awa_Deva
panel2,B,vardial2018/test,awa,L1,test:2650,awa_Deva
panel2,B,vardial2018/test,awa,L1,test:2660,awa_Deva
panel2,B,vardial2018/test,awa,L1,test:2671,awa_Deva
panel2,B,vardial2018/test,awa,L1,test:2684,awa_Deva
panel2,B,vardial2018/test,awa,L1,test:2687,awa_Deva
panel2,B,vardial2018/test,awa,L1,test:2689,awa_Deva
panel2,B,vardial2018/test,awa,L1,test:2695,awa_Deva
panel2,B,vardial2018/test,awa,L1,test:2700,awa_Deva
panel2,B,vardial2018/test,awa,L1,test:2701,awa_Deva
panel2,B,vardial2018/test,awa,L1,test:2707,awa_Deva
panel2,B,vardial2018/test,awa,L1,test:2722,awa_Deva
panel2,B,vardial2018/test,awa,L1,test:2723,awa_Deva
panel2,B,vardial2018/test,awa,L1,test:2728,awa_Deva
panel2,B,vardial2018/test,awa,L1,test:2730,awa_Deva
panel2,B,vardial2018/test,awa,L1,test:2733,awa_Deva
panel2,B,vardial2018/test,awa,L1,test:2737,awa_Deva
panel2,B,vardial2018/test,awa,L1,test:2741,awa_Deva
panel2,B,vardial2018/test,awa,L1,test:2745,awa_Deva
panel2,B,vardial2018/test,awa,L1,test:2746,awa_Deva
panel2,B,vardial2018/test,awa,L1,test:2749,awa_Deva
panel2,B,vardial2018/test,awa,L1,test:2757,awa_Deva
panel2,B,vardial2018/test,awa,L1,test:2759,awa_Deva
panel2,B,vardial2018/test,awa,L1,test:2765,awa_Deva
panel2,B,vardial2018/test,awa,L1,test:2774,awa_Deva
panel2,B,vardial2018/test,awa,L1,test:2781,awa_Deva
panel2,B,vardial2018/test,awa,L1,test:2787,awa_Deva
panel2,B,vardial2018/test,awa,L1,test:2788,awa_Deva
panel2,B,vardial2018/test,awa,L1,test:2791,awa_Deva
panel2,B,vardial2018/test,awa,L1,test:2794,awa_Deva
panel2,B,vardial2018/test,awa,L1,test:2795,awa_Deva
panel2,B,vardial2018/test,awa,L1,test:2808,awa_Deva
panel2,B,vardial2018/test,awa,L1,test:2814,hin_Deva
panel2,B,vardial2018/test,awa,L1,test:2816,awa_Deva
panel2,B,vardial2018/test,awa,L1,test:2820,bho_Deva
panel2,B,vardial2018/test,awa,L1,test:2842,kas_Deva
panel2,B,vardial2018/test,awa,L1,test:2846,anp_Deva
panel2,B,vardial2018/test,awa,L1,test:2850,awa_Deva
panel2,B,vardial2018/test,awa,L1,test:2856,awa_Deva
panel2,B,vardial2018/test,awa,L1,test:2857,bho_Deva
panel2,B,vardial2018/test,awa,L1,test:2875,awa_Deva
panel2,B,vardial2018/test,awa,L1,test:2876,awa_Deva
panel2,B,vardial2018/test,awa,L1,test:2877,hin_Deva
panel2,B,vardial2018/test,awa,L1,test:2878,awa_Deva
panel2,B,vardial2018/test,awa,L1,test:2881,awa_Deva
panel2,B,vardial2018/test,awa,L1,test:2882,awa_Deva
panel2,B,vardial2018/test,awa,L1,test:2886,awa_Deva
panel2,B,vardial2018/test,awa,L1,test:2894,awa_Deva
panel2,B,vardial2018/test,awa,L1,test:2909,bho_Deva
panel2,B,vardial2018/test,awa,L1,test:2910,awa_Deva
panel2,B,vardial2018/test,awa,L1,test:2928,awa_Deva
panel2,B,vardial2018/test,awa,L1,test:2941,hin_Deva
panel2,B,vardial2018/test,awa,L1,test:2944,san_Deva
panel2,B,vardial2018/test,awa,L1,test:2947,awa_Deva
panel2,B,vardial2018/test,awa,L1,test:2957,awa_Deva
panel2,B,vardial2018/test,awa,L1,test:2966,bho_Deva
panel2,B,vardial2018/test,awa,L1,test:2972,mag_Deva
panel2,B,vardial2018/test,awa,L1,test:2974,san_Deva
panel2,B,vardial2018/test,awa,L1,test:2975,awa_Deva
panel2,B,vardial2018/test,awa,L1,test:2982,awa_Deva
panel2,B,vardial2018/test,awa,L1,test:2985,npi_Deva
panel2,B,vardial2018/test,awa,L1,test:2990,awa_Deva
panel2,B,vardial2018/test,awa,L1,test:2998,awa_Deva
panel2,B,vardial2018/test,awa,L1,test:3004,awa_Deva
panel2,B,vardial2018/test,awa,L1,test:3018,awa_Deva
panel2,B,vardial2018/test,awa,L1,test:3022,awa_Deva
panel2,B,vardial2018/test,awa,L1,test:3028,awa_Deva
panel2,B,vardial2018/test,awa,L1,test:3029,awa_Deva
panel2,B,vardial2018/test,awa,L1,test:3034,awa_Deva
panel2,B,vardial2018/test,awa,L1,test:3036,bho_Deva
panel2,B,vardial2018/test,awa,L1,test:3037,awa_Deva
panel2,B,vardial2018/test,awa,L1,test:3044,awa_Deva
panel2,B,vardial2018/test,awa,L1,test:3045,hin_Deva
panel2,B,vardial2018/test,awa,L1,test:3046,awa_Deva
panel2,B,vardial2018/test,awa,L1,test:3055,awa_Deva
panel2,B,vardial2018/test,awa,L1,test:3058,awa_Deva
panel2,B,vardial2018/test,awa,L1,test:3065,awa_Deva
panel2,B,vardial2018/test,awa,L1,test:3078,awa_Deva
panel2,B,vardial2018/test,awa,L1,test:3094,hin_Deva
panel2,B,vardial2018/test,awa,L1,test:3097,awa_Deva
panel2,B,vardial2018/test,awa,L1,test:3112,awa_Deva
panel2,B,vardial2018/test,awa,L1,test:3113,awa_Deva
panel2,B,vardial2018/test,awa,L1,test:3115,awa_Deva
panel2,B,vardial2018/test,awa,L1,test:3120,awa_Deva
panel2,B,vardial2018/test,awa,L1,test:3130,anp_Deva
panel2,B,vardial2018/test,awa,L1,test:3133,awa_Deva
panel2,B,vardial2018/test,awa,L1,test:3134,awa_Deva
panel2,B,vardial2018/test,awa,L1,test:3135,awa_Deva
panel2,B,vardial2018/test,awa,L1,test:3148,awa_Deva
panel2,B,vardial2018/test,awa,L1,test:3153,awa_Deva
panel2,B,vardial2018/test,awa,L1,test:3158,awa_Deva
panel2,B,vardial2018/test,awa,L1,test:3166,awa_Deva
panel2,B,vardial2018/test,awa,L1,test:3168,awa_Deva
panel2,B,vardial2018/test,awa,L1,test:3172,awa_Deva
panel2,B,vardial2018/test,awa,L1,test:3179,awa_Deva
panel2,B,vardial2018/test,awa,L1,test:3198,awa_Deva
panel2,B,vardial2018/test,awa,L1,test:3204,awa_Deva
panel2,B,vardial2018/test,awa,L1,test:3208,awa_Deva
panel2,B,vardial2018/test,awa,L1,test:3211,awa_Deva
panel2,B,vardial2018/test,awa,L1,test:3215,awa_Deva
panel2,B,vardial2018/test,awa,L1,test:3216,hin_Deva
panel2,B,vardial2018/test,awa,L1,test:3219,awa_Deva
panel2,B,vardial2018/test,awa,L1,test:3225,awa_Deva
panel2,B,vardial2018/test,awa,L1,test:3228,awa_Deva
panel2,B,vardial2018/test,awa,L1,test:3236,snd_Deva
panel2,B,vardial2018/test,awa,L1,test:3244,awa_Deva
panel2,B,vardial2018/test,awa,L1,test:3247,awa_Deva
panel2,B,vardial2018/test,awa,L1,test:3255,bho_Deva
panel2,B,vardial2018/test,awa,L1,test:3260,hin_Deva
panel2,B,vardial2018/test,awa,L1,test:3267,awa_Deva
panel2,B,vardial2018/test,awa,L1,test:3279,awa_Deva
panel2,B,vardial2018/test,awa,L1,test:3281,frp_Latn
panel2,B,vardial2018/test,awa,L1,test:3285,awa_Deva
panel2,B,vardial2018/test,awa,L1,test:3292,awa_Deva
panel2,B,vardial2018/test,awa,L1,test:3294,awa_Deva
panel2,B,vardial2018/test,awa,L1,test:3297,awa_Deva
panel2,B,vardial2018/test,awa,L1,test:3298,awa_Deva
panel2,B,vardial2018/test,awa,L1,test:3299,awa_Deva
panel2,B,vardial2018/test,awa,L1,test:3303,mag_Deva
panel2,B,vardial2018/test,awa,L1,test:3305,hin_Deva
panel2,B,vardial2018/test,awa,L1,test:3313,awa_Deva
panel2,B,vardial2018/test,awa,L1,test:3321,awa_Deva
panel2,B,vardial2018/test,awa,L1,test:3331,awa_Deva
panel2,B,vardial2018/test,awa,L1,test:3335,awa_Deva
panel2,B,vardial2018/test,awa,L1,test:3336,awa_Deva
panel2,B,vardial2018/test,awa,L1,test:3341,awa_Deva
panel2,B,vardial2018/test,awa,L1,test:3350,mag_Deva
panel2,B,vardial2018/test,awa,L1,test:3372,kas_Deva
panel2,B,vardial2018/test,awa,L1,test:3375,awa_Deva
panel2,B,vardial2018/test,awa,L1,test:3376,awa_Deva
panel2,B,vardial2018/test,awa,L1,test:3377,awa_Deva
panel2,B,vardial2018/test,awa,L1,test:3380,awa_Deva
panel2,B,vardial2018/test,awa,L1,test:3384,awa_Deva
panel2,B,vardial2018/test,awa,L1,test:3403,awa_Deva
panel2,B,vardial2018/test,awa,L1,test:3404,awa_Deva
panel2,B,vardial2018/test,awa,L1,test:3406,awa_Deva
panel2,B,vardial2018/test,awa,L1,test:3418,awa_Deva
panel2,B,vardial2018/test,awa,L1,test:3427,awa_Deva
panel2,B,vardial2018/test,awa,L1,test:3430,awa_Deva
panel2,B,vardial2018/test,awa,L1,test:3432,awa_Deva
panel2,B,vardial2018/test,awa,L1,test:3436,awa_Deva
panel2,B,vardial2018/test,awa,L1,test:3443,awa_Deva
panel2,B,vardial2018/test,awa,L1,test:3459,awa_Deva
panel2,B,vardial2018/test,awa,L1,test:3461,awa_Deva
panel2,B,vardial2018/test,awa,L1,test:3462,awa_Deva
panel2,B,vardial2018/test,awa,L1,test:3464,awa_Deva
panel2,B,vardial2018/test,awa,L1,test:3466,awa_Deva
panel2,B,vardial2018/test,awa,L1,test:3493,awa_Deva
panel2,B,vardial2018/test,awa,L1,test:3500,awa_Deva
panel2,B,vardial2018/test,awa,L1,test:3504,awa_Deva
panel2,B,vardial2018/test,awa,L1,test:3518,awa_Deva
panel2,B,vardial2018/test,awa,L1,test:3522,doi_Deva
panel2,B,vardial2018/test,awa,L1,test:3525,awa_Deva
panel2,B,vardial2018/test,awa,L1,test:3527,awa_Deva
panel2,B,vardial2018/test,awa,L1,test:3528,awa_Deva
panel2,B,vardial2018/test,awa,L1,test:3540,awa_Deva
panel2,B,vardial2018/test,awa,L1,test:3559,awa_Deva
panel2,B,vardial2018/test,awa,L1,test:3568,awa_Deva
panel2,B,vardial2018/test,awa,L1,test:3569,hin_Deva
panel2,B,vardial2018/test,awa,L1,test:3576,bho_Deva
panel2,B,vardial2018/test,awa,L1,test:3592,awa_Deva
panel2,B,vardial2018/test,awa,L1,test:3595,awa_Deva
panel2,B,vardial2018/test,awa,L1,test:3596,awa_Deva
panel2,B,vardial2018/test,awa,L1,test:3600,awa_Deva
panel2,B,vardial2018/test,awa,L1,test:3629,awa_Deva
panel2,B,vardial2018/test,awa,L1,test:3634,doi_Deva
panel2,B,vardial2018/test,awa,L1,test:3658,awa_Deva
panel2,B,vardial2018/test,awa,L1,test:3662,hin_Deva
panel2,B,vardial2018/test,awa,L1,test:3668,awa_Deva
panel2,B,vardial2018/test,awa,L1,test:3674,awa_Deva
panel2,B,vardial2018/test,awa,L1,test:3679,awa_Deva
panel2,B,vardial2018/test,awa,L1,test:3684,awa_Deva
panel2,B,vardial2018/test,awa,L1,test:3692,hin_Deva
panel2,B,vardial2018/test,awa,L1,test:3696,awa_Deva
panel2,B,vardial2018/test,awa,L1,test:3700,awa_Deva
panel2,B,vardial2018/test,awa,L1,test:3703,awa_Deva
panel2,B,vardial2018/test,awa,L1,test:3705,awa_Deva
panel2,B,vardial2018/test,awa,L1,test:3706,awa_Deva
panel2,B,vardial2018/test,awa,L1,test:3707,bho_Deva
panel2,B,vardial2018/test,awa,L1,test:3710,awa_Deva
panel2,B,vardial2018/test,awa,L1,test:3712,awa_Deva
panel2,B,vardial2018/test,awa,L1,test:3713,awa_Deva
panel2,B,vardial2018/test,awa,L1,test:3722,hin_Deva
panel2,B,vardial2018/test,awa,L1,test:3724,hin_Deva
panel2,B,vardial2018/test,awa,L1,test:3746,awa_Deva
panel2,B,vardial2018/test,awa,L1,test:3747,awa_Deva
panel2,B,vardial2018/test,awa,L1,test:3750,awa_Deva
panel2,B,vardial2018/test,awa,L1,test:3751,awa_Deva
panel2,B,vardial2018/test,awa,L1,test:3765,awa_Deva
panel2,B,vardial2018/test,awa,L1,test:3771,mai_Deva
panel2,B,vardial2018/test,awa,L1,test:3776,awa_Deva
panel2,B,vardial2018/test,awa,L1,test:3777,npi_Deva
panel2,B,vardial2018/test,awa,L1,test:3787,awa_Deva
panel2,B,vardial2018/test,awa,L1,test:3794,awa_Deva
panel2,B,vardial2018/test,awa,L1,test:3802,awa_Deva
panel2,B,vardial2018/test,awa,L1,test:3807,mai_Deva
panel2,B,vardial2018/test,awa,L1,test:3809,awa_Deva
panel2,B,vardial2018/test,awa,L1,test:3814,awa_Deva
panel2,B,vardial2018/test,awa,L1,test:3823,awa_Deva
panel2,B,vardial2018/test,awa,L1,test:3824,hin_Deva
panel2,B,vardial2018/test,awa,L1,test:3825,awa_Deva
panel2,B,vardial2018/test,awa,L1,test:3826,awa_Deva
panel2,B,vardial2018/test,awa,L1,test:3832,awa_Deva
panel2,B,vardial2018/test,awa,L1,test:3845,awa_Deva
panel2,B,vardial2018/test,awa,L1,test:3847,awa_Deva
panel2,B,vardial2018/test,awa,L1,test:3848,awa_Deva
panel2,B,vardial2018/test,awa,L1,test:3855,awa_Deva
panel2,B,vardial2018/test,awa,L1,test:3856,awa_Deva
panel2,B,vardial2018/test,awa,L1,test:3866,awa_Deva
panel2,B,vardial2018/test,awa,L1,test:3868,anp_Deva
panel2,B,vardial2018/test,awa,L1,test:3869,awa_Deva
panel2,B,vardial2018/test,awa,L1,test:3871,anp_Deva
panel2,B,vardial2018/test,awa,L1,test:3877,awa_Deva
panel2,B,vardial2018/test,awa,L1,test:3880,awa_Deva
panel2,B,vardial2018/test,awa,L1,test:3882,awa_Deva
panel2,B,vardial2018/test,awa,L1,test:3883,awa_Deva
panel2,B,vardial2018/test,awa,L1,test:3894,awa_Deva
panel2,B,vardial2018/test,awa,L1,test:3896,awa_Deva
panel2,B,vardial2018/test,awa,L1,test:3901,awa_Deva
panel2,B,vardial2018/test,awa,L1,test:3906,hin_Deva
panel2,B,vardial2018/test,awa,L1,test:3910,awa_Deva
panel2,B,vardial2018/test,awa,L1,test:3928,awa_Deva
panel2,B,vardial2018/test,awa,L1,test:3935,awa_Deva
panel2,B,vardial2018/test,awa,L1,test:3945,awa_Deva
panel2,B,vardial2018/test,awa,L1,test:3948,awa_Deva
panel2,B,vardial2018/test,awa,L1,test:3970,awa_Deva
panel2,B,vardial2018/test,awa,L1,test:3977,awa_Deva
panel2,B,vardial2018/test,awa,L1,test:3987,bho_Deva
panel2,B,vardial2018/test,awa,L1,test:3991,awa_Deva
panel2,B,vardial2018/test,awa,L1,test:4011,awa_Deva
panel2,B,vardial2018/test,awa,L1,test:4020,awa_Deva
panel2,B,vardial2018/test,awa,L1,test:4032,hin_Deva
panel2,B,vardial2018/test,awa,L1,test:4059,awa_Deva
panel2,B,vardial2018/test,awa,L1,test:4061,awa_Deva
panel2,B,vardial2018/test,awa,L1,test:4070,awa_Deva
panel2,B,vardial2018/test,awa,L1,test:4071,awa_Deva
panel2,B,vardial2018/test,awa,L1,test:4079,hin_Deva
panel2,B,vardial2018/test,awa,L1,test:4087,awa_Deva
panel2,B,vardial2018/test,awa,L1,test:4093,awa_Deva
panel2,B,vardial2018/test,awa,L1,test:4099,hin_Deva
panel2,B,vardial2018/test,awa,L1,test:4105,awa_Deva
panel2,B,vardial2018/test,awa,L1,test:4113,awa_Deva
panel2,B,vardial2018/test,awa,L1,test:4114,awa_Deva
panel2,B,vardial2018/test,awa,L1,test:4117,awa_Deva
panel2,B,vardial2018/test,awa,L1,test:4134,awa_Deva
panel2,B,vardial2018/test,awa,L1,test:4143,awa_Deva
panel2,B,vardial2018/test,awa,L1,test:4145,awa_Deva
panel2,B,vardial2018/test,awa,L1,test:4149,awa_Deva
panel2,B,vardial2018/test,awa,L1,test:4157,awa_Deva
panel2,B,vardial2018/test,awa,L1,test:4205,awa_Deva
panel2,B,vardial2018/test,awa,L1,test:4210,awa_Deva
panel2,B,vardial2018/test,awa,L1,test:4219,npi_Deva
panel2,B,vardial2018/test,awa,L1,test:4226,awa_Deva
panel2,B,vardial2018/test,awa,L1,test:4234,awa_Deva
panel2,B,vardial2018/test,awa,L1,test:4235,awa_Deva
panel2,B,vardial2018/test,awa,L1,test:4240,awa_Deva
panel2,B,vardial2018/test,awa,L1,test:4245,awa_Deva
panel2,B,vardial2018/test,awa,L1,test:4254,mai_Deva
panel2,B,vardial2018/test,awa,L1,test:4256,awa_Deva
panel2,B,vardial2018/test,awa,L1,test:4258,hin_Deva
panel2,B,vardial2018/test,awa,L1,test:4267,hin_Deva
panel2,B,vardial2018/test,awa,L1,test:4273,awa_Deva
panel2,B,vardial2018/test,awa,L1,test:4276,bho_Deva
panel2,B,vardial2018/test,awa,L1,test:4286,awa_Deva
panel2,B,vardial2018/test,awa,L1,test:4288,awa_Deva
panel2,B,vardial2018/test,awa,L1,test:4292,npi_Deva
panel2,B,vardial2018/test,awa,L1,test:4295,awa_Deva
panel2,B,vardial2018/test,awa,L1,test:4298,hin_Deva
panel2,B,vardial2018/test,awa,L1,test:4301,awa_Deva
panel2,B,vardial2018/test,awa,L1,test:4306,new_Deva
panel2,B,vardial2018/test,awa,L1,test:4307,awa_Deva
panel2,B,vardial2018/test,awa,L1,test:4319,frp_Latn
panel2,B,vardial2018/test,awa,L1,test:4320,awa_Deva
panel2,B,vardial2018/test,awa,L1,test:4325,awa_Deva
panel2,B,vardial2018/test,awa,L1,test:4333,awa_Deva
panel2,B,vardial2018/test,awa,L1,test:4349,awa_Deva
panel2,B,vardial2018/test,awa,L1,test:4350,anp_Deva
panel2,B,vardial2018/test,awa,L1,test:4354,awa_Deva
panel2,B,vardial2018/test,awa,L1,test:4366,awa_Deva
panel2,B,vardial2018/test,awa,L1,test:4369,awa_Deva
panel2,B,vardial2018/test,awa,L1,test:4370,awa_Deva
panel2,B,vardial2018/test,awa,L1,test:4396,awa_Deva
panel2,B,vardial2018/test,awa,L1,test:4398,kru_Deva
panel2,B,vardial2018/test,awa,L1,test:4400,hin_Deva
panel2,B,vardial2018/test,awa,L1,test:4409,awa_Deva
panel2,B,vardial2018/test,awa,L1,test:4414,bho_Deva
panel2,B,vardial2018/test,awa,L1,test:4419,hin_Deva
panel2,B,vardial2018/test,awa,L1,test:4424,hin_Deva
panel2,B,vardial2018/test,awa,L1,test:4435,awa_Deva
panel2,B,vardial2018/test,awa,L1,test:4438,awa_Deva
panel2,B,vardial2018/test,awa,L1,test:4440,awa_Deva
panel2,B,vardial2018/test,awa,L1,test:4458,awa_Deva
panel2,B,vardial2018/test,awa,L1,test:4459,awa_Deva
panel2,B,vardial2018/test,awa,L1,test:4475,awa_Deva
panel2,B,vardial2018/test,awa,L1,test:4479,awa_Deva
panel2,B,vardial2018/test,awa,L1,test:4482,awa_Deva
panel2,B,vardial2018/test,awa,L1,test:4494,awa_Deva
panel2,B,vardial2018/test,awa,L1,test:4501,awa_Deva
panel2,B,vardial2018/test,awa,L1,test:4506,awa_Deva
panel2,B,vardial2018/test,awa,L1,test:4512,awa_Deva
panel2,B,vardial2018/test,awa,L1,test:4522,awa_Deva
panel2,B,vardial2018/test,awa,L1,test:4545,awa_Deva
panel2,B,vardial2018/test,awa,L1,test:4548,mai_Deva
panel2,B,vardial2018/test,awa,L1,test:4549,awa_Deva
panel2,B,vardial2018/test,awa,L1,test:4557,awa_Deva
panel2,B,vardial2018/test,awa,L1,test:4562,awa_Deva
panel2,B,vardial2018/test,awa,L1,test:4577,awa_Deva
panel2,B,vardial2018/test,awa,L1,test:4579,mai_Deva
panel2,B,vardial2018/test,awa,L1,test:4582,awa_Deva
panel2,B,vardial2018/test,awa,L1,test:4584,awa_Deva
panel2,B,vardial2018/test,awa,L1,test:4593,awa_Deva
panel2,B,vardial2018/test,awa,L1,test:4594,awa_Deva
panel2,B,vardial2018/test,awa,L1,test:4602,awa_Deva
panel2,B,vardial2018/test,awa,L1,test:4603,awa_Deva
panel2,B,vardial2018/test,awa,L1,test:4606,awa_Deva
panel2,B,vardial2018/test,awa,L1,test:4615,awa_Deva
panel2,B,vardial2018/test,awa,L1,test:4619,awa_Deva
panel2,B,vardial2018/test,awa,L1,test:4634,awa_Deva
panel2,B,vardial2018/test,awa,L1,test:4636,awa_Deva
panel2,B,vardial2018/test,awa,L1,test:4651,awa_Deva
panel2,B,vardial2018/test,awa,L1,test:4661,awa_Deva
panel2,B,vardial2018/test,awa,L1,test:4673,awa_Deva
panel2,B,vardial2018/test,awa,L1,test:4680,awa_Deva
panel2,B,vardial2018/test,awa,L1,test:4681,awa_Deva
panel2,B,vardial2018/test,awa,L1,test:4704,awa_Deva
panel2,B,vardial2018/test,awa,L1,test:4709,awa_Deva
panel2,B,vardial2018/test,awa,L1,test:4714,awa_Deva
panel2,B,vardial2018/test,awa,L1,test:4715,bho_Deva
panel2,B,vardial2018/test,awa,L1,test:4718,awa_Deva
panel2,B,vardial2018/test,awa,L1,test:4726,awa_Deva
panel2,B,vardial2018/test,awa,L1,test:4728,awa_Deva
panel2,B,vardial2018/test,awa,L1,test:4737,awa_Deva
panel2,B,vardial2018/test,awa,L1,test:4743,awa_Deva
panel2,B,vardial2018/test,awa,L1,test:4749,awa_Deva
panel2,B,vardial2018/test,awa,L1,test:4755,anp_Deva
panel2,B,vardial2018/test,awa,L1,test:4768,awa_Deva
panel2,B,vardial2018/test,awa,L1,test:4769,doi_Deva
panel2,B,vardial2018/test,awa,L1,test:4790,awa_Deva
panel2,B,vardial2018/test,awa,L1,test:4791,awa_Deva
panel2,B,vardial2018/test,awa,L1,test:4797,awa_Deva
panel2,B,vardial2018/test,awa,L1,test:4799,awa_Deva
panel2,B,vardial2018/test,awa,L1,test:4803,npi_Deva
panel2,B,vardial2018/test,awa,L1,test:4804,awa_Deva
panel2,B,vardial2018/test,awa,L1,test:4811,awa_Deva
panel2,B,vardial2018/test,awa,L1,test:4814,awa_Deva
panel2,B,vardial2018/test,awa,L1,test:4816,awa_Deva
panel2,B,vardial2018/test,awa,L1,test:4824,awa_Deva
panel2,B,vardial2018/test,awa,L1,test:4829,awa_Deva
panel2,B,vardial2018/test,awa,L1,test:4836,awa_Deva
panel2,B,vardial2018/test,awa,L1,test:4847,awa_Deva
panel2,B,vardial2018/test,awa,L1,test:4855,hin_Deva
panel2,B,vardial2018/test,awa,L1,test:4868,mai_Deva
panel2,B,vardial2018/test,awa,L1,test:4869,awa_Deva
panel2,B,vardial2018/test,awa,L1,test:4896,hin_Deva
panel2,B,vardial2018/test,awa,L1,test:4899,anp_Deva
panel2,B,vardial2018/test,awa,L1,test:4902,awa_Deva
panel2,B,vardial2018/test,awa,L1,test:4909,awa_Deva
panel2,B,vardial2018/test,awa,L1,test:4916,awa_Deva
panel2,B,vardial2018/test,awa,L1,test:4924,hin_Deva
panel2,B,vardial2018/test,awa,L1,test:4927,awa_Deva
panel2,B,vardial2018/test,awa,L1,test:4941,awa_Deva
panel2,B,vardial2018/test,awa,L1,test:4947,awa_Deva
panel2,B,vardial2018/test,awa,L1,test:4948,san_Deva
panel2,B,vardial2018/test,awa,L1,test:4952,awa_Deva
panel2,B,vardial2018/test,awa,L1,test:4964,awa_Deva
panel2,B,vardial2018/test,awa,L1,test:4978,hin_Deva
panel2,B,vardial2018/test,awa,L1,test:4979,awa_Deva
panel2,B,vardial2018/test,awa,L1,test:4985,awa_Deva
panel2,B,vardial2018/test,awa,L1,test:4995,awa_Deva
panel2,B,vardial2018/test,awa,L1,test:5003,awa_Deva
panel2,B,vardial2018/test,awa,L1,test:5007,awa_Deva
panel2,B,vardial2018/test,awa,L1,test:5009,hne_Deva
panel2,B,vardial2018/test,awa,L1,test:5022,hin_Deva
panel2,B,vardial2018/test,awa,L1,test:5032,hin_Deva
panel2,B,vardial2018/test,awa,L1,test:5035,awa_Deva
panel2,B,vardial2018/test,awa,L1,test:5038,awa_Deva
panel2,B,vardial2018/test,awa,L1,test:5040,awa_Deva
panel2,B,vardial2018/test,awa,L1,test:5041,awa_Deva
panel2,B,vardial2018/test,awa,L1,test:5042,awa_Deva
panel2,B,vardial2018/test,awa,L1,test:5053,awa_Deva
panel2,B,vardial2018/test,awa,L1,test:5054,awa_Deva
panel2,B,vardial2018/test,awa,L1,test:5055,awa_Deva
panel2,B,vardial2018/test,awa,L1,test:5056,awa_Deva
panel2,B,vardial2018/test,awa,L1,test:5078,awa_Deva
panel2,B,vardial2018/test,awa,L1,test:5079,awa_Deva
panel2,B,vardial2018/test,awa,L1,test:5082,awa_Deva
panel2,B,vardial2018/test,awa,L1,test:5090,awa_Deva
panel2,B,vardial2018/test,awa,L1,test:5099,awa_Deva
panel2,B,vardial2018/test,awa,L1,test:5102,awa_Deva
panel2,B,vardial2018/test,awa,L1,test:5106,awa_Deva
panel2,B,vardial2018/test,awa,L1,test:5118,hin_Deva
panel2,B,vardial2018/test,awa,L1,test:5120,awa_Deva
panel2,B,vardial2018/test,awa,L1,test:5128,awa_Deva
panel2,B,vardial2018/test,awa,L1,test:5130,awa_Deva
panel2,B,vardial2018/test,awa,L1,test:5140,awa_Deva
panel2,B,vardial2018/test,awa,L1,test:5144,awa_Deva
panel2,B,vardial2018/test,awa,L1,test:5149,hin_Deva
panel2,B,vardial2018/test,awa,L1,test:5159,awa_Deva
panel2,B,vardial2018/test,awa,L1,test:5167,awa_Deva
panel2,B,vardial2018/test,awa,L1,test:5185,awa_Deva
panel2,B,vardial2018/test,awa,L1,test:5186,awa_Deva
panel2,B,vardial2018/test,awa,L1,test:5187,anp_Deva
panel2,B,vardial2018/test,awa,L1,test:5196,awa_Deva
panel2,B,vardial2018/test,awa,L1,test:5202,awa_Deva
panel2,B,vardial2018/test,awa,L1,test:5203,awa_Deva
panel2,B,vardial2018/test,awa,L1,test:5213,awa_Deva
panel2,B,vardial2018/test,awa,L1,test:5230,awa_Deva
panel2,B,vardial2018/test,awa,L1,test:5233,awa_Deva
panel2,B,vardial2018/test,awa,L1,test:5234,hin_Deva
panel2,B,vardial2018/test,awa,L1,test:5257,awa_Deva
panel2,B,vardial2018/test,awa,L1,test:5258,awa_Deva
panel2,B,vardial2018/test,awa,L1,test:5264,awa_Deva
panel2,B,vardial2018/test,awa,L1,test:5271,kru_Deva
panel2,B,vardial2018/test,awa,L1,test:5282,awa_Deva
panel2,B,vardial2018/test,awa,L1,test:5293,awa_Deva
panel2,B,vardial2018/test,awa,L1,test:5295,awa_Deva
panel2,B,vardial2018/test,awa,L1,test:5299,awa_Deva
panel2,B,vardial2018/test,awa,L1,test:5302,awa_Deva
panel2,B,vardial2018/test,awa,L1,test:5313,awa_Deva
panel2,B,vardial2018/test,awa,L1,test:5318,new_Deva
panel2,B,vardial2018/test,awa,L1,test:5328,awa_Deva
panel2,B,vardial2018/test,awa,L1,test:5334,awa_Deva
panel2,B,vardial2018/test,awa,L1,test:5335,awa_Deva
panel2,B,vardial2018/test,awa,L1,test:5338,awa_Deva
panel2,B,vardial2018/test,awa,L1,test:5341,awa_Deva
panel2,B,vardial2018/test,awa,L1,test:5350,awa_Deva
panel2,B,vardial2018/test,awa,L1,test:5351,awa_Deva
panel2,B,vardial2018/test,awa,L1,test:5358,awa_Deva
panel2,B,vardial2018/test,awa,L1,test:5362,awa_Deva
panel2,B,vardial2018/test,awa,L1,test:5365,awa_Deva
panel2,B,vardial2018/test,awa,L1,test:5368,awa_Deva
panel2,B,vardial2018/test,awa,L1,test:5376,awa_Deva
panel2,B,vardial2018/test,awa,L1,test:5380,awa_Deva
panel2,B,vardial2018/test,awa,L1,test:5381,hin_Deva
panel2,B,vardial2018/test,awa,L1,test:5383,bho_Deva
panel2,B,vardial2018/test,awa,L1,test:5385,awa_Deva
panel2,B,vardial2018/test,awa,L1,test:5396,awa_Deva
panel2,B,vardial2018/test,awa,L1,test:5397,awa_Deva
panel2,B,vardial2018/test,awa,L1,test:5399,awa_Deva
panel2,B,vardial2018/test,awa,L1,test:5404,doi_Deva
panel2,B,vardial2018/test,awa,L1,test:5405,awa_Deva
panel2,B,vardial2018/test,awa,L1,test:5407,awa_Deva
panel2,B,vardial2018/test,awa,L1,test:5409,awa_Deva
panel2,B,vardial2018/test,awa,L1,test:5412,awa_Deva
panel2,B,vardial2018/test,awa,L1,test:5420,awa_Deva
panel2,B,vardial2018/test,awa,L1,test:5423,awa_Deva
panel2,B,vardial2018/test,awa,L1,test:5427,awa_Deva
panel2,B,vardial2018/test,awa,L1,test:5434,awa_Deva
panel2,B,vardial2018/test,awa,L1,test:5441,awa_Deva
panel2,B,vardial2018/test,awa,L1,test:5456,kas_Deva
panel2,B,vardial2018/test,awa,L1,test:5462,hin_Deva
panel2,B,vardial2018/test,awa,L1,test:5468,awa_Deva
panel2,B,vardial2018/test,awa,L1,test:5469,hin_Deva
panel2,B,vardial2018/test,awa,L1,test:5482,awa_Deva
panel2,B,vardial2018/test,awa,L1,test:5487,mai_Deva
panel2,B,vardial2018/test,awa,L1,test:5489,anp_Deva
panel2,B,vardial2018/test,awa,L1,test:5490,npi_Deva
panel2,B,vardial2018/test,awa,L1,test:5498,awa_Deva
panel2,B,vardial2018/test,awa,L1,test:5507,awa_Deva
panel2,B,vardial2018/test,awa,L1,test:5519,awa_Deva
panel2,B,vardial2018/test,awa,L1,test:5523,awa_Deva
panel2,B,vardial2018/test,awa,L1,test:5529,awa_Deva
panel2,B,vardial2018/test,awa,L1,test:5531,hin_Deva
panel2,B,vardial2018/test,awa,L1,test:5536,hin_Deva
panel2,B,vardial2018/test,awa,L1,test:5550,awa_Deva
panel2,B,vardial2018/test,awa,L1,test:5551,awa_Deva
panel2,B,vardial2018/test,awa,L1,test:5553,awa_Deva
panel2,B,vardial2018/test,awa,L1,test:5554,awa_Deva
panel2,B,vardial2018/test,awa,L1,test:5557,hin_Deva
panel2,B,vardial2018/test,awa,L1,test:5570,awa_Deva
panel2,B,vardial2018/test,awa,L1,test:5574,awa_Deva
panel2,B,vardial2018/test,awa,L1,test:5596,awa_Deva
panel2,B,vardial2018/test,awa,L1,test:5599,awa_Deva
panel2,B,vardial2018/test,awa,L1,test:5600,awa_Deva
panel2,B,vardial2018/test,awa,L1,test:5603,awa_Deva
panel2,B,vardial2018/test,awa,L1,test:5604,awa_Deva
panel2,B,vardial2018/test,awa,L1,test:5608,awa_Deva
panel2,B,vardial2018/test,awa,L1,test:5609,sck_Deva
panel2,B,vardial2018/test,awa,L1,test:5622,awa_Deva
panel2,B,vardial2018/test,awa,L1,test:5627,hin_Deva
panel2,B,vardial2018/test,awa,L1,test:5630,hne_Deva
panel2,B,vardial2018/test,awa,L1,test:5632,awa_Deva
panel2,B,vardial2018/test,awa,L1,test:5636,awa_Deva
panel2,B,vardial2018/test,awa,L1,test:5641,awa_Deva
panel2,B,vardial2018/test,awa,L1,test:5648,awa_Deva
panel2,B,vardial2018/test,awa,L1,test:5656,kex_Deva
panel2,B,vardial2018/test,awa,L1,test:5662,awa_Deva
panel2,B,vardial2018/test,awa,L1,test:5663,npi_Deva
panel2,B,vardial2018/test,awa,L1,test:5669,awa_Deva
panel2,B,vardial2018/test,awa,L1,test:5670,awa_Deva
panel2,B,vardial2018/test,awa,L1,test:5676,awa_Deva
panel2,B,vardial2018/test,awa,L1,test:5677,awa_Deva
panel2,B,vardial2018/test,awa,L1,test:5689,awa_Deva
panel2,B,vardial2018/test,awa,L1,test:5702,awa_Deva
panel2,B,vardial2018/test,awa,L1,test:5704,awa_Deva
panel2,B,vardial2018/test,awa,L1,test:5707,awa_Deva
panel2,B,vardial2018/test,awa,L1,test:5709,awa_Deva
panel2,B,vardial2018/test,awa,L1,test:5718,awa_Deva
panel2,B,vardial2018/test,awa,L1,test:5720,awa_Deva
panel2,B,vardial2018/test,awa,L1,test:5724,awa_Deva
panel2,B,vardial2018/test,awa,L1,test:5733,awa_Deva
panel2,B,vardial2018/test,awa,L1,test:5739,awa_Deva
panel2,B,vardial2018/test,awa,L1,test:5740,awa_Deva
panel2,B,vardial2018/test,awa,L1,test:5757,hin_Deva
panel2,B,vardial2018/test,awa,L1,test:5760,hin_Deva
panel2,B,vardial2018/test,awa,L1,test:5767,awa_Deva
panel2,B,vardial2018/test,awa,L1,test:5791,awa_Deva
panel2,B,vardial2018/test,awa,L1,test:5793,awa_Deva
panel2,B,vardial2018/test,awa,L1,test:5825,awa_Deva
panel2,B,vardial2018/test,awa,L1,test:5832,awa_Deva
panel2,B,vardial2018/test,awa,L1,test:5843,awa_Deva
panel2,B,vardial2018/test,awa,L1,test:5848,awa_Deva
panel2,B,vardial2018/test,awa,L1,test:5855,mai_Deva
panel2,B,vardial2018/test,awa,L1,test:5861,awa_Deva
panel2,B,vardial2018/test,awa,L1,test:5864,awa_Deva
panel2,B,vardial2018/test,awa,L1,test:5872,awa_Deva
panel2,B,vardial2018/test,awa,L1,test:5876,awa_Deva
panel2,B,vardial2018/test,awa,L1,test:5884,awa_Deva
panel2,B,vardial2018/test,awa,L1,test:5888,awa_Deva
panel2,B,vardial2018/test,awa,L1,test:5894,bho_Deva
panel2,B,vardial2018/test,awa,L1,test:5898,anp_Deva
panel2,B,vardial2018/test,awa,L1,test:5899,awa_Deva
panel2,B,vardial2018/test,awa,L1,test:5902,hin_Deva
panel2,B,vardial2018/test,awa,L1,test:5904,awa_Deva
panel2,B,vardial2018/test,awa,L1,test:5905,awa_Deva
panel2,B,vardial2018/test,awa,L1,test:5920,awa_Deva
panel2,B,vardial2018/test,awa,L1,test:5922,awa_Deva
panel2,B,vardial2018/test,awa,L1,test:5930,bho_Deva
panel2,B,vardial2018/test,awa,L1,test:5931,awa_Deva
panel2,B,vardial2018/test,awa,L1,test:5934,awa_Deva
panel2,B,vardial2018/test,awa,L1,test:5945,awa_Deva
panel2,B,vardial2018/test,awa,L1,test:5946,awa_Deva
panel2,B,vardial2018/test,awa,L1,test:5958,mai_Deva
panel2,B,vardial2018/test,awa,L1,test:5960,awa_Deva
panel2,B,vardial2018/test,awa,L1,test:5961,awa_Deva
panel2,B,vardial2018/test,awa,L1,test:5962,awa_Deva
panel2,B,vardial2018/test,awa,L1,test:5965,awa_Deva
panel2,B,vardial2018/test,awa,L1,test:5971,thl_Deva
panel2,B,vardial2018/test,awa,L1,test:5972,mai_Deva
panel2,B,vardial2018/test,awa,L1,test:5981,hin_Deva
panel2,B,vardial2018/test,awa,L1,test:5984,awa_Deva
panel2,B,vardial2018/test,awa,L1,test:5999,awa_Deva
panel2,B,vardial2018/test,awa,L1,test:6001,awa_Deva
panel2,B,vardial2018/test,awa,L1,test:6002,awa_Deva
panel2,B,vardial2018/test,awa,L1,test:6009,awa_Deva
panel2,B,vardial2018/test,awa,L1,test:6013,awa_Deva
panel2,B,vardial2018/test,awa,L1,test:6014,hin_Deva
panel2,B,vardial2018/test,awa,L1,test:6024,anp_Deva
panel2,B,vardial2018/test,awa,L1,test:6034,awa_Deva
panel2,B,vardial2018/test,awa,L1,test:6047,awa_Deva
panel2,B,vardial2018/test,awa,L1,test:6049,awa_Deva
panel2,B,vardial2018/test,awa,L1,test:6054,hin_Deva
panel2,B,vardial2018/test,awa,L1,test:6061,hin_Deva
panel2,B,vardial2018/test,awa,L1,test:6065,awa_Deva
panel2,B,vardial2018/test,awa,L1,test:6084,hin_Deva
panel2,B,vardial2018/test,awa,L1,test:6089,awa_Deva
panel2,B,vardial2018/test,awa,L1,test:6094,awa_Deva
panel2,B,vardial2018/test,awa,L1,test:6102,awa_Deva
panel2,B,vardial2018/test,awa,L1,test:6161,awa_Deva
panel2,B,vardial2018/test,awa,L1,test:6163,awa_Deva
panel2,B,vardial2018/test,awa,L1,test:6168,awa_Deva
panel2,B,vardial2018/test,awa,L1,test:6169,awa_Deva
panel2,B,vardial2018/test,awa,L1,test:6200,awa_Deva
panel2,B,vardial2018/test,awa,L1,test:6208,awa_Deva
panel2,B,vardial2018/test,awa,L1,test:6213,awa_Deva
panel2,B,vardial2018/test,awa,L1,test:6214,awa_Deva
panel2,B,vardial2018/test,awa,L1,test:6215,hin_Deva
panel2,B,vardial2018/test,awa,L1,test:6228,awa_Deva
panel2,B,vardial2018/test,awa,L1,test:6233,awa_Deva
panel2,B,vardial2018/test,awa,L1,test:6235,awa_Deva
panel2,B,vardial2018/test,awa,L1,test:6255,awa_Deva
panel2,B,vardial2018/test,awa,L1,test:6256,awa_Deva
panel2,B,vardial2018/test,awa,L1,test:6260,awa_Deva
panel2,B,vardial2018/test,awa,L1,test:6269,awa_Deva
panel2,B,vardial2018/test,awa,L1,test:6270,awa_Deva
panel2,B,vardial2018/test,awa,L1,test:6271,awa_Deva
panel2,B,vardial2018/test,awa,L1,test:6272,awa_Deva
panel2,B,vardial2018/test,awa,L1,test:6283,awa_Deva
panel2,B,vardial2018/test,awa,L1,test:6307,awa_Deva
panel2,B,vardial2018/test,awa,L1,test:6308,hin_Deva
panel2,B,vardial2018/test,awa,L1,test:6316,awa_Deva
panel2,B,vardial2018/test,awa,L1,test:6320,awa_Deva
panel2,B,vardial2018/test,awa,L1,test:6323,awa_Deva
panel2,B,vardial2018/test,awa,L1,test:6324,mag_Deva
panel2,B,vardial2018/test,awa,L1,test:6327,awa_Deva
panel2,B,vardial2018/test,awa,L1,test:6331,awa_Deva
panel2,B,vardial2018/test,awa,L1,test:6340,awa_Deva
panel2,B,vardial2018/test,awa,L1,test:6343,awa_Deva
panel2,B,vardial2018/test,awa,L1,test:6351,awa_Deva
panel2,B,vardial2018/test,awa,L1,test:6355,bho_Deva
panel2,B,vardial2018/test,awa,L1,test:6360,awa_Deva
panel2,B,vardial2018/test,awa,L1,test:6370,awa_Deva
panel2,B,vardial2018/test,awa,L1,test:6372,awa_Deva
panel2,B,vardial2018/test,awa,L1,test:6385,awa_Deva
panel2,B,vardial2018/test,awa,L1,test:6388,awa_Deva
panel2,B,vardial2018/test,awa,L1,test:6406,bho_Deva
panel2,B,vardial2018/test,awa,L1,test:6413,awa_Deva
panel2,B,vardial2018/test,awa,L1,test:6420,awa_Deva
panel2,B,vardial2018/test,awa,L1,test:6443,awa_Deva
panel2,B,vardial2018/test,awa,L1,test:6444,awa_Deva
panel2,B,vardial2018/test,awa,L1,test:6446,awa_Deva
panel2,B,vardial2018/test,awa,L1,test:6450,awa_Deva
panel2,B,vardial2018/test,awa,L1,test:6463,hin_Deva
panel2,B,vardial2018/test,awa,L1,test:6467,awa_Deva
panel2,B,vardial2018/test,awa,L1,test:6477,hin_Deva
panel2,B,vardial2018/test,awa,L1,test:6495,awa_Deva
panel2,B,vardial2018/test,awa,L1,test:6507,awa_Deva
panel2,B,vardial2018/test,awa,L1,test:6514,awa_Deva
panel2,B,vardial2018/test,awa,L1,test:6535,awa_Deva
panel2,B,vardial2018/test,awa,L1,test:6540,awa_Deva
panel2,B,vardial2018/test,awa,L1,test:6550,awa_Deva
panel2,B,vardial2018/test,awa,L1,test:6553,awa_Deva
panel2,B,vardial2018/test,awa,L1,test:6557,awa_Deva
panel2,B,vardial2018/test,awa,L1,test:6562,awa_Deva
panel2,B,vardial2018/test,awa,L1,test:6566,awa_Deva
panel2,B,vardial2018/test,awa,L1,test:6567,awa_Deva
panel2,B,vardial2018/test,awa,L1,test:6575,awa_Deva
panel2,B,vardial2018/test,awa,L1,test:6587,awa_Deva
panel2,B,vardial2018/test,awa,L1,test:6589,mai_Deva
panel2,B,vardial2018/test,awa,L1,test:6597,awa_Deva
panel2,B,vardial2018/test,awa,L1,test:6599,awa_Deva
panel2,B,vardial2018/test,awa,L1,test:6600,awa_Deva
panel2,B,vardial2018/test,awa,L1,test:6608,awa_Deva
panel2,B,vardial2018/test,awa,L1,test:6613,awa_Deva
panel2,B,vardial2018/test,awa,L1,test:6626,awa_Deva
panel2,B,vardial2018/test,awa,L1,test:6628,new_Deva
panel2,B,vardial2018/test,awa,L1,test:6634,awa_Deva
panel2,B,vardial2018/test,awa,L1,test:6645,awa_Deva
panel2,B,vardial2018/test,awa,L1,test:6653,awa_Deva
panel2,B,vardial2018/test,awa,L1,test:6666,awa_Deva
panel2,B,vardial2018/test,awa,L1,test:6672,awa_Deva
panel2,B,vardial2018/test,awa,L1,test:6673,awa_Deva
panel2,B,vardial2018/test,awa,L1,test:6691,hin_Deva
panel2,B,vardial2018/test,awa,L1,test:6692,awa_Deva
panel2,B,vardial2018/test,awa,L1,test:6698,awa_Deva
panel2,B,vardial2018/test,awa,L1,test:6706,hin_Deva
panel2,B,vardial2018/test,awa,L1,test:6710,awa_Deva
panel2,B,vardial2018/test,awa,L1,test:6714,hin_Deva
panel2,B,vardial2018/test,awa,L1,test:6721,awa_Deva
panel2,B,vardial2018/test,awa,L1,test:6723,awa_Deva
panel2,B,vardial2018/test,awa,L1,test:6726,awa_Deva
panel2,B,vardial2018/test,awa,L1,test:6729,awa_Deva
panel2,B,vardial2018/test,awa,L1,test:6735,awa_Deva
panel2,B,vardial2018/test,awa,L1,test:6748,awa_Deva
panel2,B,vardial2018/test,awa,L1,test:6760,awa_Deva
panel2,B,vardial2018/test,awa,L1,test:6762,awa_Deva
panel2,B,vardial2018/test,awa,L1,test:6763,awa_Deva
panel2,B,vardial2018/test,awa,L1,test:6766,awa_Deva
panel2,B,vardial2018/test,awa,L1,test:6774,awa_Deva
panel2,B,vardial2018/test,awa,L1,test:6779,awa_Deva
panel2,B,vardial2018/test,awa,L1,test:6782,anp_Deva
panel2,B,vardial2018/test,awa,L1,test:6784,hin_Deva
panel2,B,vardial2018/test,awa,L1,test:6789,awa_Deva
panel2,B,vardial2018/test,awa,L1,test:6804,awa_Deva
panel2,B,vardial2018/test,awa,L1,test:6809,awa_Deva
panel2,B,vardial2018/test,awa,L1,test:6822,awa_Deva
panel2,B,vardial2018/test,awa,L1,test:6824,awa_Deva
panel2,B,vardial2018/test,awa,L1,test:6831,awa_Deva
panel2,B,vardial2018/test,awa,L1,test:6837,awa_Deva
panel2,B,vardial2018/test,awa,L1,test:6842,awa_Deva
panel2,B,vardial2018/test,awa,L1,test:6846,awa_Deva
panel2,B,vardial2018/test,awa,L1,test:6856,awa_Deva
panel2,B,vardial2018/test,awa,L1,test:6859,awa_Deva
panel2,B,vardial2018/test,awa,L1,test:6862,awa_Deva
panel2,B,vardial2018/test,awa,L1,test:6869,awa_Deva
panel2,B,vardial2018/test,awa,L1,test:6881,anp_Deva
panel2,B,vardial2018/test,awa,L1,test:6891,awa_Deva
panel2,B,vardial2018/test,awa,L1,test:6896,awa_Deva
panel2,B,vardial2018/test,awa,L1,test:6904,awa_Deva
panel2,B,vardial2018/test,awa,L1,test:6911,awa_Deva
panel2,B,vardial2018/test,awa,L1,test:6912,awa_Deva
panel2,B,vardial2018/test,awa,L1,test:6916,awa_Deva
panel2,B,vardial2018/test,awa,L1,test:6918,awa_Deva
panel2,B,vardial2018/test,awa,L1,test:6927,awa_Deva
panel2,B,vardial2018/test,awa,L1,test:6941,awa_Deva
panel2,B,vardial2018/test,awa,L1,test:6962,awa_Deva
panel2,B,vardial2018/test,awa,L1,test:6967,awa_Deva
panel2,B,vardial2018/test,awa,L1,test:6972,awa_Deva
panel2,B,vardial2018/test,awa,L1,test:6973,awa_Deva
panel2,B,vardial2018/test,awa,L1,test:6980,awa_Deva
panel2,B,vardial2018/test,awa,L1,test:6981,awa_Deva
panel2,B,vardial2018/test,awa,L1,test:7000,awa_Deva
panel2,B,vardial2018/test,awa,L1,test:7016,hin_Deva
panel2,B,vardial2018/test,awa,L1,test:7024,awa_Deva
panel2,B,vardial2018/test,awa,L1,test:7028,awa_Deva
panel2,B,vardial2018/test,awa,L1,test:7029,awa_Deva
panel2,B,vardial2018/test,awa,L1,test:7030,awa_Deva
panel2,B,vardial2018/test,awa,L1,test:7065,awa_Deva
panel2,B,vardial2018/test,awa,L1,test:7071,awa_Deva
panel2,B,vardial2018/test,awa,L1,test:7073,awa_Deva
panel2,B,vardial2018/test,awa,L1,test:7076,kru_Deva
panel2,B,vardial2018/test,awa,L1,test:7078,awa_Deva
panel2,B,vardial2018/test,awa,L1,test:7083,hin_Deva
panel2,B,vardial2018/test,awa,L1,test:7086,awa_Deva
panel2,B,vardial2018/test,awa,L1,test:7097,doi_Deva
panel2,B,vardial2018/test,awa,L1,test:7105,awa_Deva
panel2,B,vardial2018/test,awa,L1,test:7107,awa_Deva
panel2,B,vardial2018/test,awa,L1,test:7113,awa_Deva
panel2,B,vardial2018/test,awa,L1,test:7129,awa_Deva
panel2,B,vardial2018/test,awa,L1,test:7133,awa_Deva
panel2,B,vardial2018/test,awa,L1,test:7134,awa_Deva
panel2,B,vardial2018/test,awa,L1,test:7135,hin_Deva
panel2,B,vardial2018/test,awa,L1,test:7140,awa_Deva
panel2,B,vardial2018/test,awa,L1,test:7142,bho_Deva
panel2,B,vardial2018/test,awa,L1,test:7143,anp_Deva
panel2,B,vardial2018/test,awa,L1,test:7159,thl_Deva
panel2,B,vardial2018/test,awa,L1,test:7162,awa_Deva
panel2,B,vardial2018/test,awa,L1,test:7170,awa_Deva
panel2,B,vardial2018/test,awa,L1,test:7175,hin_Deva
panel2,B,vardial2018/test,awa,L1,test:7176,hin_Deva
panel2,B,vardial2018/test,awa,L1,test:7178,awa_Deva
panel2,B,vardial2018/test,awa,L1,test:7197,awa_Deva
panel2,B,vardial2018/test,awa,L1,test:7200,awa_Deva
panel2,B,vardial2018/test,awa,L1,test:7201,awa_Deva
panel2,B,vardial2018/test,awa,L1,test:7203,awa_Deva
panel2,B,vardial2018/test,awa,L1,test:7207,awa_Deva
panel2,B,vardial2018/test,awa,L1,test:7226,awa_Deva
panel2,B,vardial2018/test,awa,L1,test:7227,awa_Deva
panel2,B,vardial2018/test,awa,L1,test:7228,awa_Deva
panel2,B,vardial2018/test,awa,L1,test:7236,awa_Deva
panel2,B,vardial2018/test,awa,L1,test:7238,awa_Deva
panel2,B,vardial2018/test,awa,L1,test:7248,hin_Deva
panel2,B,vardial2018/test,awa,L1,test:7258,mag_Deva
panel2,B,vardial2018/test,awa,L1,test:7266,awa_Deva
panel2,B,vardial2018/test,awa,L1,test:7268,awa_Deva
panel2,B,vardial2018/test,awa,L1,test:7281,awa_Deva
panel2,B,vardial2018/test,awa,L1,test:7287,mag_Deva
panel2,B,vardial2018/test,awa,L1,test:7289,awa_Deva
panel2,B,vardial2018/test,awa,L1,test:7290,hin_Deva
panel2,B,vardial2018/test,awa,L1,test:7302,awa_Deva
panel2,B,vardial2018/test,awa,L1,test:7306,mai_Deva
panel2,B,vardial2018/test,awa,L1,test:7315,hin_Deva
panel2,B,vardial2018/test,awa,L1,test:7316,awa_Deva
panel2,B,vardial2018/test,awa,L1,test:7319,awa_Deva
panel2,B,vardial2018/test,awa,L1,test:7322,mai_Deva
panel2,B,vardial2018/test,awa,L1,test:7335,anp_Deva
panel2,B,vardial2018/test,awa,L1,test:7348,awa_Deva
panel2,B,vardial2018/test,awa,L1,test:7349,awa_Deva
panel2,B,vardial2018/test,awa,L1,test:7351,awa_Deva
panel2,B,vardial2018/test,awa,L1,test:7352,awa_Deva
panel2,B,vardial2018/test,awa,L1,test:7358,awa_Deva
panel2,B,vardial2018/test,awa,L1,test:7372,mag_Deva
panel2,B,vardial2018/test,awa,L1,test:7374,awa_Deva
panel2,B,vardial2018/test,awa,L1,test:7376,awa_Deva
panel2,B,vardial2018/test,awa,L1,test:7378,awa_Deva
panel2,B,vardial2018/test,awa,L1,test:7411,awa_Deva
panel2,B,vardial2018/test,awa,L1,test:7412,mai_Deva
panel2,B,vardial2018/test,awa,L1,test:7415,awa_Deva
panel2,B,vardial2018/test,awa,L1,test:7424,awa_Deva
panel2,B,vardial2018/test,awa,L1,test:7425,awa_Deva
panel2,B,vardial2018/test,awa,L1,test:7426,mai_Deva
panel2,B,vardial2018/test,awa,L1,test:7433,awa_Deva
panel2,B,vardial2018/test,awa,L1,test:7444,kas_Deva
panel2,B,vardial2018/test,awa,L1,test:7448,awa_Deva
panel2,B,vardial2018/test,awa,L1,test:7457,awa_Deva
panel2,B,vardial2018/test,awa,L1,test:7459,awa_Deva
panel2,B,vardial2018/test,awa,L1,test:7466,awa_Deva
panel2,B,vardial2018/test,awa,L1,test:7468,awa_Deva
panel2,B,vardial2018/test,awa,L1,test:7477,awa_Deva
panel2,B,vardial2018/test,awa,L1,test:7479,awa_Deva
panel2,B,vardial2018/test,awa,L1,test:7489,awa_Deva
panel2,B,vardial2018/test,awa,L1,test:7490,awa_Deva
panel2,B,vardial2018/test,awa,L1,test:7497,awa_Deva
panel2,B,vardial2018/test,awa,L1,test:7499,awa_Deva
panel2,B,vardial2018/test,awa,L1,test:7502,anp_Deva
panel2,B,vardial2018/test,awa,L1,test:7507,awa_Deva
panel2,B,vardial2018/test,awa,L1,test:7510,bho_Deva
panel2,B,vardial2018/test,awa,L1,test:7512,awa_Deva
panel2,B,vardial2018/test,awa,L1,test:7515,hin_Deva
panel2,B,vardial2018/test,awa,L1,test:7516,awa_Deva
panel2,B,vardial2018/test,awa,L1,test:7517,awa_Deva
panel2,B,vardial2018/test,awa,L1,test:7520,awa_Deva
panel2,B,vardial2018/test,awa,L1,test:7521,awa_Deva
panel2,B,vardial2018/test,awa,L1,test:7529,awa_Deva
panel2,B,vardial2018/test,awa,L1,test:7533,awa_Deva
panel2,B,vardial2018/test,awa,L1,test:7538,hin_Deva
panel2,B,vardial2018/test,awa,L1,test:7541,awa_Deva
panel2,B,vardial2018/test,awa,L1,test:7542,awa_Deva
panel2,B,vardial2018/test,awa,L1,test:7552,hin_Deva
panel2,B,vardial2018/test,awa,L1,test:7553,awa_Deva
panel2,B,vardial2018/test,awa,L1,test:7570,awa_Deva
panel2,B,vardial2018/test,awa,L1,test:7576,hin_Deva
panel2,B,vardial2018/test,awa,L1,test:7600,awa_Deva
panel2,B,vardial2018/test,awa,L1,test:7606,hin_Deva
panel2,B,vardial2018/test,awa,L1,test:7608,awa_Deva
panel2,B,vardial2018/test,awa,L1,test:7609,awa_Deva
panel2,B,vardial2018/test,awa,L1,test:7613,awa_Deva
panel2,B,vardial2018/test,awa,L1,test:7615,awa_Deva
panel2,B,vardial2018/test,awa,L1,test:7621,awa_Deva
panel2,B,vardial2018/test,awa,L1,test:7625,awa_Deva
panel2,B,vardial2018/test,awa,L1,test:7629,awa_Deva
panel2,B,vardial2018/test,awa,L1,test:7630,awa_Deva
panel2,B,vardial2018/test,awa,L1,test:7632,awa_Deva
panel2,B,vardial2018/test,awa,L1,test:7640,san_Deva
panel2,B,vardial2018/test,awa,L1,test:7641,awa_Deva
panel2,B,vardial2018/test,awa,L1,test:7648,mag_Deva
panel2,B,vardial2018/test,awa,L1,test:7649,awa_Deva
panel2,B,vardial2018/test,awa,L1,test:7650,awa_Deva
panel2,B,vardial2018/test,awa,L1,test:7651,awa_Deva
panel2,B,vardial2018/test,awa,L1,test:7655,awa_Deva
panel2,B,vardial2018/test,awa,L1,test:7660,awa_Deva
panel2,B,vardial2018/test,awa,L1,test:7664,awa_Deva
panel2,B,vardial2018/test,awa,L1,test:7678,awa_Deva
panel2,B,vardial2018/test,awa,L1,test:7684,awa_Deva
panel2,B,vardial2018/test,awa,L1,test:7686,bho_Deva
panel2,B,vardial2018/test,awa,L1,test:7693,awa_Deva
panel2,B,vardial2018/test,awa,L1,test:7701,awa_Deva
panel2,B,vardial2018/test,awa,L1,test:7703,awa_Deva
panel2,B,vardial2018/test,awa,L1,test:7704,awa_Deva
panel2,B,vardial2018/test,awa,L1,test:7716,awa_Deva
panel2,B,vardial2018/test,awa,L1,test:7719,awa_Deva
panel2,B,vardial2018/test,awa,L1,test:7722,awa_Deva
panel2,B,vardial2018/test,awa,L1,test:7728,awa_Deva
panel2,B,vardial2018/test,awa,L1,test:7733,awa_Deva
panel2,B,vardial2018/test,awa,L1,test:7741,awa_Deva
panel2,B,vardial2018/test,awa,L1,test:7752,awa_Deva
panel2,B,vardial2018/test,awa,L1,test:7754,awa_Deva
panel2,B,vardial2018/test,awa,L1,test:7761,awa_Deva
panel2,B,vardial2018/test,awa,L1,test:7780,hin_Deva
panel2,B,vardial2018/test,awa,L1,test:7790,awa_Deva
panel2,B,vardial2018/test,awa,L1,test:7798,awa_Deva
panel2,B,vardial2018/test,awa,L1,test:7799,hin_Deva
panel2,B,vardial2018/test,awa,L1,test:7814,awa_Deva
panel2,B,vardial2018/test,awa,L1,test:7816,awa_Deva
panel2,B,vardial2018/test,awa,L1,test:7820,awa_Deva
panel2,B,vardial2018/test,awa,L1,test:7824,awa_Deva
panel2,B,vardial2018/test,awa,L1,test:7831,awa_Deva
panel2,B,vardial2018/test,awa,L1,test:7848,awa_Deva
panel2,B,vardial2018/test,awa,L1,test:7849,awa_Deva
panel2,B,vardial2018/test,awa,L1,test:7864,awa_Deva
panel2,B,vardial2018/test,awa,L1,test:7885,awa_Deva
panel2,B,vardial2018/test,awa,L1,test:7886,awa_Deva
panel2,B,vardial2018/test,awa,L1,test:7894,awa_Deva
panel2,B,vardial2018/test,awa,L1,test:7898,awa_Deva
panel2,B,vardial2018/test,awa,L1,test:7904,awa_Deva
panel2,B,vardial2018/test,awa,L1,test:7913,awa_Deva
panel2,B,vardial2018/test,awa,L1,test:7916,awa_Deva
panel2,B,vardial2018/test,awa,L1,test:7928,awa_Deva
panel2,B,vardial2018/test,awa,L1,test:7959,awa_Deva
panel2,B,vardial2018/test,awa,L1,test:7962,awa_Deva
panel2,B,vardial2018/test,awa,L1,test:7967,awa_Deva
panel2,B,vardial2018/test,awa,L1,test:7973,awa_Deva
panel2,B,vardial2018/test,awa,L1,test:7974,awa_Deva
panel2,B,vardial2018/test,awa,L1,test:7980,awa_Deva
panel2,B,vardial2018/test,awa,L1,test:7983,awa_Deva
panel2,B,vardial2018/test,awa,L1,test:7986,awa_Deva
panel2,B,vardial2018/test,awa,L1,test:7989,anp_Deva
panel2,B,vardial2018/test,awa,L1,test:7995,awa_Deva
panel2,B,vardial2018/test,awa,L1,test:8009,awa_Deva
panel2,B,vardial2018/test,awa,L1,test:8014,awa_Deva
panel2,B,vardial2018/test,awa,L1,test:8016,awa_Deva
panel2,B,vardial2018/test,awa,L1,test:8021,awa_Deva
panel2,B,vardial2018/test,awa,L1,test:8035,kas_Deva
panel2,B,vardial2018/test,awa,L1,test:8037,awa_Deva
panel2,B,vardial2018/test,awa,L1,test:8044,hin_Deva
panel2,B,vardial2018/test,awa,L1,test:8047,hin_Deva
panel2,B,vardial2018/test,awa,L1,test:8068,awa_Deva
panel2,B,vardial2018/test,awa,L1,test:8071,awa_Deva
panel2,B,vardial2018/test,awa,L1,test:8084,awa_Deva
panel2,B,vardial2018/test,awa,L1,test:8089,hin_Deva
panel2,B,vardial2018/test,awa,L1,test:8092,awa_Deva
panel2,B,vardial2018/test,awa,L1,test:8103,awa_Deva
panel2,B,vardial2018/test,awa,L1,test:8120,awa_Deva
panel2,B,vardial2018/test,awa,L1,test:8124,awa_Deva
panel2,B,vardial2018/test,awa,L1,test:8142,awa_Deva
panel2,B,vardial2018/test,awa,L1,test:8159,awa_Deva
panel2,B,vardial2018/test,awa,L1,test:8164,awa_Deva
panel2,B,vardial2018/test,awa,L1,test:8165,hin_Deva
panel2,B,vardial2018/test,awa,L1,test:8171,thl_Deva
panel2,B,vardial2018/test,awa,L1,test:8180,awa_Deva
panel2,B,vardial2018/test,awa,L1,test:8185,awa_Deva
panel2,B,vardial2018/test,awa,L1,test:8197,awa_Deva
panel2,B,vardial2018/test,awa,L1,test:8199,awa_Deva
panel2,B,vardial2018/test,awa,L1,test:8218,awa_Deva
panel2,B,vardial2018/test,awa,L1,test:8233,awa_Deva
panel2,B,vardial2018/test,awa,L1,test:8236,mai_Deva
panel2,B,vardial2018/test,awa,L1,test:8238,awa_Deva
panel2,B,vardial2018/test,awa,L1,test:8255,awa_Deva
panel2,B,vardial2018/test,awa,L1,test:8268,awa_Deva
panel2,B,vardial2018/test,awa,L1,test:8279,awa_Deva
panel2,B,vardial2018/test,awa,L1,test:8283,awa_Deva
panel2,B,vardial2018/test,awa,L1,test:8308,awa_Deva
panel2,B,vardial2018/test,awa,L1,test:8309,hin_Deva
panel2,B,vardial2018/test,awa,L1,test:8324,hin_Deva
panel2,B,vardial2018/test,awa,L1,test:8326,orv_Cyrl
panel2,B,vardial2018/test,awa,L1,test:8330,awa_Deva
panel2,B,vardial2018/test,awa,L1,test:8341,awa_Deva
panel2,B,vardial2018/test,awa,L1,test:8347,awa_Deva
panel2,B,vardial2018/test,awa,L1,test:8351,awa_Deva
panel2,B,vardial2018/test,awa,L1,test:8354,awa_Deva
panel2,B,vardial2018/test,awa,L1,test:8364,awa_Deva
panel2,B,vardial2018/test,awa,L1,test:8365,kas_Deva
panel2,B,vardial2018/test,awa,L1,test:8366,awa_Deva
panel2,B,vardial2018/test,awa,L1,test:8367,awa_Deva
panel2,B,vardial2018/test,awa,L1,test:8368,awa_Deva
panel2,B,vardial2018/test,awa,L1,test:8377,awa_Deva
panel2,B,vardial2018/test,awa,L1,test:8385,awa_Deva
panel2,B,vardial2018/test,awa,L1,test:8386,awa_Deva
panel2,B,vardial2018/test,awa,L1,test:8402,hin_Deva
panel2,B,vardial2018/test,awa,L1,test:8410,awa_Deva
panel2,B,vardial2018/test,awa,L1,test:8417,awa_Deva
panel2,B,vardial2018/test,awa,L1,test:8420,awa_Deva
panel2,B,vardial2018/test,awa,L1,test:8431,awa_Deva
panel2,B,vardial2018/test,awa,L1,test:8434,awa_Deva
panel2,B,vardial2018/test,awa,L1,test:8438,awa_Deva
panel2,B,vardial2018/test,awa,L1,test:8441,awa_Deva
panel2,B,vardial2018/test,awa,L1,test:8443,awa_Deva
panel2,B,vardial2018/test,awa,L1,test:8444,awa_Deva
panel2,B,vardial2018/test,awa,L1,test:8446,awa_Deva
panel2,B,vardial2018/test,awa,L1,test:8449,awa_Deva
panel2,B,vardial2018/test,awa,L1,test:8461,awa_Deva
panel2,B,vardial2018/test,awa,L1,test:8464,awa_Deva
panel2,B,vardial2018/test,awa,L1,test:8472,kas_Deva
panel2,B,vardial2018/test,awa,L1,test:8496,doi_Deva
panel2,B,vardial2018/test,awa,L1,test:8499,awa_Deva
panel2,B,vardial2018/test,awa,L1,test:8502,awa_Deva
panel2,B,vardial2018/test,awa,L1,test:8507,awa_Deva
panel2,B,vardial2018/test,awa,L1,test:8517,awa_Deva
panel2,B,vardial2018/test,awa,L1,test:8518,awa_Deva
panel2,B,vardial2018/test,awa,L1,test:8525,awa_Deva
panel2,B,vardial2018/test,awa,L1,test:8532,awa_Deva
panel2,B,vardial2018/test,awa,L1,test:8535,awa_Deva
panel2,B,vardial2018/test,awa,L1,test:8536,awa_Deva
panel2,B,vardial2018/test,awa,L1,test:8546,mai_Deva
panel2,B,vardial2018/test,awa,L1,test:8562,mag_Deva
panel2,B,vardial2018/test,awa,L1,test:8563,awa_Deva
panel2,B,vardial2018/test,awa,L1,test:8570,awa_Deva
panel2,B,vardial2018/test,awa,L1,test:8576,awa_Deva
panel2,B,vardial2018/test,awa,L1,test:8581,awa_Deva
panel2,B,vardial2018/test,awa,L1,test:8593,awa_Deva
panel2,B,vardial2018/test,awa,L1,test:8595,awa_Deva
panel2,B,vardial2018/test,awa,L1,test:8599,awa_Deva
panel2,B,vardial2018/test,awa,L1,test:8605,awa_Deva
panel2,B,vardial2018/test,awa,L1,test:8621,awa_Deva
panel2,B,vardial2018/test,awa,L1,test:8623,awa_Deva
panel2,B,vardial2018/test,awa,L1,test:8627,awa_Deva
panel2,B,vardial2018/test,awa,L1,test:8628,awa_Deva
panel2,B,vardial2018/test,awa,L1,test:8629,awa_Deva
panel2,B,vardial2018/test,awa,L1,test:8632,awa_Deva
panel2,B,vardial2018/test,awa,L1,test:8643,awa_Deva
panel2,B,vardial2018/test,awa,L1,test:8653,hin_Deva
panel2,B,vardial2018/test,awa,L1,test:8692,awa_Deva
panel2,B,vardial2018/test,awa,L1,test:8696,mai_Deva
panel2,B,vardial2018/test,awa,L1,test:8697,awa_Deva
panel2,B,vardial2018/test,awa,L1,test:8698,awa_Deva
panel2,B,vardial2018/test,awa,L1,test:8700,awa_Deva
panel2,B,vardial2018/test,awa,L1,test:8701,awa_Deva
panel2,B,vardial2018/test,awa,L1,test:8704,awa_Deva
panel2,B,vardial2018/test,awa,L1,test:8713,awa_Deva
panel2,B,vardial2018/test,awa,L1,test:8716,awa_Deva
panel2,B,vardial2018/test,awa,L1,test:8720,awa_Deva
panel2,B,vardial2018/test,awa,L1,test:8728,awa_Deva
panel2,B,vardial2018/test,awa,L1,test:8742,awa_Deva
panel2,B,vardial2018/test,awa,L1,test:8744,awa_Deva
panel2,B,vardial2018/test,awa,L1,test:8746,awa_Deva
panel2,B,vardial2018/test,awa,L1,test:8750,awa_Deva
panel2,B,vardial2018/test,awa,L1,test:8751,hin_Deva
panel2,B,vardial2018/test,awa,L1,test:8752,awa_Deva
panel2,B,vardial2018/test,awa,L1,test:8764,awa_Deva
panel2,B,vardial2018/test,awa,L1,test:8765,kas_Deva
panel2,B,vardial2018/test,awa,L1,test:8768,awa_Deva
panel2,B,vardial2018/test,awa,L1,test:8778,awa_Deva
panel2,B,vardial2018/test,awa,L1,test:8780,awa_Deva
panel2,B,vardial2018/test,awa,L1,test:8782,awa_Deva
panel2,B,vardial2018/test,awa,L1,test:8789,awa_Deva
panel2,B,vardial2018/test,awa,L1,test:8811,awa_Deva
panel2,B,vardial2018/test,awa,L1,test:8812,anp_Deva
panel2,B,vardial2018/test,awa,L1,test:8813,awa_Deva
panel2,B,vardial2018/test,awa,L1,test:8820,awa_Deva
panel2,B,vardial2018/test,awa,L1,test:8827,awa_Deva
panel2,B,vardial2018/test,awa,L1,test:8832,awa_Deva
panel2,B,vardial2018/test,awa,L1,test:8837,awa_Deva
panel2,B,vardial2018/test,awa,L1,test:8845,awa_Deva
panel2,B,vardial2018/test,awa,L1,test:8850,awa_Deva
panel2,B,vardial2018/test,awa,L1,test:8851,awa_Deva
panel2,B,vardial2018/test,awa,L1,test:8871,awa_Deva
panel2,B,vardial2018/test,awa,L1,test:8876,awa_Deva
panel2,B,vardial2018/test,awa,L1,test:8880,hin_Deva
panel2,B,vardial2018/test,awa,L1,test:8882,hin_Deva
panel2,B,vardial2018/test,awa,L1,test:8897,awa_Deva
panel2,B,vardial2018/test,awa,L1,test:8902,awa_Deva
panel2,B,vardial2018/test,awa,L1,test:8906,brx_Deva
panel2,B,vardial2018/test,awa,L1,test:8923,awa_Deva
panel2,B,vardial2018/test,awa,L1,test:8925,awa_Deva
panel2,B,vardial2018/test,awa,L1,test:8935,awa_Deva
panel2,B,vardial2018/test,awa,L1,test:8937,awa_Deva
panel2,B,vardial2018/test,awa,L1,test:8941,awa_Deva
panel2,B,vardial2018/test,awa,L1,test:8942,awa_Deva
panel2,B,vardial2018/test,awa,L1,test:8947,awa_Deva
panel2,B,vardial2018/test,awa,L1,test:8962,awa_Deva
panel2,B,vardial2018/test,awa,L1,test:8964,awa_Deva
panel2,B,vardial2018/test,awa,L1,test:8966,bho_Deva
panel2,B,vardial2018/test,awa,L1,test:8980,awa_Deva
panel2,B,vardial2018/test,awa,L1,test:8986,awa_Deva
panel2,B,vardial2018/test,awa,L1,test:8989,awa_Deva
panel2,B,vardial2018/test,awa,L1,test:8991,awa_Deva
panel2,B,vardial2018/test,awa,L1,test:8996,awa_Deva
panel2,B,vardial2018/test,awa,L1,test:8997,awa_Deva
panel2,B,vardial2018/test,awa,L1,test:9003,awa_Deva
panel2,B,vardial2018/test,awa,L1,test:9008,awa_Deva
panel2,B,vardial2018/test,awa,L1,test:9026,awa_Deva
panel2,B,vardial2018/test,awa,L1,test:9030,awa_Deva
panel2,B,vardial2018/test,awa,L1,test:9031,awa_Deva
panel2,B,vardial2018/test,awa,L1,test:9032,mag_Deva
panel2,B,vardial2018/test,awa,L1,test:9038,awa_Deva
panel2,B,vardial2018/test,awa,L1,test:9041,awa_Deva
panel2,B,vardial2018/test,awa,L1,test:9061,awa_Deva
panel2,B,vardial2018/test,awa,L1,test:9062,awa_Deva
panel2,B,vardial2018/test,awa,L1,test:9064,bho_Deva
panel2,B,vardial2018/test,awa,L1,test:9065,awa_Deva
panel2,B,vardial2018/test,awa,L1,test:9066,awa_Deva
panel2,B,vardial2018/test,awa,L1,test:9078,awa_Deva
panel2,B,vardial2018/test,awa,L1,test:9084,awa_Deva
panel2,B,vardial2018/test,awa,L1,test:9087,awa_Deva
panel2,B,vardial2018/test,awa,L1,test:9089,awa_Deva
panel2,B,vardial2018/test,awa,L1,test:9099,awa_Deva
panel2,B,vardial2018/test,awa,L1,test:9100,awa_Deva
panel2,B,vardial2018/test,awa,L1,test:9111,bho_Deva
panel2,B,vardial2018/test,awa,L1,test:9119,hin_Deva
panel2,B,vardial2018/test,awa,L1,test:9127,awa_Deva
panel2,B,vardial2018/test,awa,L1,test:9136,awa_Deva
panel2,B,vardial2018/test,awa,L1,test:9139,awa_Deva
panel2,B,vardial2018/test,awa,L1,test:9140,awa_Deva
panel2,B,vardial2018/test,awa,L1,test:9146,awa_Deva
panel2,B,vardial2018/test,awa,L1,test:9147,awa_Deva
panel2,B,vardial2018/test,awa,L1,test:9151,awa_Deva
panel2,B,vardial2018/test,awa,L1,test:9161,awa_Deva
panel2,B,vardial2018/test,awa,L1,test:9164,bho_Deva
panel2,B,vardial2018/test,awa,L1,test:9176,awa_Deva
panel2,B,vardial2018/test,awa,L1,test:9179,awa_Deva
panel2,B,vardial2018/test,awa,L1,test:9183,awa_Deva
panel2,B,vardial2018/test,awa,L1,test:9209,awa_Deva
panel2,B,vardial2018/test,awa,L1,test:9211,awa_Deva
panel2,B,vardial2018/test,awa,L1,test:9234,awa_Deva
panel2,B,vardial2018/test,awa,L1,test:9245,awa_Deva
panel2,B,vardial2018/test,awa,L1,test:9248,hne_Deva
panel2,B,vardial2018/test,awa,L1,test:9259,awa_Deva
panel2,B,vardial2018/test,awa,L1,test:9261,awa_Deva
panel2,B,vardial2018/test,awa,L1,test:9265,awa_Deva
panel2,B,vardial2018/test,awa,L1,test:9283,awa_Deva
panel2,B,vardial2018/test,awa,L1,test:9287,awa_Deva
panel2,B,vardial2018/test,awa,L1,test:9293,awa_Deva
panel2,B,vardial2018/test,awa,L1,test:9299,awa_Deva
panel2,B,vardial2018/test,awa,L1,test:9318,awa_Deva
panel2,B,vardial2018/test,awa,L1,test:9325,awa_Deva
panel2,B,vardial2018/test,awa,L1,test:9338,awa_Deva
panel2,B,vardial2018/test,awa,L1,test:9376,awa_Deva
panel2,B,vardial2018/test,awa,L1,test:9387,bho_Deva
panel2,B,vardial2018/test,awa,L1,test:9388,awa_Deva
panel2,B,vardial2018/test,awa,L1,test:9393,awa_Deva
panel2,B,vardial2018/test,awa,L1,test:9396,awa_Deva
panel2,B,vardial2018/test,awa,L1,test:9411,awa_Deva
panel2,B,vardial2018/test,awa,L1,test:9418,awa_Deva
panel2,B,vardial2018/test,awa,L1,test:9424,awa_Deva
panel2,B,vardial2018/test,awa,L1,test:9438,awa_Deva
panel2,B,vardial2018/test,awa,L1,test:9455,awa_Deva
panel2,B,vardial2018/test,awa,L1,test:9458,awa_Deva
panel2,B,vardial2018/test,awa,L1,test:9459,hin_Deva
panel2,B,vardial2018/test,awa,L1,test:9464,hin_Deva
panel2,B,vardial2018/test,awa,L1,test:9477,awa_Deva
panel2,B,vardial2018/test,awa,L1,test:9495,awa_Deva
panel2,B,vardial2018/test,awa,L1,test:9504,awa_Deva
panel2,B,vardial2018/test,awa,L1,test:9510,awa_Deva
panel2,B,vardial2018/test,awa,L1,test:9513,awa_Deva
panel2,B,vardial2018/test,awa,L1,test:9516,awa_Deva
panel2,B,vardial2018/test,awa,L1,test:9524,hin_Deva
panel2,B,vardial2018/test,awa,L1,test:9529,awa_Deva
panel2,B,vardial2018/test,awa,L1,test:9532,awa_Deva
panel2,B,vardial2018/test,awa,L1,test:9547,awa_Deva
panel2,B,vardial2018/test,awa,L1,test:9552,awa_Deva
panel2,B,vardial2018/test,awa,L1,test:9556,hin_Deva
panel2,B,vardial2018/test,awa,L1,test:9557,bho_Deva
panel2,B,vardial2018/test,awa,L1,test:9558,awa_Deva
panel2,B,vardial2018/test,awa,L1,test:9559,awa_Deva
panel2,B,vardial2018/test,awa,L1,test:9564,awa_Deva
panel2,B,vardial2018/test,awa,L1,test:9565,awa_Deva
panel2,B,vardial2018/test,awa,L1,test:9571,awa_Deva
panel2,B,vardial2018/test,awa,L1,test:9589,kru_Deva
panel2,B,vardial2018/test,awa,L1,test:9590,anp_Deva
panel2,B,vardial2018/test,awa,L1,test:9593,awa_Deva
panel2,B,vardial2018/test,awa,L1,test:9600,awa_Deva
panel2,B,vardial2018/test,awa,L1,test:9605,awa_Deva
panel2,B,vardial2018/test,awa,L1,test:9606,awa_Deva
panel2,B,vardial2018/test,awa,L1,test:9616,awa_Deva
panel2,B,vardial2018/test,awa,L1,test:9630,awa_Deva
panel2,B,vardial2018/test,awa,L1,test:9636,anp_Deva
panel2,B,vardial2018/test,awa,L1,test:9657,awa_Deva
panel2,B,vardial2018/test,awa,L1,test:9662,awa_Deva
panel2,B,vardial2018/test,awa,L1,test:9665,awa_Deva
panel2,B,vardial2018/test,awa,L1,test:9671,awa_Deva
panel2,B,vardial2018/test,awa,L1,test:9672,hin_Deva
panel2,B,vardial2018/test,awa,L1,test:9676,awa_Deva
panel2,B,vardial2018/test,awa,L1,test:9678,awa_Deva
panel2,B,vardial2018/test,awa,L1,test:9679,awa_Deva
panel2,B,vardial2018/test,awa,L1,test:9680,awa_Deva
panel2,B,vardial2018/test,awa,L1,test:9688,awa_Deva
panel2,B,vardial2018/test,awa,L1,test:9689,awa_Deva
panel2,B,vardial2018/train,awa,L1,train:6,awa_Deva
panel2,B,vardial2018/train,awa,L1,train:84,awa_Deva
panel2,B,vardial2018/train,awa,L1,train:187,mai_Deva
panel2,B,vardial2018/train,awa,L1,train:190,awa_Deva
panel2,B,vardial2018/train,awa,L1,train:222,hin_Deva
panel2,B,vardial2018/train,awa,L1,train:253,awa_Deva
panel2,B,vardial2018/train,awa,L1,train:286,npi_Deva
panel2,B,vardial2018/train,awa,L1,train:299,hin_Deva
panel2,B,vardial2018/train,awa,L1,train:323,awa_Deva
panel2,B,vardial2018/train,awa,L1,train:461,awa_Deva
panel2,B,vardial2018/train,awa,L1,train:485,hin_Deva
panel2,B,vardial2018/train,awa,L1,train:544,bho_Deva
panel2,B,vardial2018/train,awa,L1,train:585,awa_Deva
panel2,B,vardial2018/train,awa,L1,train:667,awa_Deva
panel2,B,vardial2018/train,awa,L1,train:683,awa_Deva
panel2,B,vardial2018/train,awa,L1,train:710,hin_Deva
panel2,B,vardial2018/train,awa,L1,train:712,awa_Deva
panel2,B,vardial2018/train,awa,L1,train:754,awa_Deva
panel2,B,vardial2018/train,awa,L1,train:807,mai_Deva
panel2,B,vardial2018/train,awa,L1,train:879,awa_Deva
panel2,B,vardial2018/train,awa,L1,train:887,anp_Deva
panel2,B,vardial2018/train,awa,L1,train:888,awa_Deva
panel2,B,vardial2018/train,awa,L1,train:930,awa_Deva
panel2,B,vardial2018/train,awa,L1,train:938,awa_Deva
panel2,B,vardial2018/train,awa,L1,train:977,awa_Deva
panel2,B,vardial2018/train,awa,L1,train:1016,awa_Deva
panel2,B,vardial2018/train,awa,L1,train:1036,new_Deva
panel2,B,vardial2018/train,awa,L1,train:1048,awa_Deva
panel2,B,vardial2018/train,awa,L1,train:1054,hin_Deva
panel2,B,vardial2018/train,awa,L1,train:1060,awa_Deva
panel2,B,vardial2018/train,awa,L1,train:1072,awa_Deva
panel2,B,vardial2018/train,awa,L1,train:1077,awa_Deva
panel2,B,vardial2018/train,awa,L1,train:1128,awa_Deva
panel2,B,vardial2018/train,awa,L1,train:1131,awa_Deva
panel2,B,vardial2018/train,awa,L1,train:1144,awa_Deva
panel2,B,vardial2018/train,awa,L1,train:1165,awa_Deva
panel2,B,vardial2018/train,awa,L1,train:1206,awa_Deva
panel2,B,vardial2018/train,awa,L1,train:1207,mag_Deva
panel2,B,vardial2018/train,awa,L1,train:1209,awa_Deva
panel2,B,vardial2018/train,awa,L1,train:1329,awa_Deva
panel2,B,vardial2018/train,awa,L1,train:1338,awa_Deva
panel2,B,vardial2018/train,awa,L1,train:1353,awa_Deva
panel2,B,vardial2018/train,awa,L1,train:1415,awa_Deva
panel2,B,vardial2018/train,awa,L1,train:1522,mai_Deva
panel2,B,vardial2018/train,awa,L1,train:1532,awa_Deva
panel2,B,vardial2018/train,awa,L1,train:1592,awa_Deva
panel2,B,vardial2018/train,awa,L1,train:1601,kas_Deva
panel2,B,vardial2018/train,awa,L1,train:1607,hin_Deva
panel2,B,vardial2018/train,awa,L1,train:1656,awa_Deva
panel2,B,vardial2018/train,awa,L1,train:1674,awa_Deva
panel2,B,vardial2018/train,awa,L1,train:1788,awa_Deva
panel2,B,vardial2018/train,awa,L1,train:1871,awa_Deva
panel2,B,vardial2018/train,awa,L1,train:1938,awa_Deva
panel2,B,vardial2018/train,awa,L1,train:1948,anp_Deva
panel2,B,vardial2018/train,awa,L1,train:2059,awa_Deva
panel2,B,vardial2018/train,awa,L1,train:2079,awa_Deva
panel2,B,vardial2018/train,awa,L1,train:2107,mai_Deva
panel2,B,vardial2018/train,awa,L1,train:2122,awa_Deva
panel2,B,vardial2018/train,awa,L1,train:2137,hin_Deva
panel2,B,vardial2018/train,awa,L1,train:2182,awa_Deva
panel2,B,vardial2018/train,awa,L1,train:2213,bho_Deva
panel2,B,vardial2018/train,awa,L1,train:2279,awa_Deva
panel2,B,vardial2018/train,awa,L1,train:2287,kas_Deva
panel2,B,vardial2018/train,awa,L1,train:2328,hin_Deva
panel2,B,vardial2018/train,awa,L1,train:2406,san_Deva
panel2,B,vardial2018/train,awa,L1,train:2440,awa_Deva
panel2,B,vardial2018/train,awa,L1,train:2477,awa_Deva
panel2,B,vardial2018/train,awa,L1,train:2479,awa_Deva
panel2,B,vardial2018/train,awa,L1,train:2546,awa_Deva
panel2,B,vardial2018/train,awa,L1,train:2559,awa_Deva
panel2,B,vardial2018/train,awa,L1,train:2585,awa_Deva
panel2,B,vardial2018/train,awa,L1,train:2613,awa_Deva
panel2,B,vardial2018/train,awa,L1,train:2657,kas_Deva
panel2,B,vardial2018/train,awa,L1,train:2752,mai_Deva
panel2,B,vardial2018/train,awa,L1,train:2755,hin_Deva
panel2,B,vardial2018/train,awa,L1,train:2766,awa_Deva
panel2,B,vardial2018/train,awa,L1,train:2844,hin_Deva
panel2,B,vardial2018/train,awa,L1,train:2866,awa_Deva
panel2,B,vardial2018/train,awa,L1,train:2875,anp_Deva
panel2,B,vardial2018/train,awa,L1,train:2961,anp_Deva
panel2,B,vardial2018/train,awa,L1,train:3024,awa_Deva
panel2,B,vardial2018/train,awa,L1,train:3042,hin_Deva
panel2,B,vardial2018/train,awa,L1,train:3205,awa_Deva
panel2,B,vardial2018/train,awa,L1,train:3224,awa_Deva
panel2,B,vardial2018/train,awa,L1,train:3227,awa_Deva
panel2,B,vardial2018/train,awa,L1,train:3259,awa_Deva
panel2,B,vardial2018/train,awa,L1,train:3266,hin_Deva
panel2,B,vardial2018/train,awa,L1,train:3269,awa_Deva
panel2,B,vardial2018/train,awa,L1,train:3272,anp_Deva
panel2,B,vardial2018/train,awa,L1,train:3394,hin_Deva
panel2,B,vardial2018/train,awa,L1,train:3419,awa_Deva
panel2,B,vardial2018/train,awa,L1,train:3430,hin_Deva
panel2,B,vardial2018/train,awa,L1,train:3463,awa_Deva
panel2,B,vardial2018/train,awa,L1,train:3465,awa_Deva
panel2,B,vardial2018/train,awa,L1,train:3468,awa_Deva
panel2,B,vardial2018/train,awa,L1,train:3471,awa_Deva
panel2,B,vardial2018/train,awa,L1,train:3477,mai_Deva
panel2,B,vardial2018/train,awa,L1,train:3509,awa_Deva
panel2,B,vardial2018/train,awa,L1,train:3522,awa_Deva
panel2,B,vardial2018/train,awa,L1,train:3528,awa_Deva
panel2,B,vardial2018/train,awa,L1,train:3545,awa_Deva
panel2,B,vardial2018/train,awa,L1,train:3567,hin_Deva
panel2,B,vardial2018/train,awa,L1,train:3611,awa_Deva
panel2,B,vardial2018/train,awa,L1,train:3668,hin_Deva
panel2,B,vardial2018/train,awa,L1,train:3683,awa_Deva
panel2,B,vardial2018/train,awa,L1,train:3715,awa_Deva
panel2,B,vardial2018/train,awa,L1,train:3735,awa_Deva
panel2,B,vardial2018/train,awa,L1,train:3740,awa_Deva
panel2,B,vardial2018/train,awa,L1,train:3753,awa_Deva
panel2,B,vardial2018/train,awa,L1,train:3781,awa_Deva
panel2,B,vardial2018/train,awa,L1,train:3784,awa_Deva
panel2,B,vardial2018/train,awa,L1,train:3823,awa_Deva
panel2,B,vardial2018/train,awa,L1,train:3828,awa_Deva
panel2,B,vardial2018/train,awa,L1,train:3864,mag_Deva
panel2,B,vardial2018/train,awa,L1,train:3885,awa_Deva
panel2,B,vardial2018/train,awa,L1,train:3890,awa_Deva
panel2,B,vardial2018/train,awa,L1,train:3904,awa_Deva
panel2,B,vardial2018/train,awa,L1,train:4001,awa_Deva
panel2,B,vardial2018/train,awa,L1,train:4059,hin_Deva
panel2,B,vardial2018/train,awa,L1,train:4076,hin_Deva
panel2,B,vardial2018/train,awa,L1,train:4170,awa_Deva
panel2,B,vardial2018/train,awa,L1,train:4270,awa_Deva
panel2,B,vardial2018/train,awa,L1,train:4385,ghe_Deva
panel2,B,vardial2018/train,awa,L1,train:4389,awa_Deva
panel2,B,vardial2018/train,awa,L1,train:4398,awa_Deva
panel2,B,vardial2018/train,awa,L1,train:4446,bho_Deva
panel2,B,vardial2018/train,awa,L1,train:4578,hin_Deva
panel2,B,vardial2018/train,awa,L1,train:4593,awa_Deva
panel2,B,vardial2018/train,awa,L1,train:4600,awa_Deva
panel2,B,vardial2018/train,awa,L1,train:4625,awa_Deva
panel2,B,vardial2018/train,awa,L1,train:4645,doi_Deva
panel2,B,vardial2018/train,awa,L1,train:4720,awa_Deva
panel2,B,vardial2018/train,awa,L1,train:4852,awa_Deva
panel2,B,vardial2018/train,awa,L1,train:4859,awa_Deva
panel2,B,vardial2018/train,awa,L1,train:4861,mai_Deva
panel2,B,vardial2018/train,awa,L1,train:4909,awa_Deva
panel2,B,vardial2018/train,awa,L1,train:4911,awa_Deva
panel2,B,vardial2018/train,awa,L1,train:4914,suz_Deva
panel2,B,vardial2018/train,awa,L1,train:4934,npi_Deva
panel2,B,vardial2018/train,awa,L1,train:4968,awa_Deva
panel2,B,vardial2018/train,awa,L1,train:4970,awa_Deva
panel2,B,vardial2018/train,awa,L1,train:5017,awa_Deva
panel2,B,vardial2018/train,awa,L1,train:5072,awa_Deva
panel2,B,vardial2018/train,awa,L1,train:5127,mai_Deva
panel2,B,vardial2018/train,awa,L1,train:5144,san_Deva
panel2,B,vardial2018/train,awa,L1,train:5219,npi_Deva
panel2,B,vardial2018/train,awa,L1,train:5249,awa_Deva
panel2,B,vardial2018/train,awa,L1,train:5267,hin_Deva
panel2,B,vardial2018/train,awa,L1,train:5302,awa_Deva
panel2,B,vardial2018/train,awa,L1,train:5380,awa_Deva
panel2,B,vardial2018/train,awa,L1,train:5393,awa_Deva
panel2,B,vardial2018/train,awa,L1,train:5427,awa_Deva
panel2,B,vardial2018/train,awa,L1,train:5443,awa_Deva
panel2,B,vardial2018/train,awa,L1,train:5514,mai_Deva
panel2,B,vardial2018/train,awa,L1,train:5538,hin_Deva
panel2,B,vardial2018/train,awa,L1,train:5602,awa_Deva
panel2,B,vardial2018/train,awa,L1,train:5605,hin_Deva
panel2,B,vardial2018/train,awa,L1,train:5632,awa_Deva
panel2,B,vardial2018/train,awa,L1,train:5735,awa_Deva
panel2,B,vardial2018/train,awa,L1,train:5797,awa_Deva
panel2,B,vardial2018/train,awa,L1,train:5838,awa_Deva
panel2,B,vardial2018/train,awa,L1,train:5856,awa_Deva
panel2,B,vardial2018/train,awa,L1,train:5877,hin_Deva
panel2,B,vardial2018/train,awa,L1,train:5920,awa_Deva
panel2,B,vardial2018/train,awa,L1,train:5923,awa_Deva
panel2,B,vardial2018/train,awa,L1,train:5986,awa_Deva
panel2,B,vardial2018/train,awa,L1,train:5987,hin_Deva
panel2,B,vardial2018/train,awa,L1,train:6009,awa_Deva
panel2,B,vardial2018/train,awa,L1,train:6027,hin_Deva
panel2,B,vardial2018/train,awa,L1,train:6036,awa_Deva
panel2,B,vardial2018/train,awa,L1,train:6061,hin_Deva
panel2,B,vardial2018/train,awa,L1,train:6143,awa_Deva
panel2,B,vardial2018/train,awa,L1,train:6150,awa_Deva
panel2,B,vardial2018/train,awa,L1,train:6157,awa_Deva
panel2,B,vardial2018/train,awa,L1,train:6204,awa_Deva
panel2,B,vardial2018/train,awa,L1,train:6212,hin_Deva
panel2,B,vardial2018/train,awa,L1,train:6245,doi_Deva
panel2,B,vardial2018/train,awa,L1,train:6268,awa_Deva
panel2,B,vardial2018/train,awa,L1,train:6299,awa_Deva
panel2,B,vardial2018/train,awa,L1,train:6315,awa_Deva
panel2,B,vardial2018/train,awa,L1,train:6340,brx_Deva
panel2,B,vardial2018/train,awa,L1,train:6401,awa_Deva
panel2,B,vardial2018/train,awa,L1,train:6419,awa_Deva
panel2,B,vardial2018/train,awa,L1,train:6444,mai_Deva
panel2,B,vardial2018/train,awa,L1,train:6574,awa_Deva
panel2,B,vardial2018/train,awa,L1,train:6604,hin_Deva
panel2,B,vardial2018/train,awa,L1,train:6625,suz_Deva
panel2,B,vardial2018/train,awa,L1,train:6637,awa_Deva
panel2,B,vardial2018/train,awa,L1,train:6667,awa_Deva
panel2,B,vardial2018/train,awa,L1,train:6681,hin_Deva
panel2,B,vardial2018/train,awa,L1,train:6755,awa_Deva
panel2,B,vardial2018/train,awa,L1,train:6777,awa_Deva
panel2,B,vardial2018/train,awa,L1,train:6850,awa_Deva
panel2,B,vardial2018/train,awa,L1,train:6855,awa_Deva
panel2,B,vardial2018/train,awa,L1,train:6866,awa_Deva
panel2,B,vardial2018/train,awa,L1,train:6872,awa_Deva
panel2,B,vardial2018/train,awa,L1,train:6927,mai_Deva
panel2,B,vardial2018/train,awa,L1,train:6965,awa_Deva
panel2,B,vardial2018/train,awa,L1,train:7000,awa_Deva
panel2,B,vardial2018/train,awa,L1,train:7016,awa_Deva
panel2,B,vardial2018/train,awa,L1,train:7025,hin_Deva
panel2,B,vardial2018/train,awa,L1,train:7056,awa_Deva
panel2,B,vardial2018/train,awa,L1,train:7191,hin_Deva
panel2,B,vardial2018/train,awa,L1,train:7201,awa_Deva
panel2,B,vardial2018/train,awa,L1,train:7249,awa_Deva
panel2,B,vardial2018/train,awa,L1,train:7255,awa_Deva
panel2,B,vardial2018/train,awa,L1,train:7267,awa_Deva
panel2,B,vardial2018/train,awa,L1,train:7278,hin_Deva
panel2,B,vardial2018/train,awa,L1,train:7348,awa_Deva
panel2,B,vardial2018/train,awa,L1,train:7350,awa_Deva
panel2,B,vardial2018/train,awa,L1,train:7383,awa_Deva
panel2,B,vardial2018/train,awa,L1,train:7426,bho_Deva
panel2,B,vardial2018/train,awa,L1,train:7427,awa_Deva
panel2,B,vardial2018/train,awa,L1,train:7447,awa_Deva
panel2,B,vardial2018/train,awa,L1,train:7469,awa_Deva
panel2,B,vardial2018/train,awa,L1,train:7522,awa_Deva
panel2,B,vardial2018/train,awa,L1,train:7551,awa_Deva
panel2,B,vardial2018/train,awa,L1,train:7569,awa_Deva
panel2,B,vardial2018/train,awa,L1,train:7621,awa_Deva
panel2,B,vardial2018/train,awa,L1,train:7670,awa_Deva
panel2,B,vardial2018/train,awa,L1,train:7744,mag_Deva
panel2,B,vardial2018/train,awa,L1,train:7757,awa_Deva
panel2,B,vardial2018/train,awa,L1,train:7851,awa_Deva
panel2,B,vardial2018/train,awa,L1,train:7874,awa_Deva
panel2,B,vardial2018/train,awa,L1,train:7906,awa_Deva
panel2,B,vardial2018/train,awa,L1,train:7947,awa_Deva
panel2,B,vardial2018/train,awa,L1,train:7953,awa_Deva
panel2,B,vardial2018/train,awa,L1,train:7966,awa_Deva
panel2,B,vardial2018/train,awa,L1,train:7982,hin_Deva
panel2,B,vardial2018/train,awa,L1,train:8018,awa_Deva
panel2,B,vardial2018/train,awa,L1,train:8062,hin_Deva
panel2,B,vardial2018/train,awa,L1,train:8103,awa_Deva
panel2,B,vardial2018/train,awa,L1,train:8155,awa_Deva
panel2,B,vardial2018/train,awa,L1,train:8156,hin_Deva
panel2,B,vardial2018/train,awa,L1,train:8186,hin_Deva
panel2,B,vardial2018/train,awa,L1,train:8195,awa_Deva
panel2,B,vardial2018/train,awa,L1,train:8207,hin_Deva
panel2,B,vardial2018/train,awa,L1,train:8265,awa_Deva
panel2,B,vardial2018/train,awa,L1,train:8268,awa_Deva
panel2,B,vardial2018/train,awa,L1,train:8276,bho_Deva
panel2,B,vardial2018/train,awa,L1,train:8296,hin_Deva
panel2,B,vardial2018/train,awa,L1,train:8306,awa_Deva
panel2,B,vardial2018/train,awa,L1,train:8314,awa_Deva
panel2,B,vardial2018/train,awa,L1,train:8368,anp_Deva
panel2,B,vardial2018/train,awa,L1,train:8390,awa_Deva
panel2,B,vardial2018/train,awa,L1,train:8391,bho_Deva
panel2,B,vardial2018/train,awa,L1,train:8428,awa_Deva
panel2,B,vardial2018/train,awa,L1,train:8434,awa_Deva
panel2,B,vardial2018/train,awa,L1,train:8453,bho_Deva
panel2,B,vardial2018/train,awa,L1,train:8471,hin_Deva
panel2,B,vardial2018/train,awa,L1,train:8496,awa_Deva
panel2,B,vardial2018/train,awa,L1,train:8521,hin_Deva
panel2,B,vardial2018/train,awa,L1,train:8549,mup_Deva
panel2,B,vardial2018/train,awa,L1,train:8603,awa_Deva
panel2,B,vardial2018/train,awa,L1,train:8604,awa_Deva
panel2,B,vardial2018/train,awa,L1,train:8608,hin_Deva
panel2,B,vardial2018/train,awa,L1,train:8630,hin_Deva
panel2,B,vardial2018/train,awa,L1,train:8719,awa_Deva
panel2,B,vardial2018/train,awa,L1,train:8860,kas_Deva
panel2,B,vardial2018/train,awa,L1,train:8862,hin_Deva
panel2,B,vardial2018/train,awa,L1,train:8873,awa_Deva
panel2,B,vardial2018/train,awa,L1,train:8879,awa_Deva
panel2,B,vardial2018/train,awa,L1,train:8880,mag_Deva
panel2,B,vardial2018/train,awa,L1,train:8893,awa_Deva
panel2,B,vardial2018/train,awa,L1,train:8897,awa_Deva
panel2,B,vardial2018/train,awa,L1,train:8898,kru_Deva
panel2,B,vardial2018/train,awa,L1,train:9055,awa_Deva
panel2,B,vardial2018/train,awa,L1,train:9080,mai_Deva
panel2,B,vardial2018/train,awa,L1,train:9082,awa_Deva
panel2,B,vardial2018/train,awa,L1,train:9162,hin_Deva
panel2,B,vardial2018/train,awa,L1,train:9174,awa_Deva
panel2,B,vardial2018/train,awa,L1,train:9176,awa_Deva
panel2,B,vardial2018/train,awa,L1,train:9182,awa_Deva
panel2,B,vardial2018/train,awa,L1,train:9204,npi_Deva
panel2,B,vardial2018/train,awa,L1,train:9273,awa_Deva
panel2,B,vardial2018/train,awa,L1,train:9295,awa_Deva
panel2,B,vardial2018/train,awa,L1,train:9296,awa_Deva
panel2,B,vardial2018/train,awa,L1,train:9305,bho_Deva
panel2,B,vardial2018/train,awa,L1,train:9406,hin_Deva
panel2,B,vardial2018/train,awa,L1,train:9411,awa_Deva
panel2,B,vardial2018/train,awa,L1,train:9438,awa_Deva
panel2,B,vardial2018/train,awa,L1,train:9439,awa_Deva
panel2,B,vardial2018/train,awa,L1,train:9459,hin_Deva
panel2,B,vardial2018/train,awa,L1,train:9467,awa_Deva
panel2,B,vardial2018/train,awa,L1,train:9499,awa_Deva
panel2,B,vardial2018/train,awa,L1,train:9500,awa_Deva
panel2,B,vardial2018/train,awa,L1,train:9505,mai_Deva
panel2,B,vardial2018/train,awa,L1,train:9517,hin_Deva
panel2,B,vardial2018/train,awa,L1,train:9522,awa_Deva
panel2,B,vardial2018/train,awa,L1,train:9576,awa_Deva
panel2,B,vardial2018/train,awa,L1,train:9595,awa_Deva
panel2,B,vardial2018/train,awa,L1,train:9625,awa_Deva
panel2,B,vardial2018/train,awa,L1,train:9662,awa_Deva
panel2,B,vardial2018/train,awa,L1,train:9690,awa_Deva
panel2,B,vardial2018/train,awa,L1,train:9739,awa_Deva
panel2,B,vardial2018/train,awa,L1,train:9741,awa_Deva
panel2,B,vardial2018/train,awa,L1,train:9750,awa_Deva
panel2,B,vardial2018/train,awa,L1,train:9798,hin_Deva
panel2,B,vardial2018/train,awa,L1,train:9851,awa_Deva
panel2,B,vardial2018/train,awa,L1,train:9946,awa_Deva
panel2,B,vardial2018/train,awa,L1,train:9995,awa_Deva
panel2,B,vardial2018/train,awa,L1,train:10069,doi_Deva
panel2,B,vardial2018/train,awa,L1,train:10073,awa_Deva
panel2,B,vardial2018/train,awa,L1,train:10093,mai_Deva
panel2,B,vardial2018/train,awa,L1,train:10128,awa_Deva
panel2,B,vardial2018/train,awa,L1,train:10162,awa_Deva
panel2,B,vardial2018/train,awa,L1,train:10206,awa_Deva
panel2,B,vardial2018/train,awa,L1,train:10277,awa_Deva
panel2,B,vardial2018/train,awa,L1,train:10289,anp_Deva
panel2,B,vardial2018/train,awa,L1,train:10296,awa_Deva
panel2,B,vardial2018/train,awa,L1,train:10303,awa_Deva
panel2,B,vardial2018/train,awa,L1,train:10316,awa_Deva
panel2,B,vardial2018/train,awa,L1,train:10331,awa_Deva
panel2,B,vardial2018/train,awa,L1,train:10353,hin_Deva
panel2,B,vardial2018/train,awa,L1,train:10355,awa_Deva
panel2,B,vardial2018/train,awa,L1,train:10400,bho_Deva
panel2,B,vardial2018/train,awa,L1,train:10456,awa_Deva
panel2,B,vardial2018/train,awa,L1,train:10511,awa_Deva
panel2,B,vardial2018/train,awa,L1,train:10519,awa_Deva
panel2,B,vardial2018/train,awa,L1,train:10555,awa_Deva
panel2,B,vardial2018/train,awa,L1,train:10607,awa_Deva
panel2,B,vardial2018/train,awa,L1,train:10608,awa_Deva
panel2,B,vardial2018/train,awa,L1,train:10659,awa_Deva
panel2,B,vardial2018/train,awa,L1,train:10673,awa_Deva
panel2,B,vardial2018/train,awa,L1,train:10686,awa_Deva
panel2,B,vardial2018/train,awa,L1,train:10695,hin_Deva
panel2,B,vardial2018/train,awa,L1,train:10719,awa_Deva
panel2,B,vardial2018/train,awa,L1,train:10811,bho_Deva
panel2,B,vardial2018/train,awa,L1,train:10830,kas_Deva
panel2,B,vardial2018/train,awa,L1,train:10840,awa_Deva
panel2,B,vardial2018/train,awa,L1,train:10844,awa_Deva
panel2,B,vardial2018/train,awa,L1,train:10864,awa_Deva
panel2,B,vardial2018/train,awa,L1,train:10866,hin_Deva
panel2,B,vardial2018/train,awa,L1,train:10873,awa_Deva
panel2,B,vardial2018/train,awa,L1,train:10885,awa_Deva
panel2,B,vardial2018/train,awa,L1,train:10903,awa_Deva
panel2,B,vardial2018/train,awa,L1,train:10935,awa_Deva
panel2,B,vardial2018/train,awa,L1,train:11014,awa_Deva
panel2,B,vardial2018/train,awa,L1,train:11042,awa_Deva
panel2,B,vardial2018/train,awa,L1,train:11047,awa_Deva
panel2,B,vardial2018/train,awa,L1,train:11061,awa_Deva
panel2,B,vardial2018/train,awa,L1,train:11095,hin_Deva
panel2,B,vardial2018/train,awa,L1,train:11118,awa_Deva
panel2,B,vardial2018/train,awa,L1,train:11141,awa_Deva
panel2,B,vardial2018/train,awa,L1,train:11153,awa_Deva
panel2,B,vardial2018/train,awa,L1,train:11186,awa_Deva
panel2,B,vardial2018/train,awa,L1,train:11217,awa_Deva
panel2,B,vardial2018/train,awa,L1,train:11230,doi_Deva
panel2,B,vardial2018/train,awa,L1,train:11255,hin_Deva
panel2,B,vardial2018/train,awa,L1,train:11284,hin_Deva
panel2,B,vardial2018/train,awa,L1,train:11311,awa_Deva
panel2,B,vardial2018/train,awa,L1,train:11312,hin_Deva
panel2,B,vardial2018/train,awa,L1,train:11364,awa_Deva
panel2,B,vardial2018/train,awa,L1,train:11414,awa_Deva
panel2,B,vardial2018/train,awa,L1,train:11416,mai_Deva
panel2,B,vardial2018/train,awa,L1,train:11441,awa_Deva
panel2,B,vardial2018/train,awa,L1,train:11505,bho_Deva
panel2,B,vardial2018/train,awa,L1,train:11565,awa_Deva
panel2,B,vardial2018/train,awa,L1,train:11579,awa_Deva
panel2,B,vardial2018/train,awa,L1,train:11622,hin_Deva
panel2,B,vardial2018/train,awa,L1,train:11705,awa_Deva
panel2,B,vardial2018/train,awa,L1,train:11756,awa_Deva
panel2,B,vardial2018/train,awa,L1,train:11774,awa_Deva
panel2,B,vardial2018/train,awa,L1,train:11844,kas_Deva
panel2,B,vardial2018/train,awa,L1,train:11862,awa_Deva
panel2,B,vardial2018/train,awa,L1,train:11883,awa_Deva
panel2,B,vardial2018/train,awa,L1,train:11929,awa_Deva
panel2,B,vardial2018/train,awa,L1,train:11938,awa_Deva
panel2,B,vardial2018/train,awa,L1,train:11961,awa_Deva
panel2,B,vardial2018/train,awa,L1,train:12000,awa_Deva
panel2,B,vardial2018/train,awa,L1,train:12041,hin_Deva
panel2,B,vardial2018/train,awa,L1,train:12049,awa_Deva
panel2,B,vardial2018/train,awa,L1,train:12050,kas_Deva
panel2,B,vardial2018/train,awa,L1,train:12117,awa_Deva
panel2,B,vardial2018/train,awa,L1,train:12129,awa_Deva
panel2,B,vardial2018/train,awa,L1,train:12203,awa_Deva
panel2,B,vardial2018/train,awa,L1,train:12230,awa_Deva
panel2,B,vardial2018/train,awa,L1,train:12258,awa_Deva
panel2,B,vardial2018/train,awa,L1,train:12260,awa_Deva
panel2,B,vardial2018/train,awa,L1,train:12307,awa_Deva
panel2,B,vardial2018/train,awa,L1,train:12313,awa_Deva
panel2,B,vardial2018/train,awa,L1,train:12322,mai_Deva
panel2,B,vardial2018/train,awa,L1,train:12327,awa_Deva
panel2,B,vardial2018/train,awa,L1,train:12420,awa_Deva
panel2,B,vardial2018/train,awa,L1,train:12487,awa_Deva
panel2,B,vardial2018/train,awa,L1,train:12514,awa_Deva
panel2,B,vardial2018/train,awa,L1,train:12523,awa_Deva
panel2,B,vardial2018/train,awa,L1,train:12572,awa_Deva
panel2,B,vardial2018/train,awa,L1,train:12605,kas_Deva
panel2,B,vardial2018/train,awa,L1,train:12608,awa_Deva
panel2,B,vardial2018/train,awa,L1,train:12615,awa_Deva
panel2,B,vardial2018/train,awa,L1,train:12618,awa_Deva
panel2,B,vardial2018/train,awa,L1,train:12687,awa_Deva
panel2,B,vardial2018/train,awa,L1,train:12704,kas_Deva
panel2,B,vardial2018/train,awa,L1,train:12728,anp_Deva
panel2,B,vardial2018/train,awa,L1,train:12785,awa_Deva
panel2,B,vardial2018/train,awa,L1,train:12801,awa_Deva
panel2,B,vardial2018/train,awa,L1,train:12848,awa_Deva
panel2,B,vardial2018/train,awa,L1,train:12875,awa_Deva
panel2,B,vardial2018/train,awa,L1,train:12888,hin_Deva
panel2,B,vardial2018/train,awa,L1,train:12935,hin_Deva
panel2,B,vardial2018/train,awa,L1,train:12967,mar_Deva
panel2,B,vardial2018/train,awa,L1,train:13079,npi_Deva
panel2,B,vardial2018/train,awa,L1,train:13142,awa_Deva
panel2,B,vardial2018/train,awa,L1,train:13173,awa_Deva
panel2,B,vardial2018/train,awa,L1,train:13180,awa_Deva
panel2,B,vardial2018/train,awa,L1,train:13191,awa_Deva
panel2,B,vardial2018/train,awa,L1,train:13279,hin_Deva
panel2,B,vardial2018/train,awa,L1,train:13308,suz_Deva
panel2,B,vardial2018/train,awa,L1,train:13332,awa_Deva
panel2,B,vardial2018/train,awa,L1,train:13370,awa_Deva
panel2,B,vardial2018/train,awa,L1,train:13470,awa_Deva
panel2,B,vardial2018/train,awa,L1,train:13551,awa_Deva
panel2,B,vardial2018/train,awa,L1,train:13657,kas_Deva
panel2,B,vardial2018/train,awa,L1,train:13687,awa_Deva
panel2,B,vardial2018/train,awa,L1,train:13706,awa_Deva
panel2,B,vardial2018/train,awa,L1,train:13738,awa_Deva
panel2,B,vardial2018/train,awa,L1,train:13753,kas_Deva
panel2,B,vardial2018/train,awa,L1,train:13763,hin_Deva
panel2,B,vardial2018/train,awa,L1,train:13774,hin_Deva
panel2,B,vardial2018/train,awa,L1,train:13849,anp_Deva
panel2,B,vardial2018/train,awa,L1,train:13897,awa_Deva
panel2,B,vardial2018/train,awa,L1,train:13912,kas_Deva
panel2,B,vardial2018/train,awa,L1,train:13993,awa_Deva
panel2,B,vardial2018/train,awa,L1,train:13996,hin_Deva
panel2,B,vardial2018/train,awa,L1,train:14063,awa_Deva
panel2,B,vardial2018/train,awa,L1,train:14107,hne_Deva
panel2,B,vardial2018/train,awa,L1,train:14109,doi_Deva
panel2,B,vardial2018/train,awa,L1,train:14142,awa_Deva
panel2,B,vardial2018/train,awa,L1,train:14271,awa_Deva
panel2,B,vardial2018/train,awa,L1,train:14292,awa_Deva
panel2,B,vardial2018/train,awa,L1,train:14311,awa_Deva
panel2,B,vardial2018/train,awa,L1,train:14313,awa_Deva
panel2,B,vardial2018/train,awa,L1,train:14334,awa_Deva
panel2,B,vardial2018/train,awa,L1,train:14355,hin_Deva
panel2,B,vardial2018/train,awa,L1,train:14393,awa_Deva
panel2,B,vardial2018/train,awa,L1,train:14396,doi_Deva
panel2,B,vardial2018/train,awa,L1,train:14427,hin_Deva
panel2,B,vardial2018/train,awa,L1,train:14513,awa_Deva
panel2,B,vardial2018/train,awa,L1,train:14563,awa_Deva
panel2,B,vardial2018/train,awa,L1,train:14597,awa_Deva
panel2,B,vardial2018/train,awa,L1,train:14618,awa_Deva
panel2,B,vardial2018/train,awa,L1,train:14627,hin_Deva
panel2,B,vardial2018/train,awa,L1,train:14693,awa_Deva
panel2,B,vardial2018/train,awa,L1,train:14729,awa_Deva
panel2,B,vardial2018/train,awa,L1,train:14736,hin_Deva
panel2,B,vardial2018/train,awa,L1,train:14914,anp_Deva
panel2,B,vardial2018/train,awa,L1,train:14921,awa_Deva
panel2,B,vardial2018/train,awa,L1,train:14942,awa_Deva
panel2,B,vardial2018/train,awa,L1,train:14952,awa_Deva
panel2,B,vardial2018/train,awa,L1,train:15032,hin_Deva
panel2,B,vardial2018/train,awa,L1,train:15038,awa_Deva
panel2,B,vardial2018/train,awa,L1,train:15106,awa_Deva
panel2,B,vardial2018/train,awa,L1,train:15158,awa_Deva
panel2,B,vardial2018/train,awa,L1,train:15172,awa_Deva
panel2,B,vardial2018/train,awa,L1,train:15204,awa_Deva
panel2,B,vardial2018/train,awa,L1,train:15241,hin_Deva
panel2,B,vardial2018/train,awa,L1,train:15246,mai_Deva
panel2,B,vardial2018/train,awa,L1,train:15284,hin_Deva
panel2,B,vardial2018/train,awa,L1,train:15322,awa_Deva
panel2,B,vardial2018/train,awa,L1,train:15358,awa_Deva
panel2,B,vardial2018/train,awa,L1,train:15414,awa_Deva
panel2,B,vardial2018/train,awa,L1,train:15420,awa_Deva
panel2,B,vardial2018/train,awa,L1,train:15454,awa_Deva
panel2,B,vardial2018/train,awa,L1,train:15474,hin_Deva
panel2,B,vardial2018/train,awa,L1,train:15499,awa_Deva
panel2,B,vardial2018/train,awa,L1,train:15556,awa_Deva
panel2,B,vardial2018/train,awa,L1,train:15585,bho_Deva
panel2,B,vardial2018/train,awa,L1,train:15630,npi_Deva
panel2,B,vardial2018/train,awa,L1,train:15679,awa_Deva
panel2,B,vardial2018/train,awa,L1,train:15715,awa_Deva
panel2,B,vardial2018/train,awa,L1,train:15716,awa_Deva
panel2,B,vardial2018/train,awa,L1,train:15728,awa_Deva
panel2,B,vardial2018/train,awa,L1,train:15748,anp_Deva
panel2,B,vardial2018/train,awa,L1,train:15860,mai_Deva
panel2,B,vardial2018/train,awa,L1,train:15921,awa_Deva
panel2,B,vardial2018/train,awa,L1,train:15936,anp_Deva
panel2,B,vardial2018/train,awa,L1,train:16087,awa_Deva
panel2,B,vardial2018/train,awa,L1,train:16107,awa_Deva
panel2,B,vardial2018/train,awa,L1,train:16182,awa_Deva
panel2,B,vardial2018/train,awa,L1,train:16223,awa_Deva
panel2,B,vardial2018/train,awa,L1,train:16238,awa_Deva
panel2,B,vardial2018/train,awa,L1,train:16239,awa_Deva
panel2,B,vardial2018/train,awa,L1,train:16248,awa_Deva
panel2,B,vardial2018/train,awa,L1,train:16256,hin_Deva
panel2,B,vardial2018/train,awa,L1,train:16267,awa_Deva
panel2,B,vardial2018/train,awa,L1,train:16279,hin_Deva
panel2,B,vardial2018/train,awa,L1,train:16280,awa_Deva
panel2,B,vardial2018/train,awa,L1,train:16319,hin_Deva
panel2,B,vardial2018/train,awa,L1,train:16340,awa_Deva
panel2,B,vardial2018/train,awa,L1,train:16350,awa_Deva
panel2,B,vardial2018/train,awa,L1,train:16356,awa_Deva
panel2,B,vardial2018/train,awa,L1,train:16388,awa_Deva
panel2,B,vardial2018/train,awa,L1,train:16435,hin_Deva
panel2,B,vardial2018/train,awa,L1,train:16446,awa_Deva
panel2,B,vardial2018/train,awa,L1,train:16477,awa_Deva
panel2,B,vardial2018/train,awa,L1,train:16486,suz_Deva
panel2,B,vardial2018/train,awa,L1,train:16561,awa_Deva
panel2,B,vardial2018/train,awa,L1,train:16562,anp_Deva
panel2,B,vardial2018/train,awa,L1,train:16643,hin_Deva
panel2,B,vardial2018/train,awa,L1,train:16733,mai_Deva
panel2,B,vardial2018/train,awa,L1,train:16803,anp_Deva
panel2,B,vardial2018/train,awa,L1,train:16812,awa_Deva
panel2,B,vardial2018/train,awa,L1,train:16821,hin_Deva
panel2,B,vardial2018/train,awa,L1,train:16827,hin_Deva
panel2,B,vardial2018/train,awa,L1,train:16933,awa_Deva
panel2,B,vardial2018/train,awa,L1,train:16942,hin_Deva
panel2,B,vardial2018/train,awa,L1,train:16987,awa_Deva
panel2,B,vardial2018/train,awa,L1,train:17031,awa_Deva
panel2,B,vardial2018/train,awa,L1,train:17113,awa_Deva
panel2,B,vardial2018/train,awa,L1,train:17117,awa_Deva
panel2,B,vardial2018/train,awa,L1,train:17144,hin_Deva
panel2,B,vardial2018/train,awa,L1,train:17230,hin_Deva
panel2,B,vardial2018/train,awa,L1,train:17263,awa_Deva
panel2,B,vardial2018/train,awa,L1,train:17274,anp_Deva
panel2,B,vardial2018/train,awa,L1,train:17285,awa_Deva
panel2,B,vardial2018/train,awa,L1,train:17286,mag_Deva
panel2,B,vardial2018/train,awa,L1,train:17319,hin_Deva
panel2,B,vardial2018/train,awa,L1,train:17321,awa_Deva
panel2,B,vardial2018/train,awa,L1,train:17391,hin_Deva
panel2,B,vardial2018/train,awa,L1,train:17413,awa_Deva
panel2,B,vardial2018/train,awa,L1,train:17421,awa_Deva
panel2,B,vardial2018/train,awa,L1,train:17491,awa_Deva
panel2,B,vardial2018/train,awa,L1,train:17497,awa_Deva
panel2,B,vardial2018/train,awa,L1,train:17500,awa_Deva
panel2,B,vardial2018/train,awa,L1,train:17618,kas_Deva
panel2,B,vardial2018/train,awa,L1,train:17619,anp_Deva
panel2,B,vardial2018/train,awa,L1,train:17786,hin_Deva
panel2,B,vardial2018/train,awa,L1,train:17806,bho_Deva
panel2,B,vardial2018/train,awa,L1,train:17843,mai_Deva
panel2,B,vardial2018/train,awa,L1,train:17967,awa_Deva
panel2,B,vardial2018/train,awa,L1,train:18004,anp_Deva
panel2,B,vardial2018/train,awa,L1,train:18006,hin_Deva
panel2,B,vardial2018/train,awa,L1,train:18055,kas_Deva
panel2,B,vardial2018/train,awa,L1,train:18090,awa_Deva
panel2,B,vardial2018/train,awa,L1,train:18160,san_Deva
panel2,B,vardial2018/train,awa,L1,train:18205,awa_Deva
panel2,B,vardial2018/train,awa,L1,train:18245,awa_Deva
panel2,B,vardial2018/train,awa,L1,train:18248,awa_Deva
panel2,B,vardial2018/train,awa,L1,train:18261,mai_Deva
panel2,B,vardial2018/train,awa,L1,train:18263,awa_Deva
panel2,B,vardial2018/train,awa,L1,train:18293,awa_Deva
panel2,B,vardial2018/train,awa,L1,train:18341,awa_Deva
panel2,B,vardial2018/train,awa,L1,train:18350,hin_Deva
panel2,B,vardial2018/train,awa,L1,train:18354,hin_Deva
panel2,B,vardial2018/train,awa,L1,train:18391,hin_Deva
panel2,B,vardial2018/train,awa,L1,train:18597,awa_Deva
panel2,B,vardial2018/train,awa,L1,train:18603,hin_Deva
panel2,B,vardial2018/train,awa,L1,train:18616,hin_Deva
panel2,B,vardial2018/train,awa,L1,train:18622,hin_Deva
panel2,B,vardial2018/train,awa,L1,train:18700,awa_Deva
panel2,B,vardial2018/train,awa,L1,train:18714,awa_Deva
panel2,B,vardial2018/train,awa,L1,train:18718,awa_Deva
panel2,B,vardial2018/train,awa,L1,train:18838,awa_Deva
panel2,B,vardial2018/train,awa,L1,train:18862,awa_Deva
panel2,B,vardial2018/train,awa,L1,train:18872,kas_Deva
panel2,B,vardial2018/train,awa,L1,train:18878,awa_Deva
panel2,B,vardial2018/train,awa,L1,train:18940,hin_Deva
panel2,B,vardial2018/train,awa,L1,train:18953,awa_Deva
panel2,B,vardial2018/train,awa,L1,train:19042,awa_Deva
panel2,B,vardial2018/train,awa,L1,train:19050,hin_Deva
panel2,B,vardial2018/train,awa,L1,train:19098,bho_Deva
panel2,B,vardial2018/train,awa,L1,train:19104,awa_Deva
panel2,B,vardial2018/train,awa,L1,train:19105,awa_Deva
panel2,B,vardial2018/train,awa,L1,train:19155,awa_Deva
panel2,B,vardial2018/train,awa,L1,train:19163,mai_Deva
panel2,B,vardial2018/train,awa,L1,train:19192,awa_Deva
panel2,B,vardial2018/train,awa,L1,train:19251,mai_Deva
panel2,B,vardial2018/train,awa,L1,train:19276,awa_Deva
panel2,B,vardial2018/train,awa,L1,train:19423,mag_Deva
panel2,B,vardial2018/train,awa,L1,train:19439,hin_Deva
panel2,B,vardial2018/train,awa,L1,train:19536,hin_Deva
panel2,B,vardial2018/train,awa,L1,train:19561,awa_Deva
panel2,B,vardial2018/train,awa,L1,train:19562,hin_Deva
panel2,B,vardial2018/train,awa,L1,train:19571,npi_Deva
panel2,B,vardial2018/train,awa,L1,train:19576,hin_Deva
panel2,B,vardial2018/train,awa,L1,train:19605,awa_Deva
panel2,B,vardial2018/train,awa,L1,train:19627,awa_Deva
panel2,B,vardial2018/train,awa,L1,train:19643,hin_Deva
panel2,B,vardial2018/train,awa,L1,train:19655,mai_Deva
panel2,B,vardial2018/train,awa,L1,train:19659,sck_Deva
panel2,B,vardial2018/train,awa,L1,train:19761,kas_Deva
panel2,B,vardial2018/train,awa,L1,train:19813,awa_Deva
panel2,B,vardial2018/train,awa,L1,train:19835,kas_Deva
panel2,B,vardial2018/train,awa,L1,train:19872,kas_Deva
panel2,B,vardial2018/train,awa,L1,train:19897,kas_Deva
panel2,B,vardial2018/train,awa,L1,train:19909,hin_Deva
panel2,B,vardial2018/train,awa,L1,train:19917,hin_Deva
panel2,B,vardial2018/train,awa,L1,train:19927,anp_Deva
panel2,B,vardial2018/train,awa,L1,train:19962,awa_Deva
panel2,B,vardial2018/train,awa,L1,train:19963,awa_Deva
panel2,B,vardial2018/train,awa,L1,train:19973,awa_Deva
panel2,B,vardial2018/train,awa,L1,train:19989,hin_Deva
panel2,B,vardial2018/train,awa,L1,train:20016,hin_Deva
panel2,B,vardial2018/train,awa,L1,train:20097,awa_Deva
panel2,B,vardial2018/train,awa,L1,train:20289,awa_Deva
panel2,B,vardial2018/train,awa,L1,train:20291,awa_Deva
panel2,B,vardial2018/train,awa,L1,train:20355,hin_Deva
panel2,B,vardial2018/train,awa,L1,train:20381,awa_Deva
panel2,B,vardial2018/train,awa,L1,train:20396,doi_Deva
panel2,B,vardial2018/train,awa,L1,train:20411,awa_Deva
panel2,B,vardial2018/train,awa,L1,train:20471,awa_Deva
panel2,B,vardial2018/train,awa,L1,train:20524,awa_Deva
panel2,B,vardial2018/train,awa,L1,train:20584,hin_Deva
panel2,B,vardial2018/train,awa,L1,train:20706,mai_Deva
panel2,B,vardial2018/train,awa,L1,train:20729,awa_Deva
panel2,B,vardial2018/train,awa,L1,train:20754,hin_Deva
panel2,B,vardial2018/train,awa,L1,train:20758,awa_Deva
panel2,B,vardial2018/train,awa,L1,train:20776,anp_Deva
panel2,B,vardial2018/train,awa,L1,train:20780,awa_Deva
panel2,B,vardial2018/train,awa,L1,train:20794,awa_Deva
panel2,B,vardial2018/train,awa,L1,train:20815,awa_Deva
panel2,B,vardial2018/train,awa,L1,train:20865,hin_Deva
panel2,B,vardial2018/train,awa,L1,train:20876,awa_Deva
panel2,B,vardial2018/train,awa,L1,train:20883,bho_Deva
panel2,B,vardial2018/train,awa,L1,train:20928,awa_Deva
panel2,B,vardial2018/train,awa,L1,train:21045,hin_Deva
panel2,B,vardial2018/train,awa,L1,train:21055,awa_Deva
panel2,B,vardial2018/train,awa,L1,train:21058,hin_Deva
panel2,B,vardial2018/train,awa,L1,train:21064,hin_Deva
panel2,B,vardial2018/train,awa,L1,train:21072,awa_Deva
panel2,B,vardial2018/train,awa,L1,train:21078,awa_Deva
panel2,B,vardial2018/train,awa,L1,train:21080,awa_Deva
panel2,B,vardial2018/train,awa,L1,train:21121,hin_Deva
panel2,B,vardial2018/train,awa,L1,train:21140,awa_Deva
panel2,B,vardial2018/train,awa,L1,train:21176,awa_Deva
panel2,B,vardial2018/train,awa,L1,train:21195,san_Deva
panel2,B,vardial2018/train,awa,L1,train:21208,bho_Deva
panel2,B,vardial2018/train,awa,L1,train:21266,awa_Deva
panel2,B,vardial2018/train,awa,L1,train:21274,hin_Deva
panel2,B,vardial2018/train,awa,L1,train:21481,doi_Deva
panel2,B,vardial2018/train,awa,L1,train:21489,awa_Deva
panel2,B,vardial2018/train,awa,L1,train:21498,awa_Deva
panel2,B,vardial2018/train,awa,L1,train:21534,awa_Deva
panel2,B,vardial2018/train,awa,L1,train:21598,awa_Deva
panel2,B,vardial2018/train,awa,L1,train:21619,awa_Deva
panel2,B,vardial2018/train,awa,L1,train:21643,awa_Deva
panel2,B,vardial2018/train,awa,L1,train:21719,npi_Deva
panel2,B,vardial2018/train,awa,L1,train:21731,awa_Deva
panel2,B,vardial2018/train,awa,L1,train:21744,hin_Deva
panel2,B,vardial2018/train,awa,L1,train:21755,awa_Deva
panel2,B,vardial2018/train,awa,L1,train:21781,awa_Deva
panel2,B,vardial2018/train,awa,L1,train:21811,awa_Deva
panel2,B,vardial2018/train,awa,L1,train:21837,awa_Deva
panel2,B,vardial2018/train,awa,L1,train:21844,mup_Deva
panel2,B,vardial2018/train,awa,L1,train:21886,awa_Deva
panel2,B,vardial2018/train,awa,L1,train:21894,hin_Deva
panel2,B,vardial2018/train,awa,L1,train:21904,mag_Deva
panel2,B,vardial2018/train,awa,L1,train:21906,hin_Deva
panel2,B,vardial2018/train,awa,L1,train:21931,kru_Deva
panel2,B,vardial2018/train,awa,L1,train:21949,awa_Deva
panel2,B,vardial2018/train,awa,L1,train:21958,awa_Deva
panel2,B,vardial2018/train,awa,L1,train:21981,awa_Deva
panel2,B,vardial2018/train,awa,L1,train:22296,awa_Deva
panel2,B,vardial2018/train,awa,L1,train:22320,awa_Deva
panel2,B,vardial2018/train,awa,L1,train:22337,awa_Deva
panel2,B,vardial2018/train,awa,L1,train:22339,awa_Deva
panel2,B,vardial2018/train,awa,L1,train:22395,awa_Deva
panel2,B,vardial2018/train,awa,L1,train:22439,awa_Deva
panel2,B,vardial2018/train,awa,L1,train:22520,doi_Deva
panel2,B,vardial2018/train,awa,L1,train:22550,mai_Deva
panel2,B,vardial2018/train,awa,L1,train:22574,awa_Deva
panel2,B,vardial2018/train,awa,L1,train:22593,awa_Deva
panel2,B,vardial2018/train,awa,L1,train:22610,awa_Deva
panel2,B,vardial2018/train,awa,L1,train:22615,awa_Deva
panel2,B,vardial2018/train,awa,L1,train:22663,awa_Deva
panel2,B,vardial2018/train,awa,L1,train:22678,hin_Deva
panel2,B,vardial2018/train,awa,L1,train:22687,awa_Deva
panel2,B,vardial2018/train,awa,L1,train:22776,awa_Deva
panel2,B,vardial2018/train,awa,L1,train:22803,awa_Deva
panel2,B,vardial2018/train,awa,L1,train:22820,mai_Deva
panel2,B,vardial2018/train,awa,L1,train:22821,mai_Deva
panel2,B,vardial2018/train,awa,L1,train:22938,awa_Deva
panel2,B,vardial2018/train,awa,L1,train:23006,awa_Deva
panel2,B,vardial2018/train,awa,L1,train:23016,awa_Deva
panel2,B,vardial2018/train,awa,L1,train:23064,awa_Deva
panel2,B,vardial2018/train,awa,L1,train:23093,awa_Deva
panel2,B,vardial2018/train,awa,L1,train:23167,anp_Deva
panel2,B,vardial2018/train,awa,L1,train:23186,mag_Deva
panel2,B,vardial2018/train,awa,L1,train:23267,hin_Deva
panel2,B,vardial2018/train,awa,L1,train:23316,hin_Deva
panel2,B,vardial2018/train,awa,L1,train:23323,mup_Deva
panel2,B,vardial2018/train,awa,L1,train:23365,awa_Deva
panel2,B,vardial2018/train,awa,L1,train:23506,awa_Deva
panel2,B,vardial2018/train,awa,L1,train:23513,awa_Deva
panel2,B,vardial2018/train,awa,L1,train:23529,awa_Deva
panel2,B,vardial2018/train,awa,L1,train:23578,awa_Deva
panel2,B,vardial2018/train,awa,L1,train:23664,awa_Deva
panel2,B,vardial2018/train,awa,L1,train:23737,awa_Deva
panel2,B,vardial2018/train,awa,L1,train:23782,awa_Deva
panel2,B,vardial2018/train,awa,L1,train:23783,hin_Deva
panel2,B,vardial2018/train,awa,L1,train:23816,hin_Deva
panel2,B,vardial2018/train,awa,L1,train:23835,awa_Deva
panel2,B,vardial2018/train,awa,L1,train:23861,awa_Deva
panel2,B,vardial2018/train,awa,L1,train:23888,anp_Deva
panel2,B,vardial2018/train,awa,L1,train:23923,awa_Deva
panel2,B,vardial2018/train,awa,L1,train:23928,doi_Deva
panel2,B,vardial2018/train,awa,L1,train:23958,hin_Deva
panel2,B,vardial2018/train,awa,L1,train:23979,awa_Deva
panel2,B,vardial2018/train,awa,L1,train:24038,mai_Deva
panel2,B,vardial2018/train,awa,L1,train:24133,awa_Deva
panel2,B,vardial2018/train,awa,L1,train:24140,awa_Deva
panel2,B,vardial2018/train,awa,L1,train:24144,hin_Deva
panel2,B,vardial2018/train,awa,L1,train:24156,hin_Deva
panel2,B,vardial2018/train,awa,L1,train:24341,awa_Deva
panel2,B,vardial2018/train,awa,L1,train:24368,awa_Deva
panel2,B,vardial2018/train,awa,L1,train:24450,hin_Deva
panel2,B,vardial2018/train,awa,L1,train:24475,hin_Deva
panel2,B,vardial2018/train,awa,L1,train:24507,awa_Deva
panel2,B,vardial2018/train,awa,L1,train:24516,hin_Deva
panel2,B,vardial2018/train,awa,L1,train:24521,hin_Deva
panel2,B,vardial2018/train,awa,L1,train:24534,hin_Deva
panel2,B,vardial2018/train,awa,L1,train:24588,hin_Deva
panel2,B,vardial2018/train,awa,L1,train:24636,mai_Deva
panel2,B,vardial2018/train,awa,L1,train:24731,hin_Deva
panel2,B,vardial2018/train,awa,L1,train:24759,awa_Deva
panel2,B,vardial2018/train,awa,L1,train:24791,hin_Deva
panel2,B,vardial2018/train,awa,L1,train:24801,mai_Deva
panel2,B,vardial2018/train,awa,L1,train:24834,awa_Deva
panel2,B,vardial2018/train,awa,L1,train:24930,awa_Deva
panel2,B,vardial2018/train,awa,L1,train:24987,hin_Deva
panel2,B,vardial2018/train,awa,L1,train:25015,hin_Deva
panel2,B,vardial2018/train,awa,L1,train:25030,awa_Deva
panel2,B,vardial2018/train,awa,L1,train:25058,awa_Deva
panel2,B,vardial2018/train,awa,L1,train:25092,awa_Deva
panel2,B,vardial2018/train,awa,L1,train:25100,awa_Deva
panel2,B,vardial2018/train,awa,L1,train:25165,awa_Deva
panel2,B,vardial2018/train,awa,L1,train:25196,awa_Deva
panel2,B,vardial2018/train,awa,L1,train:25218,anp_Deva
panel2,B,vardial2018/train,awa,L1,train:25286,awa_Deva
panel2,B,vardial2018/train,awa,L1,train:25367,awa_Deva
panel2,B,vardial2018/train,awa,L1,train:25398,hin_Deva
panel2,B,vardial2018/train,awa,L1,train:25453,mai_Deva
panel2,B,vardial2018/train,awa,L1,train:25500,awa_Deva
panel2,B,vardial2018/train,awa,L1,train:25527,awa_Deva
panel2,B,vardial2018/train,awa,L1,train:25564,awa_Deva
panel2,B,vardial2018/train,awa,L1,train:25570,awa_Deva
panel2,B,vardial2018/train,awa,L1,train:25580,hin_Deva
panel2,B,vardial2018/train,awa,L1,train:25607,awa_Deva
panel2,B,vardial2018/train,awa,L1,train:25673,new_Deva
panel2,B,vardial2018/train,awa,L1,train:25704,kru_Deva
panel2,B,vardial2018/train,awa,L1,train:25734,kas_Deva
panel2,B,vardial2018/train,awa,L1,train:25757,anp_Deva
panel2,B,vardial2018/train,awa,L1,train:25798,awa_Deva
panel2,B,vardial2018/train,awa,L1,train:25823,doi_Deva
panel2,B,vardial2018/train,awa,L1,train:25943,awa_Deva
panel2,B,vardial2018/train,awa,L1,train:25948,mai_Deva
panel2,B,vardial2018/train,awa,L1,train:25962,awa_Deva
panel2,B,vardial2018/train,awa,L1,train:25983,awa_Deva
panel2,B,vardial2018/train,awa,L1,train:26004,awa_Deva
panel2,B,vardial2018/train,awa,L1,train:26111,hin_Deva
panel2,B,vardial2018/train,awa,L1,train:26118,npi_Deva
panel2,B,vardial2018/train,awa,L1,train:26144,awa_Deva
panel2,B,vardial2018/train,awa,L1,train:26148,awa_Deva
panel2,B,vardial2018/train,awa,L1,train:26293,hin_Deva
panel2,B,vardial2018/train,awa,L1,train:26299,awa_Deva
panel2,B,vardial2018/train,awa,L1,train:26316,hin_Deva
panel2,B,vardial2018/train,awa,L1,train:26335,awa_Deva
panel2,B,vardial2018/train,awa,L1,train:26383,hin_Deva
panel2,B,vardial2018/train,awa,L1,train:26429,awa_Deva
panel2,B,vardial2018/train,awa,L1,train:26431,awa_Deva
panel2,B,vardial2018/train,awa,L1,train:26461,awa_Deva
panel2,B,vardial2018/train,awa,L1,train:26467,kas_Deva
panel2,B,vardial2018/train,awa,L1,train:26516,awa_Deva
panel2,B,vardial2018/train,awa,L1,train:26594,awa_Deva
panel2,B,vardial2018/train,awa,L1,train:26642,awa_Deva
panel2,B,vardial2018/train,awa,L1,train:26652,anp_Deva
panel2,B,vardial2018/train,awa,L1,train:26698,awa_Deva
panel2,B,vardial2018/train,awa,L1,train:26711,awa_Deva
panel2,B,vardial2018/train,awa,L1,train:26730,awa_Deva
panel2,B,vardial2018/train,awa,L1,train:26860,hin_Deva
panel2,B,vardial2018/train,awa,L1,train:26872,hin_Deva
panel2,B,vardial2018/train,awa,L1,train:26893,awa_Deva
panel2,B,vardial2018/train,awa,L1,train:26937,awa_Deva
panel2,B,vardial2018/train,awa,L1,train:26964,awa_Deva
panel2,B,vardial2018/train,awa,L1,train:27022,doi_Deva
panel2,B,vardial2018/train,awa,L1,train:27041,awa_Deva
panel2,B,vardial2018/train,awa,L1,train:27096,awa_Deva
panel2,B,vardial2018/train,awa,L1,train:27097,awa_Deva
panel2,B,vardial2018/train,awa,L1,train:27133,awa_Deva
panel2,B,vardial2018/train,awa,L1,train:27151,hin_Deva
panel2,B,vardial2018/train,awa,L1,train:27172,awa_Deva
panel2,B,vardial2018/train,awa,L1,train:27193,awa_Deva
panel2,B,vardial2018/train,awa,L1,train:27224,awa_Deva
panel2,B,vardial2018/train,awa,L1,train:27250,mai_Deva
panel2,B,vardial2018/train,awa,L1,train:27286,hin_Deva
panel2,B,vardial2018/train,awa,L1,train:27348,awa_Deva
panel2,B,vardial2018/train,awa,L1,train:27389,awa_Deva
panel2,B,vardial2018/train,awa,L1,train:27507,awa_Deva
panel2,B,vardial2018/train,awa,L1,train:27529,awa_Deva
panel2,B,vardial2018/train,awa,L1,train:27542,awa_Deva
panel2,B,vardial2018/train,awa,L1,train:27617,hin_Deva
panel2,B,vardial2018/train,awa,L1,train:27631,awa_Deva
panel2,B,vardial2018/train,awa,L1,train:27633,awa_Deva
panel2,B,vardial2018/train,awa,L1,train:27688,awa_Deva
panel2,B,vardial2018/train,awa,L1,train:27694,awa_Deva
panel2,B,vardial2018/train,awa,L1,train:27698,kas_Deva
panel2,B,vardial2018/train,awa,L1,train:27716,awa_Deva
panel2,B,vardial2018/train,awa,L1,train:27733,awa_Deva
panel2,B,vardial2018/train,awa,L1,train:27772,mai_Deva
panel2,B,vardial2018/train,awa,L1,train:27782,hin_Deva
panel2,B,vardial2018/train,awa,L1,train:27786,awa_Deva
panel2,B,vardial2018/train,awa,L1,train:27798,mai_Deva
panel2,B,vardial2018/train,awa,L1,train:27816,awa_Deva
panel2,B,vardial2018/train,awa,L1,train:27838,mai_Deva
panel2,B,vardial2018/train,awa,L1,train:27846,awa_Deva
panel2,B,vardial2018/train,awa,L1,train:27885,awa_Deva
panel2,B,vardial2018/train,awa,L1,train:27937,awa_Deva
panel2,B,vardial2018/train,awa,L1,train:27973,hin_Deva
panel2,B,vardial2018/train,awa,L1,train:28087,bho_Deva
panel2,B,vardial2018/train,awa,L1,train:28188,hin_Deva
panel2,B,vardial2018/train,awa,L1,train:28295,awa_Deva
panel2,B,vardial2018/train,awa,L1,train:28306,awa_Deva
panel2,B,vardial2018/train,awa,L1,train:28429,awa_Deva
panel2,B,vardial2018/train,awa,L1,train:28438,awa_Deva
panel2,B,vardial2018/train,awa,L1,train:28459,awa_Deva
panel2,B,vardial2018/train,awa,L1,train:28490,hin_Deva
panel2,B,vardial2018/train,awa,L1,train:28537,awa_Deva
panel2,B,vardial2018/train,awa,L1,train:28541,awa_Deva
panel2,B,vardial2018/train,awa,L1,train:28571,awa_Deva
panel2,B,vardial2018/train,awa,L1,train:28682,awa_Deva
panel2,B,vardial2018/train,awa,L1,train:28718,mai_Deva
panel2,B,vardial2018/train,awa,L1,train:28726,anp_Deva
panel2,B,vardial2018/train,awa,L1,train:28847,hin_Deva
panel2,B,vardial2018/train,awa,L1,train:28848,awa_Deva
panel2,B,vardial2018/train,awa,L1,train:28879,awa_Deva
panel2,B,vardial2018/train,awa,L1,train:28955,awa_Deva
panel2,B,vardial2018/train,awa,L1,train:29075,hin_Deva
panel2,B,vardial2018/train,awa,L1,train:29079,awa_Deva
panel2,B,vardial2018/train,awa,L1,train:29092,awa_Deva
panel2,B,vardial2018/train,awa,L1,train:29097,awa_Deva
panel2,B,vardial2018/train,awa,L1,train:29176,awa_Deva
panel2,B,vardial2018/train,awa,L1,train:29228,awa_Deva
panel2,B,vardial2018/train,awa,L1,train:29265,awa_Deva
panel2,B,vardial2018/train,awa,L1,train:29500,awa_Deva
panel2,B,vardial2018/train,awa,L1,train:29540,hin_Deva
panel2,B,vardial2018/train,awa,L1,train:29581,awa_Deva
panel2,B,vardial2018/train,awa,L1,train:29589,awa_Deva
panel2,B,vardial2018/train,awa,L1,train:29621,awa_Deva
panel2,B,vardial2018/train,awa,L1,train:29665,hin_Deva
panel2,B,vardial2018/train,awa,L1,train:29708,awa_Deva
panel2,B,vardial2018/train,awa,L1,train:29766,awa_Deva
panel2,B,vardial2018/train,awa,L1,train:29795,awa_Deva
panel2,B,vardial2018/train,awa,L1,train:29809,anp_Deva
panel2,B,vardial2018/train,awa,L1,train:29823,hin_Deva
panel2,B,vardial2018/train,awa,L1,train:29828,mai_Deva
panel2,B,vardial2018/train,awa,L1,train:29890,awa_Deva
panel2,B,vardial2018/train,awa,L1,train:29891,awa_Deva
panel2,B,vardial2018/train,awa,L1,train:29907,awa_Deva
panel2,B,vardial2018/train,awa,L1,train:29931,hin_Deva
panel2,B,vardial2018/train,awa,L1,train:29979,hin_Deva
panel2,B,vardial2018/train,awa,L1,train:29989,awa_Deva
panel2,B,vardial2018/train,awa,L1,train:30037,awa_Deva
panel2,B,vardial2018/train,awa,L1,train:30051,awa_Deva
panel2,B,vardial2018/train,awa,L1,train:30073,mai_Deva
panel2,B,vardial2018/train,awa,L1,train:30097,awa_Deva
panel2,B,vardial2018/train,awa,L1,train:30130,npi_Deva
panel2,B,vardial2018/train,awa,L1,train:30153,hin_Deva
panel2,B,vardial2018/train,awa,L1,train:30190,awa_Deva
panel2,B,vardial2018/train,awa,L1,train:30203,awa_Deva
panel2,B,vardial2018/train,awa,L1,train:30251,awa_Deva
panel2,B,vardial2018/train,awa,L1,train:30264,hin_Deva
panel2,B,vardial2018/train,awa,L1,train:30275,awa_Deva
panel2,B,vardial2018/train,awa,L1,train:30302,hin_Deva
panel2,B,vardial2018/train,awa,L1,train:30327,awa_Deva
panel2,B,vardial2018/train,awa,L1,train:30352,awa_Deva
panel2,B,vardial2018/train,awa,L1,train:30390,awa_Deva
panel2,B,vardial2018/train,awa,L1,train:30406,hin_Deva
panel2,B,vardial2018/train,awa,L1,train:30495,hin_Deva
panel2,B,vardial2018/train,awa,L1,train:30567,doi_Deva
panel2,B,vardial2018/train,awa,L1,train:30569,awa_Deva
panel2,B,vardial2018/train,awa,L1,train:30584,awa_Deva
panel2,B,vardial2018/train,awa,L1,train:30636,kas_Deva
panel2,B,vardial2018/train,awa,L1,train:30694,anp_Deva
panel2,B,vardial2018/train,awa,L1,train:30699,awa_Deva
panel2,B,vardial2018/train,awa,L1,train:30709,awa_Deva
panel2,B,vardial2018/train,awa,L1,train:30753,awa_Deva
panel2,B,vardial2018/train,awa,L1,train:30755,awa_Deva
panel2,B,vardial2018/train,awa,L1,train:30782,hin_Deva
panel2,B,vardial2018/train,awa,L1,train:30787,awa_Deva
panel2,B,vardial2018/train,awa,L1,train:30811,awa_Deva
panel2,B,vardial2018/train,awa,L1,train:30816,awa_Deva
panel2,B,vardial2018/train,awa,L1,train:30856,anp_Deva
panel2,B,vardial2018/train,awa,L1,train:30857,awa_Deva
panel2,B,vardial2018/train,awa,L1,train:30900,awa_Deva
panel2,B,vardial2018/train,awa,L1,train:30914,awa_Deva
panel2,B,vardial2018/train,awa,L1,train:30915,awa_Deva
panel2,B,vardial2018/train,awa,L1,train:30919,hin_Deva
panel2,B,vardial2018/train,awa,L1,train:31024,hin_Deva
panel2,B,vardial2018/train,awa,L1,train:31029,awa_Deva
panel2,B,vardial2018/train,awa,L1,train:31046,anp_Deva
panel2,B,vardial2018/train,awa,L1,train:31117,mag_Deva
panel2,B,vardial2018/train,awa,L1,train:31146,mag_Deva
panel2,B,vardial2018/train,awa,L1,train:31163,awa_Deva
panel2,B,vardial2018/train,awa,L1,train:31167,hin_Deva
panel2,B,vardial2018/train,awa,L1,train:31198,awa_Deva
panel2,B,vardial2018/train,awa,L1,train:31203,hin_Deva
panel2,B,vardial2018/train,awa,L1,train:31212,hin_Deva
panel2,B,vardial2018/train,awa,L1,train:31255,awa_Deva
panel2,B,vardial2018/train,awa,L1,train:31297,dty_Deva
panel2,B,vardial2018/train,awa,L1,train:31312,awa_Deva
panel2,B,vardial2018/train,awa,L1,train:31326,awa_Deva
panel2,B,vardial2018/train,awa,L1,train:31399,awa_Deva
panel2,B,vardial2018/train,awa,L1,train:31444,awa_Deva
panel2,B,vardial2018/train,awa,L1,train:31476,awa_Deva
panel2,B,vardial2018/train,awa,L1,train:31533,mai_Deva
panel2,B,vardial2018/train,awa,L1,train:31560,mag_Deva
panel2,B,vardial2018/train,awa,L1,train:31617,awa_Deva
panel2,B,vardial2018/train,awa,L1,train:31619,hin_Deva
panel2,B,vardial2018/train,awa,L1,train:31770,awa_Deva
panel2,B,vardial2018/train,awa,L1,train:31780,awa_Deva
panel2,B,vardial2018/train,awa,L1,train:31828,kas_Deva
panel2,B,vardial2018/train,awa,L1,train:31955,hin_Deva
panel2,B,vardial2018/train,awa,L1,train:31961,awa_Deva
panel2,B,vardial2018/train,awa,L1,train:31990,awa_Deva
panel2,B,vardial2018/train,awa,L1,train:32013,awa_Deva
panel2,B,vardial2018/train,awa,L1,train:32027,mai_Deva
panel2,B,vardial2018/train,awa,L1,train:32052,awa_Deva
panel2,B,vardial2018/train,awa,L1,train:32099,awa_Deva
panel2,B,vardial2018/train,awa,L1,train:32133,bho_Deva
panel2,B,vardial2018/train,awa,L1,train:32164,awa_Deva
panel2,B,vardial2018/train,awa,L1,train:32194,doi_Deva
panel2,B,vardial2018/train,awa,L1,train:32225,awa_Deva
panel2,B,vardial2018/train,awa,L1,train:32261,awa_Deva
panel2,B,vardial2018/train,awa,L1,train:32312,awa_Deva
panel2,B,vardial2018/train,awa,L1,train:32339,doi_Deva
panel2,B,vardial2018/train,awa,L1,train:32376,kas_Deva
panel2,B,vardial2018/train,awa,L1,train:32384,awa_Deva
panel2,B,vardial2018/train,awa,L1,train:32390,awa_Deva
panel2,B,vardial2018/train,awa,L1,train:32415,awa_Deva
panel2,B,vardial2018/train,awa,L1,train:32417,bho_Deva
panel2,B,vardial2018/train,awa,L1,train:32422,awa_Deva
panel2,B,vardial2018/train,awa,L1,train:32433,mag_Deva
panel2,B,vardial2018/train,awa,L1,train:32500,kas_Deva
panel2,B,vardial2018/train,awa,L1,train:32505,awa_Deva
panel2,B,vardial2018/train,awa,L1,train:32507,anp_Deva
panel2,B,vardial2018/train,awa,L1,train:32517,hin_Deva
panel2,B,vardial2018/train,awa,L1,train:32566,awa_Deva
panel2,B,vardial2018/train,awa,L1,train:32608,mag_Deva
panel2,B,vardial2018/train,awa,L1,train:32630,awa_Deva
panel2,B,vardial2018/train,awa,L1,train:32846,awa_Deva
panel2,B,vardial2018/train,awa,L1,train:32874,awa_Deva
panel2,B,vardial2018/train,awa,L1,train:32883,doi_Deva
panel2,B,vardial2018/train,awa,L1,train:32973,anp_Deva
panel2,B,vardial2018/train,awa,L1,train:33008,awa_Deva
panel2,B,vardial2018/train,awa,L1,train:33016,awa_Deva
panel2,B,vardial2018/train,awa,L1,train:33060,awa_Deva
panel2,B,vardial2018/train,awa,L1,train:33152,hin_Deva
panel2,B,vardial2018/train,awa,L1,train:33159,awa_Deva
panel2,B,vardial2018/train,awa,L1,train:33176,awa_Deva
panel2,B,vardial2018/train,awa,L1,train:33187,awa_Deva
panel2,B,vardial2018/train,awa,L1,train:33213,awa_Deva
panel2,B,vardial2018/train,awa,L1,train:33233,awa_Deva
panel2,B,vardial2018/train,awa,L1,train:33295,awa_Deva
panel2,B,vardial2018/train,awa,L1,train:33328,awa_Deva
panel2,B,vardial2018/train,awa,L1,train:33342,awa_Deva
panel2,B,vardial2018/train,awa,L1,train:33352,hin_Deva
panel2,B,vardial2018/train,awa,L1,train:33429,kru_Deva
panel2,B,vardial2018/train,awa,L1,train:33457,mai_Deva
panel2,B,vardial2018/train,awa,L1,train:33496,awa_Deva
panel2,B,vardial2018/train,awa,L1,train:33502,awa_Deva
panel2,B,vardial2018/train,awa,L1,train:33508,awa_Deva
panel2,B,vardial2018/train,awa,L1,train:33529,kas_Deva
panel2,B,vardial2018/train,awa,L1,train:33548,awa_Deva
panel2,B,vardial2018/train,awa,L1,train:33669,anp_Deva
panel2,B,vardial2018/train,awa,L1,train:33726,awa_Deva
panel2,B,vardial2018/train,awa,L1,train:33744,awa_Deva
panel2,B,vardial2018/train,awa,L1,train:33754,awa_Deva
panel2,B,vardial2018/train,awa,L1,train:33856,hin_Deva
panel2,B,vardial2018/train,awa,L1,train:33860,mag_Deva
panel2,B,vardial2018/train,awa,L1,train:33910,hin_Deva
panel2,B,vardial2018/train,awa,L1,train:33918,awa_Deva
panel2,B,vardial2018/train,awa,L1,train:34023,awa_Deva
panel2,B,vardial2018/train,awa,L1,train:34040,awa_Deva
panel2,B,vardial2018/train,awa,L1,train:34068,awa_Deva
panel2,B,vardial2018/train,awa,L1,train:34126,awa_Deva
panel2,B,vardial2018/train,awa,L1,train:34205,awa_Deva
panel2,B,vardial2018/train,awa,L1,train:34247,kas_Deva
panel2,B,vardial2018/train,awa,L1,train:34256,awa_Deva
panel2,B,vardial2018/train,awa,L1,train:34344,awa_Deva
panel2,B,vardial2018/train,awa,L1,train:34437,mai_Deva
panel2,B,vardial2018/train,awa,L1,train:34457,awa_Deva
panel2,B,vardial2018/train,awa,L1,train:34476,anp_Deva
panel2,B,vardial2018/train,awa,L1,train:34610,awa_Deva
panel2,B,vardial2018/train,awa,L1,train:34694,hin_Deva
panel2,B,vardial2018/train,awa,L1,train:34709,awa_Deva
panel2,B,vardial2018/train,awa,L1,train:34839,anp_Deva
panel2,B,vardial2018/train,awa,L1,train:34879,anp_Deva
panel2,B,vardial2018/train,awa,L1,train:34880,awa_Deva
panel2,B,vardial2018/train,awa,L1,train:34886,awa_Deva
panel2,B,vardial2018/train,awa,L1,train:34892,awa_Deva
panel2,B,vardial2018/train,awa,L1,train:34919,kas_Deva
panel2,B,vardial2018/train,awa,L1,train:34920,hin_Deva
panel2,B,vardial2018/train,awa,L1,train:34957,anp_Deva
panel2,B,vardial2018/train,awa,L1,train:34987,awa_Deva
panel2,B,vardial2018/train,awa,L1,train:35009,awa_Deva
panel2,B,vardial2018/train,awa,L1,train:35081,hin_Deva
panel2,B,vardial2018/train,awa,L1,train:35095,awa_Deva
panel2,B,vardial2018/train,awa,L1,train:35102,awa_Deva
panel2,B,vardial2018/train,awa,L1,train:35121,awa_Deva
panel2,B,vardial2018/train,awa,L1,train:35125,kas_Deva
panel2,B,vardial2018/train,awa,L1,train:35166,awa_Deva
panel2,B,vardial2018/train,awa,L1,train:35243,awa_Deva
panel2,B,vardial2018/train,awa,L1,train:35292,awa_Deva
panel2,B,vardial2018/train,awa,L1,train:35299,awa_Deva
panel2,B,vardial2018/train,awa,L1,train:35307,hin_Deva
panel2,B,vardial2018/train,awa,L1,train:35336,awa_Deva
panel2,B,vardial2018/train,awa,L1,train:35398,doi_Deva
panel2,B,vardial2018/train,awa,L1,train:35407,awa_Deva
panel2,B,vardial2018/train,awa,L1,train:35452,mai_Deva
panel2,B,vardial2018/train,awa,L1,train:35464,awa_Deva
panel2,B,vardial2018/train,awa,L1,train:35470,new_Deva
panel2,B,vardial2018/train,awa,L1,train:35500,awa_Deva
panel2,B,vardial2018/train,awa,L1,train:35654,awa_Deva
panel2,B,vardial2018/train,awa,L1,train:35663,bho_Deva
panel2,B,vardial2018/train,awa,L1,train:35689,awa_Deva
panel2,B,vardial2018/train,awa,L1,train:35834,brx_Deva
panel2,B,vardial2018/train,awa,L1,train:35838,awa_Deva
panel2,B,vardial2018/train,awa,L1,train:35851,awa_Deva
panel2,B,vardial2018/train,awa,L1,train:35859,awa_Deva
panel2,B,vardial2018/train,awa,L1,train:35937,hin_Deva
panel2,B,vardial2018/train,awa,L1,train:35975,awa_Deva
panel2,B,vardial2018/train,awa,L1,train:35986,kas_Deva
panel2,B,vardial2018/train,awa,L1,train:35995,awa_Deva
panel2,B,vardial2018/train,awa,L1,train:36079,hin_Deva
panel2,B,vardial2018/train,awa,L1,train:36088,awa_Deva
panel2,B,vardial2018/train,awa,L1,train:36111,hin_Deva
panel2,B,vardial2018/train,awa,L1,train:36249,awa_Deva
panel2,B,vardial2018/train,awa,L1,train:36258,awa_Deva
panel2,B,vardial2018/train,awa,L1,train:36379,bho_Deva
panel2,B,vardial2018/train,awa,L1,train:36382,awa_Deva
panel2,B,vardial2018/train,awa,L1,train:36411,anp_Deva
panel2,B,vardial2018/train,awa,L1,train:36459,mai_Deva
panel2,B,vardial2018/train,awa,L1,train:36480,awa_Deva
panel2,B,vardial2018/train,awa,L1,train:36485,hin_Deva
panel2,B,vardial2018/train,awa,L1,train:36656,new_Deva
panel2,B,vardial2018/train,awa,L1,train:36686,awa_Deva
panel2,B,vardial2018/train,awa,L1,train:36716,kas_Deva
panel2,B,vardial2018/train,awa,L1,train:36732,awa_Deva
panel2,B,vardial2018/train,awa,L1,train:36802,awa_Deva
panel2,B,vardial2018/train,awa,L1,train:36821,awa_Deva
panel2,B,vardial2018/train,awa,L1,train:36874,hin_Deva
panel2,B,vardial2018/train,awa,L1,train:36896,awa_Deva
panel2,B,vardial2018/train,awa,L1,train:36956,awa_Deva
panel2,B,vardial2018/train,awa,L1,train:36960,awa_Deva
panel2,B,vardial2018/train,awa,L1,train:36978,awa_Deva
panel2,B,vardial2018/train,awa,L1,train:36995,awa_Deva
panel2,B,vardial2018/train,awa,L1,train:37012,hin_Deva
panel2,B,vardial2018/train,awa,L1,train:37108,anp_Deva
panel2,B,vardial2018/train,awa,L1,train:37109,mup_Deva
panel2,B,vardial2018/train,awa,L1,train:37119,awa_Deva
panel2,B,vardial2018/train,awa,L1,train:37141,anp_Deva
panel2,B,vardial2018/train,awa,L1,train:37243,awa_Deva
panel2,B,vardial2018/train,awa,L1,train:37248,awa_Deva
panel2,B,vardial2018/train,awa,L1,train:37278,awa_Deva
panel2,B,vardial2018/train,awa,L1,train:37311,awa_Deva
panel2,B,vardial2018/train,awa,L1,train:37352,awa_Deva
panel2,B,vardial2018/train,awa,L1,train:37405,awa_Deva
panel2,B,vardial2018/train,awa,L1,train:37427,awa_Deva
panel2,B,vardial2018/train,awa,L1,train:37433,awa_Deva
panel2,B,vardial2018/train,awa,L1,train:37472,bho_Deva
panel2,B,vardial2018/train,awa,L1,train:37484,hin_Deva
panel2,B,vardial2018/train,awa,L1,train:37485,awa_Deva
panel2,B,vardial2018/train,awa,L1,train:37496,awa_Deva
panel2,B,vardial2018/train,awa,L1,train:37502,awa_Deva
panel2,B,vardial2018/train,awa,L1,train:37594,awa_Deva
panel2,B,vardial2018/train,awa,L1,train:37617,doi_Deva
panel2,B,vardial2018/train,awa,L1,train:37735,hin_Deva
panel2,B,vardial2018/train,awa,L1,train:37828,awa_Deva
panel2,B,vardial2018/train,awa,L1,train:37917,hin_Deva
panel2,B,vardial2018/train,awa,L1,train:37964,hin_Deva
panel2,B,vardial2018/train,awa,L1,train:37978,awa_Deva
panel2,B,vardial2018/train,awa,L1,train:37992,anp_Deva
panel2,B,vardial2018/train,awa,L1,train:38018,hin_Deva
panel2,B,vardial2018/train,awa,L1,train:38029,hin_Deva
panel2,B,vardial2018/train,awa,L1,train:38068,hin_Deva
panel2,B,vardial2018/train,awa,L1,train:38093,awa_Deva
panel2,B,vardial2018/train,awa,L1,train:38134,awa_Deva
panel2,B,vardial2018/train,awa,L1,train:38166,hin_Deva
panel2,B,vardial2018/train,awa,L1,train:38168,awa_Deva
panel2,B,vardial2018/train,awa,L1,train:38228,awa_Deva
panel2,B,vardial2018/train,awa,L1,train:38248,hin_Deva
panel2,B,vardial2018/train,awa,L1,train:38251,awa_Deva
panel2,B,vardial2018/train,awa,L1,train:38315,bho_Deva
panel2,B,vardial2018/train,awa,L1,train:38330,hin_Deva
panel2,B,vardial2018/train,awa,L1,train:38350,awa_Deva
panel2,B,vardial2018/train,awa,L1,train:38351,hin_Deva
panel2,B,vardial2018/train,awa,L1,train:38370,awa_Deva
panel2,B,vardial2018/train,awa,L1,train:38375,awa_Deva
panel2,B,vardial2018/train,awa,L1,train:38435,awa_Deva
panel2,B,vardial2018/train,awa,L1,train:38447,hin_Deva
panel2,B,vardial2018/train,awa,L1,train:38460,awa_Deva
panel2,B,vardial2018/train,awa,L1,train:38477,awa_Deva
panel2,B,vardial2018/train,awa,L1,train:38571,awa_Deva
panel2,B,vardial2018/train,awa,L1,train:38606,hin_Deva
panel2,B,vardial2018/train,awa,L1,train:38698,awa_Deva
panel2,B,vardial2018/train,awa,L1,train:38706,awa_Deva
panel2,B,vardial2018/train,awa,L1,train:38714,awa_Deva
panel2,B,vardial2018/train,awa,L1,train:38720,awa_Deva
panel2,B,vardial2018/train,awa,L1,train:38731,anp_Deva
panel2,B,vardial2018/train,awa,L1,train:38880,awa_Deva
panel2,B,vardial2018/train,awa,L1,train:38985,awa_Deva
panel2,B,vardial2018/train,awa,L1,train:38990,awa_Deva
panel2,B,vardial2018/train,awa,L1,train:39017,hin_Deva
panel2,B,vardial2018/train,awa,L1,train:39053,awa_Deva
panel2,B,vardial2018/train,awa,L1,train:39054,mai_Deva
panel2,B,vardial2018/train,awa,L1,train:39223,awa_Deva
panel2,B,vardial2018/train,awa,L1,train:39235,awa_Deva
panel2,B,vardial2018/train,awa,L1,train:39252,hin_Deva
panel2,B,vardial2018/train,awa,L1,train:39290,awa_Deva
panel2,B,vardial2018/train,awa,L1,train:39427,doi_Deva
panel2,B,vardial2018/train,awa,L1,train:39485,awa_Deva
panel2,B,vardial2018/train,awa,L1,train:39544,kas_Deva
panel2,B,vardial2018/train,awa,L1,train:39646,awa_Deva
panel2,B,vardial2018/train,awa,L1,train:39662,hin_Deva
panel2,B,vardial2018/train,awa,L1,train:39663,awa_Deva
panel2,B,vardial2018/train,awa,L1,train:39680,mai_Deva
panel2,B,vardial2018/train,awa,L1,train:39759,awa_Deva
panel2,B,vardial2018/train,awa,L1,train:39783,awa_Deva
panel2,B,vardial2018/train,awa,L1,train:39787,awa_Deva
panel2,B,vardial2018/train,awa,L1,train:39827,awa_Deva
panel2,B,vardial2018/train,awa,L1,train:39849,awa_Deva
panel2,B,vardial2018/train,awa,L1,train:39879,awa_Deva
panel2,B,vardial2018/train,awa,L1,train:39889,awa_Deva
panel2,B,vardial2018/train,awa,L1,train:39891,awa_Deva
panel2,B,vardial2018/train,awa,L1,train:39951,awa_Deva
panel2,B,vardial2018/train,awa,L1,train:39985,awa_Deva
panel2,B,vardial2018/train,awa,L1,train:40051,awa_Deva
panel2,B,vardial2018/train,awa,L1,train:40070,awa_Deva
panel2,B,vardial2018/train,awa,L1,train:40093,doi_Deva
panel2,B,vardial2018/train,awa,L1,train:40114,awa_Deva
panel2,B,vardial2018/train,awa,L1,train:40130,awa_Deva
panel2,B,vardial2018/train,awa,L1,train:40137,mup_Deva
panel2,B,vardial2018/train,awa,L1,train:40143,kru_Deva
panel2,B,vardial2018/train,awa,L1,train:40146,awa_Deva
panel2,B,vardial2018/train,awa,L1,train:40147,awa_Deva
panel2,B,vardial2018/train,awa,L1,train:40177,awa_Deva
panel2,B,vardial2018/train,awa,L1,train:40178,awa_Deva
panel2,B,vardial2018/train,awa,L1,train:40180,awa_Deva
panel2,B,vardial2018/train,awa,L1,train:40225,hin_Deva
panel2,B,vardial2018/train,awa,L1,train:40259,doi_Deva
panel2,B,vardial2018/train,awa,L1,train:40390,awa_Deva
panel2,B,vardial2018/train,awa,L1,train:40413,hin_Deva
panel2,B,vardial2018/train,awa,L1,train:40466,awa_Deva
panel2,B,vardial2018/train,awa,L1,train:40476,awa_Deva
panel2,B,vardial2018/train,awa,L1,train:40507,awa_Deva
panel2,B,vardial2018/train,awa,L1,train:40554,awa_Deva
panel2,B,vardial2018/train,awa,L1,train:40610,awa_Deva
panel2,B,vardial2018/train,awa,L1,train:40636,mag_Deva
panel2,B,vardial2018/train,awa,L1,train:40723,awa_Deva
panel2,B,vardial2018/train,awa,L1,train:40737,awa_Deva
panel2,B,vardial2018/train,awa,L1,train:40781,awa_Deva
panel2,B,vardial2018/train,awa,L1,train:40837,awa_Deva
panel2,B,vardial2018/train,awa,L1,train:40874,hin_Deva
panel2,B,vardial2018/train,awa,L1,train:40913,awa_Deva
panel2,B,vardial2018/train,awa,L1,train:40937,anp_Deva
panel2,B,vardial2018/train,awa,L1,train:40940,awa_Deva
panel2,B,vardial2018/train,awa,L1,train:40992,awa_Deva
panel2,B,vardial2018/train,awa,L1,train:40999,awa_Deva
panel2,B,vardial2018/train,awa,L1,train:41016,hin_Deva
panel2,B,vardial2018/train,awa,L1,train:41217,awa_Deva
panel2,B,vardial2018/train,awa,L1,train:41218,awa_Deva
panel2,B,vardial2018/train,awa,L1,train:41221,awa_Deva
panel2,B,vardial2018/train,awa,L1,train:41263,brx_Deva
panel2,B,vardial2018/train,awa,L1,train:41270,hin_Deva
panel2,B,vardial2018/train,awa,L1,train:41313,awa_Deva
panel2,B,vardial2018/train,awa,L1,train:41349,awa_Deva
panel2,B,vardial2018/train,awa,L1,train:41387,awa_Deva
panel2,B,vardial2018/train,awa,L1,train:41409,anp_Deva
panel2,B,vardial2018/train,awa,L1,train:41458,awa_Deva
panel2,B,vardial2018/train,awa,L1,train:41478,awa_Deva
panel2,B,vardial2018/train,awa,L1,train:41481,awa_Deva
panel2,B,vardial2018/train,awa,L1,train:41579,hin_Deva
panel2,B,vardial2018/train,awa,L1,train:41584,hin_Deva
panel2,B,vardial2018/train,awa,L1,train:41588,hin_Deva
panel2,B,vardial2018/train,awa,L1,train:41646,awa_Deva
panel2,B,vardial2018/train,awa,L1,train:41665,anp_Deva
panel2,B,vardial2018/train,awa,L1,train:41710,npi_Deva
panel2,B,vardial2018/train,awa,L1,train:41891,awa_Deva
panel2,B,vardial2018/train,awa,L1,train:41894,awa_Deva
panel2,B,vardial2018/train,awa,L1,train:41899,awa_Deva
panel2,B,vardial2018/train,awa,L1,train:41949,hin_Deva
panel2,B,vardial2018/train,awa,L1,train:41968,awa_Deva
panel2,B,vardial2018/train,awa,L1,train:41996,hin_Deva
panel2,B,vardial2018/train,awa,L1,train:42121,hin_Deva
panel2,B,vardial2018/train,awa,L1,train:42138,awa_Deva
panel2,B,vardial2018/train,awa,L1,train:42140,hne_Deva
panel2,B,vardial2018/train,awa,L1,train:42170,awa_Deva
panel2,B,vardial2018/train,awa,L1,train:42196,awa_Deva
panel2,B,vardial2018/train,awa,L1,train:42235,awa_Deva
panel2,B,vardial2018/train,awa,L1,train:42262,awa_Deva
panel2,B,vardial2018/train,awa,L1,train:42286,awa_Deva
panel2,B,vardial2018/train,awa,L1,train:42313,thl_Deva
panel2,B,vardial2018/train,awa,L1,train:42314,awa_Deva
panel2,B,vardial2018/train,awa,L1,train:42382,awa_Deva
panel2,B,vardial2018/train,awa,L1,train:42391,kas_Deva
panel2,B,vardial2018/train,awa,L1,train:42414,awa_Deva
panel2,B,vardial2018/train,awa,L1,train:42422,awa_Deva
panel2,B,vardial2018/train,awa,L1,train:42443,kas_Deva
panel2,B,vardial2018/train,awa,L1,train:42484,awa_Deva
panel2,B,vardial2018/train,awa,L1,train:42515,awa_Deva
panel2,B,vardial2018/train,awa,L1,train:42547,mag_Deva
panel2,B,vardial2018/train,awa,L1,train:42567,awa_Deva
panel2,B,vardial2018/train,awa,L1,train:42582,awa_Deva
panel2,B,vardial2018/train,awa,L1,train:42613,awa_Deva
panel2,B,vardial2018/train,awa,L1,train:42617,mai_Deva
panel2,B,vardial2018/train,awa,L1,train:42633,awa_Deva
panel2,B,vardial2018/train,awa,L1,train:42704,awa_Deva
panel2,B,vardial2018/train,awa,L1,train:42715,anp_Deva
panel2,B,vardial2018/train,awa,L1,train:42740,awa_Deva
panel2,B,vardial2018/train,awa,L1,train:42778,awa_Deva
panel2,B,vardial2018/train,awa,L1,train:42834,awa_Deva
panel2,B,vardial2018/train,awa,L1,train:42853,mai_Deva
panel2,B,vardial2018/train,awa,L1,train:42870,bho_Deva
panel2,B,vardial2018/train,awa,L1,train:42881,awa_Deva
panel2,B,vardial2018/train,awa,L1,train:42909,awa_Deva
panel2,B,vardial2018/train,awa,L1,train:42982,suz_Deva
panel2,B,vardial2018/train,awa,L1,train:43025,mai_Deva
panel2,B,vardial2018/train,awa,L1,train:43028,awa_Deva
panel2,B,vardial2018/train,awa,L1,train:43031,awa_Deva
panel2,B,vardial2018/train,awa,L1,train:43052,awa_Deva
panel2,B,vardial2018/train,awa,L1,train:43247,doi_Deva
panel2,B,vardial2018/train,awa,L1,train:43398,anp_Deva
panel2,B,vardial2018/train,awa,L1,train:43404,awa_Deva
panel2,B,vardial2018/train,awa,L1,train:43422,awa_Deva
panel2,B,vardial2018/train,awa,L1,train:43430,awa_Deva
panel2,B,vardial2018/train,awa,L1,train:43481,awa_Deva
panel2,B,vardial2018/train,awa,L1,train:43506,awa_Deva
panel2,B,vardial2018/train,awa,L1,train:43597,awa_Deva
panel2,B,vardial2018/train,awa,L1,train:43661,doi_Deva
panel2,B,vardial2018/train,awa,L1,train:43677,awa_Deva
panel2,B,vardial2018/train,awa,L1,train:43750,hin_Deva
panel2,B,vardial2018/train,awa,L1,train:43751,awa_Deva
panel2,B,vardial2018/train,awa,L1,train:43775,awa_Deva
panel2,B,vardial2018/train,awa,L1,train:43795,awa_Deva
panel2,B,vardial2018/train,awa,L1,train:43800,hin_Deva
panel2,B,vardial2018/train,awa,L1,train:43900,awa_Deva
panel2,B,vardial2018/train,awa,L1,train:44069,mai_Deva
panel2,B,vardial2018/train,awa,L1,train:44092,awa_Deva
panel2,B,vardial2018/train,awa,L1,train:44114,awa_Deva
panel2,B,vardial2018/train,awa,L1,train:44196,awa_Deva
panel2,B,vardial2018/train,awa,L1,train:44270,awa_Deva
panel2,B,vardial2018/train,awa,L1,train:44316,awa_Deva
panel2,B,vardial2018/train,awa,L1,train:44352,awa_Deva
panel2,B,vardial2018/train,awa,L1,train:44380,awa_Deva
panel2,B,vardial2018/train,awa,L1,train:44392,awa_Deva
panel2,B,vardial2018/train,awa,L1,train:44437,hin_Deva
panel2,B,vardial2018/train,awa,L1,train:44441,awa_Deva
panel2,B,vardial2018/train,awa,L1,train:44442,awa_Deva
panel2,B,vardial2018/train,awa,L1,train:44529,awa_Deva
panel2,B,vardial2018/train,awa,L1,train:44573,hin_Deva
panel2,B,vardial2018/train,awa,L1,train:44575,awa_Deva
panel2,B,vardial2018/train,awa,L1,train:44636,awa_Deva
panel2,B,vardial2018/train,awa,L1,train:44729,hin_Deva
panel2,B,vardial2018/train,awa,L1,train:44787,awa_Deva
panel2,B,vardial2018/train,awa,L1,train:44798,awa_Deva
panel2,B,vardial2018/train,awa,L1,train:44801,awa_Deva
panel2,B,vardial2018/train,awa,L1,train:44833,awa_Deva
panel2,B,vardial2018/train,awa,L1,train:44841,awa_Deva
panel2,B,vardial2018/train,awa,L1,train:44874,hin_Deva
panel2,B,vardial2018/train,awa,L1,train:44953,awa_Deva
panel2,B,vardial2018/train,awa,L1,train:45021,awa_Deva
panel2,B,vardial2018/train,awa,L1,train:45047,awa_Deva
panel2,B,vardial2018/train,awa,L1,train:45051,awa_Deva
panel2,B,vardial2018/train,awa,L1,train:45053,awa_Deva
panel2,B,vardial2018/train,awa,L1,train:45075,hin_Deva
panel2,B,vardial2018/train,awa,L1,train:45097,awa_Deva
panel2,B,vardial2018/train,awa,L1,train:45148,awa_Deva
panel2,B,vardial2018/train,awa,L1,train:45263,awa_Deva
panel2,B,vardial2018/train,awa,L1,train:45290,awa_Deva
panel2,B,vardial2018/train,awa,L1,train:45293,awa_Deva
panel2,B,vardial2018/train,awa,L1,train:45377,awa_Deva
panel2,B,vardial2018/train,awa,L1,train:45409,awa_Deva
panel2,B,vardial2018/train,awa,L1,train:45468,awa_Deva
panel2,B,vardial2018/train,awa,L1,train:45515,awa_Deva
panel2,B,vardial2018/train,awa,L1,train:45518,hin_Deva
panel2,B,vardial2018/train,awa,L1,train:45537,awa_Deva
panel2,B,vardial2018/train,awa,L1,train:45556,hin_Deva
panel2,B,vardial2018/train,awa,L1,train:45574,awa_Deva
panel2,B,vardial2018/train,awa,L1,train:45578,hin_Deva
panel2,B,vardial2018/train,awa,L1,train:45649,awa_Deva
panel2,B,vardial2018/train,awa,L1,train:45673,awa_Deva
panel2,B,vardial2018/train,awa,L1,train:45689,awa_Deva
panel2,B,vardial2018/train,awa,L1,train:45692,hin_Deva
panel2,B,vardial2018/train,awa,L1,train:45714,awa_Deva
panel2,B,vardial2018/train,awa,L1,train:45754,awa_Deva
panel2,B,vardial2018/train,awa,L1,train:45874,awa_Deva
panel2,B,vardial2018/train,awa,L1,train:46008,hin_Deva
panel2,B,vardial2018/train,awa,L1,train:46113,awa_Deva
panel2,B,vardial2018/train,awa,L1,train:46126,awa_Deva
panel2,B,vardial2018/train,awa,L1,train:46127,awa_Deva
panel2,B,vardial2018/train,awa,L1,train:46208,awa_Deva
panel2,B,vardial2018/train,awa,L1,train:46284,bho_Deva
panel2,B,vardial2018/train,awa,L1,train:46294,awa_Deva
panel2,B,vardial2018/train,awa,L1,train:46325,npi_Deva
panel2,B,vardial2018/train,awa,L1,train:46326,hin_Deva
panel2,B,vardial2018/train,awa,L1,train:46402,hin_Deva
panel2,B,vardial2018/train,awa,L1,train:46423,awa_Deva
panel2,B,vardial2018/train,awa,L1,train:46432,hin_Deva
panel2,B,vardial2018/train,awa,L1,train:46487,bho_Deva
panel2,B,vardial2018/train,awa,L1,train:46556,awa_Deva
panel2,B,vardial2018/train,awa,L1,train:46558,hin_Deva
panel2,B,vardial2018/train,awa,L1,train:46559,hin_Deva
panel2,B,vardial2018/train,awa,L1,train:46560,awa_Deva
panel2,B,vardial2018/train,awa,L1,train:46561,awa_Deva
panel2,B,vardial2018/train,awa,L1,train:46596,hin_Deva
panel2,B,vardial2018/train,awa,L1,train:46615,awa_Deva
panel2,B,vardial2018/train,awa,L1,train:46640,awa_Deva
panel2,B,vardial2018/train,awa,L1,train:46692,awa_Deva
panel2,B,vardial2018/train,awa,L1,train:46731,awa_Deva
panel2,B,vardial2018/train,awa,L1,train:46742,awa_Deva
panel2,B,vardial2018/train,awa,L1,train:46747,awa_Deva
panel2,B,vardial2018/train,awa,L1,train:46765,anp_Deva
panel2,B,vardial2018/train,awa,L1,train:46790,awa_Deva
panel2,B,vardial2018/train,awa,L1,train:46815,rjs_Deva
panel2,B,vardial2018/train,awa,L1,train:46909,awa_Deva
panel2,B,vardial2018/train,awa,L1,train:46932,anp_Deva
panel2,B,vardial2018/train,awa,L1,train:46967,awa_Deva
panel2,B,vardial2018/train,awa,L1,train:46984,awa_Deva
panel2,B,vardial2018/train,awa,L1,train:47006,hin_Deva
panel2,B,vardial2018/train,awa,L1,train:47028,awa_Deva
panel2,B,vardial2018/train,awa,L1,train:47044,awa_Deva
panel2,B,vardial2018/train,awa,L1,train:47073,hin_Deva
panel2,B,vardial2018/train,awa,L1,train:47077,hin_Deva
panel2,B,vardial2018/train,awa,L1,train:47094,awa_Deva
panel2,B,vardial2018/train,awa,L1,train:47095,awa_Deva
panel2,B,vardial2018/train,awa,L1,train:47117,hin_Deva
panel2,B,vardial2018/train,awa,L1,train:47150,kas_Deva
panel2,B,vardial2018/train,awa,L1,train:47161,awa_Deva
panel2,B,vardial2018/train,awa,L1,train:47196,awa_Deva
panel2,B,vardial2018/train,awa,L1,train:47221,awa_Deva
panel2,B,vardial2018/train,awa,L1,train:47231,doi_Deva
panel2,B,vardial2018/train,awa,L1,train:47232,hin_Deva
panel2,B,vardial2018/train,awa,L1,train:47241,hne_Deva
panel2,B,vardial2018/train,awa,L1,train:47247,awa_Deva
panel2,B,vardial2018/train,awa,L1,train:47272,awa_Deva
panel2,B,vardial2018/train,awa,L1,train:47326,awa_Deva
panel2,B,vardial2018/train,awa,L1,train:47403,awa_Deva
panel2,B,vardial2018/train,awa,L1,train:47564,snd_Deva
panel2,B,vardial2018/train,awa,L1,train:47608,awa_Deva
panel2,B,vardial2018/train,awa,L1,train:47638,awa_Deva
panel2,B,vardial2018/train,awa,L1,train:47643,hin_Deva
panel2,B,vardial2018/train,awa,L1,train:47655,anp_Deva
panel2,B,vardial2018/train,awa,L1,train:47677,awa_Deva
panel2,B,vardial2018/train,awa,L1,train:47684,awa_Deva
panel2,B,vardial2018/train,awa,L1,train:47708,awa_Deva
panel2,B,vardial2018/train,awa,L1,train:47717,awa_Deva
panel2,B,vardial2018/train,awa,L1,train:47720,awa_Deva
panel2,B,vardial2018/train,awa,L1,train:47800,awa_Deva
panel2,B,vardial2018/train,awa,L1,train:47811,awa_Deva
panel2,B,vardial2018/train,awa,L1,train:47844,awa_Deva
panel2,B,vardial2018/train,awa,L1,train:47891,awa_Deva
panel2,B,vardial2018/train,awa,L1,train:47920,mai_Deva
panel2,B,vardial2018/train,awa,L1,train:47979,doi_Deva
panel2,B,vardial2018/train,awa,L1,train:48005,bho_Deva
panel2,B,vardial2018/train,awa,L1,train:48047,hin_Deva
panel2,B,vardial2018/train,awa,L1,train:48084,anp_Deva
panel2,B,vardial2018/train,awa,L1,train:48102,awa_Deva
panel2,B,vardial2018/train,awa,L1,train:48103,awa_Deva
panel2,B,vardial2018/train,awa,L1,train:48117,awa_Deva
panel2,B,vardial2018/train,awa,L1,train:48123,hin_Deva
panel2,B,vardial2018/train,awa,L1,train:48181,awa_Deva
panel2,B,vardial2018/train,awa,L1,train:48227,hin_Deva
panel2,B,vardial2018/train,awa,L1,train:48272,awa_Deva
panel2,B,vardial2018/train,awa,L1,train:48274,hin_Deva
panel2,B,vardial2018/train,awa,L1,train:48300,awa_Deva
panel2,B,vardial2018/train,awa,L1,train:48326,awa_Deva
panel2,B,vardial2018/train,awa,L1,train:48336,awa_Deva
panel2,B,vardial2018/train,awa,L1,train:48365,awa_Deva
panel2,B,vardial2018/train,awa,L1,train:48370,anp_Deva
panel2,B,vardial2018/train,awa,L1,train:48376,awa_Deva
panel2,B,vardial2018/train,awa,L1,train:48385,awa_Deva
panel2,B,vardial2018/train,awa,L1,train:48447,kas_Deva
panel2,B,vardial2018/train,awa,L1,train:48486,awa_Deva
panel2,B,vardial2018/train,awa,L1,train:48505,awa_Deva
panel2,B,vardial2018/train,awa,L1,train:48526,awa_Deva
panel2,B,vardial2018/train,awa,L1,train:48538,awa_Deva
panel2,B,vardial2018/train,awa,L1,train:48578,mai_Deva
panel2,B,vardial2018/train,awa,L1,train:48588,awa_Deva
panel2,B,vardial2018/train,awa,L1,train:48607,doi_Deva
panel2,B,vardial2018/train,awa,L1,train:48608,awa_Deva
panel2,B,vardial2018/train,awa,L1,train:48614,awa_Deva
panel2,B,vardial2018/train,awa,L1,train:48648,awa_Deva
panel2,B,vardial2018/train,awa,L1,train:48651,awa_Deva
panel2,B,vardial2018/train,awa,L1,train:48761,awa_Deva
panel2,B,vardial2018/train,awa,L1,train:48837,hin_Deva
panel2,B,vardial2018/train,awa,L1,train:48843,awa_Deva
panel2,B,vardial2018/train,awa,L1,train:48896,bho_Deva
panel2,B,vardial2018/train,awa,L1,train:48904,anp_Deva
panel2,B,vardial2018/train,awa,L1,train:48914,new_Deva
panel2,B,vardial2018/train,awa,L1,train:48924,hin_Deva
panel2,B,vardial2018/train,awa,L1,train:49004,awa_Deva
panel2,B,vardial2018/train,awa,L1,train:49023,awa_Deva
panel2,B,vardial2018/train,awa,L1,train:49055,awa_Deva
panel2,B,vardial2018/train,awa,L1,train:49070,awa_Deva
panel2,B,vardial2018/train,awa,L1,train:49182,awa_Deva
panel2,B,vardial2018/train,awa,L1,train:49209,bho_Deva
panel2,B,vardial2018/train,awa,L1,train:49247,mai_Deva
panel2,B,vardial2018/train,awa,L1,train:49313,hin_Deva
panel2,B,vardial2018/train,awa,L1,train:49350,awa_Deva
panel2,B,vardial2018/train,awa,L1,train:49371,awa_Deva
panel2,B,vardial2018/train,awa,L1,train:49397,awa_Deva
panel2,B,vardial2018/train,awa,L1,train:49409,awa_Deva
panel2,B,vardial2018/train,awa,L1,train:49489,awa_Deva
panel2,B,vardial2018/train,awa,L1,train:49546,kas_Deva
panel2,B,vardial2018/train,awa,L1,train:49555,awa_Deva
panel2,B,vardial2018/train,awa,L1,train:49593,awa_Deva
panel2,B,vardial2018/train,awa,L1,train:49598,hin_Deva
panel2,B,vardial2018/train,awa,L1,train:49633,awa_Deva
panel2,B,vardial2018/train,awa,L1,train:49638,awa_Deva
panel2,B,vardial2018/train,awa,L1,train:49679,awa_Deva
panel2,B,vardial2018/train,awa,L1,train:49705,awa_Deva
panel2,B,vardial2018/train,awa,L1,train:49707,awa_Deva
panel2,B,vardial2018/train,awa,L1,train:49766,awa_Deva
panel2,B,vardial2018/train,awa,L1,train:49790,bho_Deva
panel2,B,vardial2018/train,awa,L1,train:49791,hin_Deva
panel2,B,vardial2018/train,awa,L1,train:49829,awa_Deva
panel2,B,vardial2018/train,awa,L1,train:49837,awa_Deva
panel2,B,vardial2018/train,awa,L1,train:49842,doi_Deva
panel2,B,vardial2018/train,awa,L1,train:49843,awa_Deva
panel2,B,vardial2018/train,awa,L1,train:49893,mai_Deva
panel2,B,vardial2018/train,awa,L1,train:49909,awa_Deva
panel2,B,vardial2018/train,awa,L1,train:49911,anp_Deva
panel2,B,vardial2018/train,awa,L1,train:49922,mai_Deva
panel2,B,vardial2018/train,awa,L1,train:50151,awa_Deva
panel2,B,vardial2018/train,awa,L1,train:50181,awa_Deva
panel2,B,vardial2018/train,awa,L1,train:50210,awa_Deva
panel2,B,vardial2018/train,awa,L1,train:50212,awa_Deva
panel2,B,vardial2018/train,awa,L1,train:50337,awa_Deva
panel2,B,vardial2018/train,awa,L1,train:50430,awa_Deva
panel2,B,vardial2018/train,awa,L1,train:50458,awa_Deva
panel2,B,vardial2018/train,awa,L1,train:50497,awa_Deva
panel2,B,vardial2018/train,awa,L1,train:50525,awa_Deva
panel2,B,vardial2018/train,awa,L1,train:50529,awa_Deva
panel2,B,vardial2018/train,awa,L1,train:50574,awa_Deva
panel2,B,vardial2018/train,awa,L1,train:50612,hin_Deva
panel2,B,vardial2018/train,awa,L1,train:50620,anp_Deva
panel2,B,vardial2018/train,awa,L1,train:50649,hin_Deva
panel2,B,vardial2018/train,awa,L1,train:50685,awa_Deva
panel2,B,vardial2018/train,awa,L1,train:50700,awa_Deva
panel2,B,vardial2018/train,awa,L1,train:50733,awa_Deva
panel2,B,vardial2018/train,awa,L1,train:50767,hin_Deva
panel2,B,vardial2018/train,awa,L1,train:50806,awa_Deva
panel2,B,vardial2018/train,awa,L1,train:50818,awa_Deva
panel2,B,vardial2018/train,awa,L1,train:50829,awa_Deva
panel2,B,vardial2018/train,awa,L1,train:50836,awa_Deva
panel2,B,vardial2018/train,awa,L1,train:50894,new_Deva
panel2,B,vardial2018/train,awa,L1,train:50939,hin_Deva
panel2,B,vardial2018/train,awa,L1,train:50943,anp_Deva
panel2,B,vardial2018/train,awa,L1,train:50954,awa_Deva
panel2,B,vardial2018/train,awa,L1,train:51025,awa_Deva
panel2,B,vardial2018/train,awa,L1,train:51047,awa_Deva
panel2,B,vardial2018/train,awa,L1,train:51081,awa_Deva
panel2,B,vardial2018/train,awa,L1,train:51218,awa_Deva
panel2,B,vardial2018/train,awa,L1,train:51232,awa_Deva
panel2,B,vardial2018/train,awa,L1,train:51303,awa_Deva
panel2,B,vardial2018/train,awa,L1,train:51428,awa_Deva
panel2,B,vardial2018/train,awa,L1,train:51614,awa_Deva
panel2,B,vardial2018/train,awa,L1,train:51629,awa_Deva
panel2,B,vardial2018/train,awa,L1,train:51700,anp_Deva
panel2,B,vardial2018/train,awa,L1,train:51717,hin_Deva
panel2,B,vardial2018/train,awa,L1,train:51799,awa_Deva
panel2,B,vardial2018/train,awa,L1,train:51851,awa_Deva
panel2,B,vardial2018/train,awa,L1,train:51917,awa_Deva
panel2,B,vardial2018/train,awa,L1,train:51956,mai_Deva
panel2,B,vardial2018/train,awa,L1,train:52018,awa_Deva
panel2,B,vardial2018/train,awa,L1,train:52044,awa_Deva
panel2,B,vardial2018/train,awa,L1,train:52071,awa_Deva
panel2,B,vardial2018/train,awa,L1,train:52115,awa_Deva
panel2,B,vardial2018/train,awa,L1,train:52134,anp_Deva
panel2,B,vardial2018/train,awa,L1,train:52265,awa_Deva
panel2,B,vardial2018/train,awa,L1,train:52281,awa_Deva
panel2,B,vardial2018/train,awa,L1,train:52312,new_Deva
panel2,B,vardial2018/train,awa,L1,train:52348,anp_Deva
panel2,B,vardial2018/train,awa,L1,train:52371,mai_Deva
panel2,B,vardial2018/train,awa,L1,train:52390,kas_Deva
panel2,B,vardial2018/train,awa,L1,train:52448,awa_Deva
panel2,B,vardial2018/train,awa,L1,train:52489,hin_Deva
panel2,B,vardial2018/train,awa,L1,train:52512,awa_Deva
panel2,B,vardial2018/train,awa,L1,train:52527,kas_Deva
panel2,B,vardial2018/train,awa,L1,train:52540,hne_Deva
panel2,B,vardial2018/train,awa,L1,train:52588,awa_Deva
panel2,B,vardial2018/train,awa,L1,train:52614,hin_Deva
panel2,B,vardial2018/train,awa,L1,train:52631,awa_Deva
panel2,B,vardial2018/train,awa,L1,train:52635,awa_Deva
panel2,B,vardial2018/train,awa,L1,train:52655,hin_Deva
panel2,B,vardial2018/train,awa,L1,train:52681,awa_Deva
panel2,B,vardial2018/train,awa,L1,train:52719,anp_Deva
panel2,B,vardial2018/train,awa,L1,train:52771,kas_Deva
panel2,B,vardial2018/train,awa,L1,train:52783,npi_Deva
panel2,B,vardial2018/train,awa,L1,train:52800,awa_Deva
panel2,B,vardial2018/train,awa,L1,train:52815,awa_Deva
panel2,B,vardial2018/train,awa,L1,train:52838,npi_Deva
panel2,B,vardial2018/train,awa,L1,train:52897,awa_Deva
panel2,B,vardial2018/train,awa,L1,train:52905,awa_Deva
panel2,B,vardial2018/train,awa,L1,train:52908,hin_Deva
panel2,B,vardial2018/train,awa,L1,train:52917,awa_Deva
panel2,B,vardial2018/train,awa,L1,train:52964,awa_Deva
panel2,B,vardial2018/train,awa,L1,train:52965,hin_Deva
panel2,B,vardial2018/train,awa,L1,train:52992,san_Deva
panel2,B,vardial2018/train,awa,L1,train:53021,hin_Deva
panel2,B,vardial2018/train,awa,L1,train:53037,hin_Deva
panel2,B,vardial2018/train,awa,L1,train:53042,awa_Deva
panel2,B,vardial2018/train,awa,L1,train:53048,awa_Deva
panel2,B,vardial2018/train,awa,L1,train:53052,awa_Deva
panel2,B,vardial2018/train,awa,L1,train:53126,awa_Deva
panel2,B,vardial2018/train,awa,L1,train:53181,anp_Deva
panel2,B,vardial2018/train,awa,L1,train:53182,doi_Deva
panel2,B,vardial2018/train,awa,L1,train:53196,awa_Deva
panel2,B,vardial2018/train,awa,L1,train:53200,hin_Deva
panel2,B,vardial2018/train,awa,L1,train:53332,hin_Deva
panel2,B,vardial2018/train,awa,L1,train:53344,awa_Deva
panel2,B,vardial2018/train,awa,L1,train:53380,awa_Deva
panel2,B,vardial2018/train,awa,L1,train:53458,awa_Deva
panel2,B,vardial2018/train,awa,L1,train:53468,mup_Deva
panel2,B,vardial2018/train,awa,L1,train:53473,awa_Deva
panel2,B,vardial2018/train,awa,L1,train:53512,awa_Deva
panel2,B,vardial2018/train,awa,L1,train:53563,awa_Deva
panel2,B,vardial2018/train,awa,L1,train:53602,awa_Deva
panel2,B,vardial2018/train,awa,L1,train:53621,awa_Deva
panel2,B,vardial2018/train,awa,L1,train:53632,hin_Deva
panel2,B,vardial2018/train,awa,L1,train:53636,awa_Deva
panel2,B,vardial2018/train,awa,L1,train:53657,awa_Deva
panel2,B,vardial2018/train,awa,L1,train:53716,hne_Deva
panel2,B,vardial2018/train,awa,L1,train:53719,anp_Deva
panel2,B,vardial2018/train,awa,L1,train:53726,mag_Deva
panel2,B,vardial2018/train,awa,L1,train:53731,awa_Deva
panel2,B,vardial2018/train,awa,L1,train:53747,doi_Deva
panel2,B,vardial2018/train,awa,L1,train:53866,awa_Deva
panel2,B,vardial2018/train,awa,L1,train:53953,awa_Deva
panel2,B,vardial2018/train,awa,L1,train:53981,awa_Deva
panel2,B,vardial2018/train,awa,L1,train:54000,awa_Deva
panel2,B,vardial2018/train,awa,L1,train:54007,awa_Deva
panel2,B,vardial2018/train,awa,L1,train:54023,awa_Deva
panel2,B,vardial2018/train,awa,L1,train:54079,awa_Deva
panel2,B,vardial2018/train,awa,L1,train:54099,mai_Deva
panel2,B,vardial2018/train,awa,L1,train:54164,awa_Deva
panel2,B,vardial2018/train,awa,L1,train:54185,awa_Deva
panel2,B,vardial2018/train,awa,L1,train:54228,awa_Deva
panel2,B,vardial2018/train,awa,L1,train:54277,awa_Deva
panel2,B,vardial2018/train,awa,L1,train:54448,awa_Deva
panel2,B,vardial2018/train,awa,L1,train:54460,bho_Deva
panel2,B,vardial2018/train,awa,L1,train:54465,awa_Deva
panel2,B,vardial2018/train,awa,L1,train:54470,awa_Deva
panel2,B,vardial2018/train,awa,L1,train:54491,anp_Deva
panel2,B,vardial2018/train,awa,L1,train:54532,awa_Deva
panel2,B,vardial2018/train,awa,L1,train:54544,awa_Deva
panel2,B,vardial2018/train,awa,L1,train:54595,awa_Deva
panel2,B,vardial2018/train,awa,L1,train:54604,awa_Deva
panel2,B,vardial2018/train,awa,L1,train:54653,kru_Deva
panel2,B,vardial2018/train,awa,L1,train:54696,awa_Deva
panel2,B,vardial2018/train,awa,L1,train:54729,awa_Deva
panel2,B,vardial2018/train,awa,L1,train:54736,kas_Deva
panel2,B,vardial2018/train,awa,L1,train:54743,awa_Deva
panel2,B,vardial2018/train,awa,L1,train:54758,awa_Deva
panel2,B,vardial2018/train,awa,L1,train:54832,awa_Deva
panel2,B,vardial2018/train,awa,L1,train:54838,awa_Deva
panel2,B,vardial2018/train,awa,L1,train:54939,awa_Deva
panel2,B,vardial2018/train,awa,L1,train:54964,awa_Deva
panel2,B,vardial2018/train,awa,L1,train:54984,awa_Deva
panel2,B,vardial2018/train,awa,L1,train:55015,awa_Deva
panel2,B,vardial2018/train,awa,L1,train:55038,hin_Deva
panel2,B,vardial2018/train,awa,L1,train:55045,awa_Deva
panel2,B,vardial2018/train,awa,L1,train:55074,hin_Deva
panel2,B,vardial2018/train,awa,L1,train:55137,hin_Deva
panel2,B,vardial2018/train,awa,L1,train:55142,awa_Deva
panel2,B,vardial2018/train,awa,L1,train:55161,awa_Deva
panel2,B,vardial2018/train,awa,L1,train:55196,hin_Deva
panel2,B,vardial2018/train,awa,L1,train:55205,bho_Deva
panel2,B,vardial2018/train,awa,L1,train:55216,hin_Deva
panel2,B,vardial2018/train,awa,L1,train:55232,hin_Deva
panel2,B,vardial2018/train,awa,L1,train:55263,bho_Deva
panel2,B,vardial2018/train,awa,L1,train:55309,awa_Deva
panel2,B,vardial2018/train,awa,L1,train:55397,anp_Deva
panel2,B,vardial2018/train,awa,L1,train:55444,awa_Deva
panel2,B,vardial2018/train,awa,L1,train:55448,hin_Deva
panel2,B,vardial2018/train,awa,L1,train:55500,awa_Deva
panel2,B,vardial2018/train,awa,L1,train:55617,anp_Deva
panel2,B,vardial2018/train,awa,L1,train:55623,awa_Deva
panel2,B,vardial2018/train,awa,L1,train:55660,awa_Deva
panel2,B,vardial2018/train,awa,L1,train:55665,mag_Deva
panel2,B,vardial2018/train,awa,L1,train:55693,awa_Deva
panel2,B,vardial2018/train,awa,L1,train:55698,awa_Deva
panel2,B,vardial2018/train,awa,L1,train:55727,awa_Deva
panel2,B,vardial2018/train,awa,L1,train:55741,awa_Deva
panel2,B,vardial2018/train,awa,L1,train:55744,awa_Deva
panel2,B,vardial2018/train,awa,L1,train:55807,awa_Deva
panel2,B,vardial2018/train,awa,L1,train:55870,awa_Deva
panel2,B,vardial2018/train,awa,L1,train:55890,anp_Deva
panel2,B,vardial2018/train,awa,L1,train:55905,awa_Deva
panel2,B,vardial2018/train,awa,L1,train:55993,awa_Deva
panel2,B,vardial2018/train,awa,L1,train:56066,awa_Deva
panel2,B,vardial2018/train,awa,L1,train:56069,awa_Deva
panel2,B,vardial2018/train,awa,L1,train:56106,awa_Deva
panel2,B,vardial2018/train,awa,L1,train:56116,awa_Deva
panel2,B,vardial2018/train,awa,L1,train:56137,awa_Deva
panel2,B,vardial2018/train,awa,L1,train:56162,awa_Deva
panel2,B,vardial2018/train,awa,L1,train:56167,hin_Deva
panel2,B,vardial2018/train,awa,L1,train:56169,awa_Deva
panel2,B,vardial2018/train,awa,L1,train:56184,npi_Deva
panel2,B,vardial2018/train,awa,L1,train:56205,awa_Deva
panel2,B,vardial2018/train,awa,L1,train:56295,awa_Deva
panel2,B,vardial2018/train,awa,L1,train:56348,awa_Deva
panel2,B,vardial2018/train,awa,L1,train:56440,mag_Deva
panel2,B,vardial2018/train,awa,L1,train:56528,new_Deva
panel2,B,vardial2018/train,awa,L1,train:56555,awa_Deva
panel2,B,vardial2018/train,awa,L1,train:56564,awa_Deva
panel2,B,vardial2018/train,awa,L1,train:56659,awa_Deva
panel2,B,vardial2018/train,awa,L1,train:56664,awa_Deva
panel2,B,vardial2018/train,awa,L1,train:56695,awa_Deva
panel2,B,vardial2018/train,awa,L1,train:56744,awa_Deva
panel2,B,vardial2018/train,awa,L1,train:56747,mai_Deva
panel2,B,vardial2018/train,awa,L1,train:56752,hne_Deva
panel2,B,vardial2018/train,awa,L1,train:56797,awa_Deva
panel2,B,vardial2018/train,awa,L1,train:56802,awa_Deva
panel2,B,vardial2018/train,awa,L1,train:56828,awa_Deva
panel2,B,vardial2018/train,awa,L1,train:56874,anp_Deva
panel2,B,vardial2018/train,awa,L1,train:56903,new_Deva
panel2,B,vardial2018/train,awa,L1,train:56919,awa_Deva
panel2,B,vardial2018/train,awa,L1,train:56920,anp_Deva
panel2,B,vardial2018/train,awa,L1,train:56925,awa_Deva
panel2,B,vardial2018/train,awa,L1,train:56927,kas_Deva
panel2,B,vardial2018/train,awa,L1,train:56951,new_Deva
panel2,B,vardial2018/train,awa,L1,train:56988,awa_Deva
panel2,B,vardial2018/train,awa,L1,train:56992,hin_Deva
panel2,B,vardial2018/train,awa,L1,train:56998,hin_Deva
panel2,B,vardial2018/train,awa,L1,train:57034,awa_Deva
panel2,B,vardial2018/train,awa,L1,train:57082,awa_Deva
panel2,B,vardial2018/train,awa,L1,train:57101,awa_Deva
panel2,B,vardial2018/train,awa,L1,train:57120,kru_Deva
panel2,B,vardial2018/train,awa,L1,train:57130,new_Deva
panel2,B,vardial2018/train,awa,L1,train:57148,awa_Deva
panel2,B,vardial2018/train,awa,L1,train:57156,awa_Deva
panel2,B,vardial2018/train,awa,L1,train:57181,hin_Deva
panel2,B,vardial2018/train,awa,L1,train:57206,awa_Deva
panel2,B,vardial2018/train,awa,L1,train:57211,mai_Deva
panel2,B,vardial2018/train,awa,L1,train:57272,awa_Deva
panel2,B,vardial2018/train,awa,L1,train:57300,awa_Deva
panel2,B,vardial2018/train,awa,L1,train:57323,awa_Deva
panel2,B,vardial2018/train,awa,L1,train:57338,doi_Deva
panel2,B,vardial2018/train,awa,L1,train:57380,hin_Deva
panel2,B,vardial2018/train,awa,L1,train:57416,awa_Deva
panel2,B,vardial2018/train,awa,L1,train:57499,awa_Deva
panel2,B,vardial2018/train,awa,L1,train:57501,anp_Deva
panel2,B,vardial2018/train,awa,L1,train:57502,awa_Deva
panel2,B,vardial2018/train,awa,L1,train:57521,awa_Deva
panel2,B,vardial2018/train,awa,L1,train:57524,hin_Deva
panel2,B,vardial2018/train,awa,L1,train:57533,awa_Deva
panel2,B,vardial2018/train,awa,L1,train:57574,awa_Deva
panel2,B,vardial2018/train,awa,L1,train:57776,mai_Deva
panel2,B,vardial2018/train,awa,L1,train:57871,awa_Deva
panel2,B,vardial2018/train,awa,L1,train:57888,awa_Deva
panel2,B,vardial2018/train,awa,L1,train:57900,hin_Deva
panel2,B,vardial2018/train,awa,L1,train:57905,awa_Deva
panel2,B,vardial2018/train,awa,L1,train:58005,anp_Deva
panel2,B,vardial2018/train,awa,L1,train:58036,awa_Deva
panel2,B,vardial2018/train,awa,L1,train:58038,awa_Deva
panel2,B,vardial2018/train,awa,L1,train:58091,mai_Deva
panel2,B,vardial2018/train,awa,L1,train:58098,awa_Deva
panel2,B,vardial2018/train,awa,L1,train:58121,awa_Deva
panel2,B,vardial2018/train,awa,L1,train:58131,awa_Deva
panel2,B,vardial2018/train,awa,L1,train:58136,awa_Deva
panel2,B,vardial2018/train,awa,L1,train:58156,hin_Deva
panel2,B,vardial2018/train,awa,L1,train:58167,awa_Deva
panel2,B,vardial2018/train,awa,L1,train:58187,hin_Deva
panel2,B,vardial2018/train,awa,L1,train:58198,kas_Deva
panel2,B,vardial2018/train,awa,L1,train:58268,awa_Deva
panel2,B,vardial2018/train,awa,L1,train:58315,brx_Deva
panel2,B,vardial2018/train,awa,L1,train:58353,awa_Deva
panel2,B,vardial2018/train,awa,L1,train:58463,awa_Deva
panel2,B,vardial2018/train,awa,L1,train:58655,hin_Deva
panel2,B,vardial2018/train,awa,L1,train:58663,awa_Deva
panel2,B,vardial2018/train,awa,L1,train:58675,awa_Deva
panel2,B,vardial2018/train,awa,L1,train:58681,awa_Deva
panel2,B,vardial2018/train,awa,L1,train:58748,awa_Deva
panel2,B,vardial2018/train,awa,L1,train:58751,hin_Deva
panel2,B,vardial2018/train,awa,L1,train:58779,mup_Deva
panel2,B,vardial2018/train,awa,L1,train:58800,mai_Deva
panel2,B,vardial2018/train,awa,L1,train:58820,hin_Deva
panel2,B,vardial2018/train,awa,L1,train:58846,awa_Deva
panel2,B,vardial2018/train,awa,L1,train:58873,awa_Deva
panel2,B,vardial2018/train,awa,L1,train:59009,hin_Deva
panel2,B,vardial2018/train,awa,L1,train:59059,awa_Deva
panel2,B,vardial2018/train,awa,L1,train:59070,hin_Deva
panel2,B,vardial2018/train,awa,L1,train:59079,awa_Deva
panel2,B,vardial2018/train,awa,L1,train:59147,awa_Deva
panel2,B,vardial2018/train,awa,L1,train:59182,awa_Deva
panel2,B,vardial2018/train,awa,L1,train:59288,awa_Deva
panel2,B,vardial2018/train,awa,L1,train:59332,awa_Deva
panel2,B,vardial2018/train,awa,L1,train:59388,awa_Deva
panel2,B,vardial2018/train,awa,L1,train:59394,awa_Deva
panel2,B,vardial2018/train,awa,L1,train:59414,awa_Deva
panel2,B,vardial2018/train,awa,L1,train:59419,bho_Deva
panel2,B,vardial2018/train,awa,L1,train:59434,anp_Deva
panel2,B,vardial2018/train,awa,L1,train:59525,awa_Deva
panel2,B,vardial2018/train,awa,L1,train:59530,awa_Deva
panel2,B,vardial2018/train,awa,L1,train:59548,hin_Deva
panel2,B,vardial2018/train,awa,L1,train:59622,hin_Deva
panel2,B,vardial2018/train,awa,L1,train:59634,hin_Deva
panel2,B,vardial2018/train,awa,L1,train:59637,hin_Deva
panel2,B,vardial2018/train,awa,L1,train:59660,awa_Deva
panel2,B,vardial2018/train,awa,L1,train:59711,awa_Deva
panel2,B,vardial2018/train,awa,L1,train:59713,awa_Deva
panel2,B,vardial2018/train,awa,L1,train:59738,awa_Deva
panel2,B,vardial2018/train,awa,L1,train:59774,kru_Deva
panel2,B,vardial2018/train,awa,L1,train:59800,mag_Deva
panel2,B,vardial2018/train,awa,L1,train:59857,awa_Deva
panel2,B,vardial2018/train,awa,L1,train:59859,awa_Deva
panel2,B,vardial2018/train,awa,L1,train:59873,anp_Deva
panel2,B,vardial2018/train,awa,L1,train:59905,hin_Deva
panel2,B,vardial2018/train,awa,L1,train:59913,bho_Deva
panel2,B,vardial2018/train,awa,L1,train:59957,awa_Deva
panel2,B,vardial2018/train,awa,L1,train:59960,awa_Deva
panel2,B,vardial2018/train,awa,L1,train:59963,awa_Deva
panel2,B,vardial2018/train,awa,L1,train:59995,hne_Deva
panel2,B,vardial2018/train,awa,L1,train:60073,awa_Deva
panel2,B,vardial2018/train,awa,L1,train:60075,awa_Deva
panel2,B,vardial2018/train,awa,L1,train:60107,awa_Deva
panel2,B,vardial2018/train,awa,L1,train:60170,awa_Deva
panel2,B,vardial2018/train,awa,L1,train:60173,hin_Deva
panel2,B,vardial2018/train,awa,L1,train:60273,awa_Deva
panel2,B,vardial2018/train,awa,L1,train:60313,awa_Deva
panel2,B,vardial2018/train,awa,L1,train:60335,awa_Deva
panel2,B,vardial2018/train,awa,L1,train:60350,awa_Deva
panel2,B,vardial2018/train,awa,L1,train:60419,hin_Deva
panel2,B,vardial2018/train,awa,L1,train:60451,hin_Deva
panel2,B,vardial2018/train,awa,L1,train:60465,hin_Deva
panel2,B,vardial2018/train,awa,L1,train:60518,mai_Deva
panel2,B,vardial2018/train,awa,L1,train:60534,awa_Deva
panel2,B,vardial2018/train,awa,L1,train:60622,awa_Deva
panel2,B,vardial2018/train,awa,L1,train:60643,awa_Deva
panel2,B,vardial2018/train,awa,L1,train:60677,awa_Deva
panel2,B,vardial2018/train,awa,L1,train:60717,bho_Deva
panel2,B,vardial2018/train,awa,L1,train:60726,hin_Deva
panel2,B,vardial2018/train,awa,L1,train:60739,awa_Deva
panel2,B,vardial2018/train,awa,L1,train:60750,awa_Deva
panel2,B,vardial2018/train,awa,L1,train:60783,kas_Deva
panel2,B,vardial2018/train,awa,L1,train:60791,hin_Deva
panel2,B,vardial2018/train,awa,L1,train:60944,awa_Deva
panel2,B,vardial2018/train,awa,L1,train:60954,hin_Deva
panel2,B,vardial2018/train,awa,L1,train:60962,hin_Deva
panel2,B,vardial2018/train,awa,L1,train:60983,doi_Deva
panel2,B,vardial2018/train,awa,L1,train:61009,awa_Deva
panel2,B,vardial2018/train,awa,L1,train:61125,kas_Deva
panel2,B,vardial2018/train,awa,L1,train:61208,awa_Deva
panel2,B,vardial2018/train,awa,L1,train:61223,hin_Deva
panel2,B,vardial2018/train,awa,L1,train:61227,awa_Deva
panel2,B,vardial2018/train,awa,L1,train:61303,suz_Deva
panel2,B,vardial2018/train,awa,L1,train:61317,awa_Deva
panel2,B,vardial2018/train,awa,L1,train:61323,mag_Deva
panel2,B,vardial2018/train,awa,L1,train:61374,awa_Deva
panel2,B,vardial2018/train,awa,L1,train:61404,kas_Deva
panel2,B,vardial2018/train,awa,L1,train:61438,awa_Deva
panel2,B,vardial2018/train,awa,L1,train:61460,awa_Deva
panel2,B,vardial2018/train,awa,L1,train:61580,mag_Deva
panel2,B,vardial2018/train,awa,L1,train:61658,bho_Deva
panel2,B,vardial2018/train,awa,L1,train:61685,awa_Deva
panel2,B,vardial2018/train,awa,L1,train:61693,mai_Deva
panel2,B,vardial2018/train,awa,L1,train:61722,awa_Deva
panel2,B,vardial2018/train,awa,L1,train:61749,mai_Deva
panel2,B,vardial2018/train,awa,L1,train:61751,hin_Deva
panel2,B,vardial2018/train,awa,L1,train:61753,awa_Deva
panel2,B,vardial2018/train,awa,L1,train:61768,awa_Deva
panel2,B,vardial2018/train,awa,L1,train:61799,awa_Deva
panel2,B,vardial2018/train,awa,L1,train:61845,awa_Deva
panel2,B,vardial2018/train,awa,L1,train:61905,awa_Deva
panel2,B,vardial2018/train,awa,L1,train:61946,awa_Deva
panel2,B,vardial2018/train,awa,L1,train:61963,awa_Deva
panel2,B,vardial2018/train,awa,L1,train:61989,awa_Deva
panel2,B,vardial2018/train,awa,L1,train:62036,awa_Deva
panel2,B,vardial2018/train,awa,L1,train:62072,awa_Deva
panel2,B,vardial2018/train,awa,L1,train:62081,awa_Deva
panel2,B,vardial2018/train,awa,L1,train:62088,awa_Deva
panel2,B,vardial2018/train,awa,L1,train:62098,bho_Deva
panel2,B,vardial2018/train,awa,L1,train:62107,awa_Deva
panel2,B,vardial2018/train,awa,L1,train:62129,awa_Deva
panel2,B,vardial2018/train,awa,L1,train:62170,awa_Deva
panel2,B,vardial2018/train,awa,L1,train:62172,awa_Deva
panel2,B,vardial2018/train,awa,L1,train:62199,awa_Deva
panel2,B,vardial2018/train,awa,L1,train:62200,awa_Deva
panel2,B,vardial2018/train,awa,L1,train:62203,awa_Deva
panel2,B,vardial2018/train,awa,L1,train:62221,awa_Deva
panel2,B,vardial2018/train,awa,L1,train:62291,awa_Deva
panel2,B,vardial2018/train,awa,L1,train:62297,awa_Deva
panel2,B,vardial2018/train,awa,L1,train:62416,awa_Deva
panel2,B,vardial2018/train,awa,L1,train:62465,awa_Deva
panel2,B,vardial2018/train,awa,L1,train:62469,hin_Deva
panel2,B,vardial2018/train,awa,L1,train:62524,hin_Deva
panel2,B,vardial2018/train,awa,L1,train:62714,bho_Deva
panel2,B,vardial2018/train,awa,L1,train:62739,hin_Deva
panel2,B,vardial2018/train,awa,L1,train:62768,awa_Deva
panel2,B,vardial2018/train,awa,L1,train:62860,doi_Deva
panel2,B,vardial2018/train,awa,L1,train:62901,awa_Deva
panel2,B,vardial2018/train,awa,L1,train:62998,awa_Deva
panel2,B,vardial2018/train,awa,L1,train:63007,npi_Deva
panel2,B,vardial2018/train,awa,L1,train:63020,anp_Deva
panel2,B,vardial2018/train,awa,L1,train:63090,hin_Deva
panel2,B,vardial2018/train,awa,L1,train:63163,awa_Deva
panel2,B,vardial2018/train,awa,L1,train:63193,awa_Deva
panel2,B,vardial2018/train,awa,L1,train:63229,awa_Deva
panel2,B,vardial2018/train,awa,L1,train:63318,awa_Deva
panel2,B,vardial2018/train,awa,L1,train:63327,awa_Deva
panel2,B,vardial2018/train,awa,L1,train:63349,awa_Deva
panel2,B,vardial2018/train,awa,L1,train:63413,mai_Deva
panel2,B,vardial2018/train,awa,L1,train:63431,awa_Deva
panel2,B,vardial2018/train,awa,L1,train:63455,hin_Deva
panel2,B,vardial2018/train,awa,L1,train:63459,awa_Deva
panel2,B,vardial2018/train,awa,L1,train:63475,hin_Deva
panel2,B,vardial2018/train,awa,L1,train:63523,awa_Deva
panel2,B,vardial2018/train,awa,L1,train:63525,hin_Deva
panel2,B,vardial2018/train,awa,L1,train:63540,bho_Deva
panel2,B,vardial2018/train,awa,L1,train:63633,brx_Deva
panel2,B,vardial2018/train,awa,L1,train:63662,awa_Deva
panel2,B,vardial2018/train,awa,L1,train:63693,awa_Deva
panel2,B,vardial2018/train,awa,L1,train:63724,awa_Deva
panel2,B,vardial2018/train,awa,L1,train:63727,awa_Deva
panel2,B,vardial2018/train,awa,L1,train:63741,awa_Deva
panel2,B,vardial2018/train,awa,L1,train:63804,awa_Deva
panel2,B,vardial2018/train,awa,L1,train:63811,awa_Deva
panel2,B,vardial2018/train,awa,L1,train:63814,awa_Deva
panel2,B,vardial2018/train,awa,L1,train:63868,kas_Deva
panel2,B,vardial2018/train,awa,L1,train:63911,awa_Deva
panel2,B,vardial2018/train,awa,L1,train:63935,awa_Deva
panel2,B,vardial2018/train,awa,L1,train:63945,npi_Deva
panel2,B,vardial2018/train,awa,L1,train:63975,hin_Deva
panel2,B,vardial2018/train,awa,L1,train:63976,awa_Deva
panel2,B,vardial2018/train,awa,L1,train:64006,awa_Deva
panel2,B,vardial2018/train,awa,L1,train:64030,awa_Deva
panel2,B,vardial2018/train,awa,L1,train:64044,awa_Deva
panel2,B,vardial2018/train,awa,L1,train:64046,doi_Deva
panel2,B,vardial2018/train,awa,L1,train:64103,awa_Deva
panel2,B,vardial2018/train,awa,L1,train:64128,awa_Deva
panel2,B,vardial2018/train,awa,L1,train:64152,awa_Deva
panel2,B,vardial2018/train,awa,L1,train:64207,hin_Deva
panel2,B,vardial2018/train,awa,L1,train:64252,awa_Deva
panel2,B,vardial2018/train,awa,L1,train:64260,awa_Deva
panel2,B,vardial2018/train,awa,L1,train:64307,anp_Deva
panel2,B,vardial2018/train,awa,L1,train:64328,awa_Deva
panel2,B,vardial2018/train,awa,L1,train:64332,bho_Deva
panel2,B,vardial2018/train,awa,L1,train:64402,awa_Deva
panel2,B,vardial2018/train,awa,L1,train:64484,hin_Deva
panel2,B,vardial2018/train,awa,L1,train:64514,awa_Deva
panel2,B,vardial2018/train,awa,L1,train:64543,mai_Deva
panel2,B,vardial2018/train,awa,L1,train:64544,awa_Deva
panel2,B,vardial2018/train,awa,L1,train:64547,awa_Deva
panel2,B,vardial2018/train,awa,L1,train:64622,awa_Deva
panel2,B,vardial2018/train,awa,L1,train:64638,hin_Deva
panel2,B,vardial2018/train,awa,L1,train:64645,awa_Deva
panel2,B,vardial2018/train,awa,L1,train:64816,awa_Deva
panel2,B,vardial2018/train,awa,L1,train:64848,doi_Deva
panel2,B,vardial2018/train,awa,L1,train:64869,awa_Deva
panel2,B,vardial2018/train,awa,L1,train:64918,anp_Deva
panel2,B,vardial2018/train,awa,L1,train:64946,hin_Deva
panel2,B,vardial2018/train,awa,L1,train:65002,awa_Deva
panel2,B,vardial2018/train,awa,L1,train:65014,hin_Deva
panel2,B,vardial2018/train,awa,L1,train:65092,awa_Deva
panel2,B,vardial2018/train,awa,L1,train:65181,awa_Deva
panel2,B,vardial2018/train,awa,L1,train:65194,hin_Deva
panel2,B,vardial2018/train,awa,L1,train:65241,awa_Deva
panel2,B,vardial2018/train,awa,L1,train:65243,awa_Deva
panel2,B,vardial2018/train,awa,L1,train:65246,awa_Deva
panel2,B,vardial2018/train,awa,L1,train:65407,awa_Deva
panel2,B,vardial2018/train,awa,L1,train:65412,awa_Deva
panel2,B,vardial2018/train,awa,L1,train:65442,ghe_Deva
panel2,B,vardial2018/train,awa,L1,train:65463,awa_Deva
panel2,B,vardial2018/train,awa,L1,train:65500,hin_Deva
panel2,B,vardial2018/train,awa,L1,train:65525,bho_Deva
panel2,B,vardial2018/train,awa,L1,train:65542,awa_Deva
panel2,B,vardial2018/train,awa,L1,train:65624,awa_Deva
panel2,B,vardial2018/train,awa,L1,train:65626,hin_Deva
panel2,B,vardial2018/train,awa,L1,train:65663,awa_Deva
panel2,B,vardial2018/train,awa,L1,train:65729,awa_Deva
panel2,B,vardial2018/train,awa,L1,train:65732,awa_Deva
panel2,B,vardial2018/train,awa,L1,train:65741,awa_Deva
panel2,B,vardial2018/train,awa,L1,train:65831,anp_Deva
panel2,B,vardial2018/train,awa,L1,train:65929,awa_Deva
panel2,B,vardial2018/train,awa,L1,train:65950,san_Deva
panel2,B,vardial2018/train,awa,L1,train:65959,mar_Deva
panel2,B,vardial2018/train,awa,L1,train:66016,hin_Deva
panel2,B,vardial2018/train,awa,L1,train:66082,awa_Deva
panel2,B,vardial2018/train,awa,L1,train:66169,awa_Deva
panel2,B,vardial2018/train,awa,L1,train:66173,awa_Deva
panel2,B,vardial2018/train,awa,L1,train:66254,awa_Deva
panel2,B,vardial2018/train,awa,L1,train:66291,awa_Deva
panel2,B,vardial2018/train,awa,L1,train:66415,hin_Deva
panel2,B,vardial2018/train,awa,L1,train:66430,awa_Deva
panel2,B,vardial2018/train,awa,L1,train:66468,ghe_Deva
panel2,B,vardial2018/train,awa,L1,train:66488,awa_Deva
panel2,B,vardial2018/train,awa,L1,train:66515,ghe_Deva
panel2,B,vardial2018/train,awa,L1,train:66521,awa_Deva
panel2,B,vardial2018/train,awa,L1,train:66601,awa_Deva
panel2,B,vardial2018/train,awa,L1,train:66620,awa_Deva
panel2,B,vardial2018/train,awa,L1,train:66665,awa_Deva
panel2,B,vardial2018/train,awa,L1,train:66784,awa_Deva
panel2,B,vardial2018/train,awa,L1,train:66793,awa_Deva
panel2,B,vardial2018/train,awa,L1,train:66796,awa_Deva
panel2,B,vardial2018/train,awa,L1,train:66809,awa_Deva
panel2,B,vardial2018/train,awa,L1,train:66829,hin_Deva
panel2,B,vardial2018/train,awa,L1,train:66905,awa_Deva
panel2,B,vardial2018/train,awa,L1,train:66922,mai_Deva
panel2,B,vardial2018/train,awa,L1,train:66956,awa_Deva
panel2,B,vardial2018/train,awa,L1,train:67011,awa_Deva
panel2,B,vardial2018/train,awa,L1,train:67042,hin_Deva
panel2,B,vardial2018/train,awa,L1,train:67137,awa_Deva
panel2,B,vardial2018/train,awa,L1,train:67167,snd_Deva
panel2,B,vardial2018/train,awa,L1,train:67195,mai_Deva
panel2,B,vardial2018/train,awa,L1,train:67198,awa_Deva
panel2,B,vardial2018/train,awa,L1,train:67267,awa_Deva
panel2,B,vardial2018/train,awa,L1,train:67277,awa_Deva
panel2,B,vardial2018/train,awa,L1,train:67303,awa_Deva
panel2,B,vardial2018/train,awa,L1,train:67309,hin_Deva
panel2,B,vardial2018/train,awa,L1,train:67314,awa_Deva
panel2,B,vardial2018/train,awa,L1,train:67344,hin_Deva
panel2,B,vardial2018/train,awa,L1,train:67411,awa_Deva
panel2,B,vardial2018/train,awa,L1,train:67424,hin_Deva
panel2,B,vardial2018/train,awa,L1,train:67512,hin_Deva
panel2,B,vardial2018/train,awa,L1,train:67526,awa_Deva
panel2,B,vardial2018/train,awa,L1,train:67573,anp_Deva
panel2,B,vardial2018/train,awa,L1,train:67652,awa_Deva
panel2,B,vardial2018/train,awa,L1,train:67653,awa_Deva
panel2,B,vardial2018/train,awa,L1,train:67726,hin_Deva
panel2,B,vardial2018/train,awa,L1,train:67742,awa_Deva
panel2,B,vardial2018/train,awa,L1,train:67743,awa_Deva
panel2,B,vardial2018/train,awa,L1,train:67749,awa_Deva
panel2,B,vardial2018/train,awa,L1,train:67771,anp_Deva
panel2,B,vardial2018/train,awa,L1,train:67859,awa_Deva
panel2,B,vardial2018/train,awa,L1,train:67882,awa_Deva
panel2,B,vardial2018/train,awa,L1,train:67905,awa_Deva
panel2,B,vardial2018/train,awa,L1,train:67935,awa_Deva
panel2,B,vardial2018/train,awa,L1,train:67940,hin_Deva
panel2,B,vardial2018/train,awa,L1,train:67968,kas_Deva
panel2,B,vardial2018/train,awa,L1,train:67986,awa_Deva
panel2,B,vardial2018/train,awa,L1,train:67995,awa_Deva
panel2,B,vardial2018/train,awa,L1,train:68073,awa_Deva
panel2,B,vardial2018/train,awa,L1,train:68136,bho_Deva
panel2,B,vardial2018/train,awa,L1,train:68142,hin_Deva
panel2,B,vardial2018/train,awa,L1,train:68177,hin_Deva
panel2,B,vardial2018/train,awa,L1,train:68189,awa_Deva
panel2,B,vardial2018/train,awa,L1,train:68217,awa_Deva
panel2,B,vardial2018/train,awa,L1,train:68267,awa_Deva
panel2,B,vardial2018/train,awa,L1,train:68313,awa_Deva
panel2,B,vardial2018/train,awa,L1,train:68466,awa_Deva
panel2,B,vardial2018/train,awa,L1,train:68514,mag_Deva
panel2,B,vardial2018/train,awa,L1,train:68517,awa_Deva
panel2,B,vardial2018/train,awa,L1,train:68524,mai_Deva
panel2,B,vardial2018/train,awa,L1,train:68538,awa_Deva
panel2,B,vardial2018/train,awa,L1,train:68543,anp_Deva
panel2,B,vardial2018/train,awa,L1,train:68553,awa_Deva
panel2,B,vardial2018/train,awa,L1,train:68778,awa_Deva
panel2,B,vardial2018/train,awa,L1,train:68796,hin_Deva
panel2,B,vardial2018/train,awa,L1,train:68816,awa_Deva
panel2,B,vardial2018/train,awa,L1,train:68818,awa_Deva
panel2,B,vardial2018/train,awa,L1,train:68820,awa_Deva
panel2,B,vardial2018/train,awa,L1,train:68913,hin_Deva
panel2,B,vardial2018/train,awa,L1,train:68918,awa_Deva
panel2,B,vardial2018/train,awa,L1,train:68940,npi_Deva
panel2,B,vardial2018/train,awa,L1,train:69018,anp_Deva
panel2,B,vardial2018/train,awa,L1,train:69047,awa_Deva
panel2,B,vardial2018/train,awa,L1,train:69090,awa_Deva
panel2,B,vardial2018/train,awa,L1,train:69108,awa_Deva
panel2,B,vardial2018/train,awa,L1,train:69200,awa_Deva
panel2,B,vardial2018/train,awa,L1,train:69210,hin_Deva
panel2,B,vardial2018/train,awa,L1,train:69218,awa_Deva
panel2,B,vardial2018/train,awa,L1,train:69238,awa_Deva
panel2,B,vardial2018/train,awa,L1,train:69258,brx_Deva
panel2,B,vardial2018/train,awa,L1,train:69292,bho_Deva
panel2,B,vardial2018/train,awa,L1,train:69314,awa_Deva
panel2,B,vardial2018/train,awa,L1,train:69332,hin_Deva
panel2,B,vardial2018/train,awa,L1,train:69360,npi_Deva
panel2,B,vardial2018/train,awa,L1,train:69367,hin_Deva
panel2,B,vardial2018/train,awa,L1,train:69394,awa_Deva
panel2,B,vardial2018/train,awa,L1,train:69397,anp_Deva
panel2,B,vardial2018/train,awa,L1,train:69504,awa_Deva
panel2,B,vardial2018/train,awa,L1,train:69514,awa_Deva
panel2,B,vardial2018/train,awa,L1,train:69541,awa_Deva
panel2,B,vardial2018/train,awa,L1,train:69564,awa_Deva
panel2,B,vardial2018/train,awa,L1,train:69567,awa_Deva
panel2,B,vardial2018/train,awa,L1,train:69582,awa_Deva
panel2,B,vardial2018/train,awa,L1,train:69630,awa_Deva
panel2,B,vardial2018/train,awa,L1,train:69654,awa_Deva
panel2,B,vardial2018/train,awa,L1,train:69655,awa_Deva
panel2,B,vardial2018/train,awa,L1,train:69680,awa_Deva
panel2,B,vardial2018/train,awa,L1,train:69691,hin_Deva
panel2,B,vardial2018/train,awa,L1,train:69716,awa_Deva
panel2,B,vardial2018/train,awa,L1,train:69736,mai_Deva
panel2,B,vardial2018/train,awa,L1,train:69765,bho_Deva
panel2,B,vardial2018/train,awa,L1,train:69779,awa_Deva
panel2,B,vardial2018/train,awa,L1,train:69819,san_Deva
panel2,B,vardial2018/train,awa,L1,train:69835,awa_Deva
panel2,B,vardial2018/train,awa,L1,train:69851,awa_Deva
panel2,B,vardial2018/train,awa,L1,train:69865,hin_Deva
panel2,B,vardial2018/train,awa,L1,train:69867,awa_Deva
panel2,B,vardial2018/train,awa,L1,train:69911,bho_Deva
panel2,B,vardial2018/train,awa,L1,train:69955,sck_Deva
panel2,B,vardial2018/train,awa,L1,train:69975,awa_Deva
panel2,B,vardial2018/train,awa,L1,train:70032,awa_Deva
panel2,B,vardial2018/train,awa,L1,train:70110,hin_Deva
panel2,B,vardial2018/train,awa,L1,train:70227,dty_Deva
panel2,B,vardial2018/train,awa,L1,train:70246,awa_Deva
panel2,B,vardial2018/train,awa,L1,train:70322,awa_Deva
panel2,B,vardial2018/dev,bho,L1,dev:1,bho_Deva
panel2,B,vardial2018/dev,bho,L1,dev:7,bho_Deva
panel2,B,vardial2018/dev,bho,L1,dev:10,hin_Deva
panel2,B,vardial2018/dev,bho,L1,dev:11,bho_Deva
panel2,B,vardial2018/dev,bho,L1,dev:14,bho_Deva
panel2,B,vardial2018/dev,bho,L1,dev:16,bho_Deva
panel2,B,vardial2018/dev,bho,L1,dev:18,bho_Deva
panel2,B,vardial2018/dev,bho,L1,dev:20,bho_Deva
panel2,B,vardial2018/dev,bho,L1,dev:21,bho_Deva
panel2,B,vardial2018/dev,bho,L1,dev:25,bho_Deva
panel2,B,vardial2018/dev,bho,L1,dev:33,bho_Deva
panel2,B,vardial2018/dev,bho,L1,dev:35,bho_Deva
panel2,B,vardial2018/dev,bho,L1,dev:43,bho_Deva
panel2,B,vardial2018/dev,bho,L1,dev:53,bho_Deva
panel2,B,vardial2018/dev,bho,L1,dev:54,bho_Deva
panel2,B,vardial2018/dev,bho,L1,dev:59,bho_Deva
panel2,B,vardial2018/dev,bho,L1,dev:70,bho_Deva
panel2,B,vardial2018/dev,bho,L1,dev:73,bho_Deva
panel2,B,vardial2018/dev,bho,L1,dev:82,bho_Deva
panel2,B,vardial2018/dev,bho,L1,dev:89,bho_Deva
panel2,B,vardial2018/dev,bho,L1,dev:96,bho_Deva
panel2,B,vardial2018/dev,bho,L1,dev:98,hin_Deva
panel2,B,vardial2018/dev,bho,L1,dev:99,bho_Deva
panel2,B,vardial2018/dev,bho,L1,dev:103,bho_Deva
panel2,B,vardial2018/dev,bho,L1,dev:104,bho_Deva
panel2,B,vardial2018/dev,bho,L1,dev:111,bho_Deva
panel2,B,vardial2018/dev,bho,L1,dev:126,bho_Deva
panel2,B,vardial2018/dev,bho,L1,dev:138,bho_Deva
panel2,B,vardial2018/dev,bho,L1,dev:141,bho_Deva
panel2,B,vardial2018/dev,bho,L1,dev:147,bho_Deva
panel2,B,vardial2018/dev,bho,L1,dev:150,bho_Deva
panel2,B,vardial2018/dev,bho,L1,dev:156,bho_Deva
panel2,B,vardial2018/dev,bho,L1,dev:160,bho_Deva
panel2,B,vardial2018/dev,bho,L1,dev:166,bho_Deva
panel2,B,vardial2018/dev,bho,L1,dev:169,bho_Deva
panel2,B,vardial2018/dev,bho,L1,dev:176,bho_Deva
panel2,B,vardial2018/dev,bho,L1,dev:179,bho_Deva
panel2,B,vardial2018/dev,bho,L1,dev:185,hin_Deva
panel2,B,vardial2018/dev,bho,L1,dev:186,bho_Deva
panel2,B,vardial2018/dev,bho,L1,dev:187,bho_Deva
panel2,B,vardial2018/dev,bho,L1,dev:194,bho_Deva
panel2,B,vardial2018/dev,bho,L1,dev:195,bho_Deva
panel2,B,vardial2018/dev,bho,L1,dev:196,bho_Deva
panel2,B,vardial2018/dev,bho,L1,dev:199,bho_Deva
panel2,B,vardial2018/dev,bho,L1,dev:205,awa_Deva
panel2,B,vardial2018/dev,bho,L1,dev:207,bho_Deva
panel2,B,vardial2018/dev,bho,L1,dev:215,bho_Deva
panel2,B,vardial2018/dev,bho,L1,dev:219,bho_Deva
panel2,B,vardial2018/dev,bho,L1,dev:222,bho_Deva
panel2,B,vardial2018/dev,bho,L1,dev:224,bho_Deva
panel2,B,vardial2018/dev,bho,L1,dev:228,bho_Deva
panel2,B,vardial2018/dev,bho,L1,dev:235,bho_Deva
panel2,B,vardial2018/dev,bho,L1,dev:242,bho_Deva
panel2,B,vardial2018/dev,bho,L1,dev:246,bho_Deva
panel2,B,vardial2018/dev,bho,L1,dev:252,bho_Deva
panel2,B,vardial2018/dev,bho,L1,dev:257,bho_Deva
panel2,B,vardial2018/dev,bho,L1,dev:272,bho_Deva
panel2,B,vardial2018/dev,bho,L1,dev:274,bho_Deva
panel2,B,vardial2018/dev,bho,L1,dev:282,bho_Deva
panel2,B,vardial2018/dev,bho,L1,dev:283,bho_Deva
panel2,B,vardial2018/dev,bho,L1,dev:284,bho_Deva
panel2,B,vardial2018/dev,bho,L1,dev:294,hin_Deva
panel2,B,vardial2018/dev,bho,L1,dev:295,bho_Deva
panel2,B,vardial2018/dev,bho,L1,dev:297,bho_Deva
panel2,B,vardial2018/dev,bho,L1,dev:298,bho_Deva
panel2,B,vardial2018/dev,bho,L1,dev:299,bho_Deva
panel2,B,vardial2018/dev,bho,L1,dev:317,bho_Deva
panel2,B,vardial2018/dev,bho,L1,dev:326,bho_Deva
panel2,B,vardial2018/dev,bho,L1,dev:327,bho_Deva
panel2,B,vardial2018/dev,bho,L1,dev:328,hin_Deva
panel2,B,vardial2018/dev,bho,L1,dev:330,bho_Deva
panel2,B,vardial2018/dev,bho,L1,dev:339,bho_Deva
panel2,B,vardial2018/dev,bho,L1,dev:344,bho_Deva
panel2,B,vardial2018/dev,bho,L1,dev:356,bho_Deva
panel2,B,vardial2018/dev,bho,L1,dev:371,hin_Deva
panel2,B,vardial2018/dev,bho,L1,dev:381,bho_Deva
panel2,B,vardial2018/dev,bho,L1,dev:386,bho_Deva
panel2,B,vardial2018/dev,bho,L1,dev:391,bho_Deva
panel2,B,vardial2018/dev,bho,L1,dev:395,bho_Deva
panel2,B,vardial2018/dev,bho,L1,dev:403,bho_Deva
panel2,B,vardial2018/dev,bho,L1,dev:404,bho_Deva
panel2,B,vardial2018/dev,bho,L1,dev:406,bho_Deva
panel2,B,vardial2018/dev,bho,L1,dev:417,bho_Deva
panel2,B,vardial2018/dev,bho,L1,dev:419,bho_Deva
panel2,B,vardial2018/dev,bho,L1,dev:423,bho_Deva
panel2,B,vardial2018/dev,bho,L1,dev:425,bho_Deva
panel2,B,vardial2018/dev,bho,L1,dev:429,bho_Deva
panel2,B,vardial2018/dev,bho,L1,dev:433,bho_Deva
panel2,B,vardial2018/dev,bho,L1,dev:434,bho_Deva
panel2,B,vardial2018/dev,bho,L1,dev:456,bho_Deva
panel2,B,vardial2018/dev,bho,L1,dev:457,bho_Deva
panel2,B,vardial2018/dev,bho,L1,dev:459,bho_Deva
panel2,B,vardial2018/dev,bho,L1,dev:467,bho_Deva
panel2,B,vardial2018/dev,bho,L1,dev:469,bho_Deva
panel2,B,vardial2018/dev,bho,L1,dev:472,bho_Deva
panel2,B,vardial2018/dev,bho,L1,dev:478,bho_Deva
panel2,B,vardial2018/dev,bho,L1,dev:489,bho_Deva
panel2,B,vardial2018/dev,bho,L1,dev:500,bho_Deva
panel2,B,vardial2018/dev,bho,L1,dev:501,bho_Deva
panel2,B,vardial2018/dev,bho,L1,dev:504,anp_Deva
panel2,B,vardial2018/dev,bho,L1,dev:507,bho_Deva
panel2,B,vardial2018/dev,bho,L1,dev:516,awa_Deva
panel2,B,vardial2018/dev,bho,L1,dev:517,bho_Deva
panel2,B,vardial2018/dev,bho,L1,dev:518,bho_Deva
panel2,B,vardial2018/dev,bho,L1,dev:522,bho_Deva
panel2,B,vardial2018/dev,bho,L1,dev:525,bho_Deva
panel2,B,vardial2018/dev,bho,L1,dev:528,bho_Deva
panel2,B,vardial2018/dev,bho,L1,dev:530,bho_Deva
panel2,B,vardial2018/dev,bho,L1,dev:531,bho_Deva
panel2,B,vardial2018/dev,bho,L1,dev:540,bho_Deva
panel2,B,vardial2018/dev,bho,L1,dev:542,bho_Deva
panel2,B,vardial2018/dev,bho,L1,dev:551,bho_Deva
panel2,B,vardial2018/dev,bho,L1,dev:552,bho_Deva
panel2,B,vardial2018/dev,bho,L1,dev:558,anp_Deva
panel2,B,vardial2018/dev,bho,L1,dev:559,bho_Deva
panel2,B,vardial2018/dev,bho,L1,dev:572,bho_Deva
panel2,B,vardial2018/dev,bho,L1,dev:573,bho_Deva
panel2,B,vardial2018/dev,bho,L1,dev:575,bho_Deva
panel2,B,vardial2018/dev,bho,L1,dev:576,bho_Deva
panel2,B,vardial2018/dev,bho,L1,dev:577,bho_Deva
panel2,B,vardial2018/dev,bho,L1,dev:583,hin_Deva
panel2,B,vardial2018/dev,bho,L1,dev:587,bho_Deva
panel2,B,vardial2018/dev,bho,L1,dev:589,bho_Deva
panel2,B,vardial2018/dev,bho,L1,dev:593,bho_Deva
panel2,B,vardial2018/dev,bho,L1,dev:595,bho_Deva
panel2,B,vardial2018/dev,bho,L1,dev:596,bho_Deva
panel2,B,vardial2018/dev,bho,L1,dev:598,bho_Deva
panel2,B,vardial2018/dev,bho,L1,dev:600,bho_Deva
panel2,B,vardial2018/dev,bho,L1,dev:614,bho_Deva
panel2,B,vardial2018/dev,bho,L1,dev:622,bho_Deva
panel2,B,vardial2018/dev,bho,L1,dev:625,bho_Deva
panel2,B,vardial2018/dev,bho,L1,dev:633,bho_Deva
panel2,B,vardial2018/dev,bho,L1,dev:635,bho_Deva
panel2,B,vardial2018/dev,bho,L1,dev:645,bho_Deva
panel2,B,vardial2018/dev,bho,L1,dev:651,bho_Deva
panel2,B,vardial2018/dev,bho,L1,dev:660,bho_Deva
panel2,B,vardial2018/dev,bho,L1,dev:662,bho_Deva
panel2,B,vardial2018/dev,bho,L1,dev:668,bho_Deva
panel2,B,vardial2018/dev,bho,L1,dev:673,bho_Deva
panel2,B,vardial2018/dev,bho,L1,dev:674,bho_Deva
panel2,B,vardial2018/dev,bho,L1,dev:676,bho_Deva
panel2,B,vardial2018/dev,bho,L1,dev:677,bho_Deva
panel2,B,vardial2018/dev,bho,L1,dev:681,bho_Deva
panel2,B,vardial2018/dev,bho,L1,dev:683,bho_Deva
panel2,B,vardial2018/dev,bho,L1,dev:691,bho_Deva
panel2,B,vardial2018/dev,bho,L1,dev:693,bho_Deva
panel2,B,vardial2018/dev,bho,L1,dev:700,bho_Deva
panel2,B,vardial2018/dev,bho,L1,dev:707,bho_Deva
panel2,B,vardial2018/dev,bho,L1,dev:708,bho_Deva
panel2,B,vardial2018/dev,bho,L1,dev:715,bho_Deva
panel2,B,vardial2018/dev,bho,L1,dev:721,new_Deva
panel2,B,vardial2018/dev,bho,L1,dev:732,bho_Deva
panel2,B,vardial2018/dev,bho,L1,dev:740,bho_Deva
panel2,B,vardial2018/dev,bho,L1,dev:744,bho_Deva
panel2,B,vardial2018/dev,bho,L1,dev:746,bho_Deva
panel2,B,vardial2018/dev,bho,L1,dev:752,bho_Deva
panel2,B,vardial2018/dev,bho,L1,dev:754,bho_Deva
panel2,B,vardial2018/dev,bho,L1,dev:759,hin_Deva
panel2,B,vardial2018/dev,bho,L1,dev:761,bho_Deva
panel2,B,vardial2018/dev,bho,L1,dev:764,bho_Deva
panel2,B,vardial2018/dev,bho,L1,dev:767,bho_Deva
panel2,B,vardial2018/dev,bho,L1,dev:769,bho_Deva
panel2,B,vardial2018/dev,bho,L1,dev:774,bho_Deva
panel2,B,vardial2018/dev,bho,L1,dev:780,bho_Deva
panel2,B,vardial2018/dev,bho,L1,dev:782,bho_Deva
panel2,B,vardial2018/dev,bho,L1,dev:784,bho_Deva
panel2,B,vardial2018/dev,bho,L1,dev:789,bho_Deva
panel2,B,vardial2018/dev,bho,L1,dev:795,bho_Deva
panel2,B,vardial2018/dev,bho,L1,dev:798,bho_Deva
panel2,B,vardial2018/dev,bho,L1,dev:812,bho_Deva
panel2,B,vardial2018/dev,bho,L1,dev:817,bho_Deva
panel2,B,vardial2018/dev,bho,L1,dev:824,bho_Deva
panel2,B,vardial2018/dev,bho,L1,dev:825,bho_Deva
panel2,B,vardial2018/dev,bho,L1,dev:835,bho_Deva
panel2,B,vardial2018/dev,bho,L1,dev:836,bho_Deva
panel2,B,vardial2018/dev,bho,L1,dev:841,bho_Deva
panel2,B,vardial2018/dev,bho,L1,dev:845,bho_Deva
panel2,B,vardial2018/dev,bho,L1,dev:846,bho_Deva
panel2,B,vardial2018/dev,bho,L1,dev:847,bho_Deva
panel2,B,vardial2018/dev,bho,L1,dev:861,bho_Deva
panel2,B,vardial2018/dev,bho,L1,dev:866,hin_Deva
panel2,B,vardial2018/dev,bho,L1,dev:873,bho_Deva
panel2,B,vardial2018/dev,bho,L1,dev:877,bho_Deva
panel2,B,vardial2018/dev,bho,L1,dev:878,bho_Deva
panel2,B,vardial2018/dev,bho,L1,dev:888,bho_Deva
panel2,B,vardial2018/dev,bho,L1,dev:891,bho_Deva
panel2,B,vardial2018/dev,bho,L1,dev:892,bho_Deva
panel2,B,vardial2018/dev,bho,L1,dev:895,bho_Deva
panel2,B,vardial2018/dev,bho,L1,dev:897,bho_Deva
panel2,B,vardial2018/dev,bho,L1,dev:901,bho_Deva
panel2,B,vardial2018/dev,bho,L1,dev:904,bho_Deva
panel2,B,vardial2018/dev,bho,L1,dev:912,bho_Deva
panel2,B,vardial2018/dev,bho,L1,dev:915,bho_Deva
panel2,B,vardial2018/dev,bho,L1,dev:916,hin_Deva
panel2,B,vardial2018/dev,bho,L1,dev:933,bho_Deva
panel2,B,vardial2018/dev,bho,L1,dev:951,hin_Deva
panel2,B,vardial2018/dev,bho,L1,dev:960,bho_Deva
panel2,B,vardial2018/dev,bho,L1,dev:961,bho_Deva
panel2,B,vardial2018/dev,bho,L1,dev:962,bho_Deva
panel2,B,vardial2018/dev,bho,L1,dev:964,bho_Deva
panel2,B,vardial2018/dev,bho,L1,dev:976,mai_Deva
panel2,B,vardial2018/dev,bho,L1,dev:990,bho_Deva
panel2,B,vardial2018/dev,bho,L1,dev:994,bho_Deva
panel2,B,vardial2018/dev,bho,L1,dev:998,bho_Deva
panel2,B,vardial2018/dev,bho,L1,dev:1027,mag_Deva
panel2,B,vardial2018/dev,bho,L1,dev:1029,hin_Deva
panel2,B,vardial2018/dev,bho,L1,dev:1034,bho_Deva
panel2,B,vardial2018/dev,bho,L1,dev:1043,bho_Deva
panel2,B,vardial2018/dev,bho,L1,dev:1049,bho_Deva
panel2,B,vardial2018/dev,bho,L1,dev:1054,hin_Deva
panel2,B,vardial2018/dev,bho,L1,dev:1055,bho_Deva
panel2,B,vardial2018/dev,bho,L1,dev:1059,bho_Deva
panel2,B,vardial2018/dev,bho,L1,dev:1077,bho_Deva
panel2,B,vardial2018/dev,bho,L1,dev:1079,bho_Deva
panel2,B,vardial2018/dev,bho,L1,dev:1084,bho_Deva
panel2,B,vardial2018/dev,bho,L1,dev:1090,bho_Deva
panel2,B,vardial2018/dev,bho,L1,dev:1092,bho_Deva
panel2,B,vardial2018/dev,bho,L1,dev:1096,mai_Deva
panel2,B,vardial2018/dev,bho,L1,dev:1099,bho_Deva
panel2,B,vardial2018/dev,bho,L1,dev:1105,bho_Deva
panel2,B,vardial2018/dev,bho,L1,dev:1114,bho_Deva
panel2,B,vardial2018/dev,bho,L1,dev:1123,bho_Deva
panel2,B,vardial2018/dev,bho,L1,dev:1133,bho_Deva
panel2,B,vardial2018/dev,bho,L1,dev:1134,bho_Deva
panel2,B,vardial2018/dev,bho,L1,dev:1142,bho_Deva
panel2,B,vardial2018/dev,bho,L1,dev:1143,bho_Deva
panel2,B,vardial2018/dev,bho,L1,dev:1147,hin_Deva
panel2,B,vardial2018/dev,bho,L1,dev:1148,bho_Deva
panel2,B,vardial2018/dev,bho,L1,dev:1150,bho_Deva
panel2,B,vardial2018/dev,bho,L1,dev:1154,bho_Deva
panel2,B,vardial2018/dev,bho,L1,dev:1158,bho_Deva
panel2,B,vardial2018/dev,bho,L1,dev:1161,bho_Deva
panel2,B,vardial2018/dev,bho,L1,dev:1163,bho_Deva
panel2,B,vardial2018/dev,bho,L1,dev:1166,bho_Deva
panel2,B,vardial2018/dev,bho,L1,dev:1168,bho_Deva
panel2,B,vardial2018/dev,bho,L1,dev:1172,bho_Deva
panel2,B,vardial2018/dev,bho,L1,dev:1173,bho_Deva
panel2,B,vardial2018/dev,bho,L1,dev:1174,bho_Deva
panel2,B,vardial2018/dev,bho,L1,dev:1178,bho_Deva
panel2,B,vardial2018/dev,bho,L1,dev:1179,bho_Deva
panel2,B,vardial2018/dev,bho,L1,dev:1183,bho_Deva
panel2,B,vardial2018/dev,bho,L1,dev:1185,bho_Deva
panel2,B,vardial2018/dev,bho,L1,dev:1197,bho_Deva
panel2,B,vardial2018/dev,bho,L1,dev:1200,hin_Deva
panel2,B,vardial2018/dev,bho,L1,dev:1224,mar_Deva
panel2,B,vardial2018/dev,bho,L1,dev:1227,bho_Deva
panel2,B,vardial2018/dev,bho,L1,dev:1230,bho_Deva
panel2,B,vardial2018/dev,bho,L1,dev:1240,bho_Deva
panel2,B,vardial2018/dev,bho,L1,dev:1243,bho_Deva
panel2,B,vardial2018/dev,bho,L1,dev:1246,bho_Deva
panel2,B,vardial2018/dev,bho,L1,dev:1258,bho_Deva
panel2,B,vardial2018/dev,bho,L1,dev:1260,bho_Deva
panel2,B,vardial2018/dev,bho,L1,dev:1274,bho_Deva
panel2,B,vardial2018/dev,bho,L1,dev:1277,bho_Deva
panel2,B,vardial2018/dev,bho,L1,dev:1278,hin_Deva
panel2,B,vardial2018/dev,bho,L1,dev:1287,bho_Deva
panel2,B,vardial2018/dev,bho,L1,dev:1292,hin_Deva
panel2,B,vardial2018/dev,bho,L1,dev:1297,bho_Deva
panel2,B,vardial2018/dev,bho,L1,dev:1307,bho_Deva
panel2,B,vardial2018/dev,bho,L1,dev:1320,bho_Deva
panel2,B,vardial2018/dev,bho,L1,dev:1323,hin_Deva
panel2,B,vardial2018/dev,bho,L1,dev:1326,bho_Deva
panel2,B,vardial2018/dev,bho,L1,dev:1330,awa_Deva
panel2,B,vardial2018/dev,bho,L1,dev:1332,bho_Deva
panel2,B,vardial2018/dev,bho,L1,dev:1337,bho_Deva
panel2,B,vardial2018/dev,bho,L1,dev:1350,bho_Deva
panel2,B,vardial2018/dev,bho,L1,dev:1355,bho_Deva
panel2,B,vardial2018/dev,bho,L1,dev:1356,bho_Deva
panel2,B,vardial2018/dev,bho,L1,dev:1360,bho_Deva
panel2,B,vardial2018/dev,bho,L1,dev:1361,bho_Deva
panel2,B,vardial2018/dev,bho,L1,dev:1367,bho_Deva
panel2,B,vardial2018/dev,bho,L1,dev:1399,awa_Deva
panel2,B,vardial2018/dev,bho,L1,dev:1402,bho_Deva
panel2,B,vardial2018/dev,bho,L1,dev:1407,bho_Deva
panel2,B,vardial2018/dev,bho,L1,dev:1408,bho_Deva
panel2,B,vardial2018/dev,bho,L1,dev:1409,bho_Deva
panel2,B,vardial2018/dev,bho,L1,dev:1410,bho_Deva
panel2,B,vardial2018/dev,bho,L1,dev:1411,bho_Deva
panel2,B,vardial2018/dev,bho,L1,dev:1412,bho_Deva
panel2,B,vardial2018/dev,bho,L1,dev:1415,bho_Deva
panel2,B,vardial2018/dev,bho,L1,dev:1419,bho_Deva
panel2,B,vardial2018/dev,bho,L1,dev:1428,bho_Deva
panel2,B,vardial2018/dev,bho,L1,dev:1430,bho_Deva
panel2,B,vardial2018/dev,bho,L1,dev:1431,bho_Deva
panel2,B,vardial2018/dev,bho,L1,dev:1440,bho_Deva
panel2,B,vardial2018/dev,bho,L1,dev:1444,bho_Deva
panel2,B,vardial2018/dev,bho,L1,dev:1445,bho_Deva
panel2,B,vardial2018/dev,bho,L1,dev:1455,bho_Deva
panel2,B,vardial2018/dev,bho,L1,dev:1463,bho_Deva
panel2,B,vardial2018/dev,bho,L1,dev:1466,bho_Deva
panel2,B,vardial2018/dev,bho,L1,dev:1469,bho_Deva
panel2,B,vardial2018/dev,bho,L1,dev:1495,bho_Deva
panel2,B,vardial2018/dev,bho,L1,dev:1509,bho_Deva
panel2,B,vardial2018/dev,bho,L1,dev:1510,bho_Deva
panel2,B,vardial2018/dev,bho,L1,dev:1511,bho_Deva
panel2,B,vardial2018/dev,bho,L1,dev:1514,bho_Deva
panel2,B,vardial2018/dev,bho,L1,dev:1515,bho_Deva
panel2,B,vardial2018/dev,bho,L1,dev:1517,bho_Deva
panel2,B,vardial2018/dev,bho,L1,dev:1540,bho_Deva
panel2,B,vardial2018/dev,bho,L1,dev:1546,bho_Deva
panel2,B,vardial2018/dev,bho,L1,dev:1552,bho_Deva
panel2,B,vardial2018/dev,bho,L1,dev:1553,bho_Deva
panel2,B,vardial2018/dev,bho,L1,dev:1559,bho_Deva
panel2,B,vardial2018/dev,bho,L1,dev:1564,bho_Deva
panel2,B,vardial2018/dev,bho,L1,dev:1581,bho_Deva
panel2,B,vardial2018/dev,bho,L1,dev:1590,hin_Deva
panel2,B,vardial2018/dev,bho,L1,dev:1598,bho_Deva
panel2,B,vardial2018/dev,bho,L1,dev:1609,bho_Deva
panel2,B,vardial2018/dev,bho,L1,dev:1616,bho_Deva
panel2,B,vardial2018/dev,bho,L1,dev:1617,bho_Deva
panel2,B,vardial2018/dev,bho,L1,dev:1618,bho_Deva
panel2,B,vardial2018/dev,bho,L1,dev:1619,bho_Deva
panel2,B,vardial2018/dev,bho,L1,dev:1628,hin_Deva
panel2,B,vardial2018/dev,bho,L1,dev:1637,bho_Deva
panel2,B,vardial2018/dev,bho,L1,dev:1638,bho_Deva
panel2,B,vardial2018/dev,bho,L1,dev:1639,bho_Deva
panel2,B,vardial2018/dev,bho,L1,dev:1643,bho_Deva
panel2,B,vardial2018/dev,bho,L1,dev:1645,bho_Deva
panel2,B,vardial2018/dev,bho,L1,dev:1660,bho_Deva
panel2,B,vardial2018/dev,bho,L1,dev:1670,bho_Deva
panel2,B,vardial2018/dev,bho,L1,dev:1673,bho_Deva
panel2,B,vardial2018/dev,bho,L1,dev:1689,bho_Deva
panel2,B,vardial2018/dev,bho,L1,dev:1690,bho_Deva
panel2,B,vardial2018/dev,bho,L1,dev:1694,bho_Deva
panel2,B,vardial2018/dev,bho,L1,dev:1701,bho_Deva
panel2,B,vardial2018/dev,bho,L1,dev:1708,bho_Deva
panel2,B,vardial2018/dev,bho,L1,dev:1720,bho_Deva
panel2,B,vardial2018/dev,bho,L1,dev:1725,bho_Deva
panel2,B,vardial2018/dev,bho,L1,dev:1731,bho_Deva
panel2,B,vardial2018/dev,bho,L1,dev:1740,bho_Deva
panel2,B,vardial2018/dev,bho,L1,dev:1745,bho_Deva
panel2,B,vardial2018/dev,bho,L1,dev:1754,bho_Deva
panel2,B,vardial2018/dev,bho,L1,dev:1772,bho_Deva
panel2,B,vardial2018/dev,bho,L1,dev:1773,bho_Deva
panel2,B,vardial2018/dev,bho,L1,dev:1785,bho_Deva
panel2,B,vardial2018/dev,bho,L1,dev:1786,bho_Deva
panel2,B,vardial2018/dev,bho,L1,dev:1795,bho_Deva
panel2,B,vardial2018/dev,bho,L1,dev:1799,bho_Deva
panel2,B,vardial2018/dev,bho,L1,dev:1802,bho_Deva
panel2,B,vardial2018/dev,bho,L1,dev:1805,bho_Deva
panel2,B,vardial2018/dev,bho,L1,dev:1820,bho_Deva
panel2,B,vardial2018/dev,bho,L1,dev:1826,bho_Deva
panel2,B,vardial2018/dev,bho,L1,dev:1835,bho_Deva
panel2,B,vardial2018/dev,bho,L1,dev:1844,bho_Deva
panel2,B,vardial2018/dev,bho,L1,dev:1845,bho_Deva
panel2,B,vardial2018/dev,bho,L1,dev:1848,bho_Deva
panel2,B,vardial2018/dev,bho,L1,dev:1860,bho_Deva
panel2,B,vardial2018/dev,bho,L1,dev:1896,bho_Deva
panel2,B,vardial2018/dev,bho,L1,dev:1914,bho_Deva
panel2,B,vardial2018/dev,bho,L1,dev:1919,bho_Deva
panel2,B,vardial2018/dev,bho,L1,dev:1922,hin_Deva
panel2,B,vardial2018/dev,bho,L1,dev:1923,bho_Deva
panel2,B,vardial2018/dev,bho,L1,dev:1951,bho_Deva
panel2,B,vardial2018/dev,bho,L1,dev:1952,bho_Deva
panel2,B,vardial2018/dev,bho,L1,dev:1957,bho_Deva
panel2,B,vardial2018/dev,bho,L1,dev:1960,bho_Deva
panel2,B,vardial2018/dev,bho,L1,dev:1968,bho_Deva
panel2,B,vardial2018/dev,bho,L1,dev:1970,bho_Deva
panel2,B,vardial2018/dev,bho,L1,dev:1971,bho_Deva
panel2,B,vardial2018/dev,bho,L1,dev:1972,bho_Deva
panel2,B,vardial2018/dev,bho,L1,dev:1978,bho_Deva
panel2,B,vardial2018/dev,bho,L1,dev:1979,bho_Deva
panel2,B,vardial2018/dev,bho,L1,dev:1980,bho_Deva
panel2,B,vardial2018/dev,bho,L1,dev:1981,bho_Deva
panel2,B,vardial2018/dev,bho,L1,dev:1992,bho_Deva
panel2,B,vardial2018/dev,bho,L1,dev:1993,bho_Deva
panel2,B,vardial2018/dev,bho,L1,dev:1997,bho_Deva
panel2,B,vardial2018/dev,bho,L1,dev:1999,bho_Deva
panel2,B,vardial2018/dev,bho,L1,dev:2029,bho_Deva
panel2,B,vardial2018/dev,bho,L1,dev:2030,bho_Deva
panel2,B,vardial2018/dev,bho,L1,dev:2037,bho_Deva
panel2,B,vardial2018/dev,bho,L1,dev:2041,bho_Deva
panel2,B,vardial2018/dev,bho,L1,dev:2044,bho_Deva
panel2,B,vardial2018/dev,bho,L1,dev:2056,bho_Deva
panel2,B,vardial2018/dev,bho,L1,dev:2057,bho_Deva
panel2,B,vardial2018/dev,bho,L1,dev:2060,bho_Deva
panel2,B,vardial2018/dev,bho,L1,dev:2062,bho_Deva
panel2,B,vardial2018/dev,bho,L1,dev:2064,bho_Deva
panel2,B,vardial2018/dev,bho,L1,dev:2068,bho_Deva
panel2,B,vardial2018/dev,bho,L1,dev:2069,bho_Deva
panel2,B,vardial2018/dev,bho,L1,dev:2080,bho_Deva
panel2,B,vardial2018/dev,bho,L1,dev:2086,bho_Deva
panel2,B,vardial2018/dev,bho,L1,dev:2090,bho_Deva
panel2,B,vardial2018/dev,bho,L1,dev:2091,bho_Deva
panel2,B,vardial2018/dev,bho,L1,dev:2097,bho_Deva
panel2,B,vardial2018/dev,bho,L1,dev:2099,bho_Deva
panel2,B,vardial2018/dev,bho,L1,dev:2108,bho_Deva
panel2,B,vardial2018/dev,bho,L1,dev:2109,hin_Deva
panel2,B,vardial2018/dev,bho,L1,dev:2114,bho_Deva
panel2,B,vardial2018/dev,bho,L1,dev:2129,bho_Deva
panel2,B,vardial2018/dev,bho,L1,dev:2130,bho_Deva
panel2,B,vardial2018/dev,bho,L1,dev:2133,bho_Deva
panel2,B,vardial2018/dev,bho,L1,dev:2139,bho_Deva
panel2,B,vardial2018/dev,bho,L1,dev:2140,bho_Deva
panel2,B,vardial2018/dev,bho,L1,dev:2143,bho_Deva
panel2,B,vardial2018/dev,bho,L1,dev:2148,bho_Deva
panel2,B,vardial2018/dev,bho,L1,dev:2149,bho_Deva
panel2,B,vardial2018/dev,bho,L1,dev:2151,bho_Deva
panel2,B,vardial2018/dev,bho,L1,dev:2178,bho_Deva
panel2,B,vardial2018/dev,bho,L1,dev:2179,bho_Deva
panel2,B,vardial2018/dev,bho,L1,dev:2187,bho_Deva
panel2,B,vardial2018/dev,bho,L1,dev:2188,bho_Deva
panel2,B,vardial2018/dev,bho,L1,dev:2189,bho_Deva
panel2,B,vardial2018/dev,bho,L1,dev:2191,bho_Deva
panel2,B,vardial2018/dev,bho,L1,dev:2195,bho_Deva
panel2,B,vardial2018/dev,bho,L1,dev:2196,bho_Deva
panel2,B,vardial2018/dev,bho,L1,dev:2197,bho_Deva
panel2,B,vardial2018/dev,bho,L1,dev:2199,bho_Deva
panel2,B,vardial2018/dev,bho,L1,dev:2202,bho_Deva
panel2,B,vardial2018/dev,bho,L1,dev:2209,bho_Deva
panel2,B,vardial2018/dev,bho,L1,dev:2212,bho_Deva
panel2,B,vardial2018/dev,bho,L1,dev:2218,bho_Deva
panel2,B,vardial2018/dev,bho,L1,dev:2228,bho_Deva
panel2,B,vardial2018/dev,bho,L1,dev:2229,hin_Deva
panel2,B,vardial2018/dev,bho,L1,dev:2231,bho_Deva
panel2,B,vardial2018/dev,bho,L1,dev:2236,bho_Deva
panel2,B,vardial2018/dev,bho,L1,dev:2243,bho_Deva
panel2,B,vardial2018/dev,bho,L1,dev:2244,bho_Deva
panel2,B,vardial2018/dev,bho,L1,dev:2254,bho_Deva
panel2,B,vardial2018/dev,bho,L1,dev:2262,bho_Deva
panel2,B,vardial2018/dev,bho,L1,dev:2264,bho_Deva
panel2,B,vardial2018/dev,bho,L1,dev:2269,bho_Deva
panel2,B,vardial2018/dev,bho,L1,dev:2281,bho_Deva
panel2,B,vardial2018/dev,bho,L1,dev:2283,bho_Deva
panel2,B,vardial2018/dev,bho,L1,dev:2284,bho_Deva
panel2,B,vardial2018/dev,bho,L1,dev:2286,bho_Deva
panel2,B,vardial2018/dev,bho,L1,dev:2290,bho_Deva
panel2,B,vardial2018/dev,bho,L1,dev:2307,bho_Deva
panel2,B,vardial2018/dev,bho,L1,dev:2311,bho_Deva
panel2,B,vardial2018/dev,bho,L1,dev:2318,bho_Deva
panel2,B,vardial2018/dev,bho,L1,dev:2323,bho_Deva
panel2,B,vardial2018/dev,bho,L1,dev:2324,bho_Deva
panel2,B,vardial2018/dev,bho,L1,dev:2329,bho_Deva
panel2,B,vardial2018/dev,bho,L1,dev:2330,bho_Deva
panel2,B,vardial2018/dev,bho,L1,dev:2334,bho_Deva
panel2,B,vardial2018/dev,bho,L1,dev:2338,bho_Deva
panel2,B,vardial2018/dev,bho,L1,dev:2343,bho_Deva
panel2,B,vardial2018/dev,bho,L1,dev:2350,bho_Deva
panel2,B,vardial2018/dev,bho,L1,dev:2358,bho_Deva
panel2,B,vardial2018/dev,bho,L1,dev:2362,bho_Deva
panel2,B,vardial2018/dev,bho,L1,dev:2367,bho_Deva
panel2,B,vardial2018/dev,bho,L1,dev:2370,bho_Deva
panel2,B,vardial2018/dev,bho,L1,dev:2373,bho_Deva
panel2,B,vardial2018/dev,bho,L1,dev:2374,bho_Deva
panel2,B,vardial2018/dev,bho,L1,dev:2380,bho_Deva
panel2,B,vardial2018/dev,bho,L1,dev:2381,bho_Deva
panel2,B,vardial2018/dev,bho,L1,dev:2382,bho_Deva
panel2,B,vardial2018/dev,bho,L1,dev:2385,bho_Deva
panel2,B,vardial2018/dev,bho,L1,dev:2394,bho_Deva
panel2,B,vardial2018/dev,bho,L1,dev:2399,bho_Deva
panel2,B,vardial2018/dev,bho,L1,dev:2403,bho_Deva
panel2,B,vardial2018/dev,bho,L1,dev:2404,hin_Deva
panel2,B,vardial2018/dev,bho,L1,dev:2405,hin_Deva
panel2,B,vardial2018/dev,bho,L1,dev:2408,bho_Deva
panel2,B,vardial2018/dev,bho,L1,dev:2420,bho_Deva
panel2,B,vardial2018/dev,bho,L1,dev:2427,hin_Deva
panel2,B,vardial2018/dev,bho,L1,dev:2429,bho_Deva
panel2,B,vardial2018/dev,bho,L1,dev:2432,bho_Deva
panel2,B,vardial2018/dev,bho,L1,dev:2435,bho_Deva
panel2,B,vardial2018/dev,bho,L1,dev:2438,bho_Deva
panel2,B,vardial2018/dev,bho,L1,dev:2439,bho_Deva
panel2,B,vardial2018/dev,bho,L1,dev:2457,bho_Deva
panel2,B,vardial2018/dev,bho,L1,dev:2459,bho_Deva
panel2,B,vardial2018/dev,bho,L1,dev:2465,bho_Deva
panel2,B,vardial2018/dev,bho,L1,dev:2468,bho_Deva
panel2,B,vardial2018/dev,bho,L1,dev:2475,bho_Deva
panel2,B,vardial2018/dev,bho,L1,dev:2481,bho_Deva
panel2,B,vardial2018/dev,bho,L1,dev:2494,bho_Deva
panel2,B,vardial2018/dev,bho,L1,dev:2495,bho_Deva
panel2,B,vardial2018/dev,bho,L1,dev:2504,bho_Deva
panel2,B,vardial2018/dev,bho,L1,dev:2508,bho_Deva
panel2,B,vardial2018/dev,bho,L1,dev:2509,bho_Deva
panel2,B,vardial2018/dev,bho,L1,dev:2510,bho_Deva
panel2,B,vardial2018/dev,bho,L1,dev:2514,bho_Deva
panel2,B,vardial2018/dev,bho,L1,dev:2515,bho_Deva
panel2,B,vardial2018/dev,bho,L1,dev:2517,thl_Deva
panel2,B,vardial2018/dev,bho,L1,dev:2523,bho_Deva
panel2,B,vardial2018/dev,bho,L1,dev:2530,bho_Deva
panel2,B,vardial2018/dev,bho,L1,dev:2544,bho_Deva
panel2,B,vardial2018/dev,bho,L1,dev:2546,bho_Deva
panel2,B,vardial2018/dev,bho,L1,dev:2551,bho_Deva
panel2,B,vardial2018/dev,bho,L1,dev:2554,bho_Deva
panel2,B,vardial2018/dev,bho,L1,dev:2558,mai_Deva
panel2,B,vardial2018/dev,bho,L1,dev:2559,hin_Deva
panel2,B,vardial2018/dev,bho,L1,dev:2563,bho_Deva
panel2,B,vardial2018/dev,bho,L1,dev:2569,bho_Deva
panel2,B,vardial2018/dev,bho,L1,dev:2571,bho_Deva
panel2,B,vardial2018/dev,bho,L1,dev:2572,hin_Deva
panel2,B,vardial2018/dev,bho,L1,dev:2577,bho_Deva
panel2,B,vardial2018/dev,bho,L1,dev:2579,bho_Deva
panel2,B,vardial2018/dev,bho,L1,dev:2582,bho_Deva
panel2,B,vardial2018/dev,bho,L1,dev:2602,bho_Deva
panel2,B,vardial2018/dev,bho,L1,dev:2613,bho_Deva
panel2,B,vardial2018/dev,bho,L1,dev:2614,bho_Deva
panel2,B,vardial2018/dev,bho,L1,dev:2621,bho_Deva
panel2,B,vardial2018/dev,bho,L1,dev:2632,bho_Deva
panel2,B,vardial2018/dev,bho,L1,dev:2633,bho_Deva
panel2,B,vardial2018/dev,bho,L1,dev:2638,hin_Deva
panel2,B,vardial2018/dev,bho,L1,dev:2646,bho_Deva
panel2,B,vardial2018/dev,bho,L1,dev:2647,bho_Deva
panel2,B,vardial2018/dev,bho,L1,dev:2652,bho_Deva
panel2,B,vardial2018/dev,bho,L1,dev:2655,bho_Deva
panel2,B,vardial2018/dev,bho,L1,dev:2662,hin_Deva
panel2,B,vardial2018/dev,bho,L1,dev:2664,bho_Deva
panel2,B,vardial2018/dev,bho,L1,dev:2666,bho_Deva
panel2,B,vardial2018/dev,bho,L1,dev:2668,bho_Deva
panel2,B,vardial2018/dev,bho,L1,dev:2675,bho_Deva
panel2,B,vardial2018/dev,bho,L1,dev:2683,bho_Deva
panel2,B,vardial2018/dev,bho,L1,dev:2687,bho_Deva
panel2,B,vardial2018/dev,bho,L1,dev:2700,bho_Deva
panel2,B,vardial2018/dev,bho,L1,dev:2704,bho_Deva
panel2,B,vardial2018/dev,bho,L1,dev:2707,bho_Deva
panel2,B,vardial2018/dev,bho,L1,dev:2710,bho_Deva
panel2,B,vardial2018/dev,bho,L1,dev:2712,bho_Deva
panel2,B,vardial2018/dev,bho,L1,dev:2715,bho_Deva
panel2,B,vardial2018/dev,bho,L1,dev:2722,bho_Deva
panel2,B,vardial2018/dev,bho,L1,dev:2730,bho_Deva
panel2,B,vardial2018/dev,bho,L1,dev:2731,bho_Deva
panel2,B,vardial2018/dev,bho,L1,dev:2732,bho_Deva
panel2,B,vardial2018/dev,bho,L1,dev:2736,bho_Deva
panel2,B,vardial2018/dev,bho,L1,dev:2739,bho_Deva
panel2,B,vardial2018/dev,bho,L1,dev:2745,bho_Deva
panel2,B,vardial2018/dev,bho,L1,dev:2746,bho_Deva
panel2,B,vardial2018/dev,bho,L1,dev:2748,bho_Deva
panel2,B,vardial2018/dev,bho,L1,dev:2752,bho_Deva
panel2,B,vardial2018/dev,bho,L1,dev:2754,bho_Deva
panel2,B,vardial2018/dev,bho,L1,dev:2758,bho_Deva
panel2,B,vardial2018/dev,bho,L1,dev:2760,hin_Deva
panel2,B,vardial2018/dev,bho,L1,dev:2771,bho_Deva
panel2,B,vardial2018/dev,bho,L1,dev:2796,bho_Deva
panel2,B,vardial2018/dev,bho,L1,dev:2821,bho_Deva
panel2,B,vardial2018/dev,bho,L1,dev:2825,bho_Deva
panel2,B,vardial2018/dev,bho,L1,dev:2832,bho_Deva
panel2,B,vardial2018/dev,bho,L1,dev:2840,bho_Deva
panel2,B,vardial2018/dev,bho,L1,dev:2847,bho_Deva
panel2,B,vardial2018/dev,bho,L1,dev:2854,bho_Deva
panel2,B,vardial2018/dev,bho,L1,dev:2855,bho_Deva
panel2,B,vardial2018/dev,bho,L1,dev:2858,bho_Deva
panel2,B,vardial2018/dev,bho,L1,dev:2864,bho_Deva
panel2,B,vardial2018/dev,bho,L1,dev:2871,bho_Deva
panel2,B,vardial2018/dev,bho,L1,dev:2881,hin_Deva
panel2,B,vardial2018/dev,bho,L1,dev:2885,bho_Deva
panel2,B,vardial2018/dev,bho,L1,dev:2890,bho_Deva
panel2,B,vardial2018/dev,bho,L1,dev:2893,hin_Deva
panel2,B,vardial2018/dev,bho,L1,dev:2898,bho_Deva
panel2,B,vardial2018/dev,bho,L1,dev:2903,bho_Deva
panel2,B,vardial2018/dev,bho,L1,dev:2906,bho_Deva
panel2,B,vardial2018/dev,bho,L1,dev:2909,bho_Deva
panel2,B,vardial2018/dev,bho,L1,dev:2910,bho_Deva
panel2,B,vardial2018/dev,bho,L1,dev:2917,bho_Deva
panel2,B,vardial2018/dev,bho,L1,dev:2918,bho_Deva
panel2,B,vardial2018/dev,bho,L1,dev:2922,bho_Deva
panel2,B,vardial2018/dev,bho,L1,dev:2926,bho_Deva
panel2,B,vardial2018/dev,bho,L1,dev:2932,bho_Deva
panel2,B,vardial2018/dev,bho,L1,dev:2934,bho_Deva
panel2,B,vardial2018/dev,bho,L1,dev:2936,bho_Deva
panel2,B,vardial2018/dev,bho,L1,dev:2937,bho_Deva
panel2,B,vardial2018/dev,bho,L1,dev:2943,bho_Deva
panel2,B,vardial2018/dev,bho,L1,dev:2944,mai_Deva
panel2,B,vardial2018/dev,bho,L1,dev:2946,bho_Deva
panel2,B,vardial2018/dev,bho,L1,dev:2948,bho_Deva
panel2,B,vardial2018/dev,bho,L1,dev:2953,bho_Deva
panel2,B,vardial2018/dev,bho,L1,dev:2958,bho_Deva
panel2,B,vardial2018/dev,bho,L1,dev:2966,hin_Deva
panel2,B,vardial2018/dev,bho,L1,dev:2967,bho_Deva
panel2,B,vardial2018/dev,bho,L1,dev:2973,bho_Deva
panel2,B,vardial2018/dev,bho,L1,dev:2976,bho_Deva
panel2,B,vardial2018/dev,bho,L1,dev:2978,bho_Deva
panel2,B,vardial2018/dev,bho,L1,dev:2980,bho_Deva
panel2,B,vardial2018/dev,bho,L1,dev:2988,bho_Deva
panel2,B,vardial2018/dev,bho,L1,dev:2989,hin_Deva
panel2,B,vardial2018/dev,bho,L1,dev:2993,bho_Deva
panel2,B,vardial2018/dev,bho,L1,dev:2994,bho_Deva
panel2,B,vardial2018/dev,bho,L1,dev:2995,hin_Deva
panel2,B,vardial2018/dev,bho,L1,dev:3001,bho_Deva
panel2,B,vardial2018/dev,bho,L1,dev:3003,bho_Deva
panel2,B,vardial2018/dev,bho,L1,dev:3017,bho_Deva
panel2,B,vardial2018/dev,bho,L1,dev:3027,bho_Deva
panel2,B,vardial2018/dev,bho,L1,dev:3034,bho_Deva
panel2,B,vardial2018/dev,bho,L1,dev:3040,hin_Deva
panel2,B,vardial2018/dev,bho,L1,dev:3042,bho_Deva
panel2,B,vardial2018/dev,bho,L1,dev:3043,bho_Deva
panel2,B,vardial2018/dev,bho,L1,dev:3057,bho_Deva
panel2,B,vardial2018/dev,bho,L1,dev:3058,bho_Deva
panel2,B,vardial2018/dev,bho,L1,dev:3059,bho_Deva
panel2,B,vardial2018/dev,bho,L1,dev:3073,bho_Deva
panel2,B,vardial2018/dev,bho,L1,dev:3079,bho_Deva
panel2,B,vardial2018/dev,bho,L1,dev:3080,bho_Deva
panel2,B,vardial2018/dev,bho,L1,dev:3084,bho_Deva
panel2,B,vardial2018/dev,bho,L1,dev:3088,bho_Deva
panel2,B,vardial2018/dev,bho,L1,dev:3089,bho_Deva
panel2,B,vardial2018/dev,bho,L1,dev:3094,bho_Deva
panel2,B,vardial2018/dev,bho,L1,dev:3096,bho_Deva
panel2,B,vardial2018/dev,bho,L1,dev:3100,bho_Deva
panel2,B,vardial2018/dev,bho,L1,dev:3103,hin_Deva
panel2,B,vardial2018/dev,bho,L1,dev:3105,bho_Deva
panel2,B,vardial2018/dev,bho,L1,dev:3106,bho_Deva
panel2,B,vardial2018/dev,bho,L1,dev:3107,bho_Deva
panel2,B,vardial2018/dev,bho,L1,dev:3111,bho_Deva
panel2,B,vardial2018/dev,bho,L1,dev:3113,hin_Deva
panel2,B,vardial2018/dev,bho,L1,dev:3114,bho_Deva
panel2,B,vardial2018/dev,bho,L1,dev:3117,bho_Deva
panel2,B,vardial2018/dev,bho,L1,dev:3119,bho_Deva
panel2,B,vardial2018/dev,bho,L1,dev:3130,bho_Deva
panel2,B,vardial2018/dev,bho,L1,dev:3132,bho_Deva
panel2,B,vardial2018/dev,bho,L1,dev:3133,bho_Deva
panel2,B,vardial2018/dev,bho,L1,dev:3137,bho_Deva
panel2,B,vardial2018/dev,bho,L1,dev:3138,bho_Deva
panel2,B,vardial2018/dev,bho,L1,dev:3141,bho_Deva
panel2,B,vardial2018/dev,bho,L1,dev:3144,bho_Deva
panel2,B,vardial2018/dev,bho,L1,dev:3150,bho_Deva
panel2,B,vardial2018/dev,bho,L1,dev:3165,bho_Deva
panel2,B,vardial2018/dev,bho,L1,dev:3167,bho_Deva
panel2,B,vardial2018/dev,bho,L1,dev:3171,bho_Deva
panel2,B,vardial2018/dev,bho,L1,dev:3176,bho_Deva
panel2,B,vardial2018/dev,bho,L1,dev:3178,bho_Deva
panel2,B,vardial2018/dev,bho,L1,dev:3180,bho_Deva
panel2,B,vardial2018/dev,bho,L1,dev:3183,bho_Deva
panel2,B,vardial2018/dev,bho,L1,dev:3197,bho_Deva
panel2,B,vardial2018/dev,bho,L1,dev:3201,bho_Deva
panel2,B,vardial2018/dev,bho,L1,dev:3203,bho_Deva
panel2,B,vardial2018/dev,bho,L1,dev:3205,bho_Deva
panel2,B,vardial2018/dev,bho,L1,dev:3207,bho_Deva
panel2,B,vardial2018/dev,bho,L1,dev:3220,bho_Deva
panel2,B,vardial2018/dev,bho,L1,dev:3225,bho_Deva
panel2,B,vardial2018/dev,bho,L1,dev:3229,bho_Deva
panel2,B,vardial2018/dev,bho,L1,dev:3230,bho_Deva
panel2,B,vardial2018/dev,bho,L1,dev:3231,bho_Deva
panel2,B,vardial2018/dev,bho,L1,dev:3232,bho_Deva
panel2,B,vardial2018/dev,bho,L1,dev:3239,bho_Deva
panel2,B,vardial2018/dev,bho,L1,dev:3242,bho_Deva
panel2,B,vardial2018/dev,bho,L1,dev:3251,hin_Deva
panel2,B,vardial2018/dev,bho,L1,dev:3253,bho_Deva
panel2,B,vardial2018/dev,bho,L1,dev:3260,bho_Deva
panel2,B,vardial2018/dev,bho,L1,dev:3267,bho_Deva
panel2,B,vardial2018/dev,bho,L1,dev:3278,bho_Deva
panel2,B,vardial2018/dev,bho,L1,dev:3291,bho_Deva
panel2,B,vardial2018/dev,bho,L1,dev:3295,bho_Deva
panel2,B,vardial2018/dev,bho,L1,dev:3297,bho_Deva
panel2,B,vardial2018/dev,bho,L1,dev:3299,bho_Deva
panel2,B,vardial2018/dev,bho,L1,dev:3309,bho_Deva
panel2,B,vardial2018/dev,bho,L1,dev:3312,bho_Deva
panel2,B,vardial2018/dev,bho,L1,dev:3315,bho_Deva
panel2,B,vardial2018/dev,bho,L1,dev:3318,bho_Deva
panel2,B,vardial2018/dev,bho,L1,dev:3322,bho_Deva
panel2,B,vardial2018/dev,bho,L1,dev:3323,bho_Deva
panel2,B,vardial2018/dev,bho,L1,dev:3326,bho_Deva
panel2,B,vardial2018/dev,bho,L1,dev:3339,bho_Deva
panel2,B,vardial2018/dev,bho,L1,dev:3343,bho_Deva
panel2,B,vardial2018/dev,bho,L1,dev:3344,bho_Deva
panel2,B,vardial2018/dev,bho,L1,dev:3354,bho_Deva
panel2,B,vardial2018/dev,bho,L1,dev:3369,bho_Deva
panel2,B,vardial2018/dev,bho,L1,dev:3377,bho_Deva
panel2,B,vardial2018/dev,bho,L1,dev:3378,hin_Deva
panel2,B,vardial2018/dev,bho,L1,dev:3383,anp_Deva
panel2,B,vardial2018/dev,bho,L1,dev:3387,bho_Deva
panel2,B,vardial2018/dev,bho,L1,dev:3390,bho_Deva
panel2,B,vardial2018/dev,bho,L1,dev:3392,bho_Deva
panel2,B,vardial2018/dev,bho,L1,dev:3393,bho_Deva
panel2,B,vardial2018/dev,bho,L1,dev:3397,bho_Deva
panel2,B,vardial2018/dev,bho,L1,dev:3406,bho_Deva
panel2,B,vardial2018/dev,bho,L1,dev:3408,bho_Deva
panel2,B,vardial2018/dev,bho,L1,dev:3409,bho_Deva
panel2,B,vardial2018/dev,bho,L1,dev:3424,hin_Deva
panel2,B,vardial2018/dev,bho,L1,dev:3433,bho_Deva
panel2,B,vardial2018/dev,bho,L1,dev:3440,bho_Deva
panel2,B,vardial2018/dev,bho,L1,dev:3448,awa_Deva
panel2,B,vardial2018/dev,bho,L1,dev:3460,bho_Deva
panel2,B,vardial2018/dev,bho,L1,dev:3461,bho_Deva
panel2,B,vardial2018/dev,bho,L1,dev:3464,bho_Deva
panel2,B,vardial2018/dev,bho,L1,dev:3472,hin_Deva
panel2,B,vardial2018/dev,bho,L1,dev:3475,bho_Deva
panel2,B,vardial2018/dev,bho,L1,dev:3480,hin_Deva
panel2,B,vardial2018/dev,bho,L1,dev:3483,hin_Deva
panel2,B,vardial2018/dev,bho,L1,dev:3493,bho_Deva
panel2,B,vardial2018/dev,bho,L1,dev:3497,bho_Deva
panel2,B,vardial2018/dev,bho,L1,dev:3502,bho_Deva
panel2,B,vardial2018/dev,bho,L1,dev:3513,bho_Deva
panel2,B,vardial2018/dev,bho,L1,dev:3514,bho_Deva
panel2,B,vardial2018/dev,bho,L1,dev:3520,bho_Deva
panel2,B,vardial2018/dev,bho,L1,dev:3521,bho_Deva
panel2,B,vardial2018/dev,bho,L1,dev:3522,bho_Deva
panel2,B,vardial2018/dev,bho,L1,dev:3525,mai_Deva
panel2,B,vardial2018/dev,bho,L1,dev:3535,bho_Deva
panel2,B,vardial2018/dev,bho,L1,dev:3537,bho_Deva
panel2,B,vardial2018/dev,bho,L1,dev:3538,bho_Deva
panel2,B,vardial2018/dev,bho,L1,dev:3552,bho_Deva
panel2,B,vardial2018/dev,bho,L1,dev:3553,bho_Deva
panel2,B,vardial2018/dev,bho,L1,dev:3558,bho_Deva
panel2,B,vardial2018/dev,bho,L1,dev:3559,bho_Deva
panel2,B,vardial2018/dev,bho,L1,dev:3560,bho_Deva
panel2,B,vardial2018/dev,bho,L1,dev:3561,bho_Deva
panel2,B,vardial2018/dev,bho,L1,dev:3567,bho_Deva
panel2,B,vardial2018/dev,bho,L1,dev:3569,bho_Deva
panel2,B,vardial2018/dev,bho,L1,dev:3572,bho_Deva
panel2,B,vardial2018/dev,bho,L1,dev:3574,bho_Deva
panel2,B,vardial2018/dev,bho,L1,dev:3575,bho_Deva
panel2,B,vardial2018/dev,bho,L1,dev:3576,bho_Deva
panel2,B,vardial2018/dev,bho,L1,dev:3579,hin_Deva
panel2,B,vardial2018/dev,bho,L1,dev:3587,bho_Deva
panel2,B,vardial2018/dev,bho,L1,dev:3589,bho_Deva
panel2,B,vardial2018/dev,bho,L1,dev:3605,bho_Deva
panel2,B,vardial2018/dev,bho,L1,dev:3633,bho_Deva
panel2,B,vardial2018/dev,bho,L1,dev:3643,hin_Deva
panel2,B,vardial2018/dev,bho,L1,dev:3644,bho_Deva
panel2,B,vardial2018/dev,bho,L1,dev:3651,bho_Deva
panel2,B,vardial2018/dev,bho,L1,dev:3653,bho_Deva
panel2,B,vardial2018/dev,bho,L1,dev:3655,bho_Deva
panel2,B,vardial2018/dev,bho,L1,dev:3659,bho_Deva
panel2,B,vardial2018/dev,bho,L1,dev:3662,bho_Deva
panel2,B,vardial2018/dev,bho,L1,dev:3676,anp_Deva
panel2,B,vardial2018/dev,bho,L1,dev:3685,bho_Deva
panel2,B,vardial2018/dev,bho,L1,dev:3686,bho_Deva
panel2,B,vardial2018/dev,bho,L1,dev:3687,bho_Deva
panel2,B,vardial2018/dev,bho,L1,dev:3688,bho_Deva
panel2,B,vardial2018/dev,bho,L1,dev:3689,bho_Deva
panel2,B,vardial2018/dev,bho,L1,dev:3698,bho_Deva
panel2,B,vardial2018/dev,bho,L1,dev:3702,bho_Deva
panel2,B,vardial2018/dev,bho,L1,dev:3704,bho_Deva
panel2,B,vardial2018/dev,bho,L1,dev:3706,bho_Deva
panel2,B,vardial2018/dev,bho,L1,dev:3710,bho_Deva
panel2,B,vardial2018/dev,bho,L1,dev:3714,bho_Deva
panel2,B,vardial2018/dev,bho,L1,dev:3724,bho_Deva
panel2,B,vardial2018/dev,bho,L1,dev:3729,bho_Deva
panel2,B,vardial2018/dev,bho,L1,dev:3732,bho_Deva
panel2,B,vardial2018/dev,bho,L1,dev:3734,bho_Deva
panel2,B,vardial2018/dev,bho,L1,dev:3736,bho_Deva
panel2,B,vardial2018/dev,bho,L1,dev:3739,bho_Deva
panel2,B,vardial2018/dev,bho,L1,dev:3743,bho_Deva
panel2,B,vardial2018/dev,bho,L1,dev:3756,bho_Deva
panel2,B,vardial2018/dev,bho,L1,dev:3759,bho_Deva
panel2,B,vardial2018/dev,bho,L1,dev:3762,bho_Deva
panel2,B,vardial2018/dev,bho,L1,dev:3775,bho_Deva
panel2,B,vardial2018/dev,bho,L1,dev:3778,bho_Deva
panel2,B,vardial2018/dev,bho,L1,dev:3781,bho_Deva
panel2,B,vardial2018/dev,bho,L1,dev:3782,bho_Deva
panel2,B,vardial2018/dev,bho,L1,dev:3785,bho_Deva
panel2,B,vardial2018/dev,bho,L1,dev:3790,bho_Deva
panel2,B,vardial2018/dev,bho,L1,dev:3791,bho_Deva
panel2,B,vardial2018/dev,bho,L1,dev:3793,bho_Deva
panel2,B,vardial2018/dev,bho,L1,dev:3801,bho_Deva
panel2,B,vardial2018/dev,bho,L1,dev:3803,hin_Deva
panel2,B,vardial2018/dev,bho,L1,dev:3807,bho_Deva
panel2,B,vardial2018/dev,bho,L1,dev:3809,bho_Deva
panel2,B,vardial2018/dev,bho,L1,dev:3814,bho_Deva
panel2,B,vardial2018/dev,bho,L1,dev:3820,bho_Deva
panel2,B,vardial2018/dev,bho,L1,dev:3829,bho_Deva
panel2,B,vardial2018/dev,bho,L1,dev:3839,bho_Deva
panel2,B,vardial2018/dev,bho,L1,dev:3852,bho_Deva
panel2,B,vardial2018/dev,bho,L1,dev:3873,bho_Deva
panel2,B,vardial2018/dev,bho,L1,dev:3878,bho_Deva
panel2,B,vardial2018/dev,bho,L1,dev:3880,bho_Deva
panel2,B,vardial2018/dev,bho,L1,dev:3889,bho_Deva
panel2,B,vardial2018/dev,bho,L1,dev:3890,bho_Deva
panel2,B,vardial2018/dev,bho,L1,dev:3893,bho_Deva
panel2,B,vardial2018/dev,bho,L1,dev:3903,bho_Deva
panel2,B,vardial2018/dev,bho,L1,dev:3908,bho_Deva
panel2,B,vardial2018/dev,bho,L1,dev:3921,bho_Deva
panel2,B,vardial2018/dev,bho,L1,dev:3928,bho_Deva
panel2,B,vardial2018/dev,bho,L1,dev:3932,bho_Deva
panel2,B,vardial2018/dev,bho,L1,dev:3935,bho_Deva
panel2,B,vardial2018/dev,bho,L1,dev:3936,bho_Deva
panel2,B,vardial2018/dev,bho,L1,dev:3938,bho_Deva
panel2,B,vardial2018/dev,bho,L1,dev:3939,bho_Deva
panel2,B,vardial2018/dev,bho,L1,dev:3943,hin_Deva
panel2,B,vardial2018/dev,bho,L1,dev:3944,bho_Deva
panel2,B,vardial2018/dev,bho,L1,dev:3960,bho_Deva
panel2,B,vardial2018/dev,bho,L1,dev:3963,bho_Deva
panel2,B,vardial2018/dev,bho,L1,dev:3964,bho_Deva
panel2,B,vardial2018/dev,bho,L1,dev:3973,bho_Deva
panel2,B,vardial2018/dev,bho,L1,dev:3976,bho_Deva
panel2,B,vardial2018/dev,bho,L1,dev:3987,bho_Deva
panel2,B,vardial2018/dev,bho,L1,dev:3991,bho_Deva
panel2,B,vardial2018/dev,bho,L1,dev:3996,bho_Deva
panel2,B,vardial2018/dev,bho,L1,dev:4001,bho_Deva
panel2,B,vardial2018/dev,bho,L1,dev:4005,bho_Deva
panel2,B,vardial2018/dev,bho,L1,dev:4009,bho_Deva
panel2,B,vardial2018/dev,bho,L1,dev:4015,hin_Deva
panel2,B,vardial2018/dev,bho,L1,dev:4016,bho_Deva
panel2,B,vardial2018/dev,bho,L1,dev:4017,bho_Deva
panel2,B,vardial2018/dev,bho,L1,dev:4020,bho_Deva
panel2,B,vardial2018/dev,bho,L1,dev:4023,bho_Deva
panel2,B,vardial2018/dev,bho,L1,dev:4029,bho_Deva
panel2,B,vardial2018/dev,bho,L1,dev:4031,bho_Deva
panel2,B,vardial2018/dev,bho,L1,dev:4034,bho_Deva
panel2,B,vardial2018/dev,bho,L1,dev:4035,bho_Deva
panel2,B,vardial2018/dev,bho,L1,dev:4038,bho_Deva
panel2,B,vardial2018/dev,bho,L1,dev:4048,bho_Deva
panel2,B,vardial2018/dev,bho,L1,dev:4049,bho_Deva
panel2,B,vardial2018/dev,bho,L1,dev:4053,bho_Deva
panel2,B,vardial2018/dev,bho,L1,dev:4062,bho_Deva
panel2,B,vardial2018/dev,bho,L1,dev:4069,bho_Deva
panel2,B,vardial2018/dev,bho,L1,dev:4072,bho_Deva
panel2,B,vardial2018/dev,bho,L1,dev:4074,bho_Deva
panel2,B,vardial2018/dev,bho,L1,dev:4076,bho_Deva
panel2,B,vardial2018/dev,bho,L1,dev:4082,bho_Deva
panel2,B,vardial2018/dev,bho,L1,dev:4085,bho_Deva
panel2,B,vardial2018/dev,bho,L1,dev:4089,hin_Deva
panel2,B,vardial2018/dev,bho,L1,dev:4092,bho_Deva
panel2,B,vardial2018/dev,bho,L1,dev:4095,bho_Deva
panel2,B,vardial2018/dev,bho,L1,dev:4097,bho_Deva
panel2,B,vardial2018/dev,bho,L1,dev:4102,bho_Deva
panel2,B,vardial2018/dev,bho,L1,dev:4103,bho_Deva
panel2,B,vardial2018/dev,bho,L1,dev:4107,bho_Deva
panel2,B,vardial2018/dev,bho,L1,dev:4119,bho_Deva
panel2,B,vardial2018/dev,bho,L1,dev:4128,bho_Deva
panel2,B,vardial2018/dev,bho,L1,dev:4133,bho_Deva
panel2,B,vardial2018/dev,bho,L1,dev:4135,bho_Deva
panel2,B,vardial2018/dev,bho,L1,dev:4136,bho_Deva
panel2,B,vardial2018/dev,bho,L1,dev:4140,bho_Deva
panel2,B,vardial2018/dev,bho,L1,dev:4146,bho_Deva
panel2,B,vardial2018/dev,bho,L1,dev:4159,bho_Deva
panel2,B,vardial2018/dev,bho,L1,dev:4163,bho_Deva
panel2,B,vardial2018/dev,bho,L1,dev:4165,bho_Deva
panel2,B,vardial2018/dev,bho,L1,dev:4169,bho_Deva
panel2,B,vardial2018/dev,bho,L1,dev:4185,bho_Deva
panel2,B,vardial2018/dev,bho,L1,dev:4193,bho_Deva
panel2,B,vardial2018/dev,bho,L1,dev:4196,bho_Deva
panel2,B,vardial2018/dev,bho,L1,dev:4203,bho_Deva
panel2,B,vardial2018/dev,bho,L1,dev:4206,bho_Deva
panel2,B,vardial2018/dev,bho,L1,dev:4209,hin_Deva
panel2,B,vardial2018/dev,bho,L1,dev:4213,bho_Deva
panel2,B,vardial2018/dev,bho,L1,dev:4215,bho_Deva
panel2,B,vardial2018/dev,bho,L1,dev:4226,bho_Deva
panel2,B,vardial2018/dev,bho,L1,dev:4229,anp_Deva
panel2,B,vardial2018/dev,bho,L1,dev:4236,bho_Deva
panel2,B,vardial2018/dev,bho,L1,dev:4240,bho_Deva
panel2,B,vardial2018/dev,bho,L1,dev:4244,bho_Deva
panel2,B,vardial2018/dev,bho,L1,dev:4256,bho_Deva
panel2,B,vardial2018/dev,bho,L1,dev:4262,bho_Deva
panel2,B,vardial2018/dev,bho,L1,dev:4265,bho_Deva
panel2,B,vardial2018/dev,bho,L1,dev:4267,bho_Deva
panel2,B,vardial2018/dev,bho,L1,dev:4273,bho_Deva
panel2,B,vardial2018/dev,bho,L1,dev:4276,bho_Deva
panel2,B,vardial2018/dev,bho,L1,dev:4278,bho_Deva
panel2,B,vardial2018/dev,bho,L1,dev:4283,bho_Deva
panel2,B,vardial2018/dev,bho,L1,dev:4291,bho_Deva
panel2,B,vardial2018/dev,bho,L1,dev:4296,bho_Deva
panel2,B,vardial2018/dev,bho,L1,dev:4300,bho_Deva
panel2,B,vardial2018/dev,bho,L1,dev:4302,bho_Deva
panel2,B,vardial2018/dev,bho,L1,dev:4305,bho_Deva
panel2,B,vardial2018/dev,bho,L1,dev:4306,bho_Deva
panel2,B,vardial2018/dev,bho,L1,dev:4307,bho_Deva
panel2,B,vardial2018/dev,bho,L1,dev:4311,mai_Deva
panel2,B,vardial2018/dev,bho,L1,dev:4319,bho_Deva
panel2,B,vardial2018/dev,bho,L1,dev:4336,bho_Deva
panel2,B,vardial2018/dev,bho,L1,dev:4343,bho_Deva
panel2,B,vardial2018/dev,bho,L1,dev:4345,bho_Deva
panel2,B,vardial2018/dev,bho,L1,dev:4349,bho_Deva
panel2,B,vardial2018/dev,bho,L1,dev:4353,bho_Deva
panel2,B,vardial2018/dev,bho,L1,dev:4356,bho_Deva
panel2,B,vardial2018/dev,bho,L1,dev:4360,bho_Deva
panel2,B,vardial2018/dev,bho,L1,dev:4374,bho_Deva
panel2,B,vardial2018/dev,bho,L1,dev:4382,bho_Deva
panel2,B,vardial2018/dev,bho,L1,dev:4387,bho_Deva
panel2,B,vardial2018/dev,bho,L1,dev:4390,bho_Deva
panel2,B,vardial2018/dev,bho,L1,dev:4396,bho_Deva
panel2,B,vardial2018/dev,bho,L1,dev:4397,bho_Deva
panel2,B,vardial2018/dev,bho,L1,dev:4407,bho_Deva
panel2,B,vardial2018/dev,bho,L1,dev:4411,bho_Deva
panel2,B,vardial2018/dev,bho,L1,dev:4420,bho_Deva
panel2,B,vardial2018/dev,bho,L1,dev:4423,bho_Deva
panel2,B,vardial2018/dev,bho,L1,dev:4441,bho_Deva
panel2,B,vardial2018/dev,bho,L1,dev:4443,bho_Deva
panel2,B,vardial2018/dev,bho,L1,dev:4448,bho_Deva
panel2,B,vardial2018/dev,bho,L1,dev:4450,bho_Deva
panel2,B,vardial2018/dev,bho,L1,dev:4454,bho_Deva
panel2,B,vardial2018/dev,bho,L1,dev:4466,bho_Deva
panel2,B,vardial2018/dev,bho,L1,dev:4467,bho_Deva
panel2,B,vardial2018/dev,bho,L1,dev:4472,bho_Deva
panel2,B,vardial2018/dev,bho,L1,dev:4475,bho_Deva
panel2,B,vardial2018/dev,bho,L1,dev:4481,bho_Deva
panel2,B,vardial2018/dev,bho,L1,dev:4492,bho_Deva
panel2,B,vardial2018/dev,bho,L1,dev:4505,bho_Deva
panel2,B,vardial2018/dev,bho,L1,dev:4506,bho_Deva
panel2,B,vardial2018/dev,bho,L1,dev:4511,bho_Deva
panel2,B,vardial2018/dev,bho,L1,dev:4519,anp_Deva
panel2,B,vardial2018/dev,bho,L1,dev:4527,bho_Deva
panel2,B,vardial2018/dev,bho,L1,dev:4542,bho_Deva
panel2,B,vardial2018/dev,bho,L1,dev:4544,bho_Deva
panel2,B,vardial2018/dev,bho,L1,dev:4546,bho_Deva
panel2,B,vardial2018/dev,bho,L1,dev:4551,awa_Deva
panel2,B,vardial2018/dev,bho,L1,dev:4552,bho_Deva
panel2,B,vardial2018/dev,bho,L1,dev:4556,bho_Deva
panel2,B,vardial2018/dev,bho,L1,dev:4569,bho_Deva
panel2,B,vardial2018/dev,bho,L1,dev:4572,npi_Deva
panel2,B,vardial2018/dev,bho,L1,dev:4576,bho_Deva
panel2,B,vardial2018/dev,bho,L1,dev:4577,bho_Deva
panel2,B,vardial2018/dev,bho,L1,dev:4580,bho_Deva
panel2,B,vardial2018/dev,bho,L1,dev:4582,bho_Deva
panel2,B,vardial2018/dev,bho,L1,dev:4585,bho_Deva
panel2,B,vardial2018/dev,bho,L1,dev:4594,bho_Deva
panel2,B,vardial2018/dev,bho,L1,dev:4596,bho_Deva
panel2,B,vardial2018/dev,bho,L1,dev:4602,bho_Deva
panel2,B,vardial2018/dev,bho,L1,dev:4604,bho_Deva
panel2,B,vardial2018/dev,bho,L1,dev:4614,bho_Deva
panel2,B,vardial2018/dev,bho,L1,dev:4615,bho_Deva
panel2,B,vardial2018/dev,bho,L1,dev:4628,bho_Deva
panel2,B,vardial2018/dev,bho,L1,dev:4629,bho_Deva
panel2,B,vardial2018/dev,bho,L1,dev:4635,bho_Deva
panel2,B,vardial2018/dev,bho,L1,dev:4637,hin_Deva
panel2,B,vardial2018/dev,bho,L1,dev:4639,bho_Deva
panel2,B,vardial2018/dev,bho,L1,dev:4643,hin_Deva
panel2,B,vardial2018/dev,bho,L1,dev:4646,bho_Deva
panel2,B,vardial2018/dev,bho,L1,dev:4652,bho_Deva
panel2,B,vardial2018/dev,bho,L1,dev:4663,hin_Deva
panel2,B,vardial2018/dev,bho,L1,dev:4664,bho_Deva
panel2,B,vardial2018/dev,bho,L1,dev:4665,bho_Deva
panel2,B,vardial2018/dev,bho,L1,dev:4672,hin_Deva
panel2,B,vardial2018/dev,bho,L1,dev:4675,bho_Deva
panel2,B,vardial2018/dev,bho,L1,dev:4680,bho_Deva
panel2,B,vardial2018/dev,bho,L1,dev:4688,bho_Deva
panel2,B,vardial2018/dev,bho,L1,dev:4705,bho_Deva
panel2,B,vardial2018/dev,bho,L1,dev:4706,bho_Deva
panel2,B,vardial2018/dev,bho,L1,dev:4709,bho_Deva
panel2,B,vardial2018/dev,bho,L1,dev:4715,bho_Deva
panel2,B,vardial2018/dev,bho,L1,dev:4729,hin_Deva
panel2,B,vardial2018/dev,bho,L1,dev:4730,bho_Deva
panel2,B,vardial2018/dev,bho,L1,dev:4732,bho_Deva
panel2,B,vardial2018/dev,bho,L1,dev:4735,bho_Deva
panel2,B,vardial2018/dev,bho,L1,dev:4738,bho_Deva
panel2,B,vardial2018/dev,bho,L1,dev:4743,bho_Deva
panel2,B,vardial2018/dev,bho,L1,dev:4751,bho_Deva
panel2,B,vardial2018/dev,bho,L1,dev:4758,bho_Deva
panel2,B,vardial2018/dev,bho,L1,dev:4764,bho_Deva
panel2,B,vardial2018/dev,bho,L1,dev:4770,bho_Deva
panel2,B,vardial2018/dev,bho,L1,dev:4775,bho_Deva
panel2,B,vardial2018/dev,bho,L1,dev:4783,bho_Deva
panel2,B,vardial2018/dev,bho,L1,dev:4791,bho_Deva
panel2,B,vardial2018/dev,bho,L1,dev:4792,hin_Deva
panel2,B,vardial2018/dev,bho,L1,dev:4794,bho_Deva
panel2,B,vardial2018/dev,bho,L1,dev:4798,bho_Deva
panel2,B,vardial2018/dev,bho,L1,dev:4800,bho_Deva
panel2,B,vardial2018/dev,bho,L1,dev:4801,bho_Deva
panel2,B,vardial2018/dev,bho,L1,dev:4802,bho_Deva
panel2,B,vardial2018/dev,bho,L1,dev:4803,bho_Deva
panel2,B,vardial2018/dev,bho,L1,dev:4805,bho_Deva
panel2,B,vardial2018/dev,bho,L1,dev:4809,bho_Deva
panel2,B,vardial2018/dev,bho,L1,dev:4810,bho_Deva
panel2,B,vardial2018/dev,bho,L1,dev:4818,bho_Deva
panel2,B,vardial2018/dev,bho,L1,dev:4826,bho_Deva
panel2,B,vardial2018/dev,bho,L1,dev:4830,bho_Deva
panel2,B,vardial2018/dev,bho,L1,dev:4831,bho_Deva
panel2,B,vardial2018/dev,bho,L1,dev:4834,bho_Deva
panel2,B,vardial2018/dev,bho,L1,dev:4839,bho_Deva
panel2,B,vardial2018/dev,bho,L1,dev:4846,bho_Deva
panel2,B,vardial2018/dev,bho,L1,dev:4849,bho_Deva
panel2,B,vardial2018/dev,bho,L1,dev:4852,bho_Deva
panel2,B,vardial2018/dev,bho,L1,dev:4853,bho_Deva
panel2,B,vardial2018/dev,bho,L1,dev:4855,bho_Deva
panel2,B,vardial2018/dev,bho,L1,dev:4857,bho_Deva
panel2,B,vardial2018/dev,bho,L1,dev:4860,hin_Deva
panel2,B,vardial2018/dev,bho,L1,dev:4878,bho_Deva
panel2,B,vardial2018/dev,bho,L1,dev:4881,bho_Deva
panel2,B,vardial2018/dev,bho,L1,dev:4883,bho_Deva
panel2,B,vardial2018/dev,bho,L1,dev:4884,bho_Deva
panel2,B,vardial2018/dev,bho,L1,dev:4889,bho_Deva
panel2,B,vardial2018/dev,bho,L1,dev:4893,bho_Deva
panel2,B,vardial2018/dev,bho,L1,dev:4902,bho_Deva
panel2,B,vardial2018/dev,bho,L1,dev:4911,bho_Deva
panel2,B,vardial2018/dev,bho,L1,dev:4917,bho_Deva
panel2,B,vardial2018/dev,bho,L1,dev:4940,bho_Deva
panel2,B,vardial2018/dev,bho,L1,dev:4941,bho_Deva
panel2,B,vardial2018/dev,bho,L1,dev:4948,bho_Deva
panel2,B,vardial2018/dev,bho,L1,dev:4951,bho_Deva
panel2,B,vardial2018/dev,bho,L1,dev:4965,bho_Deva
panel2,B,vardial2018/dev,bho,L1,dev:4966,bho_Deva
panel2,B,vardial2018/dev,bho,L1,dev:4991,hin_Deva
panel2,B,vardial2018/dev,bho,L1,dev:4996,hin_Deva
panel2,B,vardial2018/dev,bho,L1,dev:5001,bho_Deva
panel2,B,vardial2018/dev,bho,L1,dev:5007,bho_Deva
panel2,B,vardial2018/dev,bho,L1,dev:5018,hin_Deva
panel2,B,vardial2018/dev,bho,L1,dev:5019,bho_Deva
panel2,B,vardial2018/dev,bho,L1,dev:5022,bho_Deva
panel2,B,vardial2018/dev,bho,L1,dev:5026,bho_Deva
panel2,B,vardial2018/dev,bho,L1,dev:5028,bho_Deva
panel2,B,vardial2018/dev,bho,L1,dev:5037,bho_Deva
panel2,B,vardial2018/dev,bho,L1,dev:5044,bho_Deva
panel2,B,vardial2018/dev,bho,L1,dev:5046,bho_Deva
panel2,B,vardial2018/dev,bho,L1,dev:5047,bho_Deva
panel2,B,vardial2018/dev,bho,L1,dev:5052,bho_Deva
panel2,B,vardial2018/dev,bho,L1,dev:5053,bho_Deva
panel2,B,vardial2018/dev,bho,L1,dev:5059,bho_Deva
panel2,B,vardial2018/dev,bho,L1,dev:5061,bho_Deva
panel2,B,vardial2018/dev,bho,L1,dev:5078,bho_Deva
panel2,B,vardial2018/dev,bho,L1,dev:5079,bho_Deva
panel2,B,vardial2018/dev,bho,L1,dev:5084,bho_Deva
panel2,B,vardial2018/dev,bho,L1,dev:5085,bho_Deva
panel2,B,vardial2018/dev,bho,L1,dev:5087,bho_Deva
panel2,B,vardial2018/dev,bho,L1,dev:5091,bho_Deva
panel2,B,vardial2018/dev,bho,L1,dev:5093,bho_Deva
panel2,B,vardial2018/dev,bho,L1,dev:5105,bho_Deva
panel2,B,vardial2018/dev,bho,L1,dev:5106,bho_Deva
panel2,B,vardial2018/dev,bho,L1,dev:5107,bho_Deva
panel2,B,vardial2018/dev,bho,L1,dev:5108,bho_Deva
panel2,B,vardial2018/dev,bho,L1,dev:5116,bho_Deva
panel2,B,vardial2018/dev,bho,L1,dev:5118,bho_Deva
panel2,B,vardial2018/dev,bho,L1,dev:5129,bho_Deva
panel2,B,vardial2018/dev,bho,L1,dev:5130,bho_Deva
panel2,B,vardial2018/dev,bho,L1,dev:5135,bho_Deva
panel2,B,vardial2018/dev,bho,L1,dev:5140,bho_Deva
panel2,B,vardial2018/dev,bho,L1,dev:5141,bho_Deva
panel2,B,vardial2018/dev,bho,L1,dev:5144,bho_Deva
panel2,B,vardial2018/dev,bho,L1,dev:5149,bho_Deva
panel2,B,vardial2018/dev,bho,L1,dev:5154,bho_Deva
panel2,B,vardial2018/dev,bho,L1,dev:5159,bho_Deva
panel2,B,vardial2018/dev,bho,L1,dev:5167,bho_Deva
panel2,B,vardial2018/dev,bho,L1,dev:5188,bho_Deva
panel2,B,vardial2018/dev,bho,L1,dev:5201,bho_Deva
panel2,B,vardial2018/dev,bho,L1,dev:5202,bho_Deva
panel2,B,vardial2018/dev,bho,L1,dev:5206,bho_Deva
panel2,B,vardial2018/dev,bho,L1,dev:5210,bho_Deva
panel2,B,vardial2018/dev,bho,L1,dev:5212,bho_Deva
panel2,B,vardial2018/dev,bho,L1,dev:5213,bho_Deva
panel2,B,vardial2018/dev,bho,L1,dev:5216,bho_Deva
panel2,B,vardial2018/dev,bho,L1,dev:5225,bho_Deva
panel2,B,vardial2018/dev,bho,L1,dev:5233,bho_Deva
panel2,B,vardial2018/dev,bho,L1,dev:5234,bho_Deva
panel2,B,vardial2018/dev,bho,L1,dev:5238,bho_Deva
panel2,B,vardial2018/dev,bho,L1,dev:5240,bho_Deva
panel2,B,vardial2018/dev,bho,L1,dev:5244,bho_Deva
panel2,B,vardial2018/dev,bho,L1,dev:5247,bho_Deva
panel2,B,vardial2018/dev,bho,L1,dev:5252,bho_Deva
panel2,B,vardial2018/dev,bho,L1,dev:5253,bho_Deva
panel2,B,vardial2018/dev,bho,L1,dev:5256,bho_Deva
panel2,B,vardial2018/dev,bho,L1,dev:5262,bho_Deva
panel2,B,vardial2018/dev,bho,L1,dev:5264,bho_Deva
panel2,B,vardial2018/dev,bho,L1,dev:5275,bho_Deva
panel2,B,vardial2018/dev,bho,L1,dev:5276,bho_Deva
panel2,B,vardial2018/dev,bho,L1,dev:5277,bho_Deva
panel2,B,vardial2018/dev,bho,L1,dev:5279,bho_Deva
panel2,B,vardial2018/dev,bho,L1,dev:5285,hin_Deva
panel2,B,vardial2018/dev,bho,L1,dev:5287,bho_Deva
panel2,B,vardial2018/dev,bho,L1,dev:5296,bho_Deva
panel2,B,vardial2018/dev,bho,L1,dev:5298,bho_Deva
panel2,B,vardial2018/dev,bho,L1,dev:5302,bho_Deva
panel2,B,vardial2018/dev,bho,L1,dev:5305,bho_Deva
panel2,B,vardial2018/dev,bho,L1,dev:5310,bho_Deva
panel2,B,vardial2018/dev,bho,L1,dev:5316,bho_Deva
panel2,B,vardial2018/dev,bho,L1,dev:5323,hin_Deva
panel2,B,vardial2018/dev,bho,L1,dev:5329,bho_Deva
panel2,B,vardial2018/dev,bho,L1,dev:5339,bho_Deva
panel2,B,vardial2018/dev,bho,L1,dev:5352,bho_Deva
panel2,B,vardial2018/dev,bho,L1,dev:5353,bho_Deva
panel2,B,vardial2018/dev,bho,L1,dev:5361,bho_Deva
panel2,B,vardial2018/dev,bho,L1,dev:5362,bho_Deva
panel2,B,vardial2018/dev,bho,L1,dev:5363,bho_Deva
panel2,B,vardial2018/dev,bho,L1,dev:5364,bho_Deva
panel2,B,vardial2018/dev,bho,L1,dev:5370,bho_Deva
panel2,B,vardial2018/dev,bho,L1,dev:5372,bho_Deva
panel2,B,vardial2018/dev,bho,L1,dev:5388,bho_Deva
panel2,B,vardial2018/dev,bho,L1,dev:5394,bho_Deva
panel2,B,vardial2018/dev,bho,L1,dev:5398,hin_Deva
panel2,B,vardial2018/dev,bho,L1,dev:5412,bho_Deva
panel2,B,vardial2018/dev,bho,L1,dev:5416,bho_Deva
panel2,B,vardial2018/dev,bho,L1,dev:5417,bho_Deva
panel2,B,vardial2018/dev,bho,L1,dev:5420,bho_Deva
panel2,B,vardial2018/dev,bho,L1,dev:5421,bho_Deva
panel2,B,vardial2018/dev,bho,L1,dev:5431,bho_Deva
panel2,B,vardial2018/dev,bho,L1,dev:5432,bho_Deva
panel2,B,vardial2018/dev,bho,L1,dev:5440,hin_Deva
panel2,B,vardial2018/dev,bho,L1,dev:5444,hin_Deva
panel2,B,vardial2018/dev,bho,L1,dev:5448,bho_Deva
panel2,B,vardial2018/dev,bho,L1,dev:5451,bho_Deva
panel2,B,vardial2018/dev,bho,L1,dev:5452,bho_Deva
panel2,B,vardial2018/dev,bho,L1,dev:5453,bho_Deva
panel2,B,vardial2018/dev,bho,L1,dev:5454,hin_Deva
panel2,B,vardial2018/dev,bho,L1,dev:5459,bho_Deva
panel2,B,vardial2018/dev,bho,L1,dev:5473,bho_Deva
panel2,B,vardial2018/dev,bho,L1,dev:5477,bho_Deva
panel2,B,vardial2018/dev,bho,L1,dev:5490,bho_Deva
panel2,B,vardial2018/dev,bho,L1,dev:5493,bho_Deva
panel2,B,vardial2018/dev,bho,L1,dev:5502,bho_Deva
panel2,B,vardial2018/dev,bho,L1,dev:5503,hin_Deva
panel2,B,vardial2018/dev,bho,L1,dev:5504,new_Deva
panel2,B,vardial2018/dev,bho,L1,dev:5505,bho_Deva
panel2,B,vardial2018/dev,bho,L1,dev:5507,bho_Deva
panel2,B,vardial2018/dev,bho,L1,dev:5508,bho_Deva
panel2,B,vardial2018/dev,bho,L1,dev:5511,bho_Deva
panel2,B,vardial2018/dev,bho,L1,dev:5515,bho_Deva
panel2,B,vardial2018/dev,bho,L1,dev:5519,bho_Deva
panel2,B,vardial2018/dev,bho,L1,dev:5521,bho_Deva
panel2,B,vardial2018/dev,bho,L1,dev:5524,bho_Deva
panel2,B,vardial2018/dev,bho,L1,dev:5532,bho_Deva
panel2,B,vardial2018/dev,bho,L1,dev:5540,bho_Deva
panel2,B,vardial2018/dev,bho,L1,dev:5543,bho_Deva
panel2,B,vardial2018/dev,bho,L1,dev:5552,bho_Deva
panel2,B,vardial2018/dev,bho,L1,dev:5559,bho_Deva
panel2,B,vardial2018/dev,bho,L1,dev:5566,bho_Deva
panel2,B,vardial2018/dev,bho,L1,dev:5579,hin_Deva
panel2,B,vardial2018/dev,bho,L1,dev:5581,bho_Deva
panel2,B,vardial2018/dev,bho,L1,dev:5587,hin_Deva
panel2,B,vardial2018/dev,bho,L1,dev:5591,bho_Deva
panel2,B,vardial2018/dev,bho,L1,dev:5592,bho_Deva
panel2,B,vardial2018/dev,bho,L1,dev:5604,hin_Deva
panel2,B,vardial2018/dev,bho,L1,dev:5615,bho_Deva
panel2,B,vardial2018/dev,bho,L1,dev:5624,hin_Deva
panel2,B,vardial2018/dev,bho,L1,dev:5626,bho_Deva
panel2,B,vardial2018/dev,bho,L1,dev:5629,bho_Deva
panel2,B,vardial2018/dev,bho,L1,dev:5634,bho_Deva
panel2,B,vardial2018/dev,bho,L1,dev:5645,bho_Deva
panel2,B,vardial2018/dev,bho,L1,dev:5649,bho_Deva
panel2,B,vardial2018/dev,bho,L1,dev:5671,hin_Deva
panel2,B,vardial2018/dev,bho,L1,dev:5672,bho_Deva
panel2,B,vardial2018/dev,bho,L1,dev:5683,bho_Deva
panel2,B,vardial2018/dev,bho,L1,dev:5687,bho_Deva
panel2,B,vardial2018/dev,bho,L1,dev:5689,bho_Deva
panel2,B,vardial2018/dev,bho,L1,dev:5698,bho_Deva
panel2,B,vardial2018/dev,bho,L1,dev:5700,bho_Deva
panel2,B,vardial2018/dev,bho,L1,dev:5708,bho_Deva
panel2,B,vardial2018/dev,bho,L1,dev:5709,bho_Deva
panel2,B,vardial2018/dev,bho,L1,dev:5712,bho_Deva
panel2,B,vardial2018/dev,bho,L1,dev:5717,bho_Deva
panel2,B,vardial2018/dev,bho,L1,dev:5726,bho_Deva
panel2,B,vardial2018/dev,bho,L1,dev:5729,bho_Deva
panel2,B,vardial2018/dev,bho,L1,dev:5737,bho_Deva
panel2,B,vardial2018/dev,bho,L1,dev:5738,bho_Deva
panel2,B,vardial2018/dev,bho,L1,dev:5739,bho_Deva
panel2,B,vardial2018/dev,bho,L1,dev:5744,bho_Deva
panel2,B,vardial2018/dev,bho,L1,dev:5760,bho_Deva
panel2,B,vardial2018/dev,bho,L1,dev:5778,bho_Deva
panel2,B,vardial2018/dev,bho,L1,dev:5781,bho_Deva
panel2,B,vardial2018/dev,bho,L1,dev:5783,bho_Deva
panel2,B,vardial2018/dev,bho,L1,dev:5786,bho_Deva
panel2,B,vardial2018/dev,bho,L1,dev:5789,bho_Deva
panel2,B,vardial2018/dev,bho,L1,dev:5790,bho_Deva
panel2,B,vardial2018/dev,bho,L1,dev:5802,bho_Deva
panel2,B,vardial2018/dev,bho,L1,dev:5816,bho_Deva
panel2,B,vardial2018/dev,bho,L1,dev:5826,bho_Deva
panel2,B,vardial2018/dev,bho,L1,dev:5833,bho_Deva
panel2,B,vardial2018/dev,bho,L1,dev:5838,bho_Deva
panel2,B,vardial2018/dev,bho,L1,dev:5840,bho_Deva
panel2,B,vardial2018/dev,bho,L1,dev:5844,bho_Deva
panel2,B,vardial2018/dev,bho,L1,dev:5845,bho_Deva
panel2,B,vardial2018/dev,bho,L1,dev:5850,bho_Deva
panel2,B,vardial2018/dev,bho,L1,dev:5851,bho_Deva
panel2,B,vardial2018/dev,bho,L1,dev:5852,bho_Deva
panel2,B,vardial2018/dev,bho,L1,dev:5854,bho_Deva
panel2,B,vardial2018/dev,bho,L1,dev:5862,bho_Deva
panel2,B,vardial2018/dev,bho,L1,dev:5873,bho_Deva
panel2,B,vardial2018/dev,bho,L1,dev:5884,bho_Deva
panel2,B,vardial2018/dev,bho,L1,dev:5885,bho_Deva
panel2,B,vardial2018/dev,bho,L1,dev:5896,bho_Deva
panel2,B,vardial2018/dev,bho,L1,dev:5900,bho_Deva
panel2,B,vardial2018/dev,bho,L1,dev:5913,bho_Deva
panel2,B,vardial2018/dev,bho,L1,dev:5915,bho_Deva
panel2,B,vardial2018/dev,bho,L1,dev:5916,bho_Deva
panel2,B,vardial2018/dev,bho,L1,dev:5940,bho_Deva
panel2,B,vardial2018/dev,bho,L1,dev:5949,bho_Deva
panel2,B,vardial2018/dev,bho,L1,dev:5956,bho_Deva
panel2,B,vardial2018/dev,bho,L1,dev:5959,bho_Deva
panel2,B,vardial2018/dev,bho,L1,dev:5965,bho_Deva
panel2,B,vardial2018/dev,bho,L1,dev:5969,bho_Deva
panel2,B,vardial2018/dev,bho,L1,dev:5970,bho_Deva
panel2,B,vardial2018/dev,bho,L1,dev:5971,bho_Deva
panel2,B,vardial2018/dev,bho,L1,dev:5977,bho_Deva
panel2,B,vardial2018/dev,bho,L1,dev:5982,bho_Deva
panel2,B,vardial2018/dev,bho,L1,dev:5997,bho_Deva
panel2,B,vardial2018/dev,bho,L1,dev:6002,bho_Deva
panel2,B,vardial2018/dev,bho,L1,dev:6004,bho_Deva
panel2,B,vardial2018/dev,bho,L1,dev:6026,bho_Deva
panel2,B,vardial2018/dev,bho,L1,dev:6028,hin_Deva
panel2,B,vardial2018/dev,bho,L1,dev:6029,bho_Deva
panel2,B,vardial2018/dev,bho,L1,dev:6032,bho_Deva
panel2,B,vardial2018/dev,bho,L1,dev:6042,bho_Deva
panel2,B,vardial2018/dev,bho,L1,dev:6054,bho_Deva
panel2,B,vardial2018/dev,bho,L1,dev:6058,bho_Deva
panel2,B,vardial2018/dev,bho,L1,dev:6059,bho_Deva
panel2,B,vardial2018/dev,bho,L1,dev:6062,awa_Deva
panel2,B,vardial2018/dev,bho,L1,dev:6063,bho_Deva
panel2,B,vardial2018/dev,bho,L1,dev:6064,hin_Deva
panel2,B,vardial2018/dev,bho,L1,dev:6080,bho_Deva
panel2,B,vardial2018/dev,bho,L1,dev:6082,bho_Deva
panel2,B,vardial2018/dev,bho,L1,dev:6087,bho_Deva
panel2,B,vardial2018/dev,bho,L1,dev:6088,bho_Deva
panel2,B,vardial2018/dev,bho,L1,dev:6100,hin_Deva
panel2,B,vardial2018/dev,bho,L1,dev:6101,bho_Deva
panel2,B,vardial2018/dev,bho,L1,dev:6102,hin_Deva
panel2,B,vardial2018/dev,bho,L1,dev:6115,bho_Deva
panel2,B,vardial2018/dev,bho,L1,dev:6125,bho_Deva
panel2,B,vardial2018/dev,bho,L1,dev:6134,bho_Deva
panel2,B,vardial2018/dev,bho,L1,dev:6145,bho_Deva
panel2,B,vardial2018/dev,bho,L1,dev:6146,bho_Deva
panel2,B,vardial2018/dev,bho,L1,dev:6166,bho_Deva
panel2,B,vardial2018/dev,bho,L1,dev:6176,bho_Deva
panel2,B,vardial2018/dev,bho,L1,dev:6177,bho_Deva
panel2,B,vardial2018/dev,bho,L1,dev:6179,bho_Deva
panel2,B,vardial2018/dev,bho,L1,dev:6183,bho_Deva
panel2,B,vardial2018/dev,bho,L1,dev:6193,bho_Deva
panel2,B,vardial2018/dev,bho,L1,dev:6194,bho_Deva
panel2,B,vardial2018/dev,bho,L1,dev:6195,bho_Deva
panel2,B,vardial2018/dev,bho,L1,dev:6196,bho_Deva
panel2,B,vardial2018/dev,bho,L1,dev:6202,bho_Deva
panel2,B,vardial2018/dev,bho,L1,dev:6229,awa_Deva
panel2,B,vardial2018/dev,bho,L1,dev:6231,bho_Deva
panel2,B,vardial2018/dev,bho,L1,dev:6234,bho_Deva
panel2,B,vardial2018/dev,bho,L1,dev:6248,bho_Deva
panel2,B,vardial2018/dev,bho,L1,dev:6250,bho_Deva
panel2,B,vardial2018/dev,bho,L1,dev:6255,bho_Deva
panel2,B,vardial2018/dev,bho,L1,dev:6265,bho_Deva
panel2,B,vardial2018/dev,bho,L1,dev:6268,bho_Deva
panel2,B,vardial2018/dev,bho,L1,dev:6269,bho_Deva
panel2,B,vardial2018/dev,bho,L1,dev:6275,awa_Deva
panel2,B,vardial2018/dev,bho,L1,dev:6277,awa_Deva
panel2,B,vardial2018/dev,bho,L1,dev:6293,bho_Deva
panel2,B,vardial2018/dev,bho,L1,dev:6304,bho_Deva
panel2,B,vardial2018/dev,bho,L1,dev:6305,bho_Deva
panel2,B,vardial2018/dev,bho,L1,dev:6307,bho_Deva
panel2,B,vardial2018/dev,bho,L1,dev:6310,bho_Deva
panel2,B,vardial2018/dev,bho,L1,dev:6334,bho_Deva
panel2,B,vardial2018/dev,bho,L1,dev:6335,bho_Deva
panel2,B,vardial2018/dev,bho,L1,dev:6339,bho_Deva
panel2,B,vardial2018/dev,bho,L1,dev:6341,bho_Deva
panel2,B,vardial2018/dev,bho,L1,dev:6347,bho_Deva
panel2,B,vardial2018/dev,bho,L1,dev:6353,bho_Deva
panel2,B,vardial2018/dev,bho,L1,dev:6356,bho_Deva
panel2,B,vardial2018/dev,bho,L1,dev:6357,bho_Deva
panel2,B,vardial2018/dev,bho,L1,dev:6361,bho_Deva
panel2,B,vardial2018/dev,bho,L1,dev:6362,bho_Deva
panel2,B,vardial2018/dev,bho,L1,dev:6372,bho_Deva
panel2,B,vardial2018/dev,bho,L1,dev:6374,bho_Deva
panel2,B,vardial2018/dev,bho,L1,dev:6379,bho_Deva
panel2,B,vardial2018/dev,bho,L1,dev:6381,bho_Deva
panel2,B,vardial2018/dev,bho,L1,dev:6386,bho_Deva
panel2,B,vardial2018/dev,bho,L1,dev:6393,bho_Deva
panel2,B,vardial2018/dev,bho,L1,dev:6394,bho_Deva
panel2,B,vardial2018/dev,bho,L1,dev:6396,bho_Deva
panel2,B,vardial2018/dev,bho,L1,dev:6402,bho_Deva
panel2,B,vardial2018/dev,bho,L1,dev:6408,bho_Deva
panel2,B,vardial2018/dev,bho,L1,dev:6413,bho_Deva
panel2,B,vardial2018/dev,bho,L1,dev:6418,bho_Deva
panel2,B,vardial2018/dev,bho,L1,dev:6423,hin_Deva
panel2,B,vardial2018/dev,bho,L1,dev:6425,bho_Deva
panel2,B,vardial2018/dev,bho,L1,dev:6426,bho_Deva
panel2,B,vardial2018/dev,bho,L1,dev:6429,bho_Deva
panel2,B,vardial2018/dev,bho,L1,dev:6435,bho_Deva
panel2,B,vardial2018/dev,bho,L1,dev:6436,bho_Deva
panel2,B,vardial2018/dev,bho,L1,dev:6438,bho_Deva
panel2,B,vardial2018/dev,bho,L1,dev:6444,bho_Deva
panel2,B,vardial2018/dev,bho,L1,dev:6452,bho_Deva
panel2,B,vardial2018/dev,bho,L1,dev:6458,bho_Deva
panel2,B,vardial2018/dev,bho,L1,dev:6462,bho_Deva
panel2,B,vardial2018/dev,bho,L1,dev:6464,bho_Deva
panel2,B,vardial2018/dev,bho,L1,dev:6466,bho_Deva
panel2,B,vardial2018/dev,bho,L1,dev:6469,bho_Deva
panel2,B,vardial2018/dev,bho,L1,dev:6471,bho_Deva
panel2,B,vardial2018/dev,bho,L1,dev:6483,bho_Deva
panel2,B,vardial2018/dev,bho,L1,dev:6486,bho_Deva
panel2,B,vardial2018/dev,bho,L1,dev:6489,bho_Deva
panel2,B,vardial2018/dev,bho,L1,dev:6491,bho_Deva
panel2,B,vardial2018/dev,bho,L1,dev:6492,bho_Deva
panel2,B,vardial2018/dev,bho,L1,dev:6495,bho_Deva
panel2,B,vardial2018/dev,bho,L1,dev:6496,bho_Deva
panel2,B,vardial2018/dev,bho,L1,dev:6497,bho_Deva
panel2,B,vardial2018/dev,bho,L1,dev:6498,bho_Deva
panel2,B,vardial2018/dev,bho,L1,dev:6499,bho_Deva
panel2,B,vardial2018/dev,bho,L1,dev:6508,bho_Deva
panel2,B,vardial2018/dev,bho,L1,dev:6529,bho_Deva
panel2,B,vardial2018/dev,bho,L1,dev:6530,bho_Deva
panel2,B,vardial2018/dev,bho,L1,dev:6538,bho_Deva
panel2,B,vardial2018/dev,bho,L1,dev:6546,bho_Deva
panel2,B,vardial2018/dev,bho,L1,dev:6561,bho_Deva
panel2,B,vardial2018/dev,bho,L1,dev:6566,bho_Deva
panel2,B,vardial2018/dev,bho,L1,dev:6574,bho_Deva
panel2,B,vardial2018/dev,bho,L1,dev:6577,bho_Deva
panel2,B,vardial2018/dev,bho,L1,dev:6583,bho_Deva
panel2,B,vardial2018/dev,bho,L1,dev:6585,bho_Deva
panel2,B,vardial2018/dev,bho,L1,dev:6596,bho_Deva
panel2,B,vardial2018/dev,bho,L1,dev:6598,bho_Deva
panel2,B,vardial2018/dev,bho,L1,dev:6604,bho_Deva
panel2,B,vardial2018/dev,bho,L1,dev:6617,bho_Deva
panel2,B,vardial2018/dev,bho,L1,dev:6629,bho_Deva
panel2,B,vardial2018/dev,bho,L1,dev:6634,hin_Deva
panel2,B,vardial2018/dev,bho,L1,dev:6635,bho_Deva
panel2,B,vardial2018/dev,bho,L1,dev:6642,bho_Deva
panel2,B,vardial2018/dev,bho,L1,dev:6652,bho_Deva
panel2,B,vardial2018/dev,bho,L1,dev:6662,bho_Deva
panel2,B,vardial2018/dev,bho,L1,dev:6676,bho_Deva
panel2,B,vardial2018/dev,bho,L1,dev:6687,awa_Deva
panel2,B,vardial2018/dev,bho,L1,dev:6688,bho_Deva
panel2,B,vardial2018/dev,bho,L1,dev:6696,bho_Deva
panel2,B,vardial2018/dev,bho,L1,dev:6697,bho_Deva
panel2,B,vardial2018/dev,bho,L1,dev:6710,bho_Deva
panel2,B,vardial2018/dev,bho,L1,dev:6712,bho_Deva
panel2,B,vardial2018/dev,bho,L1,dev:6714,bho_Deva
panel2,B,vardial2018/dev,bho,L1,dev:6720,bho_Deva
panel2,B,vardial2018/dev,bho,L1,dev:6729,hin_Deva
panel2,B,vardial2018/dev,bho,L1,dev:6739,bho_Deva
panel2,B,vardial2018/dev,bho,L1,dev:6748,bho_Deva
panel2,B,vardial2018/dev,bho,L1,dev:6750,bho_Deva
panel2,B,vardial2018/dev,bho,L1,dev:6758,anp_Deva
panel2,B,vardial2018/dev,bho,L1,dev:6761,bho_Deva
panel2,B,vardial2018/dev,bho,L1,dev:6763,bho_Deva
panel2,B,vardial2018/dev,bho,L1,dev:6764,bho_Deva
panel2,B,vardial2018/dev,bho,L1,dev:6766,hin_Deva
panel2,B,vardial2018/dev,bho,L1,dev:6770,bho_Deva
panel2,B,vardial2018/dev,bho,L1,dev:6774,bho_Deva
panel2,B,vardial2018/dev,bho,L1,dev:6779,bho_Deva
panel2,B,vardial2018/dev,bho,L1,dev:6785,bho_Deva
panel2,B,vardial2018/dev,bho,L1,dev:6787,bho_Deva
panel2,B,vardial2018/dev,bho,L1,dev:6793,bho_Deva
panel2,B,vardial2018/dev,bho,L1,dev:6794,bho_Deva
panel2,B,vardial2018/dev,bho,L1,dev:6802,hin_Deva
panel2,B,vardial2018/dev,bho,L1,dev:6803,bho_Deva
panel2,B,vardial2018/dev,bho,L1,dev:6808,bho_Deva
panel2,B,vardial2018/dev,bho,L1,dev:6809,hin_Deva
panel2,B,vardial2018/dev,bho,L1,dev:6813,bho_Deva
panel2,B,vardial2018/dev,bho,L1,dev:6815,bho_Deva
panel2,B,vardial2018/dev,bho,L1,dev:6818,bho_Deva
panel2,B,vardial2018/dev,bho,L1,dev:6823,bho_Deva
panel2,B,vardial2018/dev,bho,L1,dev:6824,bho_Deva
panel2,B,vardial2018/dev,bho,L1,dev:6826,hin_Deva
panel2,B,vardial2018/dev,bho,L1,dev:6839,hin_Deva
panel2,B,vardial2018/dev,bho,L1,dev:6848,bho_Deva
panel2,B,vardial2018/dev,bho,L1,dev:6859,bho_Deva
panel2,B,vardial2018/dev,bho,L1,dev:6860,hin_Deva
panel2,B,vardial2018/dev,bho,L1,dev:6864,bho_Deva
panel2,B,vardial2018/dev,bho,L1,dev:6865,bho_Deva
panel2,B,vardial2018/dev,bho,L1,dev:6872,bho_Deva
panel2,B,vardial2018/dev,bho,L1,dev:6873,bho_Deva
panel2,B,vardial2018/dev,bho,L1,dev:6879,bho_Deva
panel2,B,vardial2018/dev,bho,L1,dev:6885,bho_Deva
panel2,B,vardial2018/dev,bho,L1,dev:6893,bho_Deva
panel2,B,vardial2018/dev,bho,L1,dev:6896,bho_Deva
panel2,B,vardial2018/dev,bho,L1,dev:6897,bho_Deva
panel2,B,vardial2018/dev,bho,L1,dev:6901,bho_Deva
panel2,B,vardial2018/dev,bho,L1,dev:6902,bho_Deva
panel2,B,vardial2018/dev,bho,L1,dev:6909,bho_Deva
panel2,B,vardial2018/dev,bho,L1,dev:6910,bho_Deva
panel2,B,vardial2018/dev,bho,L1,dev:6916,bho_Deva
panel2,B,vardial2018/dev,bho,L1,dev:6921,bho_Deva
panel2,B,vardial2018/dev,bho,L1,dev:6931,bho_Deva
panel2,B,vardial2018/dev,bho,L1,dev:6939,bho_Deva
panel2,B,vardial2018/dev,bho,L1,dev:6945,bho_Deva
panel2,B,vardial2018/dev,bho,L1,dev:6954,bho_Deva
panel2,B,vardial2018/dev,bho,L1,dev:6955,bho_Deva
panel2,B,vardial2018/dev,bho,L1,dev:6956,bho_Deva
panel2,B,vardial2018/dev,bho,L1,dev:6957,bho_Deva
panel2,B,vardial2018/dev,bho,L1,dev:6965,bho_Deva
panel2,B,vardial2018/dev,bho,L1,dev:6966,bho_Deva
panel2,B,vardial2018/dev,bho,L1,dev:6975,bho_Deva
panel2,B,vardial2018/dev,bho,L1,dev:6977,bho_Deva
panel2,B,vardial2018/dev,bho,L1,dev:6982,bho_Deva
panel2,B,vardial2018/dev,bho,L1,dev:6984,bho_Deva
panel2,B,vardial2018/dev,bho,L1,dev:7001,bho_Deva
panel2,B,vardial2018/dev,bho,L1,dev:7007,bho_Deva
panel2,B,vardial2018/dev,bho,L1,dev:7011,hin_Deva
panel2,B,vardial2018/dev,bho,L1,dev:7019,bho_Deva
panel2,B,vardial2018/dev,bho,L1,dev:7024,bho_Deva
panel2,B,vardial2018/dev,bho,L1,dev:7030,bho_Deva
panel2,B,vardial2018/dev,bho,L1,dev:7031,bho_Deva
panel2,B,vardial2018/dev,bho,L1,dev:7038,bho_Deva
panel2,B,vardial2018/dev,bho,L1,dev:7043,bho_Deva
panel2,B,vardial2018/dev,bho,L1,dev:7050,bho_Deva
panel2,B,vardial2018/dev,bho,L1,dev:7071,hin_Deva
panel2,B,vardial2018/dev,bho,L1,dev:7079,bho_Deva
panel2,B,vardial2018/dev,bho,L1,dev:7082,bho_Deva
panel2,B,vardial2018/dev,bho,L1,dev:7092,hin_Deva
panel2,B,vardial2018/dev,bho,L1,dev:7104,bho_Deva
panel2,B,vardial2018/dev,bho,L1,dev:7105,hin_Deva
panel2,B,vardial2018/dev,bho,L1,dev:7107,bho_Deva
panel2,B,vardial2018/dev,bho,L1,dev:7119,bho_Deva
panel2,B,vardial2018/dev,bho,L1,dev:7122,bho_Deva
panel2,B,vardial2018/dev,bho,L1,dev:7127,bho_Deva
panel2,B,vardial2018/dev,bho,L1,dev:7132,hin_Deva
panel2,B,vardial2018/dev,bho,L1,dev:7139,bho_Deva
panel2,B,vardial2018/dev,bho,L1,dev:7140,bho_Deva
panel2,B,vardial2018/dev,bho,L1,dev:7148,hin_Deva
panel2,B,vardial2018/dev,bho,L1,dev:7151,bho_Deva
panel2,B,vardial2018/dev,bho,L1,dev:7157,bho_Deva
panel2,B,vardial2018/dev,bho,L1,dev:7166,bho_Deva
panel2,B,vardial2018/dev,bho,L1,dev:7167,bho_Deva
panel2,B,vardial2018/dev,bho,L1,dev:7174,bho_Deva
panel2,B,vardial2018/dev,bho,L1,dev:7179,bho_Deva
panel2,B,vardial2018/dev,bho,L1,dev:7180,bho_Deva
panel2,B,vardial2018/dev,bho,L1,dev:7181,bho_Deva
panel2,B,vardial2018/dev,bho,L1,dev:7186,bho_Deva
panel2,B,vardial2018/dev,bho,L1,dev:7187,bho_Deva
panel2,B,vardial2018/dev,bho,L1,dev:7193,bho_Deva
panel2,B,vardial2018/dev,bho,L1,dev:7196,bho_Deva
panel2,B,vardial2018/dev,bho,L1,dev:7203,bho_Deva
panel2,B,vardial2018/dev,bho,L1,dev:7204,bho_Deva
panel2,B,vardial2018/dev,bho,L1,dev:7206,bho_Deva
panel2,B,vardial2018/dev,bho,L1,dev:7207,bho_Deva
panel2,B,vardial2018/dev,bho,L1,dev:7208,bho_Deva
panel2,B,vardial2018/dev,bho,L1,dev:7209,bho_Deva
panel2,B,vardial2018/dev,bho,L1,dev:7211,bho_Deva
panel2,B,vardial2018/dev,bho,L1,dev:7212,bho_Deva
panel2,B,vardial2018/dev,bho,L1,dev:7221,kas_Deva
panel2,B,vardial2018/dev,bho,L1,dev:7223,bho_Deva
panel2,B,vardial2018/dev,bho,L1,dev:7225,bho_Deva
panel2,B,vardial2018/dev,bho,L1,dev:7228,bho_Deva
panel2,B,vardial2018/dev,bho,L1,dev:7229,bho_Deva
panel2,B,vardial2018/dev,bho,L1,dev:7232,bho_Deva
panel2,B,vardial2018/dev,bho,L1,dev:7233,bho_Deva
panel2,B,vardial2018/dev,bho,L1,dev:7236,bho_Deva
panel2,B,vardial2018/dev,bho,L1,dev:7246,bho_Deva
panel2,B,vardial2018/dev,bho,L1,dev:7249,bho_Deva
panel2,B,vardial2018/dev,bho,L1,dev:7251,bho_Deva
panel2,B,vardial2018/dev,bho,L1,dev:7253,bho_Deva
panel2,B,vardial2018/dev,bho,L1,dev:7262,bho_Deva
panel2,B,vardial2018/dev,bho,L1,dev:7267,bho_Deva
panel2,B,vardial2018/dev,bho,L1,dev:7270,bho_Deva
panel2,B,vardial2018/dev,bho,L1,dev:7276,bho_Deva
panel2,B,vardial2018/dev,bho,L1,dev:7277,bho_Deva
panel2,B,vardial2018/dev,bho,L1,dev:7284,bho_Deva
panel2,B,vardial2018/dev,bho,L1,dev:7292,bho_Deva
panel2,B,vardial2018/dev,bho,L1,dev:7295,bho_Deva
panel2,B,vardial2018/dev,bho,L1,dev:7299,bho_Deva
panel2,B,vardial2018/dev,bho,L1,dev:7300,bho_Deva
panel2,B,vardial2018/dev,bho,L1,dev:7306,bho_Deva
panel2,B,vardial2018/dev,bho,L1,dev:7307,bho_Deva
panel2,B,vardial2018/dev,bho,L1,dev:7310,bho_Deva
panel2,B,vardial2018/dev,bho,L1,dev:7324,bho_Deva
panel2,B,vardial2018/dev,bho,L1,dev:7327,bho_Deva
panel2,B,vardial2018/dev,bho,L1,dev:7329,bho_Deva
panel2,B,vardial2018/dev,bho,L1,dev:7333,bho_Deva
panel2,B,vardial2018/dev,bho,L1,dev:7336,bho_Deva
panel2,B,vardial2018/dev,bho,L1,dev:7338,bho_Deva
panel2,B,vardial2018/dev,bho,L1,dev:7346,bho_Deva
panel2,B,vardial2018/dev,bho,L1,dev:7359,bho_Deva
panel2,B,vardial2018/dev,bho,L1,dev:7361,bho_Deva
panel2,B,vardial2018/dev,bho,L1,dev:7363,bho_Deva
panel2,B,vardial2018/dev,bho,L1,dev:7366,bho_Deva
panel2,B,vardial2018/dev,bho,L1,dev:7375,bho_Deva
panel2,B,vardial2018/dev,bho,L1,dev:7376,hin_Deva
panel2,B,vardial2018/dev,bho,L1,dev:7385,bho_Deva
panel2,B,vardial2018/dev,bho,L1,dev:7390,bho_Deva
panel2,B,vardial2018/dev,bho,L1,dev:7391,bho_Deva
panel2,B,vardial2018/dev,bho,L1,dev:7394,bho_Deva
panel2,B,vardial2018/dev,bho,L1,dev:7395,bho_Deva
panel2,B,vardial2018/dev,bho,L1,dev:7402,bho_Deva
panel2,B,vardial2018/dev,bho,L1,dev:7405,bho_Deva
panel2,B,vardial2018/dev,bho,L1,dev:7406,bho_Deva
panel2,B,vardial2018/dev,bho,L1,dev:7414,bho_Deva
panel2,B,vardial2018/dev,bho,L1,dev:7418,bho_Deva
panel2,B,vardial2018/dev,bho,L1,dev:7419,bho_Deva
panel2,B,vardial2018/dev,bho,L1,dev:7423,bho_Deva
panel2,B,vardial2018/dev,bho,L1,dev:7425,bho_Deva
panel2,B,vardial2018/dev,bho,L1,dev:7427,bho_Deva
panel2,B,vardial2018/dev,bho,L1,dev:7451,bho_Deva
panel2,B,vardial2018/dev,bho,L1,dev:7455,bho_Deva
panel2,B,vardial2018/dev,bho,L1,dev:7456,bho_Deva
panel2,B,vardial2018/dev,bho,L1,dev:7460,bho_Deva
panel2,B,vardial2018/dev,bho,L1,dev:7470,bho_Deva
panel2,B,vardial2018/dev,bho,L1,dev:7472,bho_Deva
panel2,B,vardial2018/dev,bho,L1,dev:7476,bho_Deva
panel2,B,vardial2018/dev,bho,L1,dev:7483,bho_Deva
panel2,B,vardial2018/dev,bho,L1,dev:7491,bho_Deva
panel2,B,vardial2018/dev,bho,L1,dev:7493,bho_Deva
panel2,B,vardial2018/dev,bho,L1,dev:7505,bho_Deva
panel2,B,vardial2018/dev,bho,L1,dev:7513,bho_Deva
panel2,B,vardial2018/dev,bho,L1,dev:7518,bho_Deva
panel2,B,vardial2018/dev,bho,L1,dev:7522,bho_Deva
panel2,B,vardial2018/dev,bho,L1,dev:7524,bho_Deva
panel2,B,vardial2018/dev,bho,L1,dev:7525,bho_Deva
panel2,B,vardial2018/dev,bho,L1,dev:7528,bho_Deva
panel2,B,vardial2018/dev,bho,L1,dev:7529,bho_Deva
panel2,B,vardial2018/dev,bho,L1,dev:7530,bho_Deva
panel2,B,vardial2018/dev,bho,L1,dev:7539,bho_Deva
panel2,B,vardial2018/dev,bho,L1,dev:7544,bho_Deva
panel2,B,vardial2018/dev,bho,L1,dev:7552,bho_Deva
panel2,B,vardial2018/dev,bho,L1,dev:7564,bho_Deva
panel2,B,vardial2018/dev,bho,L1,dev:7565,bho_Deva
panel2,B,vardial2018/dev,bho,L1,dev:7572,mai_Deva
panel2,B,vardial2018/dev,bho,L1,dev:7585,bho_Deva
panel2,B,vardial2018/dev,bho,L1,dev:7586,bho_Deva
panel2,B,vardial2018/dev,bho,L1,dev:7589,bho_Deva
panel2,B,vardial2018/dev,bho,L1,dev:7612,bho_Deva
panel2,B,vardial2018/dev,bho,L1,dev:7613,bho_Deva
panel2,B,vardial2018/dev,bho,L1,dev:7626,bho_Deva
panel2,B,vardial2018/dev,bho,L1,dev:7629,bho_Deva
panel2,B,vardial2018/dev,bho,L1,dev:7631,bho_Deva
panel2,B,vardial2018/dev,bho,L1,dev:7645,bho_Deva
panel2,B,vardial2018/dev,bho,L1,dev:7650,bho_Deva
panel2,B,vardial2018/dev,bho,L1,dev:7668,bho_Deva
panel2,B,vardial2018/dev,bho,L1,dev:7673,bho_Deva
panel2,B,vardial2018/dev,bho,L1,dev:7674,bho_Deva
panel2,B,vardial2018/dev,bho,L1,dev:7697,bho_Deva
panel2,B,vardial2018/dev,bho,L1,dev:7708,hin_Deva
panel2,B,vardial2018/dev,bho,L1,dev:7712,bho_Deva
panel2,B,vardial2018/dev,bho,L1,dev:7717,bho_Deva
panel2,B,vardial2018/dev,bho,L1,dev:7720,hin_Deva
panel2,B,vardial2018/dev,bho,L1,dev:7724,bho_Deva
panel2,B,vardial2018/dev,bho,L1,dev:7731,bho_Deva
panel2,B,vardial2018/dev,bho,L1,dev:7734,bho_Deva
panel2,B,vardial2018/dev,bho,L1,dev:7740,bho_Deva
panel2,B,vardial2018/dev,bho,L1,dev:7753,bho_Deva
panel2,B,vardial2018/dev,bho,L1,dev:7756,bho_Deva
panel2,B,vardial2018/dev,bho,L1,dev:7760,bho_Deva
panel2,B,vardial2018/dev,bho,L1,dev:7764,bho_Deva
panel2,B,vardial2018/dev,bho,L1,dev:7770,bho_Deva
panel2,B,vardial2018/dev,bho,L1,dev:7776,bho_Deva
panel2,B,vardial2018/dev,bho,L1,dev:7777,bho_Deva
panel2,B,vardial2018/dev,bho,L1,dev:7785,bho_Deva
panel2,B,vardial2018/dev,bho,L1,dev:7794,bho_Deva
panel2,B,vardial2018/dev,bho,L1,dev:7800,bho_Deva
panel2,B,vardial2018/dev,bho,L1,dev:7808,bho_Deva
panel2,B,vardial2018/dev,bho,L1,dev:7811,bho_Deva
panel2,B,vardial2018/dev,bho,L1,dev:7817,hin_Deva
panel2,B,vardial2018/dev,bho,L1,dev:7819,bho_Deva
panel2,B,vardial2018/dev,bho,L1,dev:7820,bho_Deva
panel2,B,vardial2018/dev,bho,L1,dev:7832,hin_Deva
panel2,B,vardial2018/dev,bho,L1,dev:7833,bho_Deva
panel2,B,vardial2018/dev,bho,L1,dev:7836,bho_Deva
panel2,B,vardial2018/dev,bho,L1,dev:7837,bho_Deva
panel2,B,vardial2018/dev,bho,L1,dev:7842,bho_Deva
panel2,B,vardial2018/dev,bho,L1,dev:7844,bho_Deva
panel2,B,vardial2018/dev,bho,L1,dev:7846,bho_Deva
panel2,B,vardial2018/dev,bho,L1,dev:7848,bho_Deva
panel2,B,vardial2018/dev,bho,L1,dev:7853,bho_Deva
panel2,B,vardial2018/dev,bho,L1,dev:7854,bho_Deva
panel2,B,vardial2018/dev,bho,L1,dev:7857,bho_Deva
panel2,B,vardial2018/dev,bho,L1,dev:7860,bho_Deva
panel2,B,vardial2018/dev,bho,L1,dev:7876,bho_Deva
panel2,B,vardial2018/dev,bho,L1,dev:7878,bho_Deva
panel2,B,vardial2018/dev,bho,L1,dev:7884,bho_Deva
panel2,B,vardial2018/dev,bho,L1,dev:7889,mag_Deva
panel2,B,vardial2018/dev,bho,L1,dev:7891,bho_Deva
panel2,B,vardial2018/dev,bho,L1,dev:7892,bho_Deva
panel2,B,vardial2018/dev,bho,L1,dev:7893,bho_Deva
panel2,B,vardial2018/dev,bho,L1,dev:7898,bho_Deva
panel2,B,vardial2018/dev,bho,L1,dev:7933,bho_Deva
panel2,B,vardial2018/dev,bho,L1,dev:7934,bho_Deva
panel2,B,vardial2018/dev,bho,L1,dev:7940,bho_Deva
panel2,B,vardial2018/dev,bho,L1,dev:7944,bho_Deva
panel2,B,vardial2018/dev,bho,L1,dev:7945,bho_Deva
panel2,B,vardial2018/dev,bho,L1,dev:7955,bho_Deva
panel2,B,vardial2018/dev,bho,L1,dev:7957,bho_Deva
panel2,B,vardial2018/dev,bho,L1,dev:7960,bho_Deva
panel2,B,vardial2018/dev,bho,L1,dev:7961,bho_Deva
panel2,B,vardial2018/dev,bho,L1,dev:7962,bho_Deva
panel2,B,vardial2018/dev,bho,L1,dev:7965,bho_Deva
panel2,B,vardial2018/dev,bho,L1,dev:7968,bho_Deva
panel2,B,vardial2018/dev,bho,L1,dev:7969,bho_Deva
panel2,B,vardial2018/dev,bho,L1,dev:7980,bho_Deva
panel2,B,vardial2018/dev,bho,L1,dev:7981,bho_Deva
panel2,B,vardial2018/dev,bho,L1,dev:7992,bho_Deva
panel2,B,vardial2018/dev,bho,L1,dev:7993,bho_Deva
panel2,B,vardial2018/dev,bho,L1,dev:7995,bho_Deva
panel2,B,vardial2018/dev,bho,L1,dev:7999,bho_Deva
panel2,B,vardial2018/dev,bho,L1,dev:8004,bho_Deva
panel2,B,vardial2018/dev,bho,L1,dev:8007,bho_Deva
panel2,B,vardial2018/dev,bho,L1,dev:8015,bho_Deva
panel2,B,vardial2018/dev,bho,L1,dev:8017,hin_Deva
panel2,B,vardial2018/dev,bho,L1,dev:8022,bho_Deva
panel2,B,vardial2018/dev,bho,L1,dev:8031,bho_Deva
panel2,B,vardial2018/dev,bho,L1,dev:8032,bho_Deva
panel2,B,vardial2018/dev,bho,L1,dev:8036,bho_Deva
panel2,B,vardial2018/dev,bho,L1,dev:8039,bho_Deva
panel2,B,vardial2018/dev,bho,L1,dev:8046,bho_Deva
panel2,B,vardial2018/dev,bho,L1,dev:8047,bho_Deva
panel2,B,vardial2018/dev,bho,L1,dev:8059,bho_Deva
panel2,B,vardial2018/dev,bho,L1,dev:8062,bho_Deva
panel2,B,vardial2018/dev,bho,L1,dev:8063,bho_Deva
panel2,B,vardial2018/dev,bho,L1,dev:8065,bho_Deva
panel2,B,vardial2018/dev,bho,L1,dev:8068,bho_Deva
panel2,B,vardial2018/dev,bho,L1,dev:8076,bho_Deva
panel2,B,vardial2018/dev,bho,L1,dev:8083,bho_Deva
panel2,B,vardial2018/dev,bho,L1,dev:8090,bho_Deva
panel2,B,vardial2018/dev,bho,L1,dev:8093,bho_Deva
panel2,B,vardial2018/dev,bho,L1,dev:8096,bho_Deva
panel2,B,vardial2018/dev,bho,L1,dev:8097,hin_Deva
panel2,B,vardial2018/dev,bho,L1,dev:8112,bho_Deva
panel2,B,vardial2018/dev,bho,L1,dev:8113,bho_Deva
panel2,B,vardial2018/dev,bho,L1,dev:8114,bho_Deva
panel2,B,vardial2018/dev,bho,L1,dev:8119,bho_Deva
panel2,B,vardial2018/dev,bho,L1,dev:8120,bho_Deva
panel2,B,vardial2018/dev,bho,L1,dev:8128,bho_Deva
panel2,B,vardial2018/dev,bho,L1,dev:8133,bho_Deva
panel2,B,vardial2018/dev,bho,L1,dev:8139,bho_Deva
panel2,B,vardial2018/dev,bho,L1,dev:8143,bho_Deva
panel2,B,vardial2018/dev,bho,L1,dev:8152,bho_Deva
panel2,B,vardial2018/dev,bho,L1,dev:8159,bho_Deva
panel2,B,vardial2018/dev,bho,L1,dev:8170,bho_Deva
panel2,B,vardial2018/dev,bho,L1,dev:8171,bho_Deva
panel2,B,vardial2018/dev,bho,L1,dev:8182,bho_Deva
panel2,B,vardial2018/dev,bho,L1,dev:8183,bho_Deva
panel2,B,vardial2018/dev,bho,L1,dev:8193,bho_Deva
panel2,B,vardial2018/dev,bho,L1,dev:8196,bho_Deva
panel2,B,vardial2018/dev,bho,L1,dev:8197,bho_Deva
panel2,B,vardial2018/dev,bho,L1,dev:8199,bho_Deva
panel2,B,vardial2018/dev,bho,L1,dev:8200,bho_Deva
panel2,B,vardial2018/dev,bho,L1,dev:8210,bho_Deva
panel2,B,vardial2018/dev,bho,L1,dev:8211,bho_Deva
panel2,B,vardial2018/dev,bho,L1,dev:8212,bho_Deva
panel2,B,vardial2018/dev,bho,L1,dev:8215,bho_Deva
panel2,B,vardial2018/dev,bho,L1,dev:8220,bho_Deva
panel2,B,vardial2018/dev,bho,L1,dev:8247,bho_Deva
panel2,B,vardial2018/dev,bho,L1,dev:8255,bho_Deva
panel2,B,vardial2018/dev,bho,L1,dev:8265,bho_Deva
panel2,B,vardial2018/dev,bho,L1,dev:8266,bho_Deva
panel2,B,vardial2018/dev,bho,L1,dev:8270,bho_Deva
panel2,B,vardial2018/dev,bho,L1,dev:8276,bho_Deva
panel2,B,vardial2018/dev,bho,L1,dev:8278,bho_Deva
panel2,B,vardial2018/dev,bho,L1,dev:8279,bho_Deva
panel2,B,vardial2018/dev,bho,L1,dev:8288,bho_Deva
panel2,B,vardial2018/dev,bho,L1,dev:8293,bho_Deva
panel2,B,vardial2018/dev,bho,L1,dev:8300,bho_Deva
panel2,B,vardial2018/dev,bho,L1,dev:8303,bho_Deva
panel2,B,vardial2018/dev,bho,L1,dev:8305,bho_Deva
panel2,B,vardial2018/dev,bho,L1,dev:8313,bho_Deva
panel2,B,vardial2018/dev,bho,L1,dev:8330,bho_Deva
panel2,B,vardial2018/dev,bho,L1,dev:8340,bho_Deva
panel2,B,vardial2018/dev,bho,L1,dev:8341,bho_Deva
panel2,B,vardial2018/dev,bho,L1,dev:8345,bho_Deva
panel2,B,vardial2018/dev,bho,L1,dev:8346,bho_Deva
panel2,B,vardial2018/dev,bho,L1,dev:8348,bho_Deva
panel2,B,vardial2018/dev,bho,L1,dev:8353,bho_Deva
panel2,B,vardial2018/dev,bho,L1,dev:8363,awa_Deva
panel2,B,vardial2018/dev,bho,L1,dev:8374,hin_Deva
panel2,B,vardial2018/dev,bho,L1,dev:8376,bho_Deva
panel2,B,vardial2018/dev,bho,L1,dev:8381,bho_Deva
panel2,B,vardial2018/dev,bho,L1,dev:8383,bho_Deva
panel2,B,vardial2018/dev,bho,L1,dev:8385,bho_Deva
panel2,B,vardial2018/dev,bho,L1,dev:8388,bho_Deva
panel2,B,vardial2018/dev,bho,L1,dev:8389,bho_Deva
panel2,B,vardial2018/dev,bho,L1,dev:8390,bho_Deva
panel2,B,vardial2018/dev,bho,L1,dev:8391,bho_Deva
panel2,B,vardial2018/dev,bho,L1,dev:8394,bho_Deva
panel2,B,vardial2018/dev,bho,L1,dev:8421,bho_Deva
panel2,B,vardial2018/dev,bho,L1,dev:8438,hin_Deva
panel2,B,vardial2018/dev,bho,L1,dev:8446,bho_Deva
panel2,B,vardial2018/dev,bho,L1,dev:8447,bho_Deva
panel2,B,vardial2018/dev,bho,L1,dev:8463,bho_Deva
panel2,B,vardial2018/dev,bho,L1,dev:8464,bho_Deva
panel2,B,vardial2018/dev,bho,L1,dev:8466,bho_Deva
panel2,B,vardial2018/dev,bho,L1,dev:8470,hin_Deva
panel2,B,vardial2018/dev,bho,L1,dev:8475,bho_Deva
panel2,B,vardial2018/dev,bho,L1,dev:8482,bho_Deva
panel2,B,vardial2018/dev,bho,L1,dev:8484,bho_Deva
panel2,B,vardial2018/dev,bho,L1,dev:8490,bho_Deva
panel2,B,vardial2018/dev,bho,L1,dev:8510,mai_Deva
panel2,B,vardial2018/dev,bho,L1,dev:8514,bho_Deva
panel2,B,vardial2018/dev,bho,L1,dev:8522,bho_Deva
panel2,B,vardial2018/dev,bho,L1,dev:8523,bho_Deva
panel2,B,vardial2018/dev,bho,L1,dev:8524,bho_Deva
panel2,B,vardial2018/dev,bho,L1,dev:8540,bho_Deva
panel2,B,vardial2018/dev,bho,L1,dev:8542,bho_Deva
panel2,B,vardial2018/dev,bho,L1,dev:8547,bho_Deva
panel2,B,vardial2018/dev,bho,L1,dev:8554,bho_Deva
panel2,B,vardial2018/dev,bho,L1,dev:8555,bho_Deva
panel2,B,vardial2018/dev,bho,L1,dev:8561,bho_Deva
panel2,B,vardial2018/dev,bho,L1,dev:8563,bho_Deva
panel2,B,vardial2018/dev,bho,L1,dev:8566,bho_Deva
panel2,B,vardial2018/dev,bho,L1,dev:8573,bho_Deva
panel2,B,vardial2018/dev,bho,L1,dev:8574,bho_Deva
panel2,B,vardial2018/dev,bho,L1,dev:8576,bho_Deva
panel2,B,vardial2018/dev,bho,L1,dev:8584,bho_Deva
panel2,B,vardial2018/dev,bho,L1,dev:8586,bho_Deva
panel2,B,vardial2018/dev,bho,L1,dev:8596,bho_Deva
panel2,B,vardial2018/dev,bho,L1,dev:8605,bho_Deva
panel2,B,vardial2018/dev,bho,L1,dev:8606,bho_Deva
panel2,B,vardial2018/dev,bho,L1,dev:8616,bho_Deva
panel2,B,vardial2018/dev,bho,L1,dev:8631,hin_Deva
panel2,B,vardial2018/dev,bho,L1,dev:8634,bho_Deva
panel2,B,vardial2018/dev,bho,L1,dev:8636,bho_Deva
panel2,B,vardial2018/dev,bho,L1,dev:8650,bho_Deva
panel2,B,vardial2018/dev,bho,L1,dev:8651,bho_Deva
panel2,B,vardial2018/dev,bho,L1,dev:8654,bho_Deva
panel2,B,vardial2018/dev,bho,L1,dev:8658,bho_Deva
panel2,B,vardial2018/dev,bho,L1,dev:8659,hin_Deva
panel2,B,vardial2018/dev,bho,L1,dev:8666,bho_Deva
panel2,B,vardial2018/dev,bho,L1,dev:8667,bho_Deva
panel2,B,vardial2018/dev,bho,L1,dev:8669,bho_Deva
panel2,B,vardial2018/dev,bho,L1,dev:8670,awa_Deva
panel2,B,vardial2018/dev,bho,L1,dev:8672,bho_Deva
panel2,B,vardial2018/dev,bho,L1,dev:8680,bho_Deva
panel2,B,vardial2018/dev,bho,L1,dev:8684,bho_Deva
panel2,B,vardial2018/dev,bho,L1,dev:8686,bho_Deva
panel2,B,vardial2018/dev,bho,L1,dev:8693,bho_Deva
panel2,B,vardial2018/dev,bho,L1,dev:8714,bho_Deva
panel2,B,vardial2018/dev,bho,L1,dev:8719,bho_Deva
panel2,B,vardial2018/dev,bho,L1,dev:8747,bho_Deva
panel2,B,vardial2018/dev,bho,L1,dev:8756,bho_Deva
panel2,B,vardial2018/dev,bho,L1,dev:8759,bho_Deva
panel2,B,vardial2018/dev,bho,L1,dev:8777,bho_Deva
panel2,B,vardial2018/dev,bho,L1,dev:8780,bho_Deva
panel2,B,vardial2018/dev,bho,L1,dev:8789,bho_Deva
panel2,B,vardial2018/dev,bho,L1,dev:8791,bho_Deva
panel2,B,vardial2018/dev,bho,L1,dev:8797,bho_Deva
panel2,B,vardial2018/dev,bho,L1,dev:8801,bho_Deva
panel2,B,vardial2018/dev,bho,L1,dev:8802,bho_Deva
panel2,B,vardial2018/dev,bho,L1,dev:8815,bho_Deva
panel2,B,vardial2018/dev,bho,L1,dev:8823,bho_Deva
panel2,B,vardial2018/dev,bho,L1,dev:8826,bho_Deva
panel2,B,vardial2018/dev,bho,L1,dev:8831,bho_Deva
panel2,B,vardial2018/dev,bho,L1,dev:8838,bho_Deva
panel2,B,vardial2018/dev,bho,L1,dev:8848,bho_Deva
panel2,B,vardial2018/dev,bho,L1,dev:8851,bho_Deva
panel2,B,vardial2018/dev,bho,L1,dev:8863,bho_Deva
panel2,B,vardial2018/dev,bho,L1,dev:8866,bho_Deva
panel2,B,vardial2018/dev,bho,L1,dev:8877,bho_Deva
panel2,B,vardial2018/dev,bho,L1,dev:8883,bho_Deva
panel2,B,vardial2018/dev,bho,L1,dev:8888,bho_Deva
panel2,B,vardial2018/dev,bho,L1,dev:8895,bho_Deva
panel2,B,vardial2018/dev,bho,L1,dev:8897,bho_Deva
panel2,B,vardial2018/dev,bho,L1,dev:8907,bho_Deva
panel2,B,vardial2018/dev,bho,L1,dev:8917,bho_Deva
panel2,B,vardial2018/dev,bho,L1,dev:8921,bho_Deva
panel2,B,vardial2018/dev,bho,L1,dev:8922,bho_Deva
panel2,B,vardial2018/dev,bho,L1,dev:8923,bho_Deva
panel2,B,vardial2018/dev,bho,L1,dev:8924,bho_Deva
panel2,B,vardial2018/dev,bho,L1,dev:8929,bho_Deva
panel2,B,vardial2018/dev,bho,L1,dev:8930,hin_Deva
panel2,B,vardial2018/dev,bho,L1,dev:8931,bho_Deva
panel2,B,vardial2018/dev,bho,L1,dev:8937,bho_Deva
panel2,B,vardial2018/dev,bho,L1,dev:8941,bho_Deva
panel2,B,vardial2018/dev,bho,L1,dev:8942,bho_Deva
panel2,B,vardial2018/dev,bho,L1,dev:8949,bho_Deva
panel2,B,vardial2018/dev,bho,L1,dev:8958,bho_Deva
panel2,B,vardial2018/dev,bho,L1,dev:8964,bho_Deva
panel2,B,vardial2018/dev,bho,L1,dev:8971,bho_Deva
panel2,B,vardial2018/dev,bho,L1,dev:8982,bho_Deva
panel2,B,vardial2018/dev,bho,L1,dev:8994,bho_Deva
panel2,B,vardial2018/dev,bho,L1,dev:9001,hin_Deva
panel2,B,vardial2018/dev,bho,L1,dev:9005,bho_Deva
panel2,B,vardial2018/dev,bho,L1,dev:9014,bho_Deva
panel2,B,vardial2018/dev,bho,L1,dev:9023,bho_Deva
panel2,B,vardial2018/dev,bho,L1,dev:9034,bho_Deva
panel2,B,vardial2018/dev,bho,L1,dev:9042,bho_Deva
panel2,B,vardial2018/dev,bho,L1,dev:9043,bho_Deva
panel2,B,vardial2018/dev,bho,L1,dev:9044,bho_Deva
panel2,B,vardial2018/dev,bho,L1,dev:9055,bho_Deva
panel2,B,vardial2018/dev,bho,L1,dev:9059,bho_Deva
panel2,B,vardial2018/dev,bho,L1,dev:9060,bho_Deva
panel2,B,vardial2018/dev,bho,L1,dev:9064,bho_Deva
panel2,B,vardial2018/dev,bho,L1,dev:9068,bho_Deva
panel2,B,vardial2018/dev,bho,L1,dev:9070,bho_Deva
panel2,B,vardial2018/dev,bho,L1,dev:9074,bho_Deva
panel2,B,vardial2018/dev,bho,L1,dev:9077,hin_Deva
panel2,B,vardial2018/dev,bho,L1,dev:9082,bho_Deva
panel2,B,vardial2018/dev,bho,L1,dev:9085,bho_Deva
panel2,B,vardial2018/dev,bho,L1,dev:9089,bho_Deva
panel2,B,vardial2018/dev,bho,L1,dev:9090,bho_Deva
panel2,B,vardial2018/dev,bho,L1,dev:9093,bho_Deva
panel2,B,vardial2018/dev,bho,L1,dev:9094,bho_Deva
panel2,B,vardial2018/dev,bho,L1,dev:9099,bho_Deva
panel2,B,vardial2018/dev,bho,L1,dev:9103,bho_Deva
panel2,B,vardial2018/dev,bho,L1,dev:9107,bho_Deva
panel2,B,vardial2018/dev,bho,L1,dev:9126,bho_Deva
panel2,B,vardial2018/dev,bho,L1,dev:9135,bho_Deva
panel2,B,vardial2018/dev,bho,L1,dev:9143,bho_Deva
panel2,B,vardial2018/dev,bho,L1,dev:9145,bho_Deva
panel2,B,vardial2018/dev,bho,L1,dev:9155,bho_Deva
panel2,B,vardial2018/dev,bho,L1,dev:9160,bho_Deva
panel2,B,vardial2018/dev,bho,L1,dev:9165,bho_Deva
panel2,B,vardial2018/dev,bho,L1,dev:9167,hin_Deva
panel2,B,vardial2018/dev,bho,L1,dev:9169,bho_Deva
panel2,B,vardial2018/dev,bho,L1,dev:9174,bho_Deva
panel2,B,vardial2018/dev,bho,L1,dev:9176,bho_Deva
panel2,B,vardial2018/dev,bho,L1,dev:9177,bho_Deva
panel2,B,vardial2018/dev,bho,L1,dev:9189,bho_Deva
panel2,B,vardial2018/dev,bho,L1,dev:9195,bho_Deva
panel2,B,vardial2018/dev,bho,L1,dev:9204,bho_Deva
panel2,B,vardial2018/dev,bho,L1,dev:9207,bho_Deva
panel2,B,vardial2018/dev,bho,L1,dev:9209,bho_Deva
panel2,B,vardial2018/dev,bho,L1,dev:9216,bho_Deva
panel2,B,vardial2018/dev,bho,L1,dev:9220,bho_Deva
panel2,B,vardial2018/dev,bho,L1,dev:9229,bho_Deva
panel2,B,vardial2018/dev,bho,L1,dev:9232,bho_Deva
panel2,B,vardial2018/dev,bho,L1,dev:9236,bho_Deva
panel2,B,vardial2018/dev,bho,L1,dev:9245,bho_Deva
panel2,B,vardial2018/dev,bho,L1,dev:9259,bho_Deva
panel2,B,vardial2018/dev,bho,L1,dev:9264,bho_Deva
panel2,B,vardial2018/dev,bho,L1,dev:9272,bho_Deva
panel2,B,vardial2018/dev,bho,L1,dev:9277,bho_Deva
panel2,B,vardial2018/dev,bho,L1,dev:9278,bho_Deva
panel2,B,vardial2018/dev,bho,L1,dev:9280,bho_Deva
panel2,B,vardial2018/dev,bho,L1,dev:9284,bho_Deva
panel2,B,vardial2018/dev,bho,L1,dev:9285,hin_Deva
panel2,B,vardial2018/dev,bho,L1,dev:9291,bho_Deva
panel2,B,vardial2018/dev,bho,L1,dev:9309,bho_Deva
panel2,B,vardial2018/dev,bho,L1,dev:9312,bho_Deva
panel2,B,vardial2018/dev,bho,L1,dev:9313,bho_Deva
panel2,B,vardial2018/dev,bho,L1,dev:9315,bho_Deva
panel2,B,vardial2018/dev,bho,L1,dev:9321,bho_Deva
panel2,B,vardial2018/dev,bho,L1,dev:9327,bho_Deva
panel2,B,vardial2018/dev,bho,L1,dev:9331,hin_Deva
panel2,B,vardial2018/dev,bho,L1,dev:9333,bho_Deva
panel2,B,vardial2018/dev,bho,L1,dev:9337,bho_Deva
panel2,B,vardial2018/dev,bho,L1,dev:9348,bho_Deva
panel2,B,vardial2018/dev,bho,L1,dev:9355,bho_Deva
panel2,B,vardial2018/dev,bho,L1,dev:9366,bho_Deva
panel2,B,vardial2018/dev,bho,L1,dev:9371,bho_Deva
panel2,B,vardial2018/dev,bho,L1,dev:9374,bho_Deva
panel2,B,vardial2018/dev,bho,L1,dev:9379,bho_Deva
panel2,B,vardial2018/dev,bho,L1,dev:9383,bho_Deva
panel2,B,vardial2018/dev,bho,L1,dev:9390,hin_Deva
panel2,B,vardial2018/dev,bho,L1,dev:9393,bho_Deva
panel2,B,vardial2018/dev,bho,L1,dev:9436,bho_Deva
panel2,B,vardial2018/dev,bho,L1,dev:9447,bho_Deva
panel2,B,vardial2018/dev,bho,L1,dev:9460,bho_Deva
panel2,B,vardial2018/dev,bho,L1,dev:9463,hin_Deva
panel2,B,vardial2018/dev,bho,L1,dev:9465,bho_Deva
panel2,B,vardial2018/dev,bho,L1,dev:9467,bho_Deva
panel2,B,vardial2018/dev,bho,L1,dev:9470,bho_Deva
panel2,B,vardial2018/dev,bho,L1,dev:9481,bho_Deva
panel2,B,vardial2018/dev,bho,L1,dev:9491,bho_Deva
panel2,B,vardial2018/dev,bho,L1,dev:9493,bho_Deva
panel2,B,vardial2018/dev,bho,L1,dev:9502,bho_Deva
panel2,B,vardial2018/dev,bho,L1,dev:9507,bho_Deva
panel2,B,vardial2018/dev,bho,L1,dev:9511,bho_Deva
panel2,B,vardial2018/dev,bho,L1,dev:9512,bho_Deva
panel2,B,vardial2018/dev,bho,L1,dev:9514,bho_Deva
panel2,B,vardial2018/dev,bho,L1,dev:9515,bho_Deva
panel2,B,vardial2018/dev,bho,L1,dev:9517,hin_Deva
panel2,B,vardial2018/dev,bho,L1,dev:9519,bho_Deva
panel2,B,vardial2018/dev,bho,L1,dev:9524,hin_Deva
panel2,B,vardial2018/dev,bho,L1,dev:9528,bho_Deva
panel2,B,vardial2018/dev,bho,L1,dev:9535,bho_Deva
panel2,B,vardial2018/dev,bho,L1,dev:9537,bho_Deva
panel2,B,vardial2018/dev,bho,L1,dev:9549,bho_Deva
panel2,B,vardial2018/dev,bho,L1,dev:9551,bho_Deva
panel2,B,vardial2018/dev,bho,L1,dev:9560,bho_Deva
panel2,B,vardial2018/dev,bho,L1,dev:9566,bho_Deva
panel2,B,vardial2018/dev,bho,L1,dev:9568,bho_Deva
panel2,B,vardial2018/dev,bho,L1,dev:9570,bho_Deva
panel2,B,vardial2018/dev,bho,L1,dev:9572,bho_Deva
panel2,B,vardial2018/dev,bho,L1,dev:9583,hin_Deva
panel2,B,vardial2018/dev,bho,L1,dev:9591,bho_Deva
panel2,B,vardial2018/dev,bho,L1,dev:9600,bho_Deva
panel2,B,vardial2018/dev,bho,L1,dev:9602,bho_Deva
panel2,B,vardial2018/dev,bho,L1,dev:9623,bho_Deva
panel2,B,vardial2018/dev,bho,L1,dev:9637,bho_Deva
panel2,B,vardial2018/dev,bho,L1,dev:9639,bho_Deva
panel2,B,vardial2018/dev,bho,L1,dev:9645,bho_Deva
panel2,B,vardial2018/dev,bho,L1,dev:9659,bho_Deva
panel2,B,vardial2018/dev,bho,L1,dev:9663,bho_Deva
panel2,B,vardial2018/dev,bho,L1,dev:9673,bho_Deva
panel2,B,vardial2018/dev,bho,L1,dev:9677,bho_Deva
panel2,B,vardial2018/dev,bho,L1,dev:9681,bho_Deva
panel2,B,vardial2018/dev,bho,L1,dev:9685,hin_Deva
panel2,B,vardial2018/dev,bho,L1,dev:9687,bho_Deva
panel2,B,vardial2018/dev,bho,L1,dev:9692,bho_Deva
panel2,B,vardial2018/dev,bho,L1,dev:9693,bho_Deva
panel2,B,vardial2018/dev,bho,L1,dev:9694,bho_Deva
panel2,B,vardial2018/dev,bho,L1,dev:9699,bho_Deva
panel2,B,vardial2018/dev,bho,L1,dev:9705,bho_Deva
panel2,B,vardial2018/dev,bho,L1,dev:9709,bho_Deva
panel2,B,vardial2018/dev,bho,L1,dev:9710,bho_Deva
panel2,B,vardial2018/dev,bho,L1,dev:9711,bho_Deva
panel2,B,vardial2018/dev,bho,L1,dev:9713,bho_Deva
panel2,B,vardial2018/dev,bho,L1,dev:9735,bho_Deva
panel2,B,vardial2018/dev,bho,L1,dev:9738,bho_Deva
panel2,B,vardial2018/dev,bho,L1,dev:9740,bho_Deva
panel2,B,vardial2018/dev,bho,L1,dev:9753,bho_Deva
panel2,B,vardial2018/dev,bho,L1,dev:9758,bho_Deva
panel2,B,vardial2018/dev,bho,L1,dev:9760,bho_Deva
panel2,B,vardial2018/dev,bho,L1,dev:9762,bho_Deva
panel2,B,vardial2018/dev,bho,L1,dev:9763,bho_Deva
panel2,B,vardial2018/dev,bho,L1,dev:9769,bho_Deva
panel2,B,vardial2018/dev,bho,L1,dev:9771,bho_Deva
panel2,B,vardial2018/dev,bho,L1,dev:9773,bho_Deva
panel2,B,vardial2018/dev,bho,L1,dev:9780,bho_Deva
panel2,B,vardial2018/dev,bho,L1,dev:9793,bho_Deva
panel2,B,vardial2018/dev,bho,L1,dev:9795,bho_Deva
panel2,B,vardial2018/dev,bho,L1,dev:9798,hin_Deva
panel2,B,vardial2018/dev,bho,L1,dev:9812,bho_Deva
panel2,B,vardial2018/dev,bho,L1,dev:9818,bho_Deva
panel2,B,vardial2018/dev,bho,L1,dev:9819,bho_Deva
panel2,B,vardial2018/dev,bho,L1,dev:9820,bho_Deva
panel2,B,vardial2018/dev,bho,L1,dev:9823,bho_Deva
panel2,B,vardial2018/dev,bho,L1,dev:9831,bho_Deva
panel2,B,vardial2018/dev,bho,L1,dev:9849,bho_Deva
panel2,B,vardial2018/dev,bho,L1,dev:9856,bho_Deva
panel2,B,vardial2018/dev,bho,L1,dev:9866,bho_Deva
panel2,B,vardial2018/dev,bho,L1,dev:9870,bho_Deva
panel2,B,vardial2018/dev,bho,L1,dev:9873,bho_Deva
panel2,B,vardial2018/dev,bho,L1,dev:9875,bho_Deva
panel2,B,vardial2018/dev,bho,L1,dev:9877,bho_Deva
panel2,B,vardial2018/dev,bho,L1,dev:9879,bho_Deva
panel2,B,vardial2018/dev,bho,L1,dev:9882,bho_Deva
panel2,B,vardial2018/dev,bho,L1,dev:9886,bho_Deva
panel2,B,vardial2018/dev,bho,L1,dev:9887,bho_Deva
panel2,B,vardial2018/dev,bho,L1,dev:9892,bho_Deva
panel2,B,vardial2018/dev,bho,L1,dev:9910,bho_Deva
panel2,B,vardial2018/dev,bho,L1,dev:9922,bho_Deva
panel2,B,vardial2018/dev,bho,L1,dev:9923,bho_Deva
panel2,B,vardial2018/dev,bho,L1,dev:9926,bho_Deva
panel2,B,vardial2018/dev,bho,L1,dev:9927,bho_Deva
panel2,B,vardial2018/dev,bho,L1,dev:9931,bho_Deva
panel2,B,vardial2018/dev,bho,L1,dev:9932,bho_Deva
panel2,B,vardial2018/dev,bho,L1,dev:9940,bho_Deva
panel2,B,vardial2018/dev,bho,L1,dev:9942,bho_Deva
panel2,B,vardial2018/dev,bho,L1,dev:9943,bho_Deva
panel2,B,vardial2018/dev,bho,L1,dev:9947,bho_Deva
panel2,B,vardial2018/dev,bho,L1,dev:9954,bho_Deva
panel2,B,vardial2018/dev,bho,L1,dev:9961,bho_Deva
panel2,B,vardial2018/dev,bho,L1,dev:9962,bho_Deva
panel2,B,vardial2018/dev,bho,L1,dev:9965,bho_Deva
panel2,B,vardial2018/dev,bho,L1,dev:9966,bho_Deva
panel2,B,vardial2018/dev,bho,L1,dev:9975,bho_Deva
panel2,B,vardial2018/dev,bho,L1,dev:9982,bho_Deva
panel2,B,vardial2018/dev,bho,L1,dev:9984,bho_Deva
panel2,B,vardial2018/dev,bho,L1,dev:9991,bho_Deva
panel2,B,vardial2018/dev,bho,L1,dev:9998,bho_Deva
panel2,B,vardial2018/dev,bho,L1,dev:10001,bho_Deva
panel2,B,vardial2018/dev,bho,L1,dev:10012,bho_Deva
panel2,B,vardial2018/dev,bho,L1,dev:10014,bho_Deva
panel2,B,vardial2018/dev,bho,L1,dev:10017,bho_Deva
panel2,B,vardial2018/dev,bho,L1,dev:10024,bho_Deva
panel2,B,vardial2018/dev,bho,L1,dev:10027,bho_Deva
panel2,B,vardial2018/dev,bho,L1,dev:10034,bho_Deva
panel2,B,vardial2018/dev,bho,L1,dev:10039,bho_Deva
panel2,B,vardial2018/dev,bho,L1,dev:10041,bho_Deva
panel2,B,vardial2018/dev,bho,L1,dev:10043,bho_Deva
panel2,B,vardial2018/dev,bho,L1,dev:10046,bho_Deva
panel2,B,vardial2018/dev,bho,L1,dev:10061,bho_Deva
panel2,B,vardial2018/dev,bho,L1,dev:10073,bho_Deva
panel2,B,vardial2018/dev,bho,L1,dev:10075,bho_Deva
panel2,B,vardial2018/dev,bho,L1,dev:10081,hin_Deva
panel2,B,vardial2018/dev,bho,L1,dev:10084,bho_Deva
panel2,B,vardial2018/dev,bho,L1,dev:10101,bho_Deva
panel2,B,vardial2018/dev,bho,L1,dev:10104,bho_Deva
panel2,B,vardial2018/dev,bho,L1,dev:10109,bho_Deva
panel2,B,vardial2018/dev,bho,L1,dev:10110,bho_Deva
panel2,B,vardial2018/dev,bho,L1,dev:10112,bho_Deva
panel2,B,vardial2018/dev,bho,L1,dev:10120,mai_Deva
panel2,B,vardial2018/dev,bho,L1,dev:10128,bho_Deva
panel2,B,vardial2018/dev,bho,L1,dev:10129,bho_Deva
panel2,B,vardial2018/dev,bho,L1,dev:10132,awa_Deva
panel2,B,vardial2018/dev,bho,L1,dev:10134,bho_Deva
panel2,B,vardial2018/dev,bho,L1,dev:10136,bho_Deva
panel2,B,vardial2018/dev,bho,L1,dev:10141,bho_Deva
panel2,B,vardial2018/dev,bho,L1,dev:10144,bho_Deva
panel2,B,vardial2018/dev,bho,L1,dev:10153,awa_Deva
panel2,B,vardial2018/dev,bho,L1,dev:10155,bho_Deva
panel2,B,vardial2018/dev,bho,L1,dev:10163,bho_Deva
panel2,B,vardial2018/dev,bho,L1,dev:10172,bho_Deva
panel2,B,vardial2018/dev,bho,L1,dev:10174,bho_Deva
panel2,B,vardial2018/dev,bho,L1,dev:10181,bho_Deva
panel2,B,vardial2018/dev,bho,L1,dev:10205,hin_Deva
panel2,B,vardial2018/dev,bho,L1,dev:10207,bho_Deva
panel2,B,vardial2018/dev,bho,L1,dev:10209,bho_Deva
panel2,B,vardial2018/dev,bho,L1,dev:10220,bho_Deva
panel2,B,vardial2018/dev,bho,L1,dev:10222,awa_Deva
panel2,B,vardial2018/dev,bho,L1,dev:10226,bho_Deva
panel2,B,vardial2018/dev,bho,L1,dev:10235,bho_Deva
panel2,B,vardial2018/dev,bho,L1,dev:10238,bho_Deva
panel2,B,vardial2018/dev,bho,L1,dev:10242,bho_Deva
panel2,B,vardial2018/dev,bho,L1,dev:10243,awa_Deva
panel2,B,vardial2018/dev,bho,L1,dev:10246,bho_Deva
panel2,B,vardial2018/dev,bho,L1,dev:10248,bho_Deva
panel2,B,vardial2018/dev,bho,L1,dev:10250,bho_Deva
panel2,B,vardial2018/dev,bho,L1,dev:10252,bho_Deva
panel2,B,vardial2018/dev,bho,L1,dev:10260,bho_Deva
panel2,B,vardial2018/dev,bho,L1,dev:10261,bho_Deva
panel2,B,vardial2018/dev,bho,L1,dev:10263,hin_Deva
panel2,B,vardial2018/dev,bho,L1,dev:10269,bho_Deva
panel2,B,vardial2018/dev,bho,L1,dev:10278,bho_Deva
panel2,B,vardial2018/dev,bho,L1,dev:10290,bho_Deva
panel2,B,vardial2018/dev,bho,L1,dev:10291,bho_Deva
panel2,B,vardial2018/dev,bho,L1,dev:10294,bho_Deva
panel2,B,vardial2018/dev,bho,L1,dev:10296,bho_Deva
panel2,B,vardial2018/dev,bho,L1,dev:10297,bho_Deva
panel2,B,vardial2018/dev,bho,L1,dev:10298,bho_Deva
panel2,B,vardial2018/dev,bho,L1,dev:10299,bho_Deva
panel2,B,vardial2018/dev,bho,L1,dev:10311,bho_Deva
panel2,B,vardial2018/dev,bho,L1,dev:10318,bho_Deva
panel2,B,vardial2018/dev,bho,L1,dev:10326,bho_Deva
panel2,B,vardial2018/test,bho,L1,test:15,bho_Deva
panel2,B,vardial2018/test,bho,L1,test:16,bho_Deva
panel2,B,vardial2018/test,bho,L1,test:32,bho_Deva
panel2,B,vardial2018/test,bho,L1,test:35,bho_Deva
panel2,B,vardial2018/test,bho,L1,test:36,bho_Deva
panel2,B,vardial2018/test,bho,L1,test:38,bho_Deva
panel2,B,vardial2018/test,bho,L1,test:41,bho_Deva
panel2,B,vardial2018/test,bho,L1,test:42,bho_Deva
panel2,B,vardial2018/test,bho,L1,test:53,bho_Deva
panel2,B,vardial2018/test,bho,L1,test:61,bho_Deva
panel2,B,vardial2018/test,bho,L1,test:69,bho_Deva
panel2,B,vardial2018/test,bho,L1,test:73,bho_Deva
panel2,B,vardial2018/test,bho,L1,test:79,hin_Deva
panel2,B,vardial2018/test,bho,L1,test:82,bho_Deva
panel2,B,vardial2018/test,bho,L1,test:91,bho_Deva
panel2,B,vardial2018/test,bho,L1,test:96,bho_Deva
panel2,B,vardial2018/test,bho,L1,test:103,hin_Deva
panel2,B,vardial2018/test,bho,L1,test:105,anp_Deva
panel2,B,vardial2018/test,bho,L1,test:107,bho_Deva
panel2,B,vardial2018/test,bho,L1,test:108,bho_Deva
panel2,B,vardial2018/test,bho,L1,test:112,bho_Deva
panel2,B,vardial2018/test,bho,L1,test:116,bho_Deva
panel2,B,vardial2018/test,bho,L1,test:124,anp_Deva
panel2,B,vardial2018/test,bho,L1,test:127,bho_Deva
panel2,B,vardial2018/test,bho,L1,test:134,bho_Deva
panel2,B,vardial2018/test,bho,L1,test:136,kas_Deva
panel2,B,vardial2018/test,bho,L1,test:138,bho_Deva
panel2,B,vardial2018/test,bho,L1,test:148,bho_Deva
panel2,B,vardial2018/test,bho,L1,test:156,hin_Deva
panel2,B,vardial2018/test,bho,L1,test:157,bho_Deva
panel2,B,vardial2018/test,bho,L1,test:161,bho_Deva
panel2,B,vardial2018/test,bho,L1,test:165,bho_Deva
panel2,B,vardial2018/test,bho,L1,test:171,bho_Deva
panel2,B,vardial2018/test,bho,L1,test:176,bho_Deva
panel2,B,vardial2018/test,bho,L1,test:179,bho_Deva
panel2,B,vardial2018/test,bho,L1,test:181,bho_Deva
panel2,B,vardial2018/test,bho,L1,test:196,bho_Deva
panel2,B,vardial2018/test,bho,L1,test:199,bho_Deva
panel2,B,vardial2018/test,bho,L1,test:204,bho_Deva
panel2,B,vardial2018/test,bho,L1,test:207,bho_Deva
panel2,B,vardial2018/test,bho,L1,test:208,bho_Deva
panel2,B,vardial2018/test,bho,L1,test:214,bho_Deva
panel2,B,vardial2018/test,bho,L1,test:216,bho_Deva
panel2,B,vardial2018/test,bho,L1,test:218,bho_Deva
panel2,B,vardial2018/test,bho,L1,test:219,bho_Deva
panel2,B,vardial2018/test,bho,L1,test:222,bho_Deva
panel2,B,vardial2018/test,bho,L1,test:227,bho_Deva
panel2,B,vardial2018/test,bho,L1,test:232,bho_Deva
panel2,B,vardial2018/test,bho,L1,test:233,bho_Deva
panel2,B,vardial2018/test,bho,L1,test:237,bho_Deva
panel2,B,vardial2018/test,bho,L1,test:243,bho_Deva
panel2,B,vardial2018/test,bho,L1,test:244,bho_Deva
panel2,B,vardial2018/test,bho,L1,test:245,bho_Deva
panel2,B,vardial2018/test,bho,L1,test:250,bho_Deva
panel2,B,vardial2018/test,bho,L1,test:253,bho_Deva
panel2,B,vardial2018/test,bho,L1,test:254,bho_Deva
panel2,B,vardial2018/test,bho,L1,test:257,hin_Deva
panel2,B,vardial2018/test,bho,L1,test:262,bho_Deva
panel2,B,vardial2018/test,bho,L1,test:263,hin_Deva
panel2,B,vardial2018/test,bho,L1,test:266,bho_Deva
panel2,B,vardial2018/test,bho,L1,test:267,bho_Deva
panel2,B,vardial2018/test,bho,L1,test:269,bho_Deva
panel2,B,vardial2018/test,bho,L1,test:270,bho_Deva
panel2,B,vardial2018/test,bho,L1,test:273,bho_Deva
panel2,B,vardial2018/test,bho,L1,test:274,bho_Deva
panel2,B,vardial2018/test,bho,L1,test:286,bho_Deva
panel2,B,vardial2018/test,bho,L1,test:303,bho_Deva
panel2,B,vardial2018/test,bho,L1,test:307,bho_Deva
panel2,B,vardial2018/test,bho,L1,test:309,hin_Deva
panel2,B,vardial2018/test,bho,L1,test:317,mag_Deva
panel2,B,vardial2018/test,bho,L1,test:320,bho_Deva
panel2,B,vardial2018/test,bho,L1,test:323,bho_Deva
panel2,B,vardial2018/test,bho,L1,test:327,bho_Deva
panel2,B,vardial2018/test,bho,L1,test:329,bho_Deva
panel2,B,vardial2018/test,bho,L1,test:341,anp_Deva
panel2,B,vardial2018/test,bho,L1,test:348,bho_Deva
panel2,B,vardial2018/test,bho,L1,test:354,bho_Deva
panel2,B,vardial2018/test,bho,L1,test:369,bho_Deva
panel2,B,vardial2018/test,bho,L1,test:380,bho_Deva
panel2,B,vardial2018/test,bho,L1,test:386,bho_Deva
panel2,B,vardial2018/test,bho,L1,test:387,bho_Deva
panel2,B,vardial2018/test,bho,L1,test:390,bho_Deva
panel2,B,vardial2018/test,bho,L1,test:401,bho_Deva
panel2,B,vardial2018/test,bho,L1,test:404,bho_Deva
panel2,B,vardial2018/test,bho,L1,test:410,bho_Deva
panel2,B,vardial2018/test,bho,L1,test:414,bho_Deva
panel2,B,vardial2018/test,bho,L1,test:426,bho_Deva
panel2,B,vardial2018/test,bho,L1,test:428,bho_Deva
panel2,B,vardial2018/test,bho,L1,test:431,bho_Deva
panel2,B,vardial2018/test,bho,L1,test:432,bho_Deva
panel2,B,vardial2018/test,bho,L1,test:437,bho_Deva
panel2,B,vardial2018/test,bho,L1,test:442,bho_Deva
panel2,B,vardial2018/test,bho,L1,test:447,hin_Deva
panel2,B,vardial2018/test,bho,L1,test:451,bho_Deva
panel2,B,vardial2018/test,bho,L1,test:453,bho_Deva
panel2,B,vardial2018/test,bho,L1,test:455,bho_Deva
panel2,B,vardial2018/test,bho,L1,test:457,bho_Deva
panel2,B,vardial2018/test,bho,L1,test:461,hin_Deva
panel2,B,vardial2018/test,bho,L1,test:462,bho_Deva
panel2,B,vardial2018/test,bho,L1,test:474,bho_Deva
panel2,B,vardial2018/test,bho,L1,test:475,bho_Deva
panel2,B,vardial2018/test,bho,L1,test:480,bho_Deva
panel2,B,vardial2018/test,bho,L1,test:482,bho_Deva
panel2,B,vardial2018/test,bho,L1,test:485,bho_Deva
panel2,B,vardial2018/test,bho,L1,test:487,bho_Deva
panel2,B,vardial2018/test,bho,L1,test:494,bho_Deva
panel2,B,vardial2018/test,bho,L1,test:495,bho_Deva
panel2,B,vardial2018/test,bho,L1,test:497,bho_Deva
panel2,B,vardial2018/test,bho,L1,test:499,bho_Deva
panel2,B,vardial2018/test,bho,L1,test:502,hin_Deva
panel2,B,vardial2018/test,bho,L1,test:503,hin_Deva
panel2,B,vardial2018/test,bho,L1,test:505,bho_Deva
panel2,B,vardial2018/test,bho,L1,test:512,anp_Deva
panel2,B,vardial2018/test,bho,L1,test:517,hin_Deva
panel2,B,vardial2018/test,bho,L1,test:536,bho_Deva
panel2,B,vardial2018/test,bho,L1,test:540,hin_Deva
panel2,B,vardial2018/test,bho,L1,test:543,bho_Deva
panel2,B,vardial2018/test,bho,L1,test:554,bho_Deva
panel2,B,vardial2018/test,bho,L1,test:557,awa_Deva
panel2,B,vardial2018/test,bho,L1,test:563,bho_Deva
panel2,B,vardial2018/test,bho,L1,test:564,bho_Deva
panel2,B,vardial2018/test,bho,L1,test:566,bho_Deva
panel2,B,vardial2018/test,bho,L1,test:571,bho_Deva
panel2,B,vardial2018/test,bho,L1,test:573,bho_Deva
panel2,B,vardial2018/test,bho,L1,test:576,bho_Deva
panel2,B,vardial2018/test,bho,L1,test:577,hin_Deva
panel2,B,vardial2018/test,bho,L1,test:592,bho_Deva
panel2,B,vardial2018/test,bho,L1,test:596,bho_Deva
panel2,B,vardial2018/test,bho,L1,test:600,hin_Deva
panel2,B,vardial2018/test,bho,L1,test:602,bho_Deva
panel2,B,vardial2018/test,bho,L1,test:604,mag_Deva
panel2,B,vardial2018/test,bho,L1,test:605,hin_Deva
panel2,B,vardial2018/test,bho,L1,test:606,bho_Deva
panel2,B,vardial2018/test,bho,L1,test:621,bho_Deva
panel2,B,vardial2018/test,bho,L1,test:624,bho_Deva
panel2,B,vardial2018/test,bho,L1,test:633,bho_Deva
panel2,B,vardial2018/test,bho,L1,test:640,bho_Deva
panel2,B,vardial2018/test,bho,L1,test:643,bho_Deva
panel2,B,vardial2018/test,bho,L1,test:647,bho_Deva
panel2,B,vardial2018/test,bho,L1,test:648,bho_Deva
panel2,B,vardial2018/test,bho,L1,test:649,bho_Deva
panel2,B,vardial2018/test,bho,L1,test:654,bho_Deva
panel2,B,vardial2018/test,bho,L1,test:666,bho_Deva
panel2,B,vardial2018/test,bho,L1,test:683,bho_Deva
panel2,B,vardial2018/test,bho,L1,test:685,bho_Deva
panel2,B,vardial2018/test,bho,L1,test:686,bho_Deva
panel2,B,vardial2018/test,bho,L1,test:689,bho_Deva
panel2,B,vardial2018/test,bho,L1,test:692,bho_Deva
panel2,B,vardial2018/test,bho,L1,test:700,bho_Deva
panel2,B,vardial2018/test,bho,L1,test:704,bho_Deva
panel2,B,vardial2018/test,bho,L1,test:705,bho_Deva
panel2,B,vardial2018/test,bho,L1,test:709,bho_Deva
panel2,B,vardial2018/test,bho,L1,test:721,mai_Deva
panel2,B,vardial2018/test,bho,L1,test:726,hin_Deva
panel2,B,vardial2018/test,bho,L1,test:730,bho_Deva
panel2,B,vardial2018/test,bho,L1,test:731,bho_Deva
panel2,B,vardial2018/test,bho,L1,test:748,bho_Deva
panel2,B,vardial2018/test,bho,L1,test:749,hin_Deva
panel2,B,vardial2018/test,bho,L1,test:752,bho_Deva
panel2,B,vardial2018/test,bho,L1,test:763,bho_Deva
panel2,B,vardial2018/test,bho,L1,test:771,bho_Deva
panel2,B,vardial2018/test,bho,L1,test:774,bho_Deva
panel2,B,vardial2018/test,bho,L1,test:775,bho_Deva
panel2,B,vardial2018/test,bho,L1,test:778,bho_Deva
panel2,B,vardial2018/test,bho,L1,test:779,bho_Deva
panel2,B,vardial2018/test,bho,L1,test:782,bho_Deva
panel2,B,vardial2018/test,bho,L1,test:787,bho_Deva
panel2,B,vardial2018/test,bho,L1,test:800,bho_Deva
panel2,B,vardial2018/test,bho,L1,test:804,bho_Deva
panel2,B,vardial2018/test,bho,L1,test:807,hin_Deva
panel2,B,vardial2018/test,bho,L1,test:814,bho_Deva
panel2,B,vardial2018/test,bho,L1,test:819,bho_Deva
panel2,B,vardial2018/test,bho,L1,test:827,bho_Deva
panel2,B,vardial2018/test,bho,L1,test:828,bho_Deva
panel2,B,vardial2018/test,bho,L1,test:833,bho_Deva
panel2,B,vardial2018/test,bho,L1,test:848,bho_Deva
panel2,B,vardial2018/test,bho,L1,test:850,bho_Deva
panel2,B,vardial2018/test,bho,L1,test:851,bho_Deva
panel2,B,vardial2018/test,bho,L1,test:856,bho_Deva
panel2,B,vardial2018/test,bho,L1,test:861,bho_Deva
panel2,B,vardial2018/test,bho,L1,test:871,bho_Deva
panel2,B,vardial2018/test,bho,L1,test:874,bho_Deva
panel2,B,vardial2018/test,bho,L1,test:878,bho_Deva
panel2,B,vardial2018/test,bho,L1,test:882,bho_Deva
panel2,B,vardial2018/test,bho,L1,test:884,bho_Deva
panel2,B,vardial2018/test,bho,L1,test:888,bho_Deva
panel2,B,vardial2018/test,bho,L1,test:894,bho_Deva
panel2,B,vardial2018/test,bho,L1,test:900,bho_Deva
panel2,B,vardial2018/test,bho,L1,test:901,hin_Deva
panel2,B,vardial2018/test,bho,L1,test:930,bho_Deva
panel2,B,vardial2018/test,bho,L1,test:935,bho_Deva
panel2,B,vardial2018/test,bho,L1,test:939,hin_Deva
panel2,B,vardial2018/test,bho,L1,test:955,bho_Deva
panel2,B,vardial2018/test,bho,L1,test:960,bho_Deva
panel2,B,vardial2018/test,bho,L1,test:966,bho_Deva
panel2,B,vardial2018/test,bho,L1,test:968,anp_Deva
panel2,B,vardial2018/test,bho,L1,test:969,bho_Deva
panel2,B,vardial2018/test,bho,L1,test:970,bho_Deva
panel2,B,vardial2018/test,bho,L1,test:990,hin_Deva
panel2,B,vardial2018/test,bho,L1,test:1001,bho_Deva
panel2,B,vardial2018/test,bho,L1,test:1002,bho_Deva
panel2,B,vardial2018/test,bho,L1,test:1005,bho_Deva
panel2,B,vardial2018/test,bho,L1,test:1012,mai_Deva
panel2,B,vardial2018/test,bho,L1,test:1024,hin_Deva
panel2,B,vardial2018/test,bho,L1,test:1027,bho_Deva
panel2,B,vardial2018/test,bho,L1,test:1038,bho_Deva
panel2,B,vardial2018/test,bho,L1,test:1040,bho_Deva
panel2,B,vardial2018/test,bho,L1,test:1042,bho_Deva
panel2,B,vardial2018/test,bho,L1,test:1043,bho_Deva
panel2,B,vardial2018/test,bho,L1,test:1044,bho_Deva
panel2,B,vardial2018/test,bho,L1,test:1047,hin_Deva
panel2,B,vardial2018/test,bho,L1,test:1049,npi_Deva
panel2,B,vardial2018/test,bho,L1,test:1051,bho_Deva
panel2,B,vardial2018/test,bho,L1,test:1055,bho_Deva
panel2,B,vardial2018/test,bho,L1,test:1056,bho_Deva
panel2,B,vardial2018/test,bho,L1,test:1057,bho_Deva
panel2,B,vardial2018/test,bho,L1,test:1059,bho_Deva
panel2,B,vardial2018/test,bho,L1,test:1062,bho_Deva
panel2,B,vardial2018/test,bho,L1,test:1063,bho_Deva
panel2,B,vardial2018/test,bho,L1,test:1065,bho_Deva
panel2,B,vardial2018/test,bho,L1,test:1068,bho_Deva
panel2,B,vardial2018/test,bho,L1,test:1080,hin_Deva
panel2,B,vardial2018/test,bho,L1,test:1094,bho_Deva
panel2,B,vardial2018/test,bho,L1,test:1095,bho_Deva
panel2,B,vardial2018/test,bho,L1,test:1101,bho_Deva
panel2,B,vardial2018/test,bho,L1,test:1103,bho_Deva
panel2,B,vardial2018/test,bho,L1,test:1109,bho_Deva
panel2,B,vardial2018/test,bho,L1,test:1116,bho_Deva
panel2,B,vardial2018/test,bho,L1,test:1120,bho_Deva
panel2,B,vardial2018/test,bho,L1,test:1130,bho_Deva
panel2,B,vardial2018/test,bho,L1,test:1131,bho_Deva
panel2,B,vardial2018/test,bho,L1,test:1132,hin_Deva
panel2,B,vardial2018/test,bho,L1,test:1139,bho_Deva
panel2,B,vardial2018/test,bho,L1,test:1140,hin_Deva
panel2,B,vardial2018/test,bho,L1,test:1143,bho_Deva
panel2,B,vardial2018/test,bho,L1,test:1153,bho_Deva
panel2,B,vardial2018/test,bho,L1,test:1156,bho_Deva
panel2,B,vardial2018/test,bho,L1,test:1158,bho_Deva
panel2,B,vardial2018/test,bho,L1,test:1163,bho_Deva
panel2,B,vardial2018/test,bho,L1,test:1190,bho_Deva
panel2,B,vardial2018/test,bho,L1,test:1193,hin_Deva
panel2,B,vardial2018/test,bho,L1,test:1194,bho_Deva
panel2,B,vardial2018/test,bho,L1,test:1206,bho_Deva
panel2,B,vardial2018/test,bho,L1,test:1208,bho_Deva
panel2,B,vardial2018/test,bho,L1,test:1214,bho_Deva
panel2,B,vardial2018/test,bho,L1,test:1222,bho_Deva
panel2,B,vardial2018/test,bho,L1,test:1226,mag_Deva
panel2,B,vardial2018/test,bho,L1,test:1229,bho_Deva
panel2,B,vardial2018/test,bho,L1,test:1243,bho_Deva
panel2,B,vardial2018/test,bho,L1,test:1246,bho_Deva
panel2,B,vardial2018/test,bho,L1,test:1247,bho_Deva
panel2,B,vardial2018/test,bho,L1,test:1249,bho_Deva
panel2,B,vardial2018/test,bho,L1,test:1255,bho_Deva
panel2,B,vardial2018/test,bho,L1,test:1256,bho_Deva
panel2,B,vardial2018/test,bho,L1,test:1258,bho_Deva
panel2,B,vardial2018/test,bho,L1,test:1262,bho_Deva
panel2,B,vardial2018/test,bho,L1,test:1272,bho_Deva
panel2,B,vardial2018/test,bho,L1,test:1274,bho_Deva
panel2,B,vardial2018/test,bho,L1,test:1277,hin_Deva
panel2,B,vardial2018/test,bho,L1,test:1283,hin_Deva
panel2,B,vardial2018/test,bho,L1,test:1293,bho_Deva
panel2,B,vardial2018/test,bho,L1,test:1294,bho_Deva
panel2,B,vardial2018/test,bho,L1,test:1297,bho_Deva
panel2,B,vardial2018/test,bho,L1,test:1298,bho_Deva
panel2,B,vardial2018/test,bho,L1,test:1302,bho_Deva
panel2,B,vardial2018/test,bho,L1,test:1309,bho_Deva
panel2,B,vardial2018/test,bho,L1,test:1311,bho_Deva
panel2,B,vardial2018/test,bho,L1,test:1315,bho_Deva
panel2,B,vardial2018/test,bho,L1,test:1330,bho_Deva
panel2,B,vardial2018/test,bho,L1,test:1331,bho_Deva
panel2,B,vardial2018/test,bho,L1,test:1334,bho_Deva
panel2,B,vardial2018/test,bho,L1,test:1347,bho_Deva
panel2,B,vardial2018/test,bho,L1,test:1348,bho_Deva
panel2,B,vardial2018/test,bho,L1,test:1356,bho_Deva
panel2,B,vardial2018/test,bho,L1,test:1360,bho_Deva
panel2,B,vardial2018/test,bho,L1,test:1378,bho_Deva
panel2,B,vardial2018/test,bho,L1,test:1395,bho_Deva
panel2,B,vardial2018/test,bho,L1,test:1397,bho_Deva
panel2,B,vardial2018/test,bho,L1,test:1402,new_Deva
panel2,B,vardial2018/test,bho,L1,test:1404,bho_Deva
panel2,B,vardial2018/test,bho,L1,test:1405,bho_Deva
panel2,B,vardial2018/test,bho,L1,test:1411,hin_Deva
panel2,B,vardial2018/test,bho,L1,test:1413,bho_Deva
panel2,B,vardial2018/test,bho,L1,test:1418,bho_Deva
panel2,B,vardial2018/test,bho,L1,test:1423,bho_Deva
panel2,B,vardial2018/test,bho,L1,test:1426,bho_Deva
panel2,B,vardial2018/test,bho,L1,test:1428,bho_Deva
panel2,B,vardial2018/test,bho,L1,test:1438,bho_Deva
panel2,B,vardial2018/test,bho,L1,test:1460,bho_Deva
panel2,B,vardial2018/test,bho,L1,test:1469,bho_Deva
panel2,B,vardial2018/test,bho,L1,test:1480,bho_Deva
panel2,B,vardial2018/test,bho,L1,test:1481,bho_Deva
panel2,B,vardial2018/test,bho,L1,test:1485,bho_Deva
panel2,B,vardial2018/test,bho,L1,test:1487,bho_Deva
panel2,B,vardial2018/test,bho,L1,test:1493,mai_Deva
panel2,B,vardial2018/test,bho,L1,test:1495,bho_Deva
panel2,B,vardial2018/test,bho,L1,test:1496,bho_Deva
panel2,B,vardial2018/test,bho,L1,test:1502,bho_Deva
panel2,B,vardial2018/test,bho,L1,test:1511,bho_Deva
panel2,B,vardial2018/test,bho,L1,test:1517,hin_Deva
panel2,B,vardial2018/test,bho,L1,test:1519,bho_Deva
panel2,B,vardial2018/test,bho,L1,test:1531,bho_Deva
panel2,B,vardial2018/test,bho,L1,test:1534,bho_Deva
panel2,B,vardial2018/test,bho,L1,test:1536,bho_Deva
panel2,B,vardial2018/test,bho,L1,test:1542,bho_Deva
panel2,B,vardial2018/test,bho,L1,test:1545,hin_Deva
panel2,B,vardial2018/test,bho,L1,test:1551,bho_Deva
panel2,B,vardial2018/test,bho,L1,test:1553,bho_Deva
panel2,B,vardial2018/test,bho,L1,test:1555,bho_Deva
panel2,B,vardial2018/test,bho,L1,test:1561,bho_Deva
panel2,B,vardial2018/test,bho,L1,test:1565,bho_Deva
panel2,B,vardial2018/test,bho,L1,test:1572,bho_Deva
panel2,B,vardial2018/test,bho,L1,test:1574,bho_Deva
panel2,B,vardial2018/test,bho,L1,test:1579,bho_Deva
panel2,B,vardial2018/test,bho,L1,test:1581,hin_Deva
panel2,B,vardial2018/test,bho,L1,test:1589,anp_Deva
panel2,B,vardial2018/test,bho,L1,test:1590,bho_Deva
panel2,B,vardial2018/test,bho,L1,test:1592,bho_Deva
panel2,B,vardial2018/test,bho,L1,test:1593,hin_Deva
panel2,B,vardial2018/test,bho,L1,test:1603,bho_Deva
panel2,B,vardial2018/test,bho,L1,test:1604,mar_Deva
panel2,B,vardial2018/test,bho,L1,test:1607,bho_Deva
panel2,B,vardial2018/test,bho,L1,test:1611,bho_Deva
panel2,B,vardial2018/test,bho,L1,test:1615,bho_Deva
panel2,B,vardial2018/test,bho,L1,test:1620,bho_Deva
panel2,B,vardial2018/test,bho,L1,test:1624,bho_Deva
panel2,B,vardial2018/test,bho,L1,test:1627,mai_Deva
panel2,B,vardial2018/test,bho,L1,test:1632,bho_Deva
panel2,B,vardial2018/test,bho,L1,test:1648,bho_Deva
panel2,B,vardial2018/test,bho,L1,test:1649,bho_Deva
panel2,B,vardial2018/test,bho,L1,test:1651,bho_Deva
panel2,B,vardial2018/test,bho,L1,test:1655,bho_Deva
panel2,B,vardial2018/test,bho,L1,test:1663,bho_Deva
panel2,B,vardial2018/test,bho,L1,test:1667,bho_Deva
panel2,B,vardial2018/test,bho,L1,test:1674,bho_Deva
panel2,B,vardial2018/test,bho,L1,test:1680,anp_Deva
panel2,B,vardial2018/test,bho,L1,test:1681,bho_Deva
panel2,B,vardial2018/test,bho,L1,test:1686,awa_Deva
panel2,B,vardial2018/test,bho,L1,test:1687,bho_Deva
panel2,B,vardial2018/test,bho,L1,test:1691,bho_Deva
panel2,B,vardial2018/test,bho,L1,test:1692,bho_Deva
panel2,B,vardial2018/test,bho,L1,test:1701,bho_Deva
panel2,B,vardial2018/test,bho,L1,test:1704,bho_Deva
panel2,B,vardial2018/test,bho,L1,test:1709,bho_Deva
panel2,B,vardial2018/test,bho,L1,test:1713,bho_Deva
panel2,B,vardial2018/test,bho,L1,test:1715,bho_Deva
panel2,B,vardial2018/test,bho,L1,test:1722,bho_Deva
panel2,B,vardial2018/test,bho,L1,test:1724,bho_Deva
panel2,B,vardial2018/test,bho,L1,test:1725,bho_Deva
panel2,B,vardial2018/test,bho,L1,test:1726,bho_Deva
panel2,B,vardial2018/test,bho,L1,test:1728,bho_Deva
panel2,B,vardial2018/test,bho,L1,test:1733,bho_Deva
panel2,B,vardial2018/test,bho,L1,test:1734,bho_Deva
panel2,B,vardial2018/test,bho,L1,test:1735,bho_Deva
panel2,B,vardial2018/test,bho,L1,test:1739,bho_Deva
panel2,B,vardial2018/test,bho,L1,test:1740,bho_Deva
panel2,B,vardial2018/test,bho,L1,test:1744,bho_Deva
panel2,B,vardial2018/test,bho,L1,test:1751,awa_Deva
panel2,B,vardial2018/test,bho,L1,test:1752,bho_Deva
panel2,B,vardial2018/test,bho,L1,test:1763,bho_Deva
panel2,B,vardial2018/test,bho,L1,test:1784,bho_Deva
panel2,B,vardial2018/test,bho,L1,test:1787,bho_Deva
panel2,B,vardial2018/test,bho,L1,test:1788,bho_Deva
panel2,B,vardial2018/test,bho,L1,test:1789,bho_Deva
panel2,B,vardial2018/test,bho,L1,test:1791,hin_Deva
panel2,B,vardial2018/test,bho,L1,test:1795,awa_Deva
panel2,B,vardial2018/test,bho,L1,test:1800,bho_Deva
panel2,B,vardial2018/test,bho,L1,test:1805,bho_Deva
panel2,B,vardial2018/test,bho,L1,test:1806,bho_Deva
panel2,B,vardial2018/test,bho,L1,test:1810,dty_Deva
panel2,B,vardial2018/test,bho,L1,test:1813,san_Deva
panel2,B,vardial2018/test,bho,L1,test:1820,bho_Deva
panel2,B,vardial2018/test,bho,L1,test:1825,hin_Deva
panel2,B,vardial2018/test,bho,L1,test:1835,bho_Deva
panel2,B,vardial2018/test,bho,L1,test:1836,bho_Deva
panel2,B,vardial2018/test,bho,L1,test:1838,bho_Deva
panel2,B,vardial2018/test,bho,L1,test:1842,bho_Deva
panel2,B,vardial2018/test,bho,L1,test:1843,bho_Deva
panel2,B,vardial2018/test,bho,L1,test:1851,bho_Deva
panel2,B,vardial2018/test,bho,L1,test:1854,bho_Deva
panel2,B,vardial2018/test,bho,L1,test:1858,bho_Deva
panel2,B,vardial2018/test,bho,L1,test:1866,bho_Deva
panel2,B,vardial2018/test,bho,L1,test:1881,bho_Deva
panel2,B,vardial2018/test,bho,L1,test:1889,awa_Deva
panel2,B,vardial2018/test,bho,L1,test:1894,bho_Deva
panel2,B,vardial2018/test,bho,L1,test:1899,bho_Deva
panel2,B,vardial2018/test,bho,L1,test:1905,bho_Deva
panel2,B,vardial2018/test,bho,L1,test:1911,bho_Deva
panel2,B,vardial2018/test,bho,L1,test:1912,bho_Deva
panel2,B,vardial2018/test,bho,L1,test:1913,bho_Deva
panel2,B,vardial2018/test,bho,L1,test:1930,bho_Deva
panel2,B,vardial2018/test,bho,L1,test:1938,bho_Deva
panel2,B,vardial2018/test,bho,L1,test:1939,bho_Deva
panel2,B,vardial2018/test,bho,L1,test:1940,bho_Deva
panel2,B,vardial2018/test,bho,L1,test:1955,bho_Deva
panel2,B,vardial2018/test,bho,L1,test:1964,bho_Deva
panel2,B,vardial2018/test,bho,L1,test:1967,bho_Deva
panel2,B,vardial2018/test,bho,L1,test:1969,bho_Deva
panel2,B,vardial2018/test,bho,L1,test:1970,bho_Deva
panel2,B,vardial2018/test,bho,L1,test:1975,bho_Deva
panel2,B,vardial2018/test,bho,L1,test:1976,bho_Deva
panel2,B,vardial2018/test,bho,L1,test:1982,bho_Deva
panel2,B,vardial2018/test,bho,L1,test:1999,bho_Deva
panel2,B,vardial2018/test,bho,L1,test:2017,bho_Deva
panel2,B,vardial2018/test,bho,L1,test:2018,bho_Deva
panel2,B,vardial2018/test,bho,L1,test:2019,bho_Deva
panel2,B,vardial2018/test,bho,L1,test:2022,bho_Deva
panel2,B,vardial2018/test,bho,L1,test:2024,bho_Deva
panel2,B,vardial2018/test,bho,L1,test:2027,bho_Deva
panel2,B,vardial2018/test,bho,L1,test:2033,bho_Deva
panel2,B,vardial2018/test,bho,L1,test:2034,bho_Deva
panel2,B,vardial2018/test,bho,L1,test:2035,bho_Deva
panel2,B,vardial2018/test,bho,L1,test:2048,bho_Deva
panel2,B,vardial2018/test,bho,L1,test:2049,bho_Deva
panel2,B,vardial2018/test,bho,L1,test:2062,bho_Deva
panel2,B,vardial2018/test,bho,L1,test:2064,bho_Deva
panel2,B,vardial2018/test,bho,L1,test:2075,bho_Deva
panel2,B,vardial2018/test,bho,L1,test:2078,hin_Deva
panel2,B,vardial2018/test,bho,L1,test:2101,bho_Deva
panel2,B,vardial2018/test,bho,L1,test:2105,bho_Deva
panel2,B,vardial2018/test,bho,L1,test:2111,bho_Deva
panel2,B,vardial2018/test,bho,L1,test:2113,hin_Deva
panel2,B,vardial2018/test,bho,L1,test:2116,bho_Deva
panel2,B,vardial2018/test,bho,L1,test:2121,bho_Deva
panel2,B,vardial2018/test,bho,L1,test:2126,bho_Deva
panel2,B,vardial2018/test,bho,L1,test:2129,hin_Deva
panel2,B,vardial2018/test,bho,L1,test:2130,bho_Deva
panel2,B,vardial2018/test,bho,L1,test:2131,bho_Deva
panel2,B,vardial2018/test,bho,L1,test:2138,bho_Deva
panel2,B,vardial2018/test,bho,L1,test:2139,bho_Deva
panel2,B,vardial2018/test,bho,L1,test:2149,bho_Deva
panel2,B,vardial2018/test,bho,L1,test:2152,bho_Deva
panel2,B,vardial2018/test,bho,L1,test:2159,hin_Deva
panel2,B,vardial2018/test,bho,L1,test:2167,bho_Deva
panel2,B,vardial2018/test,bho,L1,test:2170,bho_Deva
panel2,B,vardial2018/test,bho,L1,test:2171,bho_Deva
panel2,B,vardial2018/test,bho,L1,test:2172,bho_Deva
panel2,B,vardial2018/test,bho,L1,test:2180,bho_Deva
panel2,B,vardial2018/test,bho,L1,test:2183,bho_Deva
panel2,B,vardial2018/test,bho,L1,test:2184,bho_Deva
panel2,B,vardial2018/test,bho,L1,test:2187,bho_Deva
panel2,B,vardial2018/test,bho,L1,test:2189,bho_Deva
panel2,B,vardial2018/test,bho,L1,test:2193,bho_Deva
panel2,B,vardial2018/test,bho,L1,test:2194,bho_Deva
panel2,B,vardial2018/test,bho,L1,test:2197,bho_Deva
panel2,B,vardial2018/test,bho,L1,test:2208,bho_Deva
panel2,B,vardial2018/test,bho,L1,test:2212,bho_Deva
panel2,B,vardial2018/test,bho,L1,test:2217,bho_Deva
panel2,B,vardial2018/test,bho,L1,test:2247,hin_Deva
panel2,B,vardial2018/test,bho,L1,test:2248,bho_Deva
panel2,B,vardial2018/test,bho,L1,test:2249,bho_Deva
panel2,B,vardial2018/test,bho,L1,test:2252,bho_Deva
panel2,B,vardial2018/test,bho,L1,test:2262,bho_Deva
panel2,B,vardial2018/test,bho,L1,test:2265,bho_Deva
panel2,B,vardial2018/test,bho,L1,test:2269,bho_Deva
panel2,B,vardial2018/test,bho,L1,test:2275,bho_Deva
panel2,B,vardial2018/test,bho,L1,test:2278,bho_Deva
panel2,B,vardial2018/test,bho,L1,test:2279,hin_Deva
panel2,B,vardial2018/test,bho,L1,test:2287,bho_Deva
panel2,B,vardial2018/test,bho,L1,test:2291,bho_Deva
panel2,B,vardial2018/test,bho,L1,test:2293,bho_Deva
panel2,B,vardial2018/test,bho,L1,test:2301,hin_Deva
panel2,B,vardial2018/test,bho,L1,test:2308,hin_Deva
panel2,B,vardial2018/test,bho,L1,test:2317,bho_Deva
panel2,B,vardial2018/test,bho,L1,test:2321,bho_Deva
panel2,B,vardial2018/test,bho,L1,test:2324,bho_Deva
panel2,B,vardial2018/test,bho,L1,test:2338,bho_Deva
panel2,B,vardial2018/test,bho,L1,test:2343,bho_Deva
panel2,B,vardial2018/test,bho,L1,test:2351,bho_Deva
panel2,B,vardial2018/test,bho,L1,test:2365,bho_Deva
panel2,B,vardial2018/test,bho,L1,test:2367,bho_Deva
panel2,B,vardial2018/test,bho,L1,test:2384,bho_Deva
panel2,B,vardial2018/test,bho,L1,test:2389,bho_Deva
panel2,B,vardial2018/test,bho,L1,test:2391,bho_Deva
panel2,B,vardial2018/test,bho,L1,test:2403,bho_Deva
panel2,B,vardial2018/test,bho,L1,test:2404,bho_Deva
panel2,B,vardial2018/test,bho,L1,test:2412,bho_Deva
panel2,B,vardial2018/test,bho,L1,test:2418,bho_Deva
panel2,B,vardial2018/test,bho,L1,test:2434,bho_Deva
panel2,B,vardial2018/test,bho,L1,test:2444,bho_Deva
panel2,B,vardial2018/test,bho,L1,test:2448,bho_Deva
panel2,B,vardial2018/test,bho,L1,test:2458,bho_Deva
panel2,B,vardial2018/test,bho,L1,test:2459,bho_Deva
panel2,B,vardial2018/test,bho,L1,test:2461,bho_Deva
panel2,B,vardial2018/test,bho,L1,test:2466,bho_Deva
panel2,B,vardial2018/test,bho,L1,test:2467,bho_Deva
panel2,B,vardial2018/test,bho,L1,test:2471,bho_Deva
panel2,B,vardial2018/test,bho,L1,test:2476,bho_Deva
panel2,B,vardial2018/test,bho,L1,test:2484,bho_Deva
panel2,B,vardial2018/test,bho,L1,test:2495,bho_Deva
panel2,B,vardial2018/test,bho,L1,test:2514,bho_Deva
panel2,B,vardial2018/test,bho,L1,test:2531,bho_Deva
panel2,B,vardial2018/test,bho,L1,test:2534,hin_Deva
panel2,B,vardial2018/test,bho,L1,test:2537,bho_Deva
panel2,B,vardial2018/test,bho,L1,test:2538,bho_Deva
panel2,B,vardial2018/test,bho,L1,test:2539,bho_Deva
panel2,B,vardial2018/test,bho,L1,test:2541,bho_Deva
panel2,B,vardial2018/test,bho,L1,test:2546,bho_Deva
panel2,B,vardial2018/test,bho,L1,test:2547,bho_Deva
panel2,B,vardial2018/test,bho,L1,test:2549,bho_Deva
panel2,B,vardial2018/test,bho,L1,test:2550,hin_Deva
panel2,B,vardial2018/test,bho,L1,test:2572,bho_Deva
panel2,B,vardial2018/test,bho,L1,test:2599,hin_Deva
panel2,B,vardial2018/test,bho,L1,test:2602,bho_Deva
panel2,B,vardial2018/test,bho,L1,test:2605,bho_Deva
panel2,B,vardial2018/test,bho,L1,test:2608,bho_Deva
panel2,B,vardial2018/test,bho,L1,test:2618,bho_Deva
panel2,B,vardial2018/test,bho,L1,test:2622,hin_Deva
panel2,B,vardial2018/test,bho,L1,test:2624,bho_Deva
panel2,B,vardial2018/test,bho,L1,test:2631,bho_Deva
panel2,B,vardial2018/test,bho,L1,test:2641,bho_Deva
panel2,B,vardial2018/test,bho,L1,test:2643,bho_Deva
panel2,B,vardial2018/test,bho,L1,test:2646,bho_Deva
panel2,B,vardial2018/test,bho,L1,test:2647,hin_Deva
panel2,B,vardial2018/test,bho,L1,test:2654,bho_Deva
panel2,B,vardial2018/test,bho,L1,test:2656,bho_Deva
panel2,B,vardial2018/test,bho,L1,test:2663,bho_Deva
panel2,B,vardial2018/test,bho,L1,test:2664,bho_Deva
panel2,B,vardial2018/test,bho,L1,test:2665,bho_Deva
panel2,B,vardial2018/test,bho,L1,test:2670,bho_Deva
panel2,B,vardial2018/test,bho,L1,test:2678,bho_Deva
panel2,B,vardial2018/test,bho,L1,test:2692,bho_Deva
panel2,B,vardial2018/test,bho,L1,test:2694,bho_Deva
panel2,B,vardial2018/test,bho,L1,test:2696,bho_Deva
panel2,B,vardial2018/test,bho,L1,test:2703,bho_Deva
panel2,B,vardial2018/test,bho,L1,test:2709,bho_Deva
panel2,B,vardial2018/test,bho,L1,test:2710,bho_Deva
panel2,B,vardial2018/test,bho,L1,test:2712,bho_Deva
panel2,B,vardial2018/test,bho,L1,test:2715,bho_Deva
panel2,B,vardial2018/test,bho,L1,test:2719,bho_Deva
panel2,B,vardial2018/test,bho,L1,test:2729,bho_Deva
panel2,B,vardial2018/test,bho,L1,test:2738,hin_Deva
panel2,B,vardial2018/test,bho,L1,test:2739,bho_Deva
panel2,B,vardial2018/test,bho,L1,test:2747,bho_Deva
panel2,B,vardial2018/test,bho,L1,test:2753,bho_Deva
panel2,B,vardial2018/test,bho,L1,test:2763,anp_Deva
panel2,B,vardial2018/test,bho,L1,test:2766,hin_Deva
panel2,B,vardial2018/test,bho,L1,test:2767,hin_Deva
panel2,B,vardial2018/test,bho,L1,test:2775,bho_Deva
panel2,B,vardial2018/test,bho,L1,test:2778,bho_Deva
panel2,B,vardial2018/test,bho,L1,test:2779,hin_Deva
panel2,B,vardial2018/test,bho,L1,test:2782,bho_Deva
panel2,B,vardial2018/test,bho,L1,test:2786,hin_Deva
panel2,B,vardial2018/test,bho,L1,test:2790,bho_Deva
panel2,B,vardial2018/test,bho,L1,test:2798,bho_Deva
panel2,B,vardial2018/test,bho,L1,test:2801,bho_Deva
panel2,B,vardial2018/test,bho,L1,test:2805,hin_Deva
panel2,B,vardial2018/test,bho,L1,test:2806,bho_Deva
panel2,B,vardial2018/test,bho,L1,test:2811,bho_Deva
panel2,B,vardial2018/test,bho,L1,test:2815,hin_Deva
panel2,B,vardial2018/test,bho,L1,test:2817,bho_Deva
panel2,B,vardial2018/test,bho,L1,test:2818,bho_Deva
panel2,B,vardial2018/test,bho,L1,test:2822,bho_Deva
panel2,B,vardial2018/test,bho,L1,test:2823,hin_Deva
panel2,B,vardial2018/test,bho,L1,test:2825,bho_Deva
panel2,B,vardial2018/test,bho,L1,test:2828,bho_Deva
panel2,B,vardial2018/test,bho,L1,test:2831,bho_Deva
panel2,B,vardial2018/test,bho,L1,test:2845,bho_Deva
panel2,B,vardial2018/test,bho,L1,test:2858,hin_Deva
panel2,B,vardial2018/test,bho,L1,test:2868,bho_Deva
panel2,B,vardial2018/test,bho,L1,test:2871,hin_Deva
panel2,B,vardial2018/test,bho,L1,test:2873,bho_Deva
panel2,B,vardial2018/test,bho,L1,test:2879,bho_Deva
panel2,B,vardial2018/test,bho,L1,test:2893,bho_Deva
panel2,B,vardial2018/test,bho,L1,test:2896,bho_Deva
panel2,B,vardial2018/test,bho,L1,test:2906,hin_Deva
panel2,B,vardial2018/test,bho,L1,test:2907,bho_Deva
panel2,B,vardial2018/test,bho,L1,test:2912,hin_Deva
panel2,B,vardial2018/test,bho,L1,test:2914,mag_Deva
panel2,B,vardial2018/test,bho,L1,test:2916,bho_Deva
panel2,B,vardial2018/test,bho,L1,test:2917,bho_Deva
panel2,B,vardial2018/test,bho,L1,test:2924,bho_Deva
panel2,B,vardial2018/test,bho,L1,test:2927,bho_Deva
panel2,B,vardial2018/test,bho,L1,test:2934,bho_Deva
panel2,B,vardial2018/test,bho,L1,test:2940,bho_Deva
panel2,B,vardial2018/test,bho,L1,test:2945,bho_Deva
panel2,B,vardial2018/test,bho,L1,test:2956,bho_Deva
panel2,B,vardial2018/test,bho,L1,test:2958,bho_Deva
panel2,B,vardial2018/test,bho,L1,test:2960,bho_Deva
panel2,B,vardial2018/test,bho,L1,test:2963,bho_Deva
panel2,B,vardial2018/test,bho,L1,test:2964,bho_Deva
panel2,B,vardial2018/test,bho,L1,test:2969,bho_Deva
panel2,B,vardial2018/test,bho,L1,test:2979,hin_Deva
panel2,B,vardial2018/test,bho,L1,test:2992,bho_Deva
panel2,B,vardial2018/test,bho,L1,test:2994,bho_Deva
panel2,B,vardial2018/test,bho,L1,test:2999,bho_Deva
panel2,B,vardial2018/test,bho,L1,test:3002,bho_Deva
panel2,B,vardial2018/test,bho,L1,test:3003,bho_Deva
panel2,B,vardial2018/test,bho,L1,test:3005,bho_Deva
panel2,B,vardial2018/test,bho,L1,test:3009,bho_Deva
panel2,B,vardial2018/test,bho,L1,test:3019,bho_Deva
panel2,B,vardial2018/test,bho,L1,test:3025,bho_Deva
panel2,B,vardial2018/test,bho,L1,test:3026,bho_Deva
panel2,B,vardial2018/test,bho,L1,test:3038,bho_Deva
panel2,B,vardial2018/test,bho,L1,test:3039,bho_Deva
panel2,B,vardial2018/test,bho,L1,test:3043,bho_Deva
panel2,B,vardial2018/test,bho,L1,test:3051,bho_Deva
panel2,B,vardial2018/test,bho,L1,test:3052,bho_Deva
panel2,B,vardial2018/test,bho,L1,test:3053,bho_Deva
panel2,B,vardial2018/test,bho,L1,test:3057,bho_Deva
panel2,B,vardial2018/test,bho,L1,test:3062,bho_Deva
panel2,B,vardial2018/test,bho,L1,test:3072,bho_Deva
panel2,B,vardial2018/test,bho,L1,test:3077,bho_Deva
panel2,B,vardial2018/test,bho,L1,test:3079,anp_Deva
panel2,B,vardial2018/test,bho,L1,test:3080,mai_Deva
panel2,B,vardial2018/test,bho,L1,test:3082,bho_Deva
panel2,B,vardial2018/test,bho,L1,test:3089,bho_Deva
panel2,B,vardial2018/test,bho,L1,test:3091,bho_Deva
panel2,B,vardial2018/test,bho,L1,test:3096,bho_Deva
panel2,B,vardial2018/test,bho,L1,test:3098,bho_Deva
panel2,B,vardial2018/test,bho,L1,test:3103,bho_Deva
panel2,B,vardial2018/test,bho,L1,test:3104,bho_Deva
panel2,B,vardial2018/test,bho,L1,test:3108,bho_Deva
panel2,B,vardial2018/test,bho,L1,test:3118,bho_Deva
panel2,B,vardial2018/test,bho,L1,test:3125,bho_Deva
panel2,B,vardial2018/test,bho,L1,test:3126,bho_Deva
panel2,B,vardial2018/test,bho,L1,test:3127,bho_Deva
panel2,B,vardial2018/test,bho,L1,test:3132,bho_Deva
panel2,B,vardial2018/test,bho,L1,test:3140,bho_Deva
panel2,B,vardial2018/test,bho,L1,test:3141,bho_Deva
panel2,B,vardial2018/test,bho,L1,test:3142,bho_Deva
panel2,B,vardial2018/test,bho,L1,test:3145,bho_Deva
panel2,B,vardial2018/test,bho,L1,test:3159,bho_Deva
panel2,B,vardial2018/test,bho,L1,test:3170,bho_Deva
panel2,B,vardial2018/test,bho,L1,test:3175,bho_Deva
panel2,B,vardial2018/test,bho,L1,test:3183,bho_Deva
panel2,B,vardial2018/test,bho,L1,test:3186,hin_Deva
panel2,B,vardial2018/test,bho,L1,test:3207,bho_Deva
panel2,B,vardial2018/test,bho,L1,test:3220,bho_Deva
panel2,B,vardial2018/test,bho,L1,test:3221,bho_Deva
panel2,B,vardial2018/test,bho,L1,test:3224,bho_Deva
panel2,B,vardial2018/test,bho,L1,test:3229,bho_Deva
panel2,B,vardial2018/test,bho,L1,test:3239,bho_Deva
panel2,B,vardial2018/test,bho,L1,test:3240,bho_Deva
panel2,B,vardial2018/test,bho,L1,test:3241,bho_Deva
panel2,B,vardial2018/test,bho,L1,test:3250,bho_Deva
panel2,B,vardial2018/test,bho,L1,test:3253,hne_Deva
panel2,B,vardial2018/test,bho,L1,test:3262,hin_Deva
panel2,B,vardial2018/test,bho,L1,test:3265,bho_Deva
panel2,B,vardial2018/test,bho,L1,test:3269,bho_Deva
panel2,B,vardial2018/test,bho,L1,test:3274,bho_Deva
panel2,B,vardial2018/test,bho,L1,test:3284,bho_Deva
panel2,B,vardial2018/test,bho,L1,test:3287,bho_Deva
panel2,B,vardial2018/test,bho,L1,test:3300,bho_Deva
panel2,B,vardial2018/test,bho,L1,test:3302,bho_Deva
panel2,B,vardial2018/test,bho,L1,test:3304,bho_Deva
panel2,B,vardial2018/test,bho,L1,test:3309,bho_Deva
panel2,B,vardial2018/test,bho,L1,test:3311,bho_Deva
panel2,B,vardial2018/test,bho,L1,test:3315,bho_Deva
panel2,B,vardial2018/test,bho,L1,test:3318,bho_Deva
panel2,B,vardial2018/test,bho,L1,test:3322,bho_Deva
panel2,B,vardial2018/test,bho,L1,test:3323,bho_Deva
panel2,B,vardial2018/test,bho,L1,test:3325,bho_Deva
panel2,B,vardial2018/test,bho,L1,test:3334,bho_Deva
panel2,B,vardial2018/test,bho,L1,test:3345,bho_Deva
panel2,B,vardial2018/test,bho,L1,test:3351,bho_Deva
panel2,B,vardial2018/test,bho,L1,test:3355,bho_Deva
panel2,B,vardial2018/test,bho,L1,test:3356,bho_Deva
panel2,B,vardial2018/test,bho,L1,test:3364,bho_Deva
panel2,B,vardial2018/test,bho,L1,test:3366,bho_Deva
panel2,B,vardial2018/test,bho,L1,test:3367,bho_Deva
panel2,B,vardial2018/test,bho,L1,test:3379,bho_Deva
panel2,B,vardial2018/test,bho,L1,test:3381,bho_Deva
panel2,B,vardial2018/test,bho,L1,test:3399,hin_Deva
panel2,B,vardial2018/test,bho,L1,test:3401,bho_Deva
panel2,B,vardial2018/test,bho,L1,test:3402,bho_Deva
panel2,B,vardial2018/test,bho,L1,test:3410,bho_Deva
panel2,B,vardial2018/test,bho,L1,test:3413,bho_Deva
panel2,B,vardial2018/test,bho,L1,test:3415,bho_Deva
panel2,B,vardial2018/test,bho,L1,test:3416,bho_Deva
panel2,B,vardial2018/test,bho,L1,test:3419,bho_Deva
panel2,B,vardial2018/test,bho,L1,test:3423,bho_Deva
panel2,B,vardial2018/test,bho,L1,test:3424,bho_Deva
panel2,B,vardial2018/test,bho,L1,test:3433,bho_Deva
panel2,B,vardial2018/test,bho,L1,test:3435,awa_Deva
panel2,B,vardial2018/test,bho,L1,test:3437,bho_Deva
panel2,B,vardial2018/test,bho,L1,test:3438,bho_Deva
panel2,B,vardial2018/test,bho,L1,test:3441,bho_Deva
panel2,B,vardial2018/test,bho,L1,test:3446,bho_Deva
panel2,B,vardial2018/test,bho,L1,test:3447,hin_Deva
panel2,B,vardial2018/test,bho,L1,test:3453,bho_Deva
panel2,B,vardial2018/test,bho,L1,test:3454,bho_Deva
panel2,B,vardial2018/test,bho,L1,test:3457,bho_Deva
panel2,B,vardial2018/test,bho,L1,test:3460,bho_Deva
panel2,B,vardial2018/test,bho,L1,test:3469,bho_Deva
panel2,B,vardial2018/test,bho,L1,test:3470,bho_Deva
panel2,B,vardial2018/test,bho,L1,test:3471,bho_Deva
panel2,B,vardial2018/test,bho,L1,test:3474,bho_Deva
panel2,B,vardial2018/test,bho,L1,test:3475,bho_Deva
panel2,B,vardial2018/test,bho,L1,test:3482,bho_Deva
panel2,B,vardial2018/test,bho,L1,test:3484,bho_Deva
panel2,B,vardial2018/test,bho,L1,test:3485,bho_Deva
panel2,B,vardial2018/test,bho,L1,test:3486,bho_Deva
panel2,B,vardial2018/test,bho,L1,test:3491,bho_Deva
panel2,B,vardial2018/test,bho,L1,test:3492,bho_Deva
panel2,B,vardial2018/test,bho,L1,test:3494,hin_Deva
panel2,B,vardial2018/test,bho,L1,test:3510,bho_Deva
panel2,B,vardial2018/test,bho,L1,test:3513,bho_Deva
panel2,B,vardial2018/test,bho,L1,test:3514,bho_Deva
panel2,B,vardial2018/test,bho,L1,test:3515,bho_Deva
panel2,B,vardial2018/test,bho,L1,test:3519,bho_Deva
panel2,B,vardial2018/test,bho,L1,test:3521,mag_Deva
panel2,B,vardial2018/test,bho,L1,test:3526,bho_Deva
panel2,B,vardial2018/test,bho,L1,test:3531,bho_Deva
panel2,B,vardial2018/test,bho,L1,test:3536,bho_Deva
panel2,B,vardial2018/test,bho,L1,test:3538,anp_Deva
panel2,B,vardial2018/test,bho,L1,test:3539,bho_Deva
panel2,B,vardial2018/test,bho,L1,test:3543,bho_Deva
panel2,B,vardial2018/test,bho,L1,test:3551,bho_Deva
panel2,B,vardial2018/test,bho,L1,test:3554,bho_Deva
panel2,B,vardial2018/test,bho,L1,test:3555,bho_Deva
panel2,B,vardial2018/test,bho,L1,test:3557,bho_Deva
panel2,B,vardial2018/test,bho,L1,test:3560,bho_Deva
panel2,B,vardial2018/test,bho,L1,test:3561,anp_Deva
panel2,B,vardial2018/test,bho,L1,test:3566,bho_Deva
panel2,B,vardial2018/test,bho,L1,test:3573,bho_Deva
panel2,B,vardial2018/test,bho,L1,test:3578,bho_Deva
panel2,B,vardial2018/test,bho,L1,test:3581,bho_Deva
panel2,B,vardial2018/test,bho,L1,test:3586,anp_Deva
panel2,B,vardial2018/test,bho,L1,test:3588,bho_Deva
panel2,B,vardial2018/test,bho,L1,test:3589,bho_Deva
panel2,B,vardial2018/test,bho,L1,test:3601,bho_Deva
panel2,B,vardial2018/test,bho,L1,test:3602,bho_Deva
panel2,B,vardial2018/test,bho,L1,test:3610,awa_Deva
panel2,B,vardial2018/test,bho,L1,test:3615,bho_Deva
panel2,B,vardial2018/test,bho,L1,test:3624,bho_Deva
panel2,B,vardial2018/test,bho,L1,test:3626,bho_Deva
panel2,B,vardial2018/test,bho,L1,test:3627,bho_Deva
panel2,B,vardial2018/test,bho,L1,test:3630,awa_Deva
panel2,B,vardial2018/test,bho,L1,test:3633,bho_Deva
panel2,B,vardial2018/test,bho,L1,test:3639,bho_Deva
panel2,B,vardial2018/test,bho,L1,test:3641,bho_Deva
panel2,B,vardial2018/test,bho,L1,test:3642,bho_Deva
panel2,B,vardial2018/test,bho,L1,test:3648,bho_Deva
panel2,B,vardial2018/test,bho,L1,test:3656,bho_Deva
panel2,B,vardial2018/test,bho,L1,test:3657,bho_Deva
panel2,B,vardial2018/test,bho,L1,test:3659,bho_Deva
panel2,B,vardial2018/test,bho,L1,test:3660,bho_Deva
panel2,B,vardial2018/test,bho,L1,test:3664,bho_Deva
panel2,B,vardial2018/test,bho,L1,test:3666,bho_Deva
panel2,B,vardial2018/test,bho,L1,test:3667,bho_Deva
panel2,B,vardial2018/test,bho,L1,test:3683,bho_Deva
panel2,B,vardial2018/test,bho,L1,test:3687,bho_Deva
panel2,B,vardial2018/test,bho,L1,test:3688,bho_Deva
panel2,B,vardial2018/test,bho,L1,test:3693,bho_Deva
panel2,B,vardial2018/test,bho,L1,test:3698,bho_Deva
panel2,B,vardial2018/test,bho,L1,test:3704,awa_Deva
panel2,B,vardial2018/test,bho,L1,test:3709,bho_Deva
panel2,B,vardial2018/test,bho,L1,test:3711,hin_Deva
panel2,B,vardial2018/test,bho,L1,test:3717,bho_Deva
panel2,B,vardial2018/test,bho,L1,test:3719,bho_Deva
panel2,B,vardial2018/test,bho,L1,test:3726,bho_Deva
panel2,B,vardial2018/test,bho,L1,test:3728,bho_Deva
panel2,B,vardial2018/test,bho,L1,test:3732,awa_Deva
panel2,B,vardial2018/test,bho,L1,test:3733,bho_Deva
panel2,B,vardial2018/test,bho,L1,test:3742,bho_Deva
panel2,B,vardial2018/test,bho,L1,test:3743,bho_Deva
panel2,B,vardial2018/test,bho,L1,test:3744,bho_Deva
panel2,B,vardial2018/test,bho,L1,test:3745,bho_Deva
panel2,B,vardial2018/test,bho,L1,test:3756,bho_Deva
panel2,B,vardial2018/test,bho,L1,test:3763,bho_Deva
panel2,B,vardial2018/test,bho,L1,test:3767,bho_Deva
panel2,B,vardial2018/test,bho,L1,test:3782,bho_Deva
panel2,B,vardial2018/test,bho,L1,test:3783,bho_Deva
panel2,B,vardial2018/test,bho,L1,test:3786,bho_Deva
panel2,B,vardial2018/test,bho,L1,test:3790,bho_Deva
panel2,B,vardial2018/test,bho,L1,test:3804,suz_Deva
panel2,B,vardial2018/test,bho,L1,test:3813,anp_Deva
panel2,B,vardial2018/test,bho,L1,test:3815,bho_Deva
panel2,B,vardial2018/test,bho,L1,test:3818,bho_Deva
panel2,B,vardial2018/test,bho,L1,test:3819,hin_Deva
panel2,B,vardial2018/test,bho,L1,test:3821,bho_Deva
panel2,B,vardial2018/test,bho,L1,test:3827,bho_Deva
panel2,B,vardial2018/test,bho,L1,test:3831,bho_Deva
panel2,B,vardial2018/test,bho,L1,test:3834,bho_Deva
panel2,B,vardial2018/test,bho,L1,test:3841,bho_Deva
panel2,B,vardial2018/test,bho,L1,test:3842,bho_Deva
panel2,B,vardial2018/test,bho,L1,test:3843,bho_Deva
panel2,B,vardial2018/test,bho,L1,test:3849,bho_Deva
panel2,B,vardial2018/test,bho,L1,test:3850,bho_Deva
panel2,B,vardial2018/test,bho,L1,test:3862,bho_Deva
panel2,B,vardial2018/test,bho,L1,test:3870,bho_Deva
panel2,B,vardial2018/test,bho,L1,test:3876,bho_Deva
panel2,B,vardial2018/test,bho,L1,test:3878,awa_Deva
panel2,B,vardial2018/test,bho,L1,test:3884,bho_Deva
panel2,B,vardial2018/test,bho,L1,test:3887,bho_Deva
panel2,B,vardial2018/test,bho,L1,test:3888,bho_Deva
panel2,B,vardial2018/test,bho,L1,test:3898,bho_Deva
panel2,B,vardial2018/test,bho,L1,test:3902,bho_Deva
panel2,B,vardial2018/test,bho,L1,test:3914,bho_Deva
panel2,B,vardial2018/test,bho,L1,test:3916,bho_Deva
panel2,B,vardial2018/test,bho,L1,test:3921,bho_Deva
panel2,B,vardial2018/test,bho,L1,test:3925,bho_Deva
panel2,B,vardial2018/test,bho,L1,test:3930,awa_Deva
panel2,B,vardial2018/test,bho,L1,test:3932,hin_Deva
panel2,B,vardial2018/test,bho,L1,test:3943,bho_Deva
panel2,B,vardial2018/test,bho,L1,test:3946,bho_Deva
panel2,B,vardial2018/test,bho,L1,test:3950,bho_Deva
panel2,B,vardial2018/test,bho,L1,test:3953,hin_Deva
panel2,B,vardial2018/test,bho,L1,test:3957,bho_Deva
panel2,B,vardial2018/test,bho,L1,test:3958,bho_Deva
panel2,B,vardial2018/test,bho,L1,test:3959,bho_Deva
panel2,B,vardial2018/test,bho,L1,test:3961,bho_Deva
panel2,B,vardial2018/test,bho,L1,test:3962,bho_Deva
panel2,B,vardial2018/test,bho,L1,test:3965,bho_Deva
panel2,B,vardial2018/test,bho,L1,test:3966,bho_Deva
panel2,B,vardial2018/test,bho,L1,test:3969,bho_Deva
panel2,B,vardial2018/test,bho,L1,test:3981,bho_Deva
panel2,B,vardial2018/test,bho,L1,test:4003,bho_Deva
panel2,B,vardial2018/test,bho,L1,test:4008,anp_Deva
panel2,B,vardial2018/test,bho,L1,test:4012,bho_Deva
panel2,B,vardial2018/test,bho,L1,test:4014,bho_Deva
panel2,B,vardial2018/test,bho,L1,test:4016,bho_Deva
panel2,B,vardial2018/test,bho,L1,test:4017,bho_Deva
panel2,B,vardial2018/test,bho,L1,test:4019,bho_Deva
panel2,B,vardial2018/test,bho,L1,test:4024,taj_Deva
panel2,B,vardial2018/test,bho,L1,test:4029,bho_Deva
panel2,B,vardial2018/test,bho,L1,test:4031,bho_Deva
panel2,B,vardial2018/test,bho,L1,test:4039,bho_Deva
panel2,B,vardial2018/test,bho,L1,test:4040,bho_Deva
panel2,B,vardial2018/test,bho,L1,test:4064,bho_Deva
panel2,B,vardial2018/test,bho,L1,test:4066,bho_Deva
panel2,B,vardial2018/test,bho,L1,test:4076,hin_Deva
panel2,B,vardial2018/test,bho,L1,test:4084,bho_Deva
panel2,B,vardial2018/test,bho,L1,test:4086,bho_Deva
panel2,B,vardial2018/test,bho,L1,test:4092,bho_Deva
panel2,B,vardial2018/test,bho,L1,test:4095,bho_Deva
panel2,B,vardial2018/test,bho,L1,test:4102,bho_Deva
panel2,B,vardial2018/test,bho,L1,test:4107,bho_Deva
panel2,B,vardial2018/test,bho,L1,test:4110,bho_Deva
panel2,B,vardial2018/test,bho,L1,test:4118,bho_Deva
panel2,B,vardial2018/test,bho,L1,test:4123,awa_Deva
panel2,B,vardial2018/test,bho,L1,test:4125,hin_Deva
panel2,B,vardial2018/test,bho,L1,test:4144,bho_Deva
panel2,B,vardial2018/test,bho,L1,test:4150,bho_Deva
panel2,B,vardial2018/test,bho,L1,test:4155,bho_Deva
panel2,B,vardial2018/test,bho,L1,test:4156,hin_Deva
panel2,B,vardial2018/test,bho,L1,test:4159,hin_Deva
panel2,B,vardial2018/test,bho,L1,test:4163,bho_Deva
panel2,B,vardial2018/test,bho,L1,test:4168,bho_Deva
panel2,B,vardial2018/test,bho,L1,test:4172,hin_Deva
panel2,B,vardial2018/test,bho,L1,test:4175,bho_Deva
panel2,B,vardial2018/test,bho,L1,test:4176,bho_Deva
panel2,B,vardial2018/test,bho,L1,test:4180,bho_Deva
panel2,B,vardial2018/test,bho,L1,test:4187,bho_Deva
panel2,B,vardial2018/test,bho,L1,test:4188,bho_Deva
panel2,B,vardial2018/test,bho,L1,test:4197,bho_Deva
panel2,B,vardial2018/test,bho,L1,test:4201,bho_Deva
panel2,B,vardial2018/test,bho,L1,test:4209,bho_Deva
panel2,B,vardial2018/test,bho,L1,test:4212,hin_Deva
panel2,B,vardial2018/test,bho,L1,test:4213,hin_Deva
panel2,B,vardial2018/test,bho,L1,test:4216,awa_Deva
panel2,B,vardial2018/test,bho,L1,test:4217,bho_Deva
panel2,B,vardial2018/test,bho,L1,test:4220,bho_Deva
panel2,B,vardial2018/test,bho,L1,test:4222,bho_Deva
panel2,B,vardial2018/test,bho,L1,test:4223,bho_Deva
panel2,B,vardial2018/test,bho,L1,test:4229,bho_Deva
panel2,B,vardial2018/test,bho,L1,test:4230,bho_Deva
panel2,B,vardial2018/test,bho,L1,test:4231,bho_Deva
panel2,B,vardial2018/test,bho,L1,test:4242,bho_Deva
panel2,B,vardial2018/test,bho,L1,test:4243,bho_Deva
panel2,B,vardial2018/test,bho,L1,test:4244,bho_Deva
panel2,B,vardial2018/test,bho,L1,test:4251,hin_Deva
panel2,B,vardial2018/test,bho,L1,test:4270,bho_Deva
panel2,B,vardial2018/test,bho,L1,test:4274,bho_Deva
panel2,B,vardial2018/test,bho,L1,test:4277,hin_Deva
panel2,B,vardial2018/test,bho,L1,test:4278,bho_Deva
panel2,B,vardial2018/test,bho,L1,test:4280,bho_Deva
panel2,B,vardial2018/test,bho,L1,test:4282,hin_Deva
panel2,B,vardial2018/test,bho,L1,test:4283,bho_Deva
panel2,B,vardial2018/test,bho,L1,test:4287,bho_Deva
panel2,B,vardial2018/test,bho,L1,test:4293,bho_Deva
panel2,B,vardial2018/test,bho,L1,test:4296,bho_Deva
panel2,B,vardial2018/test,bho,L1,test:4297,bho_Deva
panel2,B,vardial2018/test,bho,L1,test:4303,hin_Deva
panel2,B,vardial2018/test,bho,L1,test:4313,bho_Deva
panel2,B,vardial2018/test,bho,L1,test:4315,bho_Deva
panel2,B,vardial2018/test,bho,L1,test:4329,bho_Deva
panel2,B,vardial2018/test,bho,L1,test:4331,bho_Deva
panel2,B,vardial2018/test,bho,L1,test:4340,hin_Deva
panel2,B,vardial2018/test,bho,L1,test:4341,bho_Deva
panel2,B,vardial2018/test,bho,L1,test:4345,bho_Deva
panel2,B,vardial2018/test,bho,L1,test:4346,bho_Deva
panel2,B,vardial2018/test,bho,L1,test:4351,bho_Deva
panel2,B,vardial2018/test,bho,L1,test:4353,bho_Deva
panel2,B,vardial2018/test,bho,L1,test:4359,bho_Deva
panel2,B,vardial2018/test,bho,L1,test:4368,bho_Deva
panel2,B,vardial2018/test,bho,L1,test:4371,bho_Deva
panel2,B,vardial2018/test,bho,L1,test:4380,bho_Deva
panel2,B,vardial2018/test,bho,L1,test:4382,bho_Deva
panel2,B,vardial2018/test,bho,L1,test:4390,bho_Deva
panel2,B,vardial2018/test,bho,L1,test:4393,bho_Deva
panel2,B,vardial2018/test,bho,L1,test:4395,bho_Deva
panel2,B,vardial2018/test,bho,L1,test:4397,bho_Deva
panel2,B,vardial2018/test,bho,L1,test:4401,bho_Deva
panel2,B,vardial2018/test,bho,L1,test:4403,hin_Deva
panel2,B,vardial2018/test,bho,L1,test:4404,bho_Deva
panel2,B,vardial2018/test,bho,L1,test:4408,bho_Deva
panel2,B,vardial2018/test,bho,L1,test:4413,bho_Deva
panel2,B,vardial2018/test,bho,L1,test:4415,bho_Deva
panel2,B,vardial2018/test,bho,L1,test:4426,bho_Deva
panel2,B,vardial2018/test,bho,L1,test:4433,bho_Deva
panel2,B,vardial2018/test,bho,L1,test:4437,awa_Deva
panel2,B,vardial2018/test,bho,L1,test:4441,bho_Deva
panel2,B,vardial2018/test,bho,L1,test:4446,bho_Deva
panel2,B,vardial2018/test,bho,L1,test:4447,bho_Deva
panel2,B,vardial2018/test,bho,L1,test:4450,bho_Deva
panel2,B,vardial2018/test,bho,L1,test:4451,bho_Deva
panel2,B,vardial2018/test,bho,L1,test:4456,anp_Deva
panel2,B,vardial2018/test,bho,L1,test:4463,anp_Deva
panel2,B,vardial2018/test,bho,L1,test:4467,bho_Deva
panel2,B,vardial2018/test,bho,L1,test:4468,bho_Deva
panel2,B,vardial2018/test,bho,L1,test:4471,bho_Deva
panel2,B,vardial2018/test,bho,L1,test:4476,bho_Deva
panel2,B,vardial2018/test,bho,L1,test:4477,bho_Deva
panel2,B,vardial2018/test,bho,L1,test:4484,bho_Deva
panel2,B,vardial2018/test,bho,L1,test:4485,bho_Deva
panel2,B,vardial2018/test,bho,L1,test:4491,hin_Deva
panel2,B,vardial2018/test,bho,L1,test:4495,bho_Deva
panel2,B,vardial2018/test,bho,L1,test:4509,bho_Deva
panel2,B,vardial2018/test,bho,L1,test:4513,bho_Deva
panel2,B,vardial2018/test,bho,L1,test:4518,bho_Deva
panel2,B,vardial2018/test,bho,L1,test:4523,bho_Deva
panel2,B,vardial2018/test,bho,L1,test:4535,bho_Deva
panel2,B,vardial2018/test,bho,L1,test:4539,bho_Deva
panel2,B,vardial2018/test,bho,L1,test:4540,bho_Deva
panel2,B,vardial2018/test,bho,L1,test:4543,hin_Deva
panel2,B,vardial2018/test,bho,L1,test:4547,bho_Deva
panel2,B,vardial2018/test,bho,L1,test:4550,bho_Deva
panel2,B,vardial2018/test,bho,L1,test:4559,bho_Deva
panel2,B,vardial2018/test,bho,L1,test:4563,bho_Deva
panel2,B,vardial2018/test,bho,L1,test:4571,hin_Deva
panel2,B,vardial2018/test,bho,L1,test:4572,mai_Deva
panel2,B,vardial2018/test,bho,L1,test:4578,bho_Deva
panel2,B,vardial2018/test,bho,L1,test:4580,hin_Deva
panel2,B,vardial2018/test,bho,L1,test:4581,bho_Deva
panel2,B,vardial2018/test,bho,L1,test:4592,bho_Deva
panel2,B,vardial2018/test,bho,L1,test:4600,hin_Deva
panel2,B,vardial2018/test,bho,L1,test:4601,bho_Deva
panel2,B,vardial2018/test,bho,L1,test:4607,hne_Deva
panel2,B,vardial2018/test,bho,L1,test:4613,bho_Deva
panel2,B,vardial2018/test,bho,L1,test:4616,bho_Deva
panel2,B,vardial2018/test,bho,L1,test:4622,hin_Deva
panel2,B,vardial2018/test,bho,L1,test:4623,bho_Deva
panel2,B,vardial2018/test,bho,L1,test:4624,hin_Deva
panel2,B,vardial2018/test,bho,L1,test:4628,bho_Deva
panel2,B,vardial2018/test,bho,L1,test:4629,bho_Deva
panel2,B,vardial2018/test,bho,L1,test:4630,hin_Deva
panel2,B,vardial2018/test,bho,L1,test:4637,bho_Deva
panel2,B,vardial2018/test,bho,L1,test:4640,bho_Deva
panel2,B,vardial2018/test,bho,L1,test:4644,bho_Deva
panel2,B,vardial2018/test,bho,L1,test:4649,bho_Deva
panel2,B,vardial2018/test,bho,L1,test:4659,bho_Deva
panel2,B,vardial2018/test,bho,L1,test:4664,bho_Deva
panel2,B,vardial2018/test,bho,L1,test:4667,hin_Deva
panel2,B,vardial2018/test,bho,L1,test:4669,bho_Deva
panel2,B,vardial2018/test,bho,L1,test:4683,bho_Deva
panel2,B,vardial2018/test,bho,L1,test:4685,bho_Deva
panel2,B,vardial2018/test,bho,L1,test:4705,bho_Deva
panel2,B,vardial2018/test,bho,L1,test:4706,bho_Deva
panel2,B,vardial2018/test,bho,L1,test:4707,bho_Deva
panel2,B,vardial2018/test,bho,L1,test:4712,bho_Deva
panel2,B,vardial2018/test,bho,L1,test:4720,bho_Deva
panel2,B,vardial2018/test,bho,L1,test:4724,bho_Deva
panel2,B,vardial2018/test,bho,L1,test:4730,bho_Deva
panel2,B,vardial2018/test,bho,L1,test:4732,bho_Deva
panel2,B,vardial2018/test,bho,L1,test:4741,bho_Deva
panel2,B,vardial2018/test,bho,L1,test:4742,hin_Deva
panel2,B,vardial2018/test,bho,L1,test:4744,bho_Deva
panel2,B,vardial2018/test,bho,L1,test:4745,bho_Deva
panel2,B,vardial2018/test,bho,L1,test:4750,bho_Deva
panel2,B,vardial2018/test,bho,L1,test:4760,bho_Deva
panel2,B,vardial2018/test,bho,L1,test:4770,bho_Deva
panel2,B,vardial2018/test,bho,L1,test:4771,awa_Deva
panel2,B,vardial2018/test,bho,L1,test:4776,anp_Deva
panel2,B,vardial2018/test,bho,L1,test:4778,anp_Deva
panel2,B,vardial2018/test,bho,L1,test:4798,bho_Deva
panel2,B,vardial2018/test,bho,L1,test:4805,bho_Deva
panel2,B,vardial2018/test,bho,L1,test:4809,bho_Deva
panel2,B,vardial2018/test,bho,L1,test:4815,bho_Deva
panel2,B,vardial2018/test,bho,L1,test:4818,bho_Deva
panel2,B,vardial2018/test,bho,L1,test:4820,bho_Deva
panel2,B,vardial2018/test,bho,L1,test:4822,bho_Deva
panel2,B,vardial2018/test,bho,L1,test:4841,bho_Deva
panel2,B,vardial2018/test,bho,L1,test:4842,bho_Deva
panel2,B,vardial2018/test,bho,L1,test:4843,bho_Deva
panel2,B,vardial2018/test,bho,L1,test:4846,bho_Deva
panel2,B,vardial2018/test,bho,L1,test:4850,awa_Deva
panel2,B,vardial2018/test,bho,L1,test:4851,bho_Deva
panel2,B,vardial2018/test,bho,L1,test:4857,bho_Deva
panel2,B,vardial2018/test,bho,L1,test:4862,bho_Deva
panel2,B,vardial2018/test,bho,L1,test:4870,bho_Deva
panel2,B,vardial2018/test,bho,L1,test:4873,bho_Deva
panel2,B,vardial2018/test,bho,L1,test:4875,bho_Deva
panel2,B,vardial2018/test,bho,L1,test:4878,hin_Deva
panel2,B,vardial2018/test,bho,L1,test:4879,mag_Deva
panel2,B,vardial2018/test,bho,L1,test:4880,bho_Deva
panel2,B,vardial2018/test,bho,L1,test:4881,hin_Deva
panel2,B,vardial2018/test,bho,L1,test:4882,bho_Deva
panel2,B,vardial2018/test,bho,L1,test:4887,bho_Deva
panel2,B,vardial2018/test,bho,L1,test:4888,bho_Deva
panel2,B,vardial2018/test,bho,L1,test:4906,hin_Deva
panel2,B,vardial2018/test,bho,L1,test:4908,hin_Deva
panel2,B,vardial2018/test,bho,L1,test:4930,bho_Deva
panel2,B,vardial2018/test,bho,L1,test:4935,bho_Deva
panel2,B,vardial2018/test,bho,L1,test:4936,bho_Deva
panel2,B,vardial2018/test,bho,L1,test:4939,hin_Deva
panel2,B,vardial2018/test,bho,L1,test:4946,bho_Deva
panel2,B,vardial2018/test,bho,L1,test:4953,bho_Deva
panel2,B,vardial2018/test,bho,L1,test:4954,bho_Deva
panel2,B,vardial2018/test,bho,L1,test:4960,bho_Deva
panel2,B,vardial2018/test,bho,L1,test:4961,hin_Deva
panel2,B,vardial2018/test,bho,L1,test:4969,bho_Deva
panel2,B,vardial2018/test,bho,L1,test:4971,bho_Deva
panel2,B,vardial2018/test,bho,L1,test:4972,bho_Deva
panel2,B,vardial2018/test,bho,L1,test:4980,hin_Deva
panel2,B,vardial2018/test,bho,L1,test:4990,bho_Deva
panel2,B,vardial2018/test,bho,L1,test:4991,bho_Deva
panel2,B,vardial2018/test,bho,L1,test:5001,bho_Deva
panel2,B,vardial2018/test,bho,L1,test:5004,hin_Deva
panel2,B,vardial2018/test,bho,L1,test:5013,bho_Deva
panel2,B,vardial2018/test,bho,L1,test:5018,bho_Deva
panel2,B,vardial2018/test,bho,L1,test:5030,bho_Deva
panel2,B,vardial2018/test,bho,L1,test:5039,bho_Deva
panel2,B,vardial2018/test,bho,L1,test:5043,hin_Deva
panel2,B,vardial2018/test,bho,L1,test:5047,bho_Deva
panel2,B,vardial2018/test,bho,L1,test:5051,bho_Deva
panel2,B,vardial2018/test,bho,L1,test:5059,bho_Deva
panel2,B,vardial2018/test,bho,L1,test:5065,bho_Deva
panel2,B,vardial2018/test,bho,L1,test:5068,bho_Deva
panel2,B,vardial2018/test,bho,L1,test:5069,bho_Deva
panel2,B,vardial2018/test,bho,L1,test:5083,bho_Deva
panel2,B,vardial2018/test,bho,L1,test:5087,bho_Deva
panel2,B,vardial2018/test,bho,L1,test:5095,bho_Deva
panel2,B,vardial2018/test,bho,L1,test:5097,bho_Deva
panel2,B,vardial2018/test,bho,L1,test:5104,bho_Deva
panel2,B,vardial2018/test,bho,L1,test:5105,bho_Deva
panel2,B,vardial2018/test,bho,L1,test:5110,bho_Deva
panel2,B,vardial2018/test,bho,L1,test:5115,bho_Deva
panel2,B,vardial2018/test,bho,L1,test:5117,hin_Deva
panel2,B,vardial2018/test,bho,L1,test:5133,bho_Deva
panel2,B,vardial2018/test,bho,L1,test:5141,bho_Deva
panel2,B,vardial2018/test,bho,L1,test:5145,bho_Deva
panel2,B,vardial2018/test,bho,L1,test:5147,bho_Deva
panel2,B,vardial2018/test,bho,L1,test:5164,bho_Deva
panel2,B,vardial2018/test,bho,L1,test:5165,bho_Deva
panel2,B,vardial2018/test,bho,L1,test:5169,bho_Deva
panel2,B,vardial2018/test,bho,L1,test:5170,mag_Deva
panel2,B,vardial2018/test,bho,L1,test:5172,bho_Deva
panel2,B,vardial2018/test,bho,L1,test:5174,bho_Deva
panel2,B,vardial2018/test,bho,L1,test:5176,hin_Deva
panel2,B,vardial2018/test,bho,L1,test:5181,bho_Deva
panel2,B,vardial2018/test,bho,L1,test:5184,bho_Deva
panel2,B,vardial2018/test,bho,L1,test:5188,bho_Deva
panel2,B,vardial2018/test,bho,L1,test:5192,bho_Deva
panel2,B,vardial2018/test,bho,L1,test:5195,hin_Deva
panel2,B,vardial2018/test,bho,L1,test:5200,bho_Deva
panel2,B,vardial2018/test,bho,L1,test:5201,bho_Deva
panel2,B,vardial2018/test,bho,L1,test:5212,bho_Deva
panel2,B,vardial2018/test,bho,L1,test:5216,bho_Deva
panel2,B,vardial2018/test,bho,L1,test:5218,bho_Deva
panel2,B,vardial2018/test,bho,L1,test:5219,bho_Deva
panel2,B,vardial2018/test,bho,L1,test:5222,hin_Deva
panel2,B,vardial2018/test,bho,L1,test:5225,bho_Deva
panel2,B,vardial2018/test,bho,L1,test:5232,bho_Deva
panel2,B,vardial2018/test,bho,L1,test:5236,bho_Deva
panel2,B,vardial2018/test,bho,L1,test:5239,bho_Deva
panel2,B,vardial2018/test,bho,L1,test:5240,bho_Deva
panel2,B,vardial2018/test,bho,L1,test:5241,anp_Deva
panel2,B,vardial2018/test,bho,L1,test:5242,bho_Deva
panel2,B,vardial2018/test,bho,L1,test:5249,bho_Deva
panel2,B,vardial2018/test,bho,L1,test:5250,bho_Deva
panel2,B,vardial2018/test,bho,L1,test:5256,hin_Deva
panel2,B,vardial2018/test,bho,L1,test:5260,bho_Deva
panel2,B,vardial2018/test,bho,L1,test:5263,san_Deva
panel2,B,vardial2018/test,bho,L1,test:5272,bho_Deva
panel2,B,vardial2018/test,bho,L1,test:5273,bho_Deva
panel2,B,vardial2018/test,bho,L1,test:5277,bho_Deva
panel2,B,vardial2018/test,bho,L1,test:5278,bho_Deva
panel2,B,vardial2018/test,bho,L1,test:5283,bho_Deva
panel2,B,vardial2018/test,bho,L1,test:5288,bho_Deva
panel2,B,vardial2018/test,bho,L1,test:5297,bho_Deva
panel2,B,vardial2018/test,bho,L1,test:5300,bho_Deva
panel2,B,vardial2018/test,bho,L1,test:5307,bho_Deva
panel2,B,vardial2018/test,bho,L1,test:5309,bho_Deva
panel2,B,vardial2018/test,bho,L1,test:5312,bho_Deva
panel2,B,vardial2018/test,bho,L1,test:5316,bho_Deva
panel2,B,vardial2018/test,bho,L1,test:5319,bho_Deva
panel2,B,vardial2018/test,bho,L1,test:5321,bho_Deva
panel2,B,vardial2018/test,bho,L1,test:5323,bho_Deva
panel2,B,vardial2018/test,bho,L1,test:5325,bho_Deva
panel2,B,vardial2018/test,bho,L1,test:5345,bho_Deva
panel2,B,vardial2018/test,bho,L1,test:5363,bho_Deva
panel2,B,vardial2018/test,bho,L1,test:5364,bho_Deva
panel2,B,vardial2018/test,bho,L1,test:5371,bho_Deva
panel2,B,vardial2018/test,bho,L1,test:5374,bho_Deva
panel2,B,vardial2018/test,bho,L1,test:5377,bho_Deva
panel2,B,vardial2018/test,bho,L1,test:5378,bho_Deva
panel2,B,vardial2018/test,bho,L1,test:5394,bho_Deva
panel2,B,vardial2018/test,bho,L1,test:5402,hin_Deva
panel2,B,vardial2018/test,bho,L1,test:5410,bho_Deva
panel2,B,vardial2018/test,bho,L1,test:5416,bho_Deva
panel2,B,vardial2018/test,bho,L1,test:5428,bho_Deva
panel2,B,vardial2018/test,bho,L1,test:5431,awa_Deva
panel2,B,vardial2018/test,bho,L1,test:5437,bho_Deva
panel2,B,vardial2018/test,bho,L1,test:5443,bho_Deva
panel2,B,vardial2018/test,bho,L1,test:5444,bho_Deva
panel2,B,vardial2018/test,bho,L1,test:5445,bho_Deva
panel2,B,vardial2018/test,bho,L1,test:5448,anp_Deva
panel2,B,vardial2018/test,bho,L1,test:5454,bho_Deva
panel2,B,vardial2018/test,bho,L1,test:5458,bho_Deva
panel2,B,vardial2018/test,bho,L1,test:5460,bho_Deva
panel2,B,vardial2018/test,bho,L1,test:5470,anp_Deva
panel2,B,vardial2018/test,bho,L1,test:5471,bho_Deva
panel2,B,vardial2018/test,bho,L1,test:5478,bho_Deva
panel2,B,vardial2018/test,bho,L1,test:5479,bho_Deva
panel2,B,vardial2018/test,bho,L1,test:5481,bho_Deva
panel2,B,vardial2018/test,bho,L1,test:5495,bho_Deva
panel2,B,vardial2018/test,bho,L1,test:5500,bho_Deva
panel2,B,vardial2018/test,bho,L1,test:5503,bho_Deva
panel2,B,vardial2018/test,bho,L1,test:5508,anp_Deva
panel2,B,vardial2018/test,bho,L1,test:5511,bho_Deva
panel2,B,vardial2018/test,bho,L1,test:5515,bho_Deva
panel2,B,vardial2018/test,bho,L1,test:5516,bho_Deva
panel2,B,vardial2018/test,bho,L1,test:5518,bho_Deva
panel2,B,vardial2018/test,bho,L1,test:5522,bho_Deva
panel2,B,vardial2018/test,bho,L1,test:5533,hin_Deva
panel2,B,vardial2018/test,bho,L1,test:5535,bho_Deva
panel2,B,vardial2018/test,bho,L1,test:5539,bho_Deva
panel2,B,vardial2018/test,bho,L1,test:5542,bho_Deva
panel2,B,vardial2018/test,bho,L1,test:5547,bho_Deva
panel2,B,vardial2018/test,bho,L1,test:5555,bho_Deva
panel2,B,vardial2018/test,bho,L1,test:5560,bho_Deva
panel2,B,vardial2018/test,bho,L1,test:5561,bho_Deva
panel2,B,vardial2018/test,bho,L1,test:5566,bho_Deva
panel2,B,vardial2018/test,bho,L1,test:5573,bho_Deva
panel2,B,vardial2018/test,bho,L1,test:5575,bho_Deva
panel2,B,vardial2018/test,bho,L1,test:5577,bho_Deva
panel2,B,vardial2018/test,bho,L1,test:5592,bho_Deva
panel2,B,vardial2018/test,bho,L1,test:5597,bho_Deva
panel2,B,vardial2018/test,bho,L1,test:5615,mai_Deva
panel2,B,vardial2018/test,bho,L1,test:5616,mag_Deva
panel2,B,vardial2018/test,bho,L1,test:5623,bho_Deva
panel2,B,vardial2018/test,bho,L1,test:5629,hin_Deva
panel2,B,vardial2018/test,bho,L1,test:5635,bho_Deva
panel2,B,vardial2018/test,bho,L1,test:5639,bho_Deva
panel2,B,vardial2018/test,bho,L1,test:5642,bho_Deva
panel2,B,vardial2018/test,bho,L1,test:5653,bho_Deva
panel2,B,vardial2018/test,bho,L1,test:5655,bho_Deva
panel2,B,vardial2018/test,bho,L1,test:5657,bho_Deva
panel2,B,vardial2018/test,bho,L1,test:5658,hin_Deva
panel2,B,vardial2018/test,bho,L1,test:5664,hin_Deva
panel2,B,vardial2018/test,bho,L1,test:5667,bho_Deva
panel2,B,vardial2018/test,bho,L1,test:5675,anp_Deva
panel2,B,vardial2018/test,bho,L1,test:5690,bho_Deva
panel2,B,vardial2018/test,bho,L1,test:5694,bho_Deva
panel2,B,vardial2018/test,bho,L1,test:5700,bho_Deva
panel2,B,vardial2018/test,bho,L1,test:5705,bho_Deva
panel2,B,vardial2018/test,bho,L1,test:5708,hin_Deva
panel2,B,vardial2018/test,bho,L1,test:5716,bho_Deva
panel2,B,vardial2018/test,bho,L1,test:5723,hin_Deva
panel2,B,vardial2018/test,bho,L1,test:5732,bho_Deva
panel2,B,vardial2018/test,bho,L1,test:5741,bho_Deva
panel2,B,vardial2018/test,bho,L1,test:5744,bho_Deva
panel2,B,vardial2018/test,bho,L1,test:5752,bho_Deva
panel2,B,vardial2018/test,bho,L1,test:5759,bho_Deva
panel2,B,vardial2018/test,bho,L1,test:5771,bho_Deva
panel2,B,vardial2018/test,bho,L1,test:5778,bho_Deva
panel2,B,vardial2018/test,bho,L1,test:5789,hin_Deva
panel2,B,vardial2018/test,bho,L1,test:5812,bho_Deva
panel2,B,vardial2018/test,bho,L1,test:5816,bho_Deva
panel2,B,vardial2018/test,bho,L1,test:5817,bho_Deva
panel2,B,vardial2018/test,bho,L1,test:5819,bho_Deva
panel2,B,vardial2018/test,bho,L1,test:5827,bho_Deva
panel2,B,vardial2018/test,bho,L1,test:5840,bho_Deva
panel2,B,vardial2018/test,bho,L1,test:5841,bho_Deva
panel2,B,vardial2018/test,bho,L1,test:5845,bho_Deva
panel2,B,vardial2018/test,bho,L1,test:5847,bho_Deva
panel2,B,vardial2018/test,bho,L1,test:5849,bho_Deva
panel2,B,vardial2018/test,bho,L1,test:5850,kas_Deva
panel2,B,vardial2018/test,bho,L1,test:5868,bho_Deva
panel2,B,vardial2018/test,bho,L1,test:5869,bho_Deva
panel2,B,vardial2018/test,bho,L1,test:5877,bho_Deva
panel2,B,vardial2018/test,bho,L1,test:5880,bho_Deva
panel2,B,vardial2018/test,bho,L1,test:5893,bho_Deva
panel2,B,vardial2018/test,bho,L1,test:5895,bho_Deva
panel2,B,vardial2018/test,bho,L1,test:5903,bho_Deva
panel2,B,vardial2018/test,bho,L1,test:5911,hin_Deva
panel2,B,vardial2018/test,bho,L1,test:5913,bho_Deva
panel2,B,vardial2018/test,bho,L1,test:5917,bho_Deva
panel2,B,vardial2018/test,bho,L1,test:5936,bho_Deva
panel2,B,vardial2018/test,bho,L1,test:5937,bho_Deva
panel2,B,vardial2018/test,bho,L1,test:5940,bho_Deva
panel2,B,vardial2018/test,bho,L1,test:5941,bho_Deva
panel2,B,vardial2018/test,bho,L1,test:5956,bho_Deva
panel2,B,vardial2018/test,bho,L1,test:5969,bho_Deva
panel2,B,vardial2018/test,bho,L1,test:5973,bho_Deva
panel2,B,vardial2018/test,bho,L1,test:5976,bho_Deva
panel2,B,vardial2018/test,bho,L1,test:5977,bho_Deva
panel2,B,vardial2018/test,bho,L1,test:5982,bho_Deva
panel2,B,vardial2018/test,bho,L1,test:5986,bho_Deva
panel2,B,vardial2018/test,bho,L1,test:5989,bho_Deva
panel2,B,vardial2018/test,bho,L1,test:5991,bho_Deva
panel2,B,vardial2018/test,bho,L1,test:5997,bho_Deva
panel2,B,vardial2018/test,bho,L1,test:6000,bho_Deva
panel2,B,vardial2018/test,bho,L1,test:6005,anp_Deva
panel2,B,vardial2018/test,bho,L1,test:6007,bho_Deva
panel2,B,vardial2018/test,bho,L1,test:6018,bho_Deva
panel2,B,vardial2018/test,bho,L1,test:6023,bho_Deva
panel2,B,vardial2018/test,bho,L1,test:6028,bho_Deva
panel2,B,vardial2018/test,bho,L1,test:6029,bho_Deva
panel2,B,vardial2018/test,bho,L1,test:6033,bho_Deva
panel2,B,vardial2018/test,bho,L1,test:6051,bho_Deva
panel2,B,vardial2018/test,bho,L1,test:6052,bho_Deva
panel2,B,vardial2018/test,bho,L1,test:6056,bho_Deva
panel2,B,vardial2018/test,bho,L1,test:6059,bho_Deva
panel2,B,vardial2018/test,bho,L1,test:6064,bho_Deva
panel2,B,vardial2018/test,bho,L1,test:6075,bho_Deva
panel2,B,vardial2018/test,bho,L1,test:6077,hin_Deva
panel2,B,vardial2018/test,bho,L1,test:6079,bho_Deva
panel2,B,vardial2018/test,bho,L1,test:6082,bho_Deva
panel2,B,vardial2018/test,bho,L1,test:6086,new_Deva
panel2,B,vardial2018/test,bho,L1,test:6090,bho_Deva
panel2,B,vardial2018/test,bho,L1,test:6093,bho_Deva
panel2,B,vardial2018/test,bho,L1,test:6097,bho_Deva
panel2,B,vardial2018/test,bho,L1,test:6105,bho_Deva
panel2,B,vardial2018/test,bho,L1,test:6112,bho_Deva
panel2,B,vardial2018/test,bho,L1,test:6115,bho_Deva
panel2,B,vardial2018/test,bho,L1,test:6116,san_Deva
panel2,B,vardial2018/test,bho,L1,test:6121,bho_Deva
panel2,B,vardial2018/test,bho,L1,test:6126,bho_Deva
panel2,B,vardial2018/test,bho,L1,test:6128,bho_Deva
panel2,B,vardial2018/test,bho,L1,test:6137,bho_Deva
panel2,B,vardial2018/test,bho,L1,test:6140,bho_Deva
panel2,B,vardial2018/test,bho,L1,test:6142,bho_Deva
panel2,B,vardial2018/test,bho,L1,test:6146,bho_Deva
panel2,B,vardial2018/test,bho,L1,test:6147,bho_Deva
panel2,B,vardial2018/test,bho,L1,test:6151,bho_Deva
panel2,B,vardial2018/test,bho,L1,test:6152,bho_Deva
panel2,B,vardial2018/test,bho,L1,test:6155,bho_Deva
panel2,B,vardial2018/test,bho,L1,test:6159,bho_Deva
panel2,B,vardial2018/test,bho,L1,test:6160,bho_Deva
panel2,B,vardial2018/test,bho,L1,test:6167,bho_Deva
panel2,B,vardial2018/test,bho,L1,test:6170,bho_Deva
panel2,B,vardial2018/test,bho,L1,test:6171,bho_Deva
panel2,B,vardial2018/test,bho,L1,test:6174,bho_Deva
panel2,B,vardial2018/test,bho,L1,test:6178,bho_Deva
panel2,B,vardial2018/test,bho,L1,test:6197,bho_Deva
panel2,B,vardial2018/test,bho,L1,test:6204,bho_Deva
panel2,B,vardial2018/test,bho,L1,test:6210,bho_Deva
panel2,B,vardial2018/test,bho,L1,test:6211,bho_Deva
panel2,B,vardial2018/test,bho,L1,test:6221,bho_Deva
panel2,B,vardial2018/test,bho,L1,test:6229,bho_Deva
panel2,B,vardial2018/test,bho,L1,test:6232,bho_Deva
panel2,B,vardial2018/test,bho,L1,test:6242,bho_Deva
panel2,B,vardial2018/test,bho,L1,test:6244,bho_Deva
panel2,B,vardial2018/test,bho,L1,test:6249,bho_Deva
panel2,B,vardial2018/test,bho,L1,test:6257,bho_Deva
panel2,B,vardial2018/test,bho,L1,test:6262,bho_Deva
panel2,B,vardial2018/test,bho,L1,test:6264,bho_Deva
panel2,B,vardial2018/test,bho,L1,test:6266,bho_Deva
panel2,B,vardial2018/test,bho,L1,test:6278,bho_Deva
panel2,B,vardial2018/test,bho,L1,test:6280,bho_Deva
panel2,B,vardial2018/test,bho,L1,test:6286,bho_Deva
panel2,B,vardial2018/test,bho,L1,test:6290,bho_Deva
panel2,B,vardial2018/test,bho,L1,test:6300,bho_Deva
panel2,B,vardial2018/test,bho,L1,test:6301,bho_Deva
panel2,B,vardial2018/test,bho,L1,test:6302,bho_Deva
panel2,B,vardial2018/test,bho,L1,test:6310,hin_Deva
panel2,B,vardial2018/test,bho,L1,test:6322,bho_Deva
panel2,B,vardial2018/test,bho,L1,test:6325,bho_Deva
panel2,B,vardial2018/test,bho,L1,test:6330,bho_Deva
panel2,B,vardial2018/test,bho,L1,test:6333,bho_Deva
panel2,B,vardial2018/test,bho,L1,test:6341,bho_Deva
panel2,B,vardial2018/test,bho,L1,test:6346,bho_Deva
panel2,B,vardial2018/test,bho,L1,test:6350,bho_Deva
panel2,B,vardial2018/test,bho,L1,test:6368,bho_Deva
panel2,B,vardial2018/test,bho,L1,test:6386,bho_Deva
panel2,B,vardial2018/test,bho,L1,test:6396,bho_Deva
panel2,B,vardial2018/test,bho,L1,test:6407,bho_Deva
panel2,B,vardial2018/test,bho,L1,test:6411,bho_Deva
panel2,B,vardial2018/test,bho,L1,test:6414,bho_Deva
panel2,B,vardial2018/test,bho,L1,test:6424,bho_Deva
panel2,B,vardial2018/test,bho,L1,test:6425,bho_Deva
panel2,B,vardial2018/test,bho,L1,test:6426,bho_Deva
panel2,B,vardial2018/test,bho,L1,test:6430,awa_Deva
panel2,B,vardial2018/test,bho,L1,test:6432,bho_Deva
panel2,B,vardial2018/test,bho,L1,test:6435,bho_Deva
panel2,B,vardial2018/test,bho,L1,test:6437,bho_Deva
panel2,B,vardial2018/test,bho,L1,test:6438,bho_Deva
panel2,B,vardial2018/test,bho,L1,test:6442,bho_Deva
panel2,B,vardial2018/test,bho,L1,test:6449,bho_Deva
panel2,B,vardial2018/test,bho,L1,test:6453,bho_Deva
panel2,B,vardial2018/test,bho,L1,test:6458,awa_Deva
panel2,B,vardial2018/test,bho,L1,test:6460,bho_Deva
panel2,B,vardial2018/test,bho,L1,test:6468,bho_Deva
panel2,B,vardial2018/test,bho,L1,test:6478,bho_Deva
panel2,B,vardial2018/test,bho,L1,test:6482,bho_Deva
panel2,B,vardial2018/test,bho,L1,test:6488,hin_Deva
panel2,B,vardial2018/test,bho,L1,test:6489,bho_Deva
panel2,B,vardial2018/test,bho,L1,test:6496,bho_Deva
panel2,B,vardial2018/test,bho,L1,test:6500,bho_Deva
panel2,B,vardial2018/test,bho,L1,test:6501,bho_Deva
panel2,B,vardial2018/test,bho,L1,test:6502,bho_Deva
panel2,B,vardial2018/test,bho,L1,test:6508,bho_Deva
panel2,B,vardial2018/test,bho,L1,test:6511,bho_Deva
panel2,B,vardial2018/test,bho,L1,test:6516,bho_Deva
panel2,B,vardial2018/test,bho,L1,test:6518,bho_Deva
panel2,B,vardial2018/test,bho,L1,test:6534,bho_Deva
panel2,B,vardial2018/test,bho,L1,test:6541,bho_Deva
panel2,B,vardial2018/test,bho,L1,test:6547,bho_Deva
panel2,B,vardial2018/test,bho,L1,test:6548,bho_Deva
panel2,B,vardial2018/test,bho,L1,test:6552,bho_Deva
panel2,B,vardial2018/test,bho,L1,test:6559,bho_Deva
panel2,B,vardial2018/test,bho,L1,test:6571,bho_Deva
panel2,B,vardial2018/test,bho,L1,test:6584,bho_Deva
panel2,B,vardial2018/test,bho,L1,test:6594,bho_Deva
panel2,B,vardial2018/test,bho,L1,test:6596,bho_Deva
panel2,B,vardial2018/test,bho,L1,test:6602,bho_Deva
panel2,B,vardial2018/test,bho,L1,test:6607,bho_Deva
panel2,B,vardial2018/test,bho,L1,test:6609,bho_Deva
panel2,B,vardial2018/test,bho,L1,test:6614,bho_Deva
panel2,B,vardial2018/test,bho,L1,test:6622,bho_Deva
panel2,B,vardial2018/test,bho,L1,test:6635,bho_Deva
panel2,B,vardial2018/test,bho,L1,test:6647,bho_Deva
panel2,B,vardial2018/test,bho,L1,test:6654,bho_Deva
panel2,B,vardial2018/test,bho,L1,test:6655,bho_Deva
panel2,B,vardial2018/test,bho,L1,test:6656,bho_Deva
panel2,B,vardial2018/test,bho,L1,test:6662,bho_Deva
panel2,B,vardial2018/test,bho,L1,test:6667,bho_Deva
panel2,B,vardial2018/test,bho,L1,test:6670,bho_Deva
panel2,B,vardial2018/test,bho,L1,test:6678,hin_Deva
panel2,B,vardial2018/test,bho,L1,test:6682,bho_Deva
panel2,B,vardial2018/test,bho,L1,test:6686,bho_Deva
panel2,B,vardial2018/test,bho,L1,test:6695,bho_Deva
panel2,B,vardial2018/test,bho,L1,test:6696,bho_Deva
panel2,B,vardial2018/test,bho,L1,test:6703,bho_Deva
panel2,B,vardial2018/test,bho,L1,test:6704,bho_Deva
panel2,B,vardial2018/test,bho,L1,test:6705,bho_Deva
panel2,B,vardial2018/test,bho,L1,test:6712,bho_Deva
panel2,B,vardial2018/test,bho,L1,test:6716,bho_Deva
panel2,B,vardial2018/test,bho,L1,test:6717,bho_Deva
panel2,B,vardial2018/test,bho,L1,test:6731,bho_Deva
panel2,B,vardial2018/test,bho,L1,test:6741,bho_Deva
panel2,B,vardial2018/test,bho,L1,test:6742,bho_Deva
panel2,B,vardial2018/test,bho,L1,test:6751,mag_Deva
panel2,B,vardial2018/test,bho,L1,test:6761,bho_Deva
panel2,B,vardial2018/test,bho,L1,test:6775,bho_Deva
panel2,B,vardial2018/test,bho,L1,test:6776,bho_Deva
panel2,B,vardial2018/test,bho,L1,test:6798,bho_Deva
panel2,B,vardial2018/test,bho,L1,test:6799,hin_Deva
panel2,B,vardial2018/test,bho,L1,test:6800,bho_Deva
panel2,B,vardial2018/test,bho,L1,test:6805,bho_Deva
panel2,B,vardial2018/test,bho,L1,test:6808,bho_Deva
panel2,B,vardial2018/test,bho,L1,test:6810,awa_Deva
panel2,B,vardial2018/test,bho,L1,test:6817,bho_Deva
panel2,B,vardial2018/test,bho,L1,test:6819,bho_Deva
panel2,B,vardial2018/test,bho,L1,test:6821,bho_Deva
panel2,B,vardial2018/test,bho,L1,test:6823,bho_Deva
panel2,B,vardial2018/test,bho,L1,test:6825,bho_Deva
panel2,B,vardial2018/test,bho,L1,test:6827,bho_Deva
panel2,B,vardial2018/test,bho,L1,test:6830,hin_Deva
panel2,B,vardial2018/test,bho,L1,test:6839,bho_Deva
panel2,B,vardial2018/test,bho,L1,test:6840,bho_Deva
panel2,B,vardial2018/test,bho,L1,test:6844,bho_Deva
panel2,B,vardial2018/test,bho,L1,test:6847,bho_Deva
panel2,B,vardial2018/test,bho,L1,test:6861,bho_Deva
panel2,B,vardial2018/test,bho,L1,test:6866,bho_Deva
panel2,B,vardial2018/test,bho,L1,test:6867,hin_Deva
panel2,B,vardial2018/test,bho,L1,test:6875,hin_Deva
panel2,B,vardial2018/test,bho,L1,test:6878,bho_Deva
panel2,B,vardial2018/test,bho,L1,test:6879,bho_Deva
panel2,B,vardial2018/test,bho,L1,test:6889,npi_Deva
panel2,B,vardial2018/test,bho,L1,test:6890,bho_Deva
panel2,B,vardial2018/test,bho,L1,test:6892,bho_Deva
panel2,B,vardial2018/test,bho,L1,test:6893,bho_Deva
panel2,B,vardial2018/test,bho,L1,test:6900,bho_Deva
panel2,B,vardial2018/test,bho,L1,test:6914,bho_Deva
panel2,B,vardial2018/test,bho,L1,test:6917,bho_Deva
panel2,B,vardial2018/test,bho,L1,test:6929,bho_Deva
panel2,B,vardial2018/test,bho,L1,test:6932,bho_Deva
panel2,B,vardial2018/test,bho,L1,test:6934,bho_Deva
panel2,B,vardial2018/test,bho,L1,test:6935,bho_Deva
panel2,B,vardial2018/test,bho,L1,test:6938,bho_Deva
panel2,B,vardial2018/test,bho,L1,test:6939,bho_Deva
panel2,B,vardial2018/test,bho,L1,test:6948,bho_Deva
panel2,B,vardial2018/test,bho,L1,test:6950,bho_Deva
panel2,B,vardial2018/test,bho,L1,test:6953,bho_Deva
panel2,B,vardial2018/test,bho,L1,test:6963,bho_Deva
panel2,B,vardial2018/test,bho,L1,test:6984,bho_Deva
panel2,B,vardial2018/test,bho,L1,test:6988,bho_Deva
panel2,B,vardial2018/test,bho,L1,test:6989,anp_Deva
panel2,B,vardial2018/test,bho,L1,test:6990,bho_Deva
panel2,B,vardial2018/test,bho,L1,test:6998,bho_Deva
panel2,B,vardial2018/test,bho,L1,test:7005,bho_Deva
panel2,B,vardial2018/test,bho,L1,test:7007,bho_Deva
panel2,B,vardial2018/test,bho,L1,test:7011,bho_Deva
panel2,B,vardial2018/test,bho,L1,test:7012,bho_Deva
panel2,B,vardial2018/test,bho,L1,test:7020,hin_Deva
panel2,B,vardial2018/test,bho,L1,test:7021,bho_Deva
panel2,B,vardial2018/test,bho,L1,test:7027,bho_Deva
panel2,B,vardial2018/test,bho,L1,test:7033,bho_Deva
panel2,B,vardial2018/test,bho,L1,test:7040,bho_Deva
panel2,B,vardial2018/test,bho,L1,test:7044,bho_Deva
panel2,B,vardial2018/test,bho,L1,test:7048,bho_Deva
panel2,B,vardial2018/test,bho,L1,test:7057,hin_Deva
panel2,B,vardial2018/test,bho,L1,test:7059,awa_Deva
panel2,B,vardial2018/test,bho,L1,test:7060,bho_Deva
panel2,B,vardial2018/test,bho,L1,test:7066,bho_Deva
panel2,B,vardial2018/test,bho,L1,test:7067,bho_Deva
panel2,B,vardial2018/test,bho,L1,test:7070,bho_Deva
panel2,B,vardial2018/test,bho,L1,test:7084,hin_Deva
panel2,B,vardial2018/test,bho,L1,test:7088,bho_Deva
panel2,B,vardial2018/test,bho,L1,test:7091,bho_Deva
panel2,B,vardial2018/test,bho,L1,test:7095,bho_Deva
panel2,B,vardial2018/test,bho,L1,test:7104,bho_Deva
panel2,B,vardial2018/test,bho,L1,test:7108,mai_Deva
panel2,B,vardial2018/test,bho,L1,test:7115,awa_Deva
panel2,B,vardial2018/test,bho,L1,test:7116,bho_Deva
panel2,B,vardial2018/test,bho,L1,test:7118,bho_Deva
panel2,B,vardial2018/test,bho,L1,test:7125,bho_Deva
panel2,B,vardial2018/test,bho,L1,test:7130,bho_Deva
panel2,B,vardial2018/test,bho,L1,test:7146,hin_Deva
panel2,B,vardial2018/test,bho,L1,test:7147,bho_Deva
panel2,B,vardial2018/test,bho,L1,test:7150,bho_Deva
panel2,B,vardial2018/test,bho,L1,test:7152,bho_Deva
panel2,B,vardial2018/test,bho,L1,test:7156,bho_Deva
panel2,B,vardial2018/test,bho,L1,test:7163,bho_Deva
panel2,B,vardial2018/test,bho,L1,test:7164,bho_Deva
panel2,B,vardial2018/test,bho,L1,test:7165,bho_Deva
panel2,B,vardial2018/test,bho,L1,test:7171,hin_Deva
panel2,B,vardial2018/test,bho,L1,test:7174,bho_Deva
panel2,B,vardial2018/test,bho,L1,test:7181,mai_Deva
panel2,B,vardial2018/test,bho,L1,test:7183,bho_Deva
panel2,B,vardial2018/test,bho,L1,test:7185,bho_Deva
panel2,B,vardial2018/test,bho,L1,test:7187,bho_Deva
panel2,B,vardial2018/test,bho,L1,test:7190,bho_Deva
panel2,B,vardial2018/test,bho,L1,test:7191,bho_Deva
panel2,B,vardial2018/test,bho,L1,test:7195,bho_Deva
panel2,B,vardial2018/test,bho,L1,test:7213,bho_Deva
panel2,B,vardial2018/test,bho,L1,test:7214,mai_Deva
panel2,B,vardial2018/test,bho,L1,test:7215,bho_Deva
panel2,B,vardial2018/test,bho,L1,test:7217,bho_Deva
panel2,B,vardial2018/test,bho,L1,test:7229,bho_Deva
panel2,B,vardial2018/test,bho,L1,test:7239,bho_Deva
panel2,B,vardial2018/test,bho,L1,test:7252,bho_Deva
panel2,B,vardial2018/test,bho,L1,test:7253,bho_Deva
panel2,B,vardial2018/test,bho,L1,test:7254,bho_Deva
panel2,B,vardial2018/test,bho,L1,test:7265,bho_Deva
panel2,B,vardial2018/test,bho,L1,test:7275,bho_Deva
panel2,B,vardial2018/test,bho,L1,test:7286,bho_Deva
panel2,B,vardial2018/test,bho,L1,test:7291,bho_Deva
panel2,B,vardial2018/test,bho,L1,test:7294,bho_Deva
panel2,B,vardial2018/test,bho,L1,test:7297,bho_Deva
panel2,B,vardial2018/test,bho,L1,test:7304,npi_Deva
panel2,B,vardial2018/test,bho,L1,test:7305,bho_Deva
panel2,B,vardial2018/test,bho,L1,test:7307,bho_Deva
panel2,B,vardial2018/test,bho,L1,test:7317,bho_Deva
panel2,B,vardial2018/test,bho,L1,test:7318,bho_Deva
panel2,B,vardial2018/test,bho,L1,test:7327,bho_Deva
panel2,B,vardial2018/test,bho,L1,test:7339,bho_Deva
panel2,B,vardial2018/test,bho,L1,test:7340,bho_Deva
panel2,B,vardial2018/test,bho,L1,test:7341,bho_Deva
panel2,B,vardial2018/test,bho,L1,test:7345,bho_Deva
panel2,B,vardial2018/test,bho,L1,test:7346,bho_Deva
panel2,B,vardial2018/test,bho,L1,test:7347,bho_Deva
panel2,B,vardial2018/test,bho,L1,test:7350,bho_Deva
panel2,B,vardial2018/test,bho,L1,test:7355,awa_Deva
panel2,B,vardial2018/test,bho,L1,test:7359,bho_Deva
panel2,B,vardial2018/test,bho,L1,test:7366,hin_Deva
panel2,B,vardial2018/test,bho,L1,test:7389,bho_Deva
panel2,B,vardial2018/test,bho,L1,test:7391,bho_Deva
panel2,B,vardial2018/test,bho,L1,test:7392,bho_Deva
panel2,B,vardial2018/test,bho,L1,test:7407,hin_Deva
panel2,B,vardial2018/test,bho,L1,test:7418,mai_Deva
panel2,B,vardial2018/test,bho,L1,test:7419,bho_Deva
panel2,B,vardial2018/test,bho,L1,test:7421,bho_Deva
panel2,B,vardial2018/test,bho,L1,test:7435,bho_Deva
panel2,B,vardial2018/test,bho,L1,test:7441,bho_Deva
panel2,B,vardial2018/test,bho,L1,test:7447,bho_Deva
panel2,B,vardial2018/test,bho,L1,test:7454,bho_Deva
panel2,B,vardial2018/test,bho,L1,test:7455,hin_Deva
panel2,B,vardial2018/test,bho,L1,test:7465,bho_Deva
panel2,B,vardial2018/test,bho,L1,test:7467,bho_Deva
panel2,B,vardial2018/test,bho,L1,test:7470,bho_Deva
panel2,B,vardial2018/test,bho,L1,test:7471,bho_Deva
panel2,B,vardial2018/test,bho,L1,test:7473,bho_Deva
panel2,B,vardial2018/test,bho,L1,test:7494,bho_Deva
panel2,B,vardial2018/test,bho,L1,test:7495,bho_Deva
panel2,B,vardial2018/test,bho,L1,test:7504,bho_Deva
panel2,B,vardial2018/test,bho,L1,test:7518,bho_Deva
panel2,B,vardial2018/test,bho,L1,test:7522,bho_Deva
panel2,B,vardial2018/test,bho,L1,test:7530,bho_Deva
panel2,B,vardial2018/test,bho,L1,test:7532,bho_Deva
panel2,B,vardial2018/test,bho,L1,test:7534,bho_Deva
panel2,B,vardial2018/test,bho,L1,test:7536,bho_Deva
panel2,B,vardial2018/test,bho,L1,test:7540,bho_Deva
panel2,B,vardial2018/test,bho,L1,test:7543,bho_Deva
panel2,B,vardial2018/test,bho,L1,test:7545,bho_Deva
panel2,B,vardial2018/test,bho,L1,test:7547,bho_Deva
panel2,B,vardial2018/test,bho,L1,test:7549,bho_Deva
panel2,B,vardial2018/test,bho,L1,test:7554,bho_Deva
panel2,B,vardial2018/test,bho,L1,test:7555,bho_Deva
panel2,B,vardial2018/test,bho,L1,test:7557,bho_Deva
panel2,B,vardial2018/test,bho,L1,test:7559,bho_Deva
panel2,B,vardial2018/test,bho,L1,test:7565,bho_Deva
panel2,B,vardial2018/test,bho,L1,test:7574,bho_Deva
panel2,B,vardial2018/test,bho,L1,test:7578,bho_Deva
panel2,B,vardial2018/test,bho,L1,test:7580,bho_Deva
panel2,B,vardial2018/test,bho,L1,test:7581,bho_Deva
panel2,B,vardial2018/test,bho,L1,test:7585,anp_Deva
panel2,B,vardial2018/test,bho,L1,test:7591,bho_Deva
panel2,B,vardial2018/test,bho,L1,test:7592,bho_Deva
panel2,B,vardial2018/test,bho,L1,test:7599,bho_Deva
panel2,B,vardial2018/test,bho,L1,test:7602,bho_Deva
panel2,B,vardial2018/test,bho,L1,test:7618,bho_Deva
panel2,B,vardial2018/test,bho,L1,test:7633,bho_Deva
panel2,B,vardial2018/test,bho,L1,test:7635,hin_Deva
panel2,B,vardial2018/test,bho,L1,test:7636,bho_Deva
panel2,B,vardial2018/test,bho,L1,test:7645,bho_Deva
panel2,B,vardial2018/test,bho,L1,test:7662,bho_Deva
panel2,B,vardial2018/test,bho,L1,test:7667,bho_Deva
panel2,B,vardial2018/test,bho,L1,test:7669,bho_Deva
panel2,B,vardial2018/test,bho,L1,test:7671,bho_Deva
panel2,B,vardial2018/test,bho,L1,test:7676,bho_Deva
panel2,B,vardial2018/test,bho,L1,test:7685,bho_Deva
panel2,B,vardial2018/test,bho,L1,test:7687,bho_Deva
panel2,B,vardial2018/test,bho,L1,test:7688,bho_Deva
panel2,B,vardial2018/test,bho,L1,test:7694,bho_Deva
panel2,B,vardial2018/test,bho,L1,test:7696,bho_Deva
panel2,B,vardial2018/test,bho,L1,test:7697,bho_Deva
panel2,B,vardial2018/test,bho,L1,test:7705,bho_Deva
panel2,B,vardial2018/test,bho,L1,test:7708,hin_Deva
panel2,B,vardial2018/test,bho,L1,test:7721,bho_Deva
panel2,B,vardial2018/test,bho,L1,test:7730,bho_Deva
panel2,B,vardial2018/test,bho,L1,test:7731,bho_Deva
panel2,B,vardial2018/test,bho,L1,test:7734,bho_Deva
panel2,B,vardial2018/test,bho,L1,test:7735,bho_Deva
panel2,B,vardial2018/test,bho,L1,test:7736,hin_Deva
panel2,B,vardial2018/test,bho,L1,test:7737,mar_Deva
panel2,B,vardial2018/test,bho,L1,test:7740,bho_Deva
panel2,B,vardial2018/test,bho,L1,test:7753,bho_Deva
panel2,B,vardial2018/test,bho,L1,test:7762,bho_Deva
panel2,B,vardial2018/test,bho,L1,test:7763,bho_Deva
panel2,B,vardial2018/test,bho,L1,test:7764,bho_Deva
panel2,B,vardial2018/test,bho,L1,test:7769,anp_Deva
panel2,B,vardial2018/test,bho,L1,test:7773,bho_Deva
panel2,B,vardial2018/test,bho,L1,test:7781,bho_Deva
panel2,B,vardial2018/test,bho,L1,test:7783,bho_Deva
panel2,B,vardial2018/test,bho,L1,test:7785,bho_Deva
panel2,B,vardial2018/test,bho,L1,test:7791,bho_Deva
panel2,B,vardial2018/test,bho,L1,test:7795,hin_Deva
panel2,B,vardial2018/test,bho,L1,test:7796,bho_Deva
panel2,B,vardial2018/test,bho,L1,test:7804,bho_Deva
panel2,B,vardial2018/test,bho,L1,test:7805,anp_Deva
panel2,B,vardial2018/test,bho,L1,test:7810,bho_Deva
panel2,B,vardial2018/test,bho,L1,test:7813,mag_Deva
panel2,B,vardial2018/test,bho,L1,test:7815,bho_Deva
panel2,B,vardial2018/test,bho,L1,test:7817,bho_Deva
panel2,B,vardial2018/test,bho,L1,test:7828,bho_Deva
panel2,B,vardial2018/test,bho,L1,test:7829,bho_Deva
panel2,B,vardial2018/test,bho,L1,test:7832,bho_Deva
panel2,B,vardial2018/test,bho,L1,test:7837,bho_Deva
panel2,B,vardial2018/test,bho,L1,test:7839,bho_Deva
panel2,B,vardial2018/test,bho,L1,test:7854,hin_Deva
panel2,B,vardial2018/test,bho,L1,test:7855,hin_Deva
panel2,B,vardial2018/test,bho,L1,test:7867,bho_Deva
panel2,B,vardial2018/test,bho,L1,test:7868,bho_Deva
panel2,B,vardial2018/test,bho,L1,test:7870,bho_Deva
panel2,B,vardial2018/test,bho,L1,test:7871,bho_Deva
panel2,B,vardial2018/test,bho,L1,test:7875,hin_Deva
panel2,B,vardial2018/test,bho,L1,test:7876,bho_Deva
panel2,B,vardial2018/test,bho,L1,test:7881,bho_Deva
panel2,B,vardial2018/test,bho,L1,test:7882,bho_Deva
panel2,B,vardial2018/test,bho,L1,test:7889,bho_Deva
panel2,B,vardial2018/test,bho,L1,test:7890,bho_Deva
panel2,B,vardial2018/test,bho,L1,test:7897,bho_Deva
panel2,B,vardial2018/test,bho,L1,test:7907,bho_Deva
panel2,B,vardial2018/test,bho,L1,test:7908,bho_Deva
panel2,B,vardial2018/test,bho,L1,test:7911,bho_Deva
panel2,B,vardial2018/test,bho,L1,test:7926,bho_Deva
panel2,B,vardial2018/test,bho,L1,test:7930,bho_Deva
panel2,B,vardial2018/test,bho,L1,test:7931,bho_Deva
panel2,B,vardial2018/test,bho,L1,test:7932,bho_Deva
panel2,B,vardial2018/test,bho,L1,test:7934,bho_Deva
panel2,B,vardial2018/test,bho,L1,test:7935,bho_Deva
panel2,B,vardial2018/test,bho,L1,test:7940,hin_Deva
panel2,B,vardial2018/test,bho,L1,test:7942,bho_Deva
panel2,B,vardial2018/test,bho,L1,test:7946,hin_Deva
panel2,B,vardial2018/test,bho,L1,test:7951,bho_Deva
panel2,B,vardial2018/test,bho,L1,test:7957,bho_Deva
panel2,B,vardial2018/test,bho,L1,test:7964,bho_Deva
panel2,B,vardial2018/test,bho,L1,test:7977,hin_Deva
panel2,B,vardial2018/test,bho,L1,test:7981,bho_Deva
panel2,B,vardial2018/test,bho,L1,test:7984,bho_Deva
panel2,B,vardial2018/test,bho,L1,test:7993,bho_Deva
panel2,B,vardial2018/test,bho,L1,test:7996,bho_Deva
panel2,B,vardial2018/test,bho,L1,test:8010,bho_Deva
panel2,B,vardial2018/test,bho,L1,test:8019,bho_Deva
panel2,B,vardial2018/test,bho,L1,test:8023,hin_Deva
panel2,B,vardial2018/test,bho,L1,test:8026,bho_Deva
panel2,B,vardial2018/test,bho,L1,test:8032,bho_Deva
panel2,B,vardial2018/test,bho,L1,test:8033,bho_Deva
panel2,B,vardial2018/test,bho,L1,test:8036,bho_Deva
panel2,B,vardial2018/test,bho,L1,test:8039,bho_Deva
panel2,B,vardial2018/test,bho,L1,test:8043,hin_Deva
panel2,B,vardial2018/test,bho,L1,test:8045,bho_Deva
panel2,B,vardial2018/test,bho,L1,test:8048,bho_Deva
panel2,B,vardial2018/test,bho,L1,test:8055,bho_Deva
panel2,B,vardial2018/test,bho,L1,test:8065,bho_Deva
panel2,B,vardial2018/test,bho,L1,test:8072,bho_Deva
panel2,B,vardial2018/test,bho,L1,test:8075,bho_Deva
panel2,B,vardial2018/test,bho,L1,test:8078,bho_Deva
panel2,B,vardial2018/test,bho,L1,test:8083,bho_Deva
panel2,B,vardial2018/test,bho,L1,test:8097,bho_Deva
panel2,B,vardial2018/test,bho,L1,test:8104,anp_Deva
panel2,B,vardial2018/test,bho,L1,test:8105,bho_Deva
panel2,B,vardial2018/test,bho,L1,test:8111,bho_Deva
panel2,B,vardial2018/test,bho,L1,test:8112,bho_Deva
panel2,B,vardial2018/test,bho,L1,test:8115,bho_Deva
panel2,B,vardial2018/test,bho,L1,test:8116,bho_Deva
panel2,B,vardial2018/test,bho,L1,test:8117,bho_Deva
panel2,B,vardial2018/test,bho,L1,test:8121,bho_Deva
panel2,B,vardial2018/test,bho,L1,test:8131,hin_Deva
panel2,B,vardial2018/test,bho,L1,test:8136,bho_Deva
panel2,B,vardial2018/test,bho,L1,test:8140,bho_Deva
panel2,B,vardial2018/test,bho,L1,test:8141,bho_Deva
panel2,B,vardial2018/test,bho,L1,test:8144,bho_Deva
panel2,B,vardial2018/test,bho,L1,test:8145,bho_Deva
panel2,B,vardial2018/test,bho,L1,test:8149,bho_Deva
panel2,B,vardial2018/test,bho,L1,test:8150,bho_Deva
panel2,B,vardial2018/test,bho,L1,test:8155,bho_Deva
panel2,B,vardial2018/test,bho,L1,test:8156,bho_Deva
panel2,B,vardial2018/test,bho,L1,test:8174,bho_Deva
panel2,B,vardial2018/test,bho,L1,test:8179,bho_Deva
panel2,B,vardial2018/test,bho,L1,test:8193,bho_Deva
panel2,B,vardial2018/test,bho,L1,test:8198,bho_Deva
panel2,B,vardial2018/test,bho,L1,test:8201,bho_Deva
panel2,B,vardial2018/test,bho,L1,test:8229,bho_Deva
panel2,B,vardial2018/test,bho,L1,test:8235,bho_Deva
panel2,B,vardial2018/test,bho,L1,test:8237,bho_Deva
panel2,B,vardial2018/test,bho,L1,test:8241,bho_Deva
panel2,B,vardial2018/test,bho,L1,test:8251,bho_Deva
panel2,B,vardial2018/test,bho,L1,test:8254,bho_Deva
panel2,B,vardial2018/test,bho,L1,test:8261,hin_Deva
panel2,B,vardial2018/test,bho,L1,test:8264,bho_Deva
panel2,B,vardial2018/test,bho,L1,test:8270,bho_Deva
panel2,B,vardial2018/test,bho,L1,test:8272,hin_Deva
panel2,B,vardial2018/test,bho,L1,test:8275,bho_Deva
panel2,B,vardial2018/test,bho,L1,test:8280,bho_Deva
panel2,B,vardial2018/test,bho,L1,test:8282,bho_Deva
panel2,B,vardial2018/test,bho,L1,test:8284,bho_Deva
panel2,B,vardial2018/test,bho,L1,test:8286,bho_Deva
panel2,B,vardial2018/test,bho,L1,test:8293,bho_Deva
panel2,B,vardial2018/test,bho,L1,test:8297,anp_Deva
panel2,B,vardial2018/test,bho,L1,test:8298,bho_Deva
panel2,B,vardial2018/test,bho,L1,test:8303,bho_Deva
panel2,B,vardial2018/test,bho,L1,test:8312,bho_Deva
panel2,B,vardial2018/test,bho,L1,test:8317,bho_Deva
panel2,B,vardial2018/test,bho,L1,test:8320,anp_Deva
panel2,B,vardial2018/test,bho,L1,test:8327,bho_Deva
panel2,B,vardial2018/test,bho,L1,test:8336,bho_Deva
panel2,B,vardial2018/test,bho,L1,test:8337,bho_Deva
panel2,B,vardial2018/test,bho,L1,test:8343,bho_Deva
panel2,B,vardial2018/test,bho,L1,test:8344,bho_Deva
panel2,B,vardial2018/test,bho,L1,test:8345,bho_Deva
panel2,B,vardial2018/test,bho,L1,test:8348,bho_Deva
panel2,B,vardial2018/test,bho,L1,test:8350,bho_Deva
panel2,B,vardial2018/test,bho,L1,test:8353,bho_Deva
panel2,B,vardial2018/test,bho,L1,test:8358,bho_Deva
panel2,B,vardial2018/test,bho,L1,test:8359,bho_Deva
panel2,B,vardial2018/test,bho,L1,test:8360,bho_Deva
panel2,B,vardial2018/test,bho,L1,test:8362,bho_Deva
panel2,B,vardial2018/test,bho,L1,test:8370,bho_Deva
panel2,B,vardial2018/test,bho,L1,test:8381,hin_Deva
panel2,B,vardial2018/test,bho,L1,test:8382,bho_Deva
panel2,B,vardial2018/test,bho,L1,test:8392,bho_Deva
panel2,B,vardial2018/test,bho,L1,test:8401,bho_Deva
panel2,B,vardial2018/test,bho,L1,test:8403,bho_Deva
panel2,B,vardial2018/test,bho,L1,test:8404,bho_Deva
panel2,B,vardial2018/test,bho,L1,test:8409,bho_Deva
panel2,B,vardial2018/test,bho,L1,test:8416,bho_Deva
panel2,B,vardial2018/test,bho,L1,test:8421,bho_Deva
panel2,B,vardial2018/test,bho,L1,test:8433,bho_Deva
panel2,B,vardial2018/test,bho,L1,test:8440,bho_Deva
panel2,B,vardial2018/test,bho,L1,test:8447,bho_Deva
panel2,B,vardial2018/test,bho,L1,test:8457,bho_Deva
panel2,B,vardial2018/test,bho,L1,test:8458,anp_Deva
panel2,B,vardial2018/test,bho,L1,test:8462,hin_Deva
panel2,B,vardial2018/test,bho,L1,test:8473,bho_Deva
panel2,B,vardial2018/test,bho,L1,test:8482,bho_Deva
panel2,B,vardial2018/test,bho,L1,test:8483,hin_Deva
panel2,B,vardial2018/test,bho,L1,test:8485,bho_Deva
panel2,B,vardial2018/test,bho,L1,test:8486,bho_Deva
panel2,B,vardial2018/test,bho,L1,test:8493,bho_Deva
panel2,B,vardial2018/test,bho,L1,test:8498,bho_Deva
panel2,B,vardial2018/test,bho,L1,test:8501,bho_Deva
panel2,B,vardial2018/test,bho,L1,test:8506,bho_Deva
panel2,B,vardial2018/test,bho,L1,test:8508,bho_Deva
panel2,B,vardial2018/test,bho,L1,test:8510,bho_Deva
panel2,B,vardial2018/test,bho,L1,test:8511,bho_Deva
panel2,B,vardial2018/test,bho,L1,test:8520,bho_Deva
panel2,B,vardial2018/test,bho,L1,test:8523,bho_Deva
panel2,B,vardial2018/test,bho,L1,test:8541,bho_Deva
panel2,B,vardial2018/test,bho,L1,test:8545,bho_Deva
panel2,B,vardial2018/test,bho,L1,test:8550,bho_Deva
panel2,B,vardial2018/test,bho,L1,test:8555,bho_Deva
panel2,B,vardial2018/test,bho,L1,test:8556,bho_Deva
panel2,B,vardial2018/test,bho,L1,test:8560,bho_Deva
panel2,B,vardial2018/test,bho,L1,test:8565,bho_Deva
panel2,B,vardial2018/test,bho,L1,test:8583,bho_Deva
panel2,B,vardial2018/test,bho,L1,test:8598,bho_Deva
panel2,B,vardial2018/test,bho,L1,test:8601,bho_Deva
panel2,B,vardial2018/test,bho,L1,test:8606,bho_Deva
panel2,B,vardial2018/test,bho,L1,test:8611,bho_Deva
panel2,B,vardial2018/test,bho,L1,test:8612,bho_Deva
panel2,B,vardial2018/test,bho,L1,test:8616,bho_Deva
panel2,B,vardial2018/test,bho,L1,test:8617,bho_Deva
panel2,B,vardial2018/test,bho,L1,test:8618,bho_Deva
panel2,B,vardial2018/test,bho,L1,test:8620,bho_Deva
panel2,B,vardial2018/test,bho,L1,test:8625,bho_Deva
panel2,B,vardial2018/test,bho,L1,test:8634,awa_Deva
panel2,B,vardial2018/test,bho,L1,test:8637,bho_Deva
panel2,B,vardial2018/test,bho,L1,test:8639,hin_Deva
panel2,B,vardial2018/test,bho,L1,test:8644,bho_Deva
panel2,B,vardial2018/test,bho,L1,test:8648,bho_Deva
panel2,B,vardial2018/test,bho,L1,test:8651,bho_Deva
panel2,B,vardial2018/test,bho,L1,test:8657,awa_Deva
panel2,B,vardial2018/test,bho,L1,test:8658,bho_Deva
panel2,B,vardial2018/test,bho,L1,test:8660,bho_Deva
panel2,B,vardial2018/test,bho,L1,test:8670,bho_Deva
panel2,B,vardial2018/test,bho,L1,test:8673,bho_Deva
panel2,B,vardial2018/test,bho,L1,test:8674,bho_Deva
panel2,B,vardial2018/test,bho,L1,test:8683,awa_Deva
panel2,B,vardial2018/test,bho,L1,test:8684,hin_Deva
panel2,B,vardial2018/test,bho,L1,test:8685,bho_Deva
panel2,B,vardial2018/test,bho,L1,test:8690,bho_Deva
panel2,B,vardial2018/test,bho,L1,test:8691,bho_Deva
panel2,B,vardial2018/test,bho,L1,test:8706,bho_Deva
panel2,B,vardial2018/test,bho,L1,test:8717,bho_Deva
panel2,B,vardial2018/test,bho,L1,test:8725,bho_Deva
panel2,B,vardial2018/test,bho,L1,test:8726,bho_Deva
panel2,B,vardial2018/test,bho,L1,test:8730,bho_Deva
panel2,B,vardial2018/test,bho,L1,test:8731,bho_Deva
panel2,B,vardial2018/test,bho,L1,test:8737,bho_Deva
panel2,B,vardial2018/test,bho,L1,test:8741,bho_Deva
panel2,B,vardial2018/test,bho,L1,test:8743,bho_Deva
panel2,B,vardial2018/test,bho,L1,test:8745,bho_Deva
panel2,B,vardial2018/test,bho,L1,test:8747,bho_Deva
panel2,B,vardial2018/test,bho,L1,test:8762,bho_Deva
panel2,B,vardial2018/test,bho,L1,test:8769,bho_Deva
panel2,B,vardial2018/test,bho,L1,test:8775,bho_Deva
panel2,B,vardial2018/test,bho,L1,test:8777,bho_Deva
panel2,B,vardial2018/test,bho,L1,test:8784,bho_Deva
panel2,B,vardial2018/test,bho,L1,test:8787,bho_Deva
panel2,B,vardial2018/test,bho,L1,test:8788,bho_Deva
panel2,B,vardial2018/test,bho,L1,test:8792,bho_Deva
panel2,B,vardial2018/test,bho,L1,test:8793,bho_Deva
panel2,B,vardial2018/test,bho,L1,test:8796,bho_Deva
panel2,B,vardial2018/test,bho,L1,test:8798,bho_Deva
panel2,B,vardial2018/test,bho,L1,test:8800,bho_Deva
panel2,B,vardial2018/test,bho,L1,test:8803,hin_Deva
panel2,B,vardial2018/test,bho,L1,test:8805,awa_Deva
panel2,B,vardial2018/test,bho,L1,test:8808,hin_Deva
panel2,B,vardial2018/test,bho,L1,test:8814,mai_Deva
panel2,B,vardial2018/test,bho,L1,test:8815,bho_Deva
panel2,B,vardial2018/test,bho,L1,test:8818,bho_Deva
panel2,B,vardial2018/test,bho,L1,test:8819,hin_Deva
panel2,B,vardial2018/test,bho,L1,test:8821,bho_Deva
panel2,B,vardial2018/test,bho,L1,test:8841,bho_Deva
panel2,B,vardial2018/test,bho,L1,test:8844,bho_Deva
panel2,B,vardial2018/test,bho,L1,test:8846,bho_Deva
panel2,B,vardial2018/test,bho,L1,test:8852,bho_Deva
panel2,B,vardial2018/test,bho,L1,test:8854,bho_Deva
panel2,B,vardial2018/test,bho,L1,test:8855,bho_Deva
panel2,B,vardial2018/test,bho,L1,test:8856,hin_Deva
panel2,B,vardial2018/test,bho,L1,test:8861,bho_Deva
panel2,B,vardial2018/test,bho,L1,test:8864,bho_Deva
panel2,B,vardial2018/test,bho,L1,test:8885,bho_Deva
panel2,B,vardial2018/test,bho,L1,test:8890,bho_Deva
panel2,B,vardial2018/test,bho,L1,test:8892,bho_Deva
panel2,B,vardial2018/test,bho,L1,test:8893,bho_Deva
panel2,B,vardial2018/test,bho,L1,test:8894,bho_Deva
panel2,B,vardial2018/test,bho,L1,test:8903,bho_Deva
panel2,B,vardial2018/test,bho,L1,test:8905,anp_Deva
panel2,B,vardial2018/test,bho,L1,test:8916,bho_Deva
panel2,B,vardial2018/test,bho,L1,test:8918,bho_Deva
panel2,B,vardial2018/test,bho,L1,test:8921,bho_Deva
panel2,B,vardial2018/test,bho,L1,test:8922,anp_Deva
panel2,B,vardial2018/test,bho,L1,test:8926,bho_Deva
panel2,B,vardial2018/test,bho,L1,test:8931,bho_Deva
panel2,B,vardial2018/test,bho,L1,test:8950,bho_Deva
panel2,B,vardial2018/test,bho,L1,test:8953,bho_Deva
panel2,B,vardial2018/test,bho,L1,test:8968,mai_Deva
panel2,B,vardial2018/test,bho,L1,test:8972,bho_Deva
panel2,B,vardial2018/test,bho,L1,test:8979,bho_Deva
panel2,B,vardial2018/test,bho,L1,test:8981,anp_Deva
panel2,B,vardial2018/test,bho,L1,test:8992,bho_Deva
panel2,B,vardial2018/test,bho,L1,test:8998,bho_Deva
panel2,B,vardial2018/test,bho,L1,test:8999,bho_Deva
panel2,B,vardial2018/test,bho,L1,test:9004,bho_Deva
panel2,B,vardial2018/test,bho,L1,test:9005,mag_Deva
panel2,B,vardial2018/test,bho,L1,test:9010,bho_Deva
panel2,B,vardial2018/test,bho,L1,test:9014,bho_Deva
panel2,B,vardial2018/test,bho,L1,test:9018,bho_Deva
panel2,B,vardial2018/test,bho,L1,test:9020,bho_Deva
panel2,B,vardial2018/test,bho,L1,test:9054,bho_Deva
panel2,B,vardial2018/test,bho,L1,test:9055,bho_Deva
panel2,B,vardial2018/test,bho,L1,test:9056,bho_Deva
panel2,B,vardial2018/test,bho,L1,test:9058,bho_Deva
panel2,B,vardial2018/test,bho,L1,test:9071,bho_Deva
panel2,B,vardial2018/test,bho,L1,test:9072,bho_Deva
panel2,B,vardial2018/test,bho,L1,test:9074,anp_Deva
panel2,B,vardial2018/test,bho,L1,test:9077,bho_Deva
panel2,B,vardial2018/test,bho,L1,test:9079,bho_Deva
panel2,B,vardial2018/test,bho,L1,test:9080,bho_Deva
panel2,B,vardial2018/test,bho,L1,test:9085,bho_Deva
panel2,B,vardial2018/test,bho,L1,test:9091,bho_Deva
panel2,B,vardial2018/test,bho,L1,test:9092,bho_Deva
panel2,B,vardial2018/test,bho,L1,test:9093,awa_Deva
panel2,B,vardial2018/test,bho,L1,test:9097,anp_Deva
panel2,B,vardial2018/test,bho,L1,test:9098,bho_Deva
panel2,B,vardial2018/test,bho,L1,test:9108,bho_Deva
panel2,B,vardial2018/test,bho,L1,test:9112,bho_Deva
panel2,B,vardial2018/test,bho,L1,test:9113,bho_Deva
panel2,B,vardial2018/test,bho,L1,test:9126,bho_Deva
panel2,B,vardial2018/test,bho,L1,test:9128,bho_Deva
panel2,B,vardial2018/test,bho,L1,test:9131,bho_Deva
panel2,B,vardial2018/test,bho,L1,test:9137,bho_Deva
panel2,B,vardial2018/test,bho,L1,test:9150,hin_Deva
panel2,B,vardial2018/test,bho,L1,test:9152,bho_Deva
panel2,B,vardial2018/test,bho,L1,test:9169,bho_Deva
panel2,B,vardial2018/test,bho,L1,test:9184,bho_Deva
panel2,B,vardial2018/test,bho,L1,test:9191,bho_Deva
panel2,B,vardial2018/test,bho,L1,test:9192,bho_Deva
panel2,B,vardial2018/test,bho,L1,test:9196,bho_Deva
panel2,B,vardial2018/test,bho,L1,test:9199,bho_Deva
panel2,B,vardial2018/test,bho,L1,test:9210,bho_Deva
panel2,B,vardial2018/test,bho,L1,test:9213,hin_Deva
panel2,B,vardial2018/test,bho,L1,test:9214,bho_Deva
panel2,B,vardial2018/test,bho,L1,test:9222,bho_Deva
panel2,B,vardial2018/test,bho,L1,test:9226,bho_Deva
panel2,B,vardial2018/test,bho,L1,test:9227,bho_Deva
panel2,B,vardial2018/test,bho,L1,test:9232,bho_Deva
panel2,B,vardial2018/test,bho,L1,test:9239,hin_Deva
panel2,B,vardial2018/test,bho,L1,test:9242,bho_Deva
panel2,B,vardial2018/test,bho,L1,test:9250,bho_Deva
panel2,B,vardial2018/test,bho,L1,test:9255,bho_Deva
panel2,B,vardial2018/test,bho,L1,test:9257,bho_Deva
panel2,B,vardial2018/test,bho,L1,test:9260,bho_Deva
panel2,B,vardial2018/test,bho,L1,test:9263,hin_Deva
panel2,B,vardial2018/test,bho,L1,test:9268,bho_Deva
panel2,B,vardial2018/test,bho,L1,test:9270,hin_Deva
panel2,B,vardial2018/test,bho,L1,test:9273,bho_Deva
panel2,B,vardial2018/test,bho,L1,test:9279,bho_Deva
panel2,B,vardial2018/test,bho,L1,test:9282,bho_Deva
panel2,B,vardial2018/test,bho,L1,test:9289,bho_Deva
panel2,B,vardial2018/test,bho,L1,test:9291,bho_Deva
panel2,B,vardial2018/test,bho,L1,test:9300,bho_Deva
panel2,B,vardial2018/test,bho,L1,test:9301,bho_Deva
panel2,B,vardial2018/test,bho,L1,test:9309,bho_Deva
panel2,B,vardial2018/test,bho,L1,test:9311,bho_Deva
panel2,B,vardial2018/test,bho,L1,test:9321,bho_Deva
panel2,B,vardial2018/test,bho,L1,test:9339,bho_Deva
panel2,B,vardial2018/test,bho,L1,test:9340,bho_Deva
panel2,B,vardial2018/test,bho,L1,test:9347,bho_Deva
panel2,B,vardial2018/test,bho,L1,test:9349,bho_Deva
panel2,B,vardial2018/test,bho,L1,test:9356,bho_Deva
panel2,B,vardial2018/test,bho,L1,test:9358,bho_Deva
panel2,B,vardial2018/test,bho,L1,test:9360,bho_Deva
panel2,B,vardial2018/test,bho,L1,test:9362,anp_Deva
panel2,B,vardial2018/test,bho,L1,test:9370,bho_Deva
panel2,B,vardial2018/test,bho,L1,test:9371,bho_Deva
panel2,B,vardial2018/test,bho,L1,test:9378,hin_Deva
panel2,B,vardial2018/test,bho,L1,test:9382,bho_Deva
panel2,B,vardial2018/test,bho,L1,test:9384,bho_Deva
panel2,B,vardial2018/test,bho,L1,test:9386,bho_Deva
panel2,B,vardial2018/test,bho,L1,test:9394,bho_Deva
panel2,B,vardial2018/test,bho,L1,test:9400,bho_Deva
panel2,B,vardial2018/test,bho,L1,test:9408,bho_Deva
panel2,B,vardial2018/test,bho,L1,test:9410,bho_Deva
panel2,B,vardial2018/test,bho,L1,test:9421,bho_Deva
panel2,B,vardial2018/test,bho,L1,test:9425,bho_Deva
panel2,B,vardial2018/test,bho,L1,test:9431,bho_Deva
panel2,B,vardial2018/test,bho,L1,test:9434,bho_Deva
panel2,B,vardial2018/test,bho,L1,test:9439,bho_Deva
panel2,B,vardial2018/test,bho,L1,test:9443,bho_Deva
panel2,B,vardial2018/test,bho,L1,test:9446,bho_Deva
panel2,B,vardial2018/test,bho,L1,test:9447,bho_Deva
panel2,B,vardial2018/test,bho,L1,test:9448,bho_Deva
panel2,B,vardial2018/test,bho,L1,test:9451,bho_Deva
panel2,B,vardial2018/test,bho,L1,test:9453,bho_Deva
panel2,B,vardial2018/test,bho,L1,test:9456,anp_Deva
panel2,B,vardial2018/test,bho,L1,test:9462,bho_Deva
panel2,B,vardial2018/test,bho,L1,test:9470,bho_Deva
panel2,B,vardial2018/test,bho,L1,test:9484,bho_Deva
panel2,B,vardial2018/test,bho,L1,test:9485,awa_Deva
panel2,B,vardial2018/test,bho,L1,test:9490,bho_Deva
panel2,B,vardial2018/test,bho,L1,test:9497,bho_Deva
panel2,B,vardial2018/test,bho,L1,test:9501,bho_Deva
panel2,B,vardial2018/test,bho,L1,test:9511,bho_Deva
panel2,B,vardial2018/test,bho,L1,test:9514,hin_Deva
panel2,B,vardial2018/test,bho,L1,test:9515,bho_Deva
panel2,B,vardial2018/test,bho,L1,test:9517,bho_Deva
panel2,B,vardial2018/test,bho,L1,test:9527,bho_Deva
panel2,B,vardial2018/test,bho,L1,test:9528,bho_Deva
panel2,B,vardial2018/test,bho,L1,test:9530,bho_Deva
panel2,B,vardial2018/test,bho,L1,test:9531,bho_Deva
panel2,B,vardial2018/test,bho,L1,test:9545,bho_Deva
panel2,B,vardial2018/test,bho,L1,test:9551,bho_Deva
panel2,B,vardial2018/test,bho,L1,test:9572,bho_Deva
panel2,B,vardial2018/test,bho,L1,test:9574,bho_Deva
panel2,B,vardial2018/test,bho,L1,test:9576,bho_Deva
panel2,B,vardial2018/test,bho,L1,test:9577,bho_Deva
panel2,B,vardial2018/test,bho,L1,test:9579,bho_Deva
panel2,B,vardial2018/test,bho,L1,test:9581,bho_Deva
panel2,B,vardial2018/test,bho,L1,test:9582,bho_Deva
panel2,B,vardial2018/test,bho,L1,test:9584,bho_Deva
panel2,B,vardial2018/test,bho,L1,test:9586,bho_Deva
panel2,B,vardial2018/test,bho,L1,test:9594,bho_Deva
panel2,B,vardial2018/test,bho,L1,test:9595,bho_Deva
panel2,B,vardial2018/test,bho,L1,test:9597,bho_Deva
panel2,B,vardial2018/test,bho,L1,test:9598,bho_Deva
panel2,B,vardial2018/test,bho,L1,test:9603,bho_Deva
panel2,B,vardial2018/test,bho,L1,test:9604,bho_Deva
panel2,B,vardial2018/test,bho,L1,test:9607,bho_Deva
panel2,B,vardial2018/test,bho,L1,test:9608,bho_Deva
panel2,B,vardial2018/test,bho,L1,test:9609,bho_Deva
panel2,B,vardial2018/test,bho,L1,test:9618,bho_Deva
panel2,B,vardial2018/test,bho,L1,test:9627,bho_Deva
panel2,B,vardial2018/test,bho,L1,test:9645,bho_Deva
panel2,B,vardial2018/test,bho,L1,test:9658,bho_Deva
panel2,B,vardial2018/test,bho,L1,test:9659,bho_Deva
panel2,B,vardial2018/test,bho,L1,test:9663,hin_Deva
panel2,B,vardial2018/test,bho,L1,test:9667,bho_Deva
panel2,B,vardial2018/test,bho,L1,test:9685,bho_Deva
panel2,B,vardial2018/train,bho,L1,train:83,bho_Deva
panel2,B,vardial2018/train,bho,L1,train:107,bho_Deva
panel2,B,vardial2018/train,bho,L1,train:158,bho_Deva
panel2,B,vardial2018/train,bho,L1,train:210,bho_Deva
panel2,B,vardial2018/train,bho,L1,train:298,sck_Deva
panel2,B,vardial2018/train,bho,L1,train:333,bho_Deva
panel2,B,vardial2018/train,bho,L1,train:373,bho_Deva
panel2,B,vardial2018/train,bho,L1,train:437,bho_Deva
panel2,B,vardial2018/train,bho,L1,train:443,mai_Deva
panel2,B,vardial2018/train,bho,L1,train:447,bho_Deva
panel2,B,vardial2018/train,bho,L1,train:482,bho_Deva
panel2,B,vardial2018/train,bho,L1,train:489,bho_Deva
panel2,B,vardial2018/train,bho,L1,train:545,bho_Deva
panel2,B,vardial2018/train,bho,L1,train:634,bho_Deva
panel2,B,vardial2018/train,bho,L1,train:689,bho_Deva
panel2,B,vardial2018/train,bho,L1,train:796,bho_Deva
panel2,B,vardial2018/train,bho,L1,train:866,bho_Deva
panel2,B,vardial2018/train,bho,L1,train:868,bho_Deva
panel2,B,vardial2018/train,bho,L1,train:891,awa_Deva
panel2,B,vardial2018/train,bho,L1,train:892,mai_Deva
panel2,B,vardial2018/train,bho,L1,train:910,bho_Deva
panel2,B,vardial2018/train,bho,L1,train:944,bho_Deva
panel2,B,vardial2018/train,bho,L1,train:967,hin_Deva
panel2,B,vardial2018/train,bho,L1,train:973,awa_Deva
panel2,B,vardial2018/train,bho,L1,train:1025,bho_Deva
panel2,B,vardial2018/train,bho,L1,train:1039,bho_Deva
panel2,B,vardial2018/train,bho,L1,train:1254,bho_Deva
panel2,B,vardial2018/train,bho,L1,train:1267,mag_Deva
panel2,B,vardial2018/train,bho,L1,train:1268,anp_Deva
panel2,B,vardial2018/train,bho,L1,train:1308,bho_Deva
panel2,B,vardial2018/train,bho,L1,train:1340,bho_Deva
panel2,B,vardial2018/train,bho,L1,train:1361,bho_Deva
panel2,B,vardial2018/train,bho,L1,train:1373,snd_Deva
panel2,B,vardial2018/train,bho,L1,train:1472,bho_Deva
panel2,B,vardial2018/train,bho,L1,train:1505,bho_Deva
panel2,B,vardial2018/train,bho,L1,train:1507,bho_Deva
panel2,B,vardial2018/train,bho,L1,train:1538,bho_Deva
panel2,B,vardial2018/train,bho,L1,train:1594,mag_Deva
panel2,B,vardial2018/train,bho,L1,train:1652,bho_Deva
panel2,B,vardial2018/train,bho,L1,train:1666,bho_Deva
panel2,B,vardial2018/train,bho,L1,train:1734,anp_Deva
panel2,B,vardial2018/train,bho,L1,train:1814,bho_Deva
panel2,B,vardial2018/train,bho,L1,train:1844,bho_Deva
panel2,B,vardial2018/train,bho,L1,train:1877,bho_Deva
panel2,B,vardial2018/train,bho,L1,train:1883,bho_Deva
panel2,B,vardial2018/train,bho,L1,train:1940,bho_Deva
panel2,B,vardial2018/train,bho,L1,train:2013,bho_Deva
panel2,B,vardial2018/train,bho,L1,train:2047,bho_Deva
panel2,B,vardial2018/train,bho,L1,train:2066,bho_Deva
panel2,B,vardial2018/train,bho,L1,train:2080,bho_Deva
panel2,B,vardial2018/train,bho,L1,train:2183,bho_Deva
panel2,B,vardial2018/train,bho,L1,train:2191,bho_Deva
panel2,B,vardial2018/train,bho,L1,train:2199,bho_Deva
panel2,B,vardial2018/train,bho,L1,train:2224,bho_Deva
panel2,B,vardial2018/train,bho,L1,train:2360,anp_Deva
panel2,B,vardial2018/train,bho,L1,train:2527,npi_Deva
panel2,B,vardial2018/train,bho,L1,train:2528,bho_Deva
panel2,B,vardial2018/train,bho,L1,train:2592,bho_Deva
panel2,B,vardial2018/train,bho,L1,train:2609,anp_Deva
panel2,B,vardial2018/train,bho,L1,train:2611,bho_Deva
panel2,B,vardial2018/train,bho,L1,train:2612,hin_Deva
panel2,B,vardial2018/train,bho,L1,train:2639,bho_Deva
panel2,B,vardial2018/train,bho,L1,train:2717,anp_Deva
panel2,B,vardial2018/train,bho,L1,train:2937,bho_Deva
panel2,B,vardial2018/train,bho,L1,train:2990,bho_Deva
panel2,B,vardial2018/train,bho,L1,train:2996,bho_Deva
panel2,B,vardial2018/train,bho,L1,train:3014,mag_Deva
panel2,B,vardial2018/train,bho,L1,train:3032,bho_Deva
panel2,B,vardial2018/train,bho,L1,train:3046,bho_Deva
panel2,B,vardial2018/train,bho,L1,train:3115,bho_Deva
panel2,B,vardial2018/train,bho,L1,train:3139,bho_Deva
panel2,B,vardial2018/train,bho,L1,train:3140,bho_Deva
panel2,B,vardial2018/train,bho,L1,train:3152,bho_Deva
panel2,B,vardial2018/train,bho,L1,train:3166,bho_Deva
panel2,B,vardial2018/train,bho,L1,train:3186,bho_Deva
panel2,B,vardial2018/train,bho,L1,train:3193,anp_Deva
panel2,B,vardial2018/train,bho,L1,train:3276,bho_Deva
panel2,B,vardial2018/train,bho,L1,train:3296,anp_Deva
panel2,B,vardial2018/train,bho,L1,train:3337,bho_Deva
panel2,B,vardial2018/train,bho,L1,train:3351,bho_Deva
panel2,B,vardial2018/train,bho,L1,train:3353,awa_Deva
panel2,B,vardial2018/train,bho,L1,train:3392,bho_Deva
panel2,B,vardial2018/train,bho,L1,train:3415,bho_Deva
panel2,B,vardial2018/train,bho,L1,train:3449,bho_Deva
panel2,B,vardial2018/train,bho,L1,train:3456,hin_Deva
panel2,B,vardial2018/train,bho,L1,train:3479,bho_Deva
panel2,B,vardial2018/train,bho,L1,train:3502,mai_Deva
panel2,B,vardial2018/train,bho,L1,train:3550,bho_Deva
panel2,B,vardial2018/train,bho,L1,train:3574,bho_Deva
panel2,B,vardial2018/train,bho,L1,train:3576,bho_Deva
panel2,B,vardial2018/train,bho,L1,train:3583,bho_Deva
panel2,B,vardial2018/train,bho,L1,train:3589,anp_Deva
panel2,B,vardial2018/train,bho,L1,train:3719,bho_Deva
panel2,B,vardial2018/train,bho,L1,train:3731,bho_Deva
panel2,B,vardial2018/train,bho,L1,train:3746,bho_Deva
panel2,B,vardial2018/train,bho,L1,train:3839,anp_Deva
panel2,B,vardial2018/train,bho,L1,train:3847,bho_Deva
panel2,B,vardial2018/train,bho,L1,train:3861,bho_Deva
panel2,B,vardial2018/train,bho,L1,train:3876,bho_Deva
panel2,B,vardial2018/train,bho,L1,train:3982,bho_Deva
panel2,B,vardial2018/train,bho,L1,train:4041,bho_Deva
panel2,B,vardial2018/train,bho,L1,train:4045,bho_Deva
panel2,B,vardial2018/train,bho,L1,train:4057,anp_Deva
panel2,B,vardial2018/train,bho,L1,train:4086,bho_Deva
panel2,B,vardial2018/train,bho,L1,train:4096,bho_Deva
panel2,B,vardial2018/train,bho,L1,train:4104,bho_Deva
panel2,B,vardial2018/train,bho,L1,train:4182,bho_Deva
panel2,B,vardial2018/train,bho,L1,train:4219,bho_Deva
panel2,B,vardial2018/train,bho,L1,train:4277,bho_Deva
panel2,B,vardial2018/train,bho,L1,train:4302,bho_Deva
panel2,B,vardial2018/train,bho,L1,train:4376,bho_Deva
panel2,B,vardial2018/train,bho,L1,train:4414,bho_Deva
panel2,B,vardial2018/train,bho,L1,train:4426,bho_Deva
panel2,B,vardial2018/train,bho,L1,train:4483,bho_Deva
panel2,B,vardial2018/train,bho,L1,train:4592,bho_Deva
panel2,B,vardial2018/train,bho,L1,train:4631,bho_Deva
panel2,B,vardial2018/train,bho,L1,train:4754,bho_Deva
panel2,B,vardial2018/train,bho,L1,train:4782,bho_Deva
panel2,B,vardial2018/train,bho,L1,train:4833,hin_Deva
panel2,B,vardial2018/train,bho,L1,train:4866,bho_Deva
panel2,B,vardial2018/train,bho,L1,train:4880,bho_Deva
panel2,B,vardial2018/train,bho,L1,train:4882,anp_Deva
panel2,B,vardial2018/train,bho,L1,train:4973,bho_Deva
panel2,B,vardial2018/train,bho,L1,train:5094,bho_Deva
panel2,B,vardial2018/train,bho,L1,train:5105,awa_Deva
panel2,B,vardial2018/train,bho,L1,train:5108,bho_Deva
panel2,B,vardial2018/train,bho,L1,train:5193,bho_Deva
panel2,B,vardial2018/train,bho,L1,train:5215,bho_Deva
panel2,B,vardial2018/train,bho,L1,train:5246,awa_Deva
panel2,B,vardial2018/train,bho,L1,train:5256,bho_Deva
panel2,B,vardial2018/train,bho,L1,train:5276,bho_Deva
panel2,B,vardial2018/train,bho,L1,train:5277,bho_Deva
panel2,B,vardial2018/train,bho,L1,train:5288,bho_Deva
panel2,B,vardial2018/train,bho,L1,train:5376,bho_Deva
panel2,B,vardial2018/train,bho,L1,train:5404,bho_Deva
panel2,B,vardial2018/train,bho,L1,train:5450,mag_Deva
panel2,B,vardial2018/train,bho,L1,train:5511,bho_Deva
panel2,B,vardial2018/train,bho,L1,train:5533,anp_Deva
panel2,B,vardial2018/train,bho,L1,train:5540,bho_Deva
panel2,B,vardial2018/train,bho,L1,train:5570,bho_Deva
panel2,B,vardial2018/train,bho,L1,train:5577,bho_Deva
panel2,B,vardial2018/train,bho,L1,train:5654,bho_Deva
panel2,B,vardial2018/train,bho,L1,train:5683,bho_Deva
panel2,B,vardial2018/train,bho,L1,train:5710,bho_Deva
panel2,B,vardial2018/train,bho,L1,train:5713,bho_Deva
panel2,B,vardial2018/train,bho,L1,train:5729,bho_Deva
panel2,B,vardial2018/train,bho,L1,train:5796,bho_Deva
panel2,B,vardial2018/train,bho,L1,train:5894,bho_Deva
panel2,B,vardial2018/train,bho,L1,train:5919,bho_Deva
panel2,B,vardial2018/train,bho,L1,train:5936,bho_Deva
panel2,B,vardial2018/train,bho,L1,train:5947,bho_Deva
panel2,B,vardial2018/train,bho,L1,train:5988,bho_Deva
panel2,B,vardial2018/train,bho,L1,train:5990,bho_Deva
panel2,B,vardial2018/train,bho,L1,train:6067,bho_Deva
panel2,B,vardial2018/train,bho,L1,train:6115,bho_Deva
panel2,B,vardial2018/train,bho,L1,train:6153,anp_Deva
panel2,B,vardial2018/train,bho,L1,train:6158,bho_Deva
panel2,B,vardial2018/train,bho,L1,train:6185,bho_Deva
panel2,B,vardial2018/train,bho,L1,train:6186,bho_Deva
panel2,B,vardial2018/train,bho,L1,train:6248,bho_Deva
panel2,B,vardial2018/train,bho,L1,train:6278,bho_Deva
panel2,B,vardial2018/train,bho,L1,train:6339,bho_Deva
panel2,B,vardial2018/train,bho,L1,train:6390,bho_Deva
panel2,B,vardial2018/train,bho,L1,train:6449,hin_Deva
panel2,B,vardial2018/train,bho,L1,train:6458,bho_Deva
panel2,B,vardial2018/train,bho,L1,train:6475,bho_Deva
panel2,B,vardial2018/train,bho,L1,train:6480,bho_Deva
panel2,B,vardial2018/train,bho,L1,train:6562,bho_Deva
panel2,B,vardial2018/train,bho,L1,train:6595,bho_Deva
panel2,B,vardial2018/train,bho,L1,train:6610,awa_Deva
panel2,B,vardial2018/train,bho,L1,train:6726,bho_Deva
panel2,B,vardial2018/train,bho,L1,train:6744,bho_Deva
panel2,B,vardial2018/train,bho,L1,train:6789,awa_Deva
panel2,B,vardial2018/train,bho,L1,train:6794,bho_Deva
panel2,B,vardial2018/train,bho,L1,train:6798,bho_Deva
panel2,B,vardial2018/train,bho,L1,train:6821,bho_Deva
panel2,B,vardial2018/train,bho,L1,train:6841,bho_Deva
panel2,B,vardial2018/train,bho,L1,train:6922,mag_Deva
panel2,B,vardial2018/train,bho,L1,train:6960,bho_Deva
panel2,B,vardial2018/train,bho,L1,train:7101,bho_Deva
panel2,B,vardial2018/train,bho,L1,train:7117,bho_Deva
panel2,B,vardial2018/train,bho,L1,train:7174,bho_Deva
panel2,B,vardial2018/train,bho,L1,train:7309,bho_Deva
panel2,B,vardial2018/train,bho,L1,train:7318,mag_Deva
panel2,B,vardial2018/train,bho,L1,train:7339,awa_Deva
panel2,B,vardial2018/train,bho,L1,train:7342,bho_Deva
panel2,B,vardial2018/train,bho,L1,train:7401,bho_Deva
panel2,B,vardial2018/train,bho,L1,train:7480,bho_Deva
panel2,B,vardial2018/train,bho,L1,train:7499,bho_Deva
panel2,B,vardial2018/train,bho,L1,train:7533,bho_Deva
panel2,B,vardial2018/train,bho,L1,train:7544,bho_Deva
panel2,B,vardial2018/train,bho,L1,train:7559,bho_Deva
panel2,B,vardial2018/train,bho,L1,train:7581,bho_Deva
panel2,B,vardial2018/train,bho,L1,train:7607,bho_Deva
panel2,B,vardial2018/train,bho,L1,train:7630,bho_Deva
panel2,B,vardial2018/train,bho,L1,train:7785,bho_Deva
panel2,B,vardial2018/train,bho,L1,train:7788,bho_Deva
panel2,B,vardial2018/train,bho,L1,train:7796,bho_Deva
panel2,B,vardial2018/train,bho,L1,train:7881,bho_Deva
panel2,B,vardial2018/train,bho,L1,train:7888,bho_Deva
panel2,B,vardial2018/train,bho,L1,train:8001,bho_Deva
panel2,B,vardial2018/train,bho,L1,train:8058,bho_Deva
panel2,B,vardial2018/train,bho,L1,train:8065,bho_Deva
panel2,B,vardial2018/train,bho,L1,train:8083,bho_Deva
panel2,B,vardial2018/train,bho,L1,train:8183,bho_Deva
panel2,B,vardial2018/train,bho,L1,train:8219,bho_Deva
panel2,B,vardial2018/train,bho,L1,train:8238,bho_Deva
panel2,B,vardial2018/train,bho,L1,train:8350,bho_Deva
panel2,B,vardial2018/train,bho,L1,train:8357,bho_Deva
panel2,B,vardial2018/train,bho,L1,train:8431,bho_Deva
panel2,B,vardial2018/train,bho,L1,train:8439,bho_Deva
panel2,B,vardial2018/train,bho,L1,train:8445,bho_Deva
panel2,B,vardial2018/train,bho,L1,train:8461,bho_Deva
panel2,B,vardial2018/train,bho,L1,train:8499,bho_Deva
panel2,B,vardial2018/train,bho,L1,train:8543,bho_Deva
panel2,B,vardial2018/train,bho,L1,train:8597,bho_Deva
panel2,B,vardial2018/train,bho,L1,train:8626,bho_Deva
panel2,B,vardial2018/train,bho,L1,train:8800,bho_Deva
panel2,B,vardial2018/train,bho,L1,train:8852,bho_Deva
panel2,B,vardial2018/train,bho,L1,train:8876,bho_Deva
panel2,B,vardial2018/train,bho,L1,train:8912,bho_Deva
panel2,B,vardial2018/train,bho,L1,train:8935,bho_Deva
panel2,B,vardial2018/train,bho,L1,train:8952,bho_Deva
panel2,B,vardial2018/train,bho,L1,train:8957,hin_Deva
panel2,B,vardial2018/train,bho,L1,train:9057,bho_Deva
panel2,B,vardial2018/train,bho,L1,train:9124,bho_Deva
panel2,B,vardial2018/train,bho,L1,train:9128,bho_Deva
panel2,B,vardial2018/train,bho,L1,train:9134,awa_Deva
panel2,B,vardial2018/train,bho,L1,train:9165,hne_Deva
panel2,B,vardial2018/train,bho,L1,train:9184,bho_Deva
panel2,B,vardial2018/train,bho,L1,train:9239,bho_Deva
panel2,B,vardial2018/train,bho,L1,train:9263,bho_Deva
panel2,B,vardial2018/train,bho,L1,train:9368,bho_Deva
panel2,B,vardial2018/train,bho,L1,train:9396,bho_Deva
panel2,B,vardial2018/train,bho,L1,train:9447,bho_Deva
panel2,B,vardial2018/train,bho,L1,train:9460,bho_Deva
panel2,B,vardial2018/train,bho,L1,train:9513,bho_Deva
panel2,B,vardial2018/train,bho,L1,train:9519,bho_Deva
panel2,B,vardial2018/train,bho,L1,train:9521,bho_Deva
panel2,B,vardial2018/train,bho,L1,train:9528,bho_Deva
panel2,B,vardial2018/train,bho,L1,train:9530,bho_Deva
panel2,B,vardial2018/train,bho,L1,train:9532,bho_Deva
panel2,B,vardial2018/train,bho,L1,train:9544,bho_Deva
panel2,B,vardial2018/train,bho,L1,train:9556,bho_Deva
panel2,B,vardial2018/train,bho,L1,train:9574,mai_Deva
panel2,B,vardial2018/train,bho,L1,train:9638,bho_Deva
panel2,B,vardial2018/train,bho,L1,train:9695,bho_Deva
panel2,B,vardial2018/train,bho,L1,train:9786,bho_Deva
panel2,B,vardial2018/train,bho,L1,train:9790,hin_Deva
panel2,B,vardial2018/train,bho,L1,train:9916,bho_Deva
panel2,B,vardial2018/train,bho,L1,train:9994,bho_Deva
panel2,B,vardial2018/train,bho,L1,train:9998,awa_Deva
panel2,B,vardial2018/train,bho,L1,train:10030,bho_Deva
panel2,B,vardial2018/train,bho,L1,train:10044,bho_Deva
panel2,B,vardial2018/train,bho,L1,train:10064,bho_Deva
panel2,B,vardial2018/train,bho,L1,train:10067,bho_Deva
panel2,B,vardial2018/train,bho,L1,train:10094,bho_Deva
panel2,B,vardial2018/train,bho,L1,train:10102,bho_Deva
panel2,B,vardial2018/train,bho,L1,train:10107,bho_Deva
panel2,B,vardial2018/train,bho,L1,train:10130,bho_Deva
panel2,B,vardial2018/train,bho,L1,train:10160,bho_Deva
panel2,B,vardial2018/train,bho,L1,train:10306,bho_Deva
panel2,B,vardial2018/train,bho,L1,train:10315,bho_Deva
panel2,B,vardial2018/train,bho,L1,train:10345,bho_Deva
panel2,B,vardial2018/train,bho,L1,train:10352,bho_Deva
panel2,B,vardial2018/train,bho,L1,train:10362,bho_Deva
panel2,B,vardial2018/train,bho,L1,train:10382,bho_Deva
panel2,B,vardial2018/train,bho,L1,train:10415,bho_Deva
panel2,B,vardial2018/train,bho,L1,train:10487,bho_Deva
panel2,B,vardial2018/train,bho,L1,train:10522,bho_Deva
panel2,B,vardial2018/train,bho,L1,train:10586,bho_Deva
panel2,B,vardial2018/train,bho,L1,train:10658,bho_Deva
panel2,B,vardial2018/train,bho,L1,train:10662,awa_Deva
panel2,B,vardial2018/train,bho,L1,train:10665,mag_Deva
panel2,B,vardial2018/train,bho,L1,train:10667,bho_Deva
panel2,B,vardial2018/train,bho,L1,train:10675,bho_Deva
panel2,B,vardial2018/train,bho,L1,train:10678,kas_Deva
panel2,B,vardial2018/train,bho,L1,train:10705,bho_Deva
panel2,B,vardial2018/train,bho,L1,train:10725,bho_Deva
panel2,B,vardial2018/train,bho,L1,train:10739,bho_Deva
panel2,B,vardial2018/train,bho,L1,train:10808,bho_Deva
panel2,B,vardial2018/train,bho,L1,train:10855,bho_Deva
panel2,B,vardial2018/train,bho,L1,train:10880,bho_Deva
panel2,B,vardial2018/train,bho,L1,train:10939,bho_Deva
panel2,B,vardial2018/train,bho,L1,train:10960,awa_Deva
panel2,B,vardial2018/train,bho,L1,train:10963,bho_Deva
panel2,B,vardial2018/train,bho,L1,train:10980,bho_Deva
panel2,B,vardial2018/train,bho,L1,train:10988,bho_Deva
panel2,B,vardial2018/train,bho,L1,train:10999,bho_Deva
panel2,B,vardial2018/train,bho,L1,train:11057,anp_Deva
panel2,B,vardial2018/train,bho,L1,train:11096,bho_Deva
panel2,B,vardial2018/train,bho,L1,train:11106,bho_Deva
panel2,B,vardial2018/train,bho,L1,train:11116,bho_Deva
panel2,B,vardial2018/train,bho,L1,train:11121,bho_Deva
panel2,B,vardial2018/train,bho,L1,train:11144,bho_Deva
panel2,B,vardial2018/train,bho,L1,train:11149,bho_Deva
panel2,B,vardial2018/train,bho,L1,train:11202,bho_Deva
panel2,B,vardial2018/train,bho,L1,train:11225,bho_Deva
panel2,B,vardial2018/train,bho,L1,train:11260,bho_Deva
panel2,B,vardial2018/train,bho,L1,train:11279,bho_Deva
panel2,B,vardial2018/train,bho,L1,train:11289,awa_Deva
panel2,B,vardial2018/train,bho,L1,train:11353,bho_Deva
panel2,B,vardial2018/train,bho,L1,train:11480,bho_Deva
panel2,B,vardial2018/train,bho,L1,train:11511,bho_Deva
panel2,B,vardial2018/train,bho,L1,train:11513,bho_Deva
panel2,B,vardial2018/train,bho,L1,train:11522,bho_Deva
panel2,B,vardial2018/train,bho,L1,train:11528,bho_Deva
panel2,B,vardial2018/train,bho,L1,train:11549,bho_Deva
panel2,B,vardial2018/train,bho,L1,train:11556,bho_Deva
panel2,B,vardial2018/train,bho,L1,train:11595,awa_Deva
panel2,B,vardial2018/train,bho,L1,train:11674,mai_Deva
panel2,B,vardial2018/train,bho,L1,train:11676,mag_Deva
panel2,B,vardial2018/train,bho,L1,train:11706,bho_Deva
panel2,B,vardial2018/train,bho,L1,train:11719,bho_Deva
panel2,B,vardial2018/train,bho,L1,train:11768,bho_Deva
panel2,B,vardial2018/train,bho,L1,train:11818,bho_Deva
panel2,B,vardial2018/train,bho,L1,train:11834,bho_Deva
panel2,B,vardial2018/train,bho,L1,train:11856,bho_Deva
panel2,B,vardial2018/train,bho,L1,train:11927,bho_Deva
panel2,B,vardial2018/train,bho,L1,train:12026,bho_Deva
panel2,B,vardial2018/train,bho,L1,train:12040,bho_Deva
panel2,B,vardial2018/train,bho,L1,train:12044,awa_Deva
panel2,B,vardial2018/train,bho,L1,train:12047,bho_Deva
panel2,B,vardial2018/train,bho,L1,train:12057,bho_Deva
panel2,B,vardial2018/train,bho,L1,train:12070,bho_Deva
panel2,B,vardial2018/train,bho,L1,train:12078,bho_Deva
panel2,B,vardial2018/train,bho,L1,train:12080,bho_Deva
panel2,B,vardial2018/train,bho,L1,train:12145,anp_Deva
panel2,B,vardial2018/train,bho,L1,train:12157,bho_Deva
panel2,B,vardial2018/train,bho,L1,train:12161,bho_Deva
panel2,B,vardial2018/train,bho,L1,train:12193,bho_Deva
panel2,B,vardial2018/train,bho,L1,train:12218,bho_Deva
panel2,B,vardial2018/train,bho,L1,train:12298,anp_Deva
panel2,B,vardial2018/train,bho,L1,train:12394,hin_Deva
panel2,B,vardial2018/train,bho,L1,train:12441,bho_Deva
panel2,B,vardial2018/train,bho,L1,train:12465,bho_Deva
panel2,B,vardial2018/train,bho,L1,train:12469,bho_Deva
panel2,B,vardial2018/train,bho,L1,train:12480,bho_Deva
panel2,B,vardial2018/train,bho,L1,train:12525,bho_Deva
panel2,B,vardial2018/train,bho,L1,train:12591,bho_Deva
panel2,B,vardial2018/train,bho,L1,train:12604,bho_Deva
panel2,B,vardial2018/train,bho,L1,train:12623,bho_Deva
panel2,B,vardial2018/train,bho,L1,train:12652,awa_Deva
panel2,B,vardial2018/train,bho,L1,train:12721,bho_Deva
panel2,B,vardial2018/train,bho,L1,train:12770,hin_Deva
panel2,B,vardial2018/train,bho,L1,train:12784,bho_Deva
panel2,B,vardial2018/train,bho,L1,train:12797,bho_Deva
panel2,B,vardial2018/train,bho,L1,train:12839,bho_Deva
panel2,B,vardial2018/train,bho,L1,train:12854,anp_Deva
panel2,B,vardial2018/train,bho,L1,train:12895,bho_Deva
panel2,B,vardial2018/train,bho,L1,train:12930,mag_Deva
panel2,B,vardial2018/train,bho,L1,train:12934,bho_Deva
panel2,B,vardial2018/train,bho,L1,train:12955,bho_Deva
panel2,B,vardial2018/train,bho,L1,train:12970,bho_Deva
panel2,B,vardial2018/train,bho,L1,train:13020,bho_Deva
panel2,B,vardial2018/train,bho,L1,train:13035,bho_Deva
panel2,B,vardial2018/train,bho,L1,train:13212,bho_Deva
panel2,B,vardial2018/train,bho,L1,train:13224,bho_Deva
panel2,B,vardial2018/train,bho,L1,train:13234,bho_Deva
panel2,B,vardial2018/train,bho,L1,train:13328,bho_Deva
panel2,B,vardial2018/train,bho,L1,train:13341,bho_Deva
panel2,B,vardial2018/train,bho,L1,train:13353,mag_Deva
panel2,B,vardial2018/train,bho,L1,train:13396,bho_Deva
panel2,B,vardial2018/train,bho,L1,train:13420,bho_Deva
panel2,B,vardial2018/train,bho,L1,train:13452,awa_Deva
panel2,B,vardial2018/train,bho,L1,train:13467,bho_Deva
panel2,B,vardial2018/train,bho,L1,train:13542,bho_Deva
panel2,B,vardial2018/train,bho,L1,train:13559,bho_Deva
panel2,B,vardial2018/train,bho,L1,train:13568,mag_Deva
panel2,B,vardial2018/train,bho,L1,train:13587,bho_Deva
panel2,B,vardial2018/train,bho,L1,train:13696,bho_Deva
panel2,B,vardial2018/train,bho,L1,train:13726,bho_Deva
panel2,B,vardial2018/train,bho,L1,train:13745,bho_Deva
panel2,B,vardial2018/train,bho,L1,train:13803,bho_Deva
panel2,B,vardial2018/train,bho,L1,train:13888,bho_Deva
panel2,B,vardial2018/train,bho,L1,train:13907,anp_Deva
panel2,B,vardial2018/train,bho,L1,train:13919,bho_Deva
panel2,B,vardial2018/train,bho,L1,train:13929,anp_Deva
panel2,B,vardial2018/train,bho,L1,train:13969,bho_Deva
panel2,B,vardial2018/train,bho,L1,train:14011,bho_Deva
panel2,B,vardial2018/train,bho,L1,train:14090,bho_Deva
panel2,B,vardial2018/train,bho,L1,train:14178,bho_Deva
panel2,B,vardial2018/train,bho,L1,train:14206,bho_Deva
panel2,B,vardial2018/train,bho,L1,train:14285,bho_Deva
panel2,B,vardial2018/train,bho,L1,train:14291,bho_Deva
panel2,B,vardial2018/train,bho,L1,train:14347,bho_Deva
panel2,B,vardial2018/train,bho,L1,train:14368,bho_Deva
panel2,B,vardial2018/train,bho,L1,train:14519,bho_Deva
panel2,B,vardial2018/train,bho,L1,train:14554,bho_Deva
panel2,B,vardial2018/train,bho,L1,train:14557,bho_Deva
panel2,B,vardial2018/train,bho,L1,train:14565,bho_Deva
panel2,B,vardial2018/train,bho,L1,train:14607,anp_Deva
panel2,B,vardial2018/train,bho,L1,train:14735,bho_Deva
panel2,B,vardial2018/train,bho,L1,train:14740,bho_Deva
panel2,B,vardial2018/train,bho,L1,train:14743,bho_Deva
panel2,B,vardial2018/train,bho,L1,train:14773,bho_Deva
panel2,B,vardial2018/train,bho,L1,train:14803,bho_Deva
panel2,B,vardial2018/train,bho,L1,train:14804,bho_Deva
panel2,B,vardial2018/train,bho,L1,train:14817,bho_Deva
panel2,B,vardial2018/train,bho,L1,train:14948,bho_Deva
panel2,B,vardial2018/train,bho,L1,train:14962,awa_Deva
panel2,B,vardial2018/train,bho,L1,train:15030,bho_Deva
panel2,B,vardial2018/train,bho,L1,train:15064,bho_Deva
panel2,B,vardial2018/train,bho,L1,train:15117,bho_Deva
panel2,B,vardial2018/train,bho,L1,train:15210,bho_Deva
panel2,B,vardial2018/train,bho,L1,train:15219,bho_Deva
panel2,B,vardial2018/train,bho,L1,train:15253,bho_Deva
panel2,B,vardial2018/train,bho,L1,train:15259,bho_Deva
panel2,B,vardial2018/train,bho,L1,train:15279,bho_Deva
panel2,B,vardial2018/train,bho,L1,train:15309,bho_Deva
panel2,B,vardial2018/train,bho,L1,train:15345,bho_Deva
panel2,B,vardial2018/train,bho,L1,train:15375,kas_Deva
panel2,B,vardial2018/train,bho,L1,train:15380,bho_Deva
panel2,B,vardial2018/train,bho,L1,train:15422,bho_Deva
panel2,B,vardial2018/train,bho,L1,train:15447,bho_Deva
panel2,B,vardial2018/train,bho,L1,train:15448,bho_Deva
panel2,B,vardial2018/train,bho,L1,train:15479,bho_Deva
panel2,B,vardial2018/train,bho,L1,train:15546,bho_Deva
panel2,B,vardial2018/train,bho,L1,train:15593,bho_Deva
panel2,B,vardial2018/train,bho,L1,train:15621,bho_Deva
panel2,B,vardial2018/train,bho,L1,train:15633,bho_Deva
panel2,B,vardial2018/train,bho,L1,train:15645,bho_Deva
panel2,B,vardial2018/train,bho,L1,train:15651,bho_Deva
panel2,B,vardial2018/train,bho,L1,train:15708,awa_Deva
panel2,B,vardial2018/train,bho,L1,train:15734,bho_Deva
panel2,B,vardial2018/train,bho,L1,train:15851,bho_Deva
panel2,B,vardial2018/train,bho,L1,train:15864,bho_Deva
panel2,B,vardial2018/train,bho,L1,train:15914,bho_Deva
panel2,B,vardial2018/train,bho,L1,train:15916,bho_Deva
panel2,B,vardial2018/train,bho,L1,train:15948,anp_Deva
panel2,B,vardial2018/train,bho,L1,train:15956,bho_Deva
panel2,B,vardial2018/train,bho,L1,train:16007,bho_Deva
panel2,B,vardial2018/train,bho,L1,train:16025,bho_Deva
panel2,B,vardial2018/train,bho,L1,train:16073,bho_Deva
panel2,B,vardial2018/train,bho,L1,train:16079,awa_Deva
panel2,B,vardial2018/train,bho,L1,train:16093,bho_Deva
panel2,B,vardial2018/train,bho,L1,train:16103,bho_Deva
panel2,B,vardial2018/train,bho,L1,train:16129,bho_Deva
panel2,B,vardial2018/train,bho,L1,train:16195,bho_Deva
panel2,B,vardial2018/train,bho,L1,train:16247,bho_Deva
panel2,B,vardial2018/train,bho,L1,train:16252,hin_Deva
panel2,B,vardial2018/train,bho,L1,train:16257,bho_Deva
panel2,B,vardial2018/train,bho,L1,train:16284,bho_Deva
panel2,B,vardial2018/train,bho,L1,train:16297,bho_Deva
panel2,B,vardial2018/train,bho,L1,train:16306,awa_Deva
panel2,B,vardial2018/train,bho,L1,train:16341,bho_Deva
panel2,B,vardial2018/train,bho,L1,train:16351,mag_Deva
panel2,B,vardial2018/train,bho,L1,train:16510,awa_Deva
panel2,B,vardial2018/train,bho,L1,train:16573,awa_Deva
panel2,B,vardial2018/train,bho,L1,train:16664,thl_Deva
panel2,B,vardial2018/train,bho,L1,train:16666,bho_Deva
panel2,B,vardial2018/train,bho,L1,train:16689,bho_Deva
panel2,B,vardial2018/train,bho,L1,train:16700,mag_Deva
panel2,B,vardial2018/train,bho,L1,train:16794,bho_Deva
panel2,B,vardial2018/train,bho,L1,train:16799,awa_Deva
panel2,B,vardial2018/train,bho,L1,train:16800,mai_Deva
panel2,B,vardial2018/train,bho,L1,train:17025,bho_Deva
panel2,B,vardial2018/train,bho,L1,train:17042,bho_Deva
panel2,B,vardial2018/train,bho,L1,train:17053,bho_Deva
panel2,B,vardial2018/train,bho,L1,train:17091,bho_Deva
panel2,B,vardial2018/train,bho,L1,train:17137,hin_Deva
panel2,B,vardial2018/train,bho,L1,train:17141,awa_Deva
panel2,B,vardial2018/train,bho,L1,train:17155,bho_Deva
panel2,B,vardial2018/train,bho,L1,train:17193,bho_Deva
panel2,B,vardial2018/train,bho,L1,train:17211,bho_Deva
panel2,B,vardial2018/train,bho,L1,train:17225,bho_Deva
panel2,B,vardial2018/train,bho,L1,train:17248,bho_Deva
panel2,B,vardial2018/train,bho,L1,train:17314,bho_Deva
panel2,B,vardial2018/train,bho,L1,train:17329,bho_Deva
panel2,B,vardial2018/train,bho,L1,train:17366,bho_Deva
panel2,B,vardial2018/train,bho,L1,train:17378,mag_Deva
panel2,B,vardial2018/train,bho,L1,train:17429,bho_Deva
panel2,B,vardial2018/train,bho,L1,train:17473,mag_Deva
panel2,B,vardial2018/train,bho,L1,train:17503,bho_Deva
panel2,B,vardial2018/train,bho,L1,train:17547,bho_Deva
panel2,B,vardial2018/train,bho,L1,train:17596,bho_Deva
panel2,B,vardial2018/train,bho,L1,train:17597,bho_Deva
panel2,B,vardial2018/train,bho,L1,train:17599,bho_Deva
panel2,B,vardial2018/train,bho,L1,train:17726,bho_Deva
panel2,B,vardial2018/train,bho,L1,train:17744,mag_Deva
panel2,B,vardial2018/train,bho,L1,train:17752,hne_Deva
panel2,B,vardial2018/train,bho,L1,train:17873,bho_Deva
panel2,B,vardial2018/train,bho,L1,train:17894,bho_Deva
panel2,B,vardial2018/train,bho,L1,train:17938,bho_Deva
panel2,B,vardial2018/train,bho,L1,train:17999,bho_Deva
panel2,B,vardial2018/train,bho,L1,train:18015,bho_Deva
panel2,B,vardial2018/train,bho,L1,train:18017,bho_Deva
panel2,B,vardial2018/train,bho,L1,train:18051,bho_Deva
panel2,B,vardial2018/train,bho,L1,train:18058,sck_Deva
panel2,B,vardial2018/train,bho,L1,train:18059,bho_Deva
panel2,B,vardial2018/train,bho,L1,train:18076,bho_Deva
panel2,B,vardial2018/train,bho,L1,train:18128,bho_Deva
panel2,B,vardial2018/train,bho,L1,train:18167,bho_Deva
panel2,B,vardial2018/train,bho,L1,train:18217,bho_Deva
panel2,B,vardial2018/train,bho,L1,train:18318,bho_Deva
panel2,B,vardial2018/train,bho,L1,train:18335,bho_Deva
panel2,B,vardial2018/train,bho,L1,train:18352,mag_Deva
panel2,B,vardial2018/train,bho,L1,train:18386,bho_Deva
panel2,B,vardial2018/train,bho,L1,train:18543,hin_Deva
panel2,B,vardial2018/train,bho,L1,train:18564,bho_Deva
panel2,B,vardial2018/train,bho,L1,train:18587,bho_Deva
panel2,B,vardial2018/train,bho,L1,train:18596,anp_Deva
panel2,B,vardial2018/train,bho,L1,train:18630,bho_Deva
panel2,B,vardial2018/train,bho,L1,train:18651,bho_Deva
panel2,B,vardial2018/train,bho,L1,train:18654,bho_Deva
panel2,B,vardial2018/train,bho,L1,train:18689,bho_Deva
panel2,B,vardial2018/train,bho,L1,train:18820,bho_Deva
panel2,B,vardial2018/train,bho,L1,train:18834,bho_Deva
panel2,B,vardial2018/train,bho,L1,train:18856,bho_Deva
panel2,B,vardial2018/train,bho,L1,train:18860,awa_Deva
panel2,B,vardial2018/train,bho,L1,train:18979,hin_Deva
panel2,B,vardial2018/train,bho,L1,train:19017,bho_Deva
panel2,B,vardial2018/train,bho,L1,train:19019,bho_Deva
panel2,B,vardial2018/train,bho,L1,train:19133,hin_Deva
panel2,B,vardial2018/train,bho,L1,train:19198,bho_Deva
panel2,B,vardial2018/train,bho,L1,train:19206,bho_Deva
panel2,B,vardial2018/train,bho,L1,train:19234,bho_Deva
panel2,B,vardial2018/train,bho,L1,train:19259,bho_Deva
panel2,B,vardial2018/train,bho,L1,train:19293,bho_Deva
panel2,B,vardial2018/train,bho,L1,train:19314,bho_Deva
panel2,B,vardial2018/train,bho,L1,train:19321,bho_Deva
panel2,B,vardial2018/train,bho,L1,train:19327,bho_Deva
panel2,B,vardial2018/train,bho,L1,train:19329,bho_Deva
panel2,B,vardial2018/train,bho,L1,train:19335,bho_Deva
panel2,B,vardial2018/train,bho,L1,train:19374,bho_Deva
panel2,B,vardial2018/train,bho,L1,train:19412,anp_Deva
panel2,B,vardial2018/train,bho,L1,train:19434,bho_Deva
panel2,B,vardial2018/train,bho,L1,train:19563,bho_Deva
panel2,B,vardial2018/train,bho,L1,train:19573,bho_Deva
panel2,B,vardial2018/train,bho,L1,train:19600,bho_Deva
panel2,B,vardial2018/train,bho,L1,train:19635,awa_Deva
panel2,B,vardial2018/train,bho,L1,train:19702,bho_Deva
panel2,B,vardial2018/train,bho,L1,train:19739,bho_Deva
panel2,B,vardial2018/train,bho,L1,train:19747,bho_Deva
panel2,B,vardial2018/train,bho,L1,train:19760,mag_Deva
panel2,B,vardial2018/train,bho,L1,train:19782,bho_Deva
panel2,B,vardial2018/train,bho,L1,train:19789,bho_Deva
panel2,B,vardial2018/train,bho,L1,train:19833,bho_Deva
panel2,B,vardial2018/train,bho,L1,train:19851,bho_Deva
panel2,B,vardial2018/train,bho,L1,train:19894,bho_Deva
panel2,B,vardial2018/train,bho,L1,train:19913,bho_Deva
panel2,B,vardial2018/train,bho,L1,train:19978,bho_Deva
panel2,B,vardial2018/train,bho,L1,train:19990,bho_Deva
panel2,B,vardial2018/train,bho,L1,train:19994,bho_Deva
panel2,B,vardial2018/train,bho,L1,train:20024,bho_Deva
panel2,B,vardial2018/train,bho,L1,train:20094,bho_Deva
panel2,B,vardial2018/train,bho,L1,train:20136,bho_Deva
panel2,B,vardial2018/train,bho,L1,train:20195,bho_Deva
panel2,B,vardial2018/train,bho,L1,train:20199,mag_Deva
panel2,B,vardial2018/train,bho,L1,train:20221,hin_Deva
panel2,B,vardial2018/train,bho,L1,train:20226,bho_Deva
panel2,B,vardial2018/train,bho,L1,train:20232,bho_Deva
panel2,B,vardial2018/train,bho,L1,train:20240,bho_Deva
panel2,B,vardial2018/train,bho,L1,train:20277,bho_Deva
panel2,B,vardial2018/train,bho,L1,train:20341,bho_Deva
panel2,B,vardial2018/train,bho,L1,train:20359,bho_Deva
panel2,B,vardial2018/train,bho,L1,train:20473,bho_Deva
panel2,B,vardial2018/train,bho,L1,train:20488,bho_Deva
panel2,B,vardial2018/train,bho,L1,train:20538,bho_Deva
panel2,B,vardial2018/train,bho,L1,train:20539,bho_Deva
panel2,B,vardial2018/train,bho,L1,train:20545,bho_Deva
panel2,B,vardial2018/train,bho,L1,train:20633,bho_Deva
panel2,B,vardial2018/train,bho,L1,train:20657,bho_Deva
panel2,B,vardial2018/train,bho,L1,train:20721,bho_Deva
panel2,B,vardial2018/train,bho,L1,train:20852,bho_Deva
panel2,B,vardial2018/train,bho,L1,train:20911,awa_Deva
panel2,B,vardial2018/train,bho,L1,train:20942,bho_Deva
panel2,B,vardial2018/train,bho,L1,train:20947,bho_Deva
panel2,B,vardial2018/train,bho,L1,train:20953,mup_Deva
panel2,B,vardial2018/train,bho,L1,train:21049,bho_Deva
panel2,B,vardial2018/train,bho,L1,train:21131,anp_Deva
panel2,B,vardial2018/train,bho,L1,train:21136,bho_Deva
panel2,B,vardial2018/train,bho,L1,train:21139,bho_Deva
panel2,B,vardial2018/train,bho,L1,train:21148,bho_Deva
panel2,B,vardial2018/train,bho,L1,train:21151,bho_Deva
panel2,B,vardial2018/train,bho,L1,train:21164,bho_Deva
panel2,B,vardial2018/train,bho,L1,train:21188,bho_Deva
panel2,B,vardial2018/train,bho,L1,train:21210,bho_Deva
panel2,B,vardial2018/train,bho,L1,train:21230,bho_Deva
panel2,B,vardial2018/train,bho,L1,train:21233,bho_Deva
panel2,B,vardial2018/train,bho,L1,train:21315,bho_Deva
panel2,B,vardial2018/train,bho,L1,train:21363,bho_Deva
panel2,B,vardial2018/train,bho,L1,train:21462,bho_Deva
panel2,B,vardial2018/train,bho,L1,train:21496,bho_Deva
panel2,B,vardial2018/train,bho,L1,train:21500,bho_Deva
panel2,B,vardial2018/train,bho,L1,train:21504,bho_Deva
panel2,B,vardial2018/train,bho,L1,train:21581,hin_Deva
panel2,B,vardial2018/train,bho,L1,train:21584,bho_Deva
panel2,B,vardial2018/train,bho,L1,train:21626,bho_Deva
panel2,B,vardial2018/train,bho,L1,train:21655,anp_Deva
panel2,B,vardial2018/train,bho,L1,train:21698,bho_Deva
panel2,B,vardial2018/train,bho,L1,train:21704,bho_Deva
panel2,B,vardial2018/train,bho,L1,train:21830,bho_Deva
panel2,B,vardial2018/train,bho,L1,train:21896,bho_Deva
panel2,B,vardial2018/train,bho,L1,train:21953,bho_Deva
panel2,B,vardial2018/train,bho,L1,train:21955,hin_Deva
panel2,B,vardial2018/train,bho,L1,train:21961,bho_Deva
panel2,B,vardial2018/train,bho,L1,train:21962,bho_Deva
panel2,B,vardial2018/train,bho,L1,train:22030,bho_Deva
panel2,B,vardial2018/train,bho,L1,train:22087,bho_Deva
panel2,B,vardial2018/train,bho,L1,train:22098,bho_Deva
panel2,B,vardial2018/train,bho,L1,train:22108,bho_Deva
panel2,B,vardial2018/train,bho,L1,train:22132,bho_Deva
panel2,B,vardial2018/train,bho,L1,train:22172,bho_Deva
panel2,B,vardial2018/train,bho,L1,train:22342,bho_Deva
panel2,B,vardial2018/train,bho,L1,train:22361,bho_Deva
panel2,B,vardial2018/train,bho,L1,train:22430,awa_Deva
panel2,B,vardial2018/train,bho,L1,train:22441,bho_Deva
panel2,B,vardial2018/train,bho,L1,train:22442,bho_Deva
panel2,B,vardial2018/train,bho,L1,train:22508,bho_Deva
panel2,B,vardial2018/train,bho,L1,train:22511,bho_Deva
panel2,B,vardial2018/train,bho,L1,train:22523,bho_Deva
panel2,B,vardial2018/train,bho,L1,train:22536,anp_Deva
panel2,B,vardial2018/train,bho,L1,train:22549,bho_Deva
panel2,B,vardial2018/train,bho,L1,train:22571,mag_Deva
panel2,B,vardial2018/train,bho,L1,train:22583,bho_Deva
panel2,B,vardial2018/train,bho,L1,train:22594,bho_Deva
panel2,B,vardial2018/train,bho,L1,train:22596,bho_Deva
panel2,B,vardial2018/train,bho,L1,train:22643,mai_Deva
panel2,B,vardial2018/train,bho,L1,train:22649,bho_Deva
panel2,B,vardial2018/train,bho,L1,train:22655,bho_Deva
panel2,B,vardial2018/train,bho,L1,train:22668,bho_Deva
panel2,B,vardial2018/train,bho,L1,train:22714,bho_Deva
panel2,B,vardial2018/train,bho,L1,train:22725,bho_Deva
panel2,B,vardial2018/train,bho,L1,train:22738,bho_Deva
panel2,B,vardial2018/train,bho,L1,train:22792,bho_Deva
panel2,B,vardial2018/train,bho,L1,train:22808,bho_Deva
panel2,B,vardial2018/train,bho,L1,train:22817,bho_Deva
panel2,B,vardial2018/train,bho,L1,train:22856,awa_Deva
panel2,B,vardial2018/train,bho,L1,train:22884,bho_Deva
panel2,B,vardial2018/train,bho,L1,train:22922,bho_Deva
panel2,B,vardial2018/train,bho,L1,train:22940,bho_Deva
panel2,B,vardial2018/train,bho,L1,train:22942,bho_Deva
panel2,B,vardial2018/train,bho,L1,train:22989,bho_Deva
panel2,B,vardial2018/train,bho,L1,train:23026,bho_Deva
panel2,B,vardial2018/train,bho,L1,train:23065,bho_Deva
panel2,B,vardial2018/train,bho,L1,train:23105,bho_Deva
panel2,B,vardial2018/train,bho,L1,train:23106,mag_Deva
panel2,B,vardial2018/train,bho,L1,train:23107,mag_Deva
panel2,B,vardial2018/train,bho,L1,train:23109,awa_Deva
panel2,B,vardial2018/train,bho,L1,train:23110,anp_Deva
panel2,B,vardial2018/train,bho,L1,train:23129,bho_Deva
panel2,B,vardial2018/train,bho,L1,train:23193,mag_Deva
panel2,B,vardial2018/train,bho,L1,train:23194,bho_Deva
panel2,B,vardial2018/train,bho,L1,train:23226,bho_Deva
panel2,B,vardial2018/train,bho,L1,train:23244,bho_Deva
panel2,B,vardial2018/train,bho,L1,train:23310,bho_Deva
panel2,B,vardial2018/train,bho,L1,train:23319,bho_Deva
panel2,B,vardial2018/train,bho,L1,train:23341,anp_Deva
panel2,B,vardial2018/train,bho,L1,train:23465,bho_Deva
panel2,B,vardial2018/train,bho,L1,train:23472,bho_Deva
panel2,B,vardial2018/train,bho,L1,train:23476,bho_Deva
panel2,B,vardial2018/train,bho,L1,train:23534,bho_Deva
panel2,B,vardial2018/train,bho,L1,train:23543,bho_Deva
panel2,B,vardial2018/train,bho,L1,train:23548,awa_Deva
panel2,B,vardial2018/train,bho,L1,train:23623,bho_Deva
panel2,B,vardial2018/train,bho,L1,train:23628,bho_Deva
panel2,B,vardial2018/train,bho,L1,train:23645,bho_Deva
panel2,B,vardial2018/train,bho,L1,train:23674,bho_Deva
panel2,B,vardial2018/train,bho,L1,train:23682,bho_Deva
panel2,B,vardial2018/train,bho,L1,train:23786,bho_Deva
panel2,B,vardial2018/train,bho,L1,train:23798,bho_Deva
panel2,B,vardial2018/train,bho,L1,train:23878,bho_Deva
panel2,B,vardial2018/train,bho,L1,train:23880,bho_Deva
panel2,B,vardial2018/train,bho,L1,train:23910,bho_Deva
panel2,B,vardial2018/train,bho,L1,train:23922,awa_Deva
panel2,B,vardial2018/train,bho,L1,train:23935,bho_Deva
panel2,B,vardial2018/train,bho,L1,train:23940,mup_Deva
panel2,B,vardial2018/train,bho,L1,train:23996,bho_Deva
panel2,B,vardial2018/train,bho,L1,train:24006,bho_Deva
panel2,B,vardial2018/train,bho,L1,train:24009,bho_Deva
panel2,B,vardial2018/train,bho,L1,train:24030,bho_Deva
panel2,B,vardial2018/train,bho,L1,train:24049,bho_Deva
panel2,B,vardial2018/train,bho,L1,train:24074,bho_Deva
panel2,B,vardial2018/train,bho,L1,train:24109,bho_Deva
panel2,B,vardial2018/train,bho,L1,train:24121,anp_Deva
panel2,B,vardial2018/train,bho,L1,train:24125,bho_Deva
panel2,B,vardial2018/train,bho,L1,train:24128,bho_Deva
panel2,B,vardial2018/train,bho,L1,train:24157,bho_Deva
panel2,B,vardial2018/train,bho,L1,train:24360,bho_Deva
panel2,B,vardial2018/train,bho,L1,train:24363,bho_Deva
panel2,B,vardial2018/train,bho,L1,train:24463,bho_Deva
panel2,B,vardial2018/train,bho,L1,train:24489,bho_Deva
panel2,B,vardial2018/train,bho,L1,train:24506,awa_Deva
panel2,B,vardial2018/train,bho,L1,train:24512,bho_Deva
panel2,B,vardial2018/train,bho,L1,train:24532,bho_Deva
panel2,B,vardial2018/train,bho,L1,train:24617,bho_Deva
panel2,B,vardial2018/train,bho,L1,train:24658,bho_Deva
panel2,B,vardial2018/train,bho,L1,train:24663,bho_Deva
panel2,B,vardial2018/train,bho,L1,train:24685,bho_Deva
panel2,B,vardial2018/train,bho,L1,train:24690,npi_Deva
panel2,B,vardial2018/train,bho,L1,train:24694,bho_Deva
panel2,B,vardial2018/train,bho,L1,train:24722,bho_Deva
panel2,B,vardial2018/train,bho,L1,train:24730,bho_Deva
panel2,B,vardial2018/train,bho,L1,train:24740,bho_Deva
panel2,B,vardial2018/train,bho,L1,train:24768,awa_Deva
panel2,B,vardial2018/train,bho,L1,train:24815,bho_Deva
panel2,B,vardial2018/train,bho,L1,train:24822,bho_Deva
panel2,B,vardial2018/train,bho,L1,train:24827,bho_Deva
panel2,B,vardial2018/train,bho,L1,train:24839,bho_Deva
panel2,B,vardial2018/train,bho,L1,train:24872,new_Deva
panel2,B,vardial2018/train,bho,L1,train:24879,bho_Deva
panel2,B,vardial2018/train,bho,L1,train:24880,bho_Deva
panel2,B,vardial2018/train,bho,L1,train:24888,bho_Deva
panel2,B,vardial2018/train,bho,L1,train:24889,bho_Deva
panel2,B,vardial2018/train,bho,L1,train:24921,bho_Deva
panel2,B,vardial2018/train,bho,L1,train:24990,bho_Deva
panel2,B,vardial2018/train,bho,L1,train:24994,bho_Deva
panel2,B,vardial2018/train,bho,L1,train:25029,bho_Deva
panel2,B,vardial2018/train,bho,L1,train:25114,bho_Deva
panel2,B,vardial2018/train,bho,L1,train:25178,bho_Deva
panel2,B,vardial2018/train,bho,L1,train:25179,bho_Deva
panel2,B,vardial2018/train,bho,L1,train:25206,bho_Deva
panel2,B,vardial2018/train,bho,L1,train:25241,bho_Deva
panel2,B,vardial2018/train,bho,L1,train:25275,bho_Deva
panel2,B,vardial2018/train,bho,L1,train:25280,bho_Deva
panel2,B,vardial2018/train,bho,L1,train:25317,bho_Deva
panel2,B,vardial2018/train,bho,L1,train:25340,bho_Deva
panel2,B,vardial2018/train,bho,L1,train:25364,bho_Deva
panel2,B,vardial2018/train,bho,L1,train:25373,bho_Deva
panel2,B,vardial2018/train,bho,L1,train:25436,bho_Deva
panel2,B,vardial2018/train,bho,L1,train:25475,bho_Deva
panel2,B,vardial2018/train,bho,L1,train:25481,bho_Deva
panel2,B,vardial2018/train,bho,L1,train:25538,bho_Deva
panel2,B,vardial2018/train,bho,L1,train:25560,bho_Deva
panel2,B,vardial2018/train,bho,L1,train:25575,bho_Deva
panel2,B,vardial2018/train,bho,L1,train:25585,bho_Deva
panel2,B,vardial2018/train,bho,L1,train:25625,bho_Deva
panel2,B,vardial2018/train,bho,L1,train:25631,bho_Deva
panel2,B,vardial2018/train,bho,L1,train:25651,bho_Deva
panel2,B,vardial2018/train,bho,L1,train:25725,bho_Deva
panel2,B,vardial2018/train,bho,L1,train:25758,bho_Deva
panel2,B,vardial2018/train,bho,L1,train:25779,bho_Deva
panel2,B,vardial2018/train,bho,L1,train:25781,bho_Deva
panel2,B,vardial2018/train,bho,L1,train:25820,bho_Deva
panel2,B,vardial2018/train,bho,L1,train:25827,bho_Deva
panel2,B,vardial2018/train,bho,L1,train:25863,bho_Deva
panel2,B,vardial2018/train,bho,L1,train:25889,bho_Deva
panel2,B,vardial2018/train,bho,L1,train:25908,mag_Deva
panel2,B,vardial2018/train,bho,L1,train:25934,bho_Deva
panel2,B,vardial2018/train,bho,L1,train:26077,sck_Deva
panel2,B,vardial2018/train,bho,L1,train:26127,bho_Deva
panel2,B,vardial2018/train,bho,L1,train:26158,bho_Deva
panel2,B,vardial2018/train,bho,L1,train:26216,bho_Deva
panel2,B,vardial2018/train,bho,L1,train:26241,bho_Deva
panel2,B,vardial2018/train,bho,L1,train:26264,bho_Deva
panel2,B,vardial2018/train,bho,L1,train:26268,bho_Deva
panel2,B,vardial2018/train,bho,L1,train:26331,bho_Deva
panel2,B,vardial2018/train,bho,L1,train:26359,awa_Deva
panel2,B,vardial2018/train,bho,L1,train:26406,bho_Deva
panel2,B,vardial2018/train,bho,L1,train:26411,bho_Deva
panel2,B,vardial2018/train,bho,L1,train:26493,bho_Deva
panel2,B,vardial2018/train,bho,L1,train:26508,bho_Deva
panel2,B,vardial2018/train,bho,L1,train:26535,bho_Deva
panel2,B,vardial2018/train,bho,L1,train:26536,bho_Deva
panel2,B,vardial2018/train,bho,L1,train:26597,bho_Deva
panel2,B,vardial2018/train,bho,L1,train:26604,bho_Deva
panel2,B,vardial2018/train,bho,L1,train:26745,bho_Deva
panel2,B,vardial2018/train,bho,L1,train:26777,anp_Deva
panel2,B,vardial2018/train,bho,L1,train:26811,bho_Deva
panel2,B,vardial2018/train,bho,L1,train:26835,awa_Deva
panel2,B,vardial2018/train,bho,L1,train:26855,bho_Deva
panel2,B,vardial2018/train,bho,L1,train:26861,bho_Deva
panel2,B,vardial2018/train,bho,L1,train:26918,hin_Deva
panel2,B,vardial2018/train,bho,L1,train:26921,bho_Deva
panel2,B,vardial2018/train,bho,L1,train:26947,bho_Deva
panel2,B,vardial2018/train,bho,L1,train:26949,bho_Deva
panel2,B,vardial2018/train,bho,L1,train:26998,bho_Deva
panel2,B,vardial2018/train,bho,L1,train:27024,hin_Deva
panel2,B,vardial2018/train,bho,L1,train:27033,awa_Deva
panel2,B,vardial2018/train,bho,L1,train:27034,bho_Deva
panel2,B,vardial2018/train,bho,L1,train:27057,mag_Deva
panel2,B,vardial2018/train,bho,L1,train:27067,bho_Deva
panel2,B,vardial2018/train,bho,L1,train:27071,bho_Deva
panel2,B,vardial2018/train,bho,L1,train:27080,bho_Deva
panel2,B,vardial2018/train,bho,L1,train:27085,bho_Deva
panel2,B,vardial2018/train,bho,L1,train:27199,bho_Deva
panel2,B,vardial2018/train,bho,L1,train:27204,awa_Deva
panel2,B,vardial2018/train,bho,L1,train:27247,mag_Deva
panel2,B,vardial2018/train,bho,L1,train:27285,bho_Deva
panel2,B,vardial2018/train,bho,L1,train:27288,bho_Deva
panel2,B,vardial2018/train,bho,L1,train:27297,bho_Deva
panel2,B,vardial2018/train,bho,L1,train:27301,bho_Deva
panel2,B,vardial2018/train,bho,L1,train:27333,bho_Deva
panel2,B,vardial2018/train,bho,L1,train:27347,bho_Deva
panel2,B,vardial2018/train,bho,L1,train:27381,mai_Deva
panel2,B,vardial2018/train,bho,L1,train:27391,bho_Deva
panel2,B,vardial2018/train,bho,L1,train:27405,bho_Deva
panel2,B,vardial2018/train,bho,L1,train:27420,bho_Deva
panel2,B,vardial2018/train,bho,L1,train:27434,bho_Deva
panel2,B,vardial2018/train,bho,L1,train:27442,bho_Deva
panel2,B,vardial2018/train,bho,L1,train:27471,bho_Deva
panel2,B,vardial2018/train,bho,L1,train:27472,bho_Deva
panel2,B,vardial2018/train,bho,L1,train:27498,bho_Deva
panel2,B,vardial2018/train,bho,L1,train:27506,bho_Deva
panel2,B,vardial2018/train,bho,L1,train:27524,bho_Deva
panel2,B,vardial2018/train,bho,L1,train:27541,bho_Deva
panel2,B,vardial2018/train,bho,L1,train:27595,bho_Deva
panel2,B,vardial2018/train,bho,L1,train:27664,bho_Deva
panel2,B,vardial2018/train,bho,L1,train:27672,bho_Deva
panel2,B,vardial2018/train,bho,L1,train:27675,bho_Deva
panel2,B,vardial2018/train,bho,L1,train:27693,bho_Deva
panel2,B,vardial2018/train,bho,L1,train:27704,bho_Deva
panel2,B,vardial2018/train,bho,L1,train:27777,awa_Deva
panel2,B,vardial2018/train,bho,L1,train:27785,bho_Deva
panel2,B,vardial2018/train,bho,L1,train:27875,bho_Deva
panel2,B,vardial2018/train,bho,L1,train:27893,bho_Deva
panel2,B,vardial2018/train,bho,L1,train:27981,hin_Deva
panel2,B,vardial2018/train,bho,L1,train:28008,anp_Deva
panel2,B,vardial2018/train,bho,L1,train:28021,mag_Deva
panel2,B,vardial2018/train,bho,L1,train:28070,awa_Deva
panel2,B,vardial2018/train,bho,L1,train:28078,bho_Deva
panel2,B,vardial2018/train,bho,L1,train:28085,bho_Deva
panel2,B,vardial2018/train,bho,L1,train:28125,bho_Deva
panel2,B,vardial2018/train,bho,L1,train:28132,bho_Deva
panel2,B,vardial2018/train,bho,L1,train:28216,bho_Deva
panel2,B,vardial2018/train,bho,L1,train:28227,hin_Deva
panel2,B,vardial2018/train,bho,L1,train:28241,bho_Deva
panel2,B,vardial2018/train,bho,L1,train:28290,bho_Deva
panel2,B,vardial2018/train,bho,L1,train:28358,hin_Deva
panel2,B,vardial2018/train,bho,L1,train:28404,bho_Deva
panel2,B,vardial2018/train,bho,L1,train:28494,bho_Deva
panel2,B,vardial2018/train,bho,L1,train:28512,bho_Deva
panel2,B,vardial2018/train,bho,L1,train:28523,bho_Deva
panel2,B,vardial2018/train,bho,L1,train:28561,bho_Deva
panel2,B,vardial2018/train,bho,L1,train:28582,bho_Deva
panel2,B,vardial2018/train,bho,L1,train:28594,bho_Deva
panel2,B,vardial2018/train,bho,L1,train:28689,bho_Deva
panel2,B,vardial2018/train,bho,L1,train:28737,bho_Deva
panel2,B,vardial2018/train,bho,L1,train:28743,bho_Deva
panel2,B,vardial2018/train,bho,L1,train:28779,hin_Deva
panel2,B,vardial2018/train,bho,L1,train:28793,bho_Deva
panel2,B,vardial2018/train,bho,L1,train:28840,bho_Deva
panel2,B,vardial2018/train,bho,L1,train:28844,bho_Deva
panel2,B,vardial2018/train,bho,L1,train:28905,anp_Deva
panel2,B,vardial2018/train,bho,L1,train:28920,bho_Deva
panel2,B,vardial2018/train,bho,L1,train:28972,bho_Deva
panel2,B,vardial2018/train,bho,L1,train:29042,bho_Deva
panel2,B,vardial2018/train,bho,L1,train:29120,bho_Deva
panel2,B,vardial2018/train,bho,L1,train:29190,bho_Deva
panel2,B,vardial2018/train,bho,L1,train:29218,bho_Deva
panel2,B,vardial2018/train,bho,L1,train:29230,bho_Deva
panel2,B,vardial2018/train,bho,L1,train:29233,anp_Deva
panel2,B,vardial2018/train,bho,L1,train:29267,bho_Deva
panel2,B,vardial2018/train,bho,L1,train:29268,bho_Deva
panel2,B,vardial2018/train,bho,L1,train:29417,bho_Deva
panel2,B,vardial2018/train,bho,L1,train:29420,bho_Deva
panel2,B,vardial2018/train,bho,L1,train:29424,bho_Deva
panel2,B,vardial2018/train,bho,L1,train:29426,bho_Deva
panel2,B,vardial2018/train,bho,L1,train:29434,bho_Deva
panel2,B,vardial2018/train,bho,L1,train:29476,bho_Deva
panel2,B,vardial2018/train,bho,L1,train:29503,bho_Deva
panel2,B,vardial2018/train,bho,L1,train:29625,bho_Deva
panel2,B,vardial2018/train,bho,L1,train:29664,hin_Deva
panel2,B,vardial2018/train,bho,L1,train:29670,bho_Deva
panel2,B,vardial2018/train,bho,L1,train:29681,mag_Deva
panel2,B,vardial2018/train,bho,L1,train:29713,mag_Deva
panel2,B,vardial2018/train,bho,L1,train:29745,bho_Deva
panel2,B,vardial2018/train,bho,L1,train:29797,bho_Deva
panel2,B,vardial2018/train,bho,L1,train:29840,bho_Deva
panel2,B,vardial2018/train,bho,L1,train:29883,bho_Deva
panel2,B,vardial2018/train,bho,L1,train:29909,sck_Deva
panel2,B,vardial2018/train,bho,L1,train:29941,mag_Deva
panel2,B,vardial2018/train,bho,L1,train:29943,bho_Deva
panel2,B,vardial2018/train,bho,L1,train:30021,bho_Deva
panel2,B,vardial2018/train,bho,L1,train:30046,bho_Deva
panel2,B,vardial2018/train,bho,L1,train:30079,bho_Deva
panel2,B,vardial2018/train,bho,L1,train:30114,bho_Deva
panel2,B,vardial2018/train,bho,L1,train:30121,bho_Deva
panel2,B,vardial2018/train,bho,L1,train:30131,anp_Deva
panel2,B,vardial2018/train,bho,L1,train:30169,bho_Deva
panel2,B,vardial2018/train,bho,L1,train:30219,bho_Deva
panel2,B,vardial2018/train,bho,L1,train:30226,bho_Deva
panel2,B,vardial2018/train,bho,L1,train:30257,bho_Deva
panel2,B,vardial2018/train,bho,L1,train:30293,bho_Deva
panel2,B,vardial2018/train,bho,L1,train:30319,bho_Deva
panel2,B,vardial2018/train,bho,L1,train:30341,bho_Deva
panel2,B,vardial2018/train,bho,L1,train:30417,mag_Deva
panel2,B,vardial2018/train,bho,L1,train:30445,bho_Deva
panel2,B,vardial2018/train,bho,L1,train:30452,bho_Deva
panel2,B,vardial2018/train,bho,L1,train:30497,bho_Deva
panel2,B,vardial2018/train,bho,L1,train:30509,bho_Deva
panel2,B,vardial2018/train,bho,L1,train:30516,bho_Deva
panel2,B,vardial2018/train,bho,L1,train:30579,bho_Deva
panel2,B,vardial2018/train,bho,L1,train:30601,bho_Deva
panel2,B,vardial2018/train,bho,L1,train:30622,bho_Deva
panel2,B,vardial2018/train,bho,L1,train:30623,bho_Deva
panel2,B,vardial2018/train,bho,L1,train:30632,awa_Deva
panel2,B,vardial2018/train,bho,L1,train:30692,bho_Deva
panel2,B,vardial2018/train,bho,L1,train:30706,bho_Deva
panel2,B,vardial2018/train,bho,L1,train:30728,bho_Deva
panel2,B,vardial2018/train,bho,L1,train:30834,bho_Deva
panel2,B,vardial2018/train,bho,L1,train:30842,awa_Deva
panel2,B,vardial2018/train,bho,L1,train:30879,bho_Deva
panel2,B,vardial2018/train,bho,L1,train:30923,bho_Deva
panel2,B,vardial2018/train,bho,L1,train:30973,bho_Deva
panel2,B,vardial2018/train,bho,L1,train:31032,bho_Deva
panel2,B,vardial2018/train,bho,L1,train:31096,bho_Deva
panel2,B,vardial2018/train,bho,L1,train:31123,bho_Deva
panel2,B,vardial2018/train,bho,L1,train:31181,bho_Deva
panel2,B,vardial2018/train,bho,L1,train:31201,mup_Deva
panel2,B,vardial2018/train,bho,L1,train:31239,awa_Deva
panel2,B,vardial2018/train,bho,L1,train:31249,bho_Deva
panel2,B,vardial2018/train,bho,L1,train:31281,bho_Deva
panel2,B,vardial2018/train,bho,L1,train:31296,anp_Deva
panel2,B,vardial2018/train,bho,L1,train:31305,anp_Deva
panel2,B,vardial2018/train,bho,L1,train:31311,awa_Deva
panel2,B,vardial2018/train,bho,L1,train:31362,bho_Deva
panel2,B,vardial2018/train,bho,L1,train:31370,bho_Deva
panel2,B,vardial2018/train,bho,L1,train:31377,bho_Deva
panel2,B,vardial2018/train,bho,L1,train:31388,bho_Deva
panel2,B,vardial2018/train,bho,L1,train:31420,bho_Deva
panel2,B,vardial2018/train,bho,L1,train:31422,bho_Deva
panel2,B,vardial2018/train,bho,L1,train:31477,hin_Deva
panel2,B,vardial2018/train,bho,L1,train:31480,awa_Deva
panel2,B,vardial2018/train,bho,L1,train:31500,bho_Deva
panel2,B,vardial2018/train,bho,L1,train:31532,mup_Deva
panel2,B,vardial2018/train,bho,L1,train:31541,bho_Deva
panel2,B,vardial2018/train,bho,L1,train:31544,bho_Deva
panel2,B,vardial2018/train,bho,L1,train:31545,bho_Deva
panel2,B,vardial2018/train,bho,L1,train:31610,bho_Deva
panel2,B,vardial2018/train,bho,L1,train:31683,awa_Deva
panel2,B,vardial2018/train,bho,L1,train:31739,bho_Deva
panel2,B,vardial2018/train,bho,L1,train:31801,bho_Deva
panel2,B,vardial2018/train,bho,L1,train:31863,bho_Deva
panel2,B,vardial2018/train,bho,L1,train:31885,bho_Deva
panel2,B,vardial2018/train,bho,L1,train:31909,bho_Deva
panel2,B,vardial2018/train,bho,L1,train:31912,snd_Deva
panel2,B,vardial2018/train,bho,L1,train:31922,bho_Deva
panel2,B,vardial2018/train,bho,L1,train:31966,bho_Deva
panel2,B,vardial2018/train,bho,L1,train:31987,bho_Deva
panel2,B,vardial2018/train,bho,L1,train:32145,bho_Deva
panel2,B,vardial2018/train,bho,L1,train:32191,anp_Deva
panel2,B,vardial2018/train,bho,L1,train:32286,anp_Deva
panel2,B,vardial2018/train,bho,L1,train:32309,bho_Deva
panel2,B,vardial2018/train,bho,L1,train:32327,bho_Deva
panel2,B,vardial2018/train,bho,L1,train:32337,bho_Deva
panel2,B,vardial2018/train,bho,L1,train:32454,bho_Deva
panel2,B,vardial2018/train,bho,L1,train:32576,bho_Deva
panel2,B,vardial2018/train,bho,L1,train:32651,bho_Deva
panel2,B,vardial2018/train,bho,L1,train:32654,bho_Deva
panel2,B,vardial2018/train,bho,L1,train:32756,bho_Deva
panel2,B,vardial2018/train,bho,L1,train:32892,mai_Deva
panel2,B,vardial2018/train,bho,L1,train:32905,bho_Deva
panel2,B,vardial2018/train,bho,L1,train:32937,bho_Deva
panel2,B,vardial2018/train,bho,L1,train:32948,mag_Deva
panel2,B,vardial2018/train,bho,L1,train:32963,bho_Deva
panel2,B,vardial2018/train,bho,L1,train:32972,bho_Deva
panel2,B,vardial2018/train,bho,L1,train:32987,hin_Deva
panel2,B,vardial2018/train,bho,L1,train:33075,thl_Deva
panel2,B,vardial2018/train,bho,L1,train:33084,mag_Deva
panel2,B,vardial2018/train,bho,L1,train:33138,bho_Deva
panel2,B,vardial2018/train,bho,L1,train:33150,bho_Deva
panel2,B,vardial2018/train,bho,L1,train:33275,bho_Deva
panel2,B,vardial2018/train,bho,L1,train:33372,bho_Deva
panel2,B,vardial2018/train,bho,L1,train:33391,mag_Deva
panel2,B,vardial2018/train,bho,L1,train:33424,bho_Deva
panel2,B,vardial2018/train,bho,L1,train:33447,hin_Deva
panel2,B,vardial2018/train,bho,L1,train:33535,bho_Deva
panel2,B,vardial2018/train,bho,L1,train:33588,bho_Deva
panel2,B,vardial2018/train,bho,L1,train:33589,bho_Deva
panel2,B,vardial2018/train,bho,L1,train:33612,mag_Deva
panel2,B,vardial2018/train,bho,L1,train:33619,bho_Deva
panel2,B,vardial2018/train,bho,L1,train:33634,anp_Deva
panel2,B,vardial2018/train,bho,L1,train:33678,bho_Deva
panel2,B,vardial2018/train,bho,L1,train:33679,bho_Deva
panel2,B,vardial2018/train,bho,L1,train:33706,bho_Deva
panel2,B,vardial2018/train,bho,L1,train:33736,bho_Deva
panel2,B,vardial2018/train,bho,L1,train:33747,bho_Deva
panel2,B,vardial2018/train,bho,L1,train:33778,bho_Deva
panel2,B,vardial2018/train,bho,L1,train:33819,bho_Deva
panel2,B,vardial2018/train,bho,L1,train:33841,bho_Deva
panel2,B,vardial2018/train,bho,L1,train:33847,bho_Deva
panel2,B,vardial2018/train,bho,L1,train:33874,bho_Deva
panel2,B,vardial2018/train,bho,L1,train:33948,bho_Deva
panel2,B,vardial2018/train,bho,L1,train:33969,bho_Deva
panel2,B,vardial2018/train,bho,L1,train:34008,bho_Deva
panel2,B,vardial2018/train,bho,L1,train:34041,hin_Deva
panel2,B,vardial2018/train,bho,L1,train:34055,anp_Deva
panel2,B,vardial2018/train,bho,L1,train:34105,mag_Deva
panel2,B,vardial2018/train,bho,L1,train:34145,bho_Deva
panel2,B,vardial2018/train,bho,L1,train:34200,awa_Deva
panel2,B,vardial2018/train,bho,L1,train:34243,bho_Deva
panel2,B,vardial2018/train,bho,L1,train:34252,anp_Deva
panel2,B,vardial2018/train,bho,L1,train:34267,bho_Deva
panel2,B,vardial2018/train,bho,L1,train:34343,bho_Deva
panel2,B,vardial2018/train,bho,L1,train:34393,hin_Deva
panel2,B,vardial2018/train,bho,L1,train:34407,bho_Deva
panel2,B,vardial2018/train,bho,L1,train:34482,bho_Deva
panel2,B,vardial2018/train,bho,L1,train:34499,mag_Deva
panel2,B,vardial2018/train,bho,L1,train:34560,mag_Deva
panel2,B,vardial2018/train,bho,L1,train:34568,bho_Deva
panel2,B,vardial2018/train,bho,L1,train:34583,bho_Deva
panel2,B,vardial2018/train,bho,L1,train:34608,bho_Deva
panel2,B,vardial2018/train,bho,L1,train:34630,bho_Deva
panel2,B,vardial2018/train,bho,L1,train:34640,bho_Deva
panel2,B,vardial2018/train,bho,L1,train:34647,new_Deva
panel2,B,vardial2018/train,bho,L1,train:34687,bho_Deva
panel2,B,vardial2018/train,bho,L1,train:34760,bho_Deva
panel2,B,vardial2018/train,bho,L1,train:34853,bho_Deva
panel2,B,vardial2018/train,bho,L1,train:34921,bho_Deva
panel2,B,vardial2018/train,bho,L1,train:34932,awa_Deva
panel2,B,vardial2018/train,bho,L1,train:34948,bho_Deva
panel2,B,vardial2018/train,bho,L1,train:34998,bho_Deva
panel2,B,vardial2018/train,bho,L1,train:35045,bho_Deva
panel2,B,vardial2018/train,bho,L1,train:35088,bho_Deva
panel2,B,vardial2018/train,bho,L1,train:35098,hin_Deva
panel2,B,vardial2018/train,bho,L1,train:35128,bho_Deva
panel2,B,vardial2018/train,bho,L1,train:35148,bho_Deva
panel2,B,vardial2018/train,bho,L1,train:35290,awa_Deva
panel2,B,vardial2018/train,bho,L1,train:35310,mag_Deva
panel2,B,vardial2018/train,bho,L1,train:35337,bho_Deva
panel2,B,vardial2018/train,bho,L1,train:35338,bho_Deva
panel2,B,vardial2018/train,bho,L1,train:35339,mag_Deva
panel2,B,vardial2018/train,bho,L1,train:35428,awa_Deva
panel2,B,vardial2018/train,bho,L1,train:35440,bho_Deva
panel2,B,vardial2018/train,bho,L1,train:35451,awa_Deva
panel2,B,vardial2018/train,bho,L1,train:35454,bho_Deva
panel2,B,vardial2018/train,bho,L1,train:35468,bho_Deva
panel2,B,vardial2018/train,bho,L1,train:35490,bho_Deva
panel2,B,vardial2018/train,bho,L1,train:35518,bho_Deva
panel2,B,vardial2018/train,bho,L1,train:35542,bho_Deva
panel2,B,vardial2018/train,bho,L1,train:35555,awa_Deva
panel2,B,vardial2018/train,bho,L1,train:35576,bho_Deva
panel2,B,vardial2018/train,bho,L1,train:35614,bho_Deva
panel2,B,vardial2018/train,bho,L1,train:35676,bho_Deva
panel2,B,vardial2018/train,bho,L1,train:35750,bho_Deva
panel2,B,vardial2018/train,bho,L1,train:35798,bho_Deva
panel2,B,vardial2018/train,bho,L1,train:35883,bho_Deva
panel2,B,vardial2018/train,bho,L1,train:35894,bho_Deva
panel2,B,vardial2018/train,bho,L1,train:35908,bho_Deva
panel2,B,vardial2018/train,bho,L1,train:35916,bho_Deva
panel2,B,vardial2018/train,bho,L1,train:35918,bho_Deva
panel2,B,vardial2018/train,bho,L1,train:35922,bho_Deva
panel2,B,vardial2018/train,bho,L1,train:35932,bho_Deva
panel2,B,vardial2018/train,bho,L1,train:35938,bho_Deva
panel2,B,vardial2018/train,bho,L1,train:35942,snd_Deva
panel2,B,vardial2018/train,bho,L1,train:35945,bho_Deva
panel2,B,vardial2018/train,bho,L1,train:35973,bho_Deva
panel2,B,vardial2018/train,bho,L1,train:35992,anp_Deva
panel2,B,vardial2018/train,bho,L1,train:36010,bho_Deva
panel2,B,vardial2018/train,bho,L1,train:36030,mag_Deva
panel2,B,vardial2018/train,bho,L1,train:36036,doi_Deva
panel2,B,vardial2018/train,bho,L1,train:36074,bho_Deva
panel2,B,vardial2018/train,bho,L1,train:36100,bho_Deva
panel2,B,vardial2018/train,bho,L1,train:36153,bho_Deva
panel2,B,vardial2018/train,bho,L1,train:36171,mag_Deva
panel2,B,vardial2018/train,bho,L1,train:36228,bho_Deva
panel2,B,vardial2018/train,bho,L1,train:36279,bho_Deva
panel2,B,vardial2018/train,bho,L1,train:36304,bho_Deva
panel2,B,vardial2018/train,bho,L1,train:36320,bho_Deva
panel2,B,vardial2018/train,bho,L1,train:36362,mag_Deva
panel2,B,vardial2018/train,bho,L1,train:36371,bho_Deva
panel2,B,vardial2018/train,bho,L1,train:36475,bho_Deva
panel2,B,vardial2018/train,bho,L1,train:36516,bho_Deva
panel2,B,vardial2018/train,bho,L1,train:36576,bho_Deva
panel2,B,vardial2018/train,bho,L1,train:36607,bho_Deva
panel2,B,vardial2018/train,bho,L1,train:36611,bho_Deva
panel2,B,vardial2018/train,bho,L1,train:36629,bho_Deva
panel2,B,vardial2018/train,bho,L1,train:36662,bho_Deva
panel2,B,vardial2018/train,bho,L1,train:36667,bho_Deva
panel2,B,vardial2018/train,bho,L1,train:36723,bho_Deva
panel2,B,vardial2018/train,bho,L1,train:36751,bho_Deva
panel2,B,vardial2018/train,bho,L1,train:36858,bho_Deva
panel2,B,vardial2018/train,bho,L1,train:36910,bho_Deva
panel2,B,vardial2018/train,bho,L1,train:36916,mag_Deva
panel2,B,vardial2018/train,bho,L1,train:36999,bho_Deva
panel2,B,vardial2018/train,bho,L1,train:37000,bho_Deva
panel2,B,vardial2018/train,bho,L1,train:37013,bho_Deva
panel2,B,vardial2018/train,bho,L1,train:37031,bho_Deva
panel2,B,vardial2018/train,bho,L1,train:37050,bho_Deva
panel2,B,vardial2018/train,bho,L1,train:37106,bho_Deva
panel2,B,vardial2018/train,bho,L1,train:37205,bho_Deva
panel2,B,vardial2018/train,bho,L1,train:37252,bho_Deva
panel2,B,vardial2018/train,bho,L1,train:37290,bho_Deva
panel2,B,vardial2018/train,bho,L1,train:37310,bho_Deva
panel2,B,vardial2018/train,bho,L1,train:37351,bho_Deva
panel2,B,vardial2018/train,bho,L1,train:37375,bho_Deva
panel2,B,vardial2018/train,bho,L1,train:37392,bho_Deva
panel2,B,vardial2018/train,bho,L1,train:37408,bho_Deva
panel2,B,vardial2018/train,bho,L1,train:37417,bho_Deva
panel2,B,vardial2018/train,bho,L1,train:37418,bho_Deva
panel2,B,vardial2018/train,bho,L1,train:37424,bho_Deva
panel2,B,vardial2018/train,bho,L1,train:37510,bho_Deva
panel2,B,vardial2018/train,bho,L1,train:37556,bho_Deva
panel2,B,vardial2018/train,bho,L1,train:37637,bho_Deva
panel2,B,vardial2018/train,bho,L1,train:37654,awa_Deva
panel2,B,vardial2018/train,bho,L1,train:37671,bho_Deva
panel2,B,vardial2018/train,bho,L1,train:37690,awa_Deva
panel2,B,vardial2018/train,bho,L1,train:37713,bho_Deva
panel2,B,vardial2018/train,bho,L1,train:37756,bho_Deva
panel2,B,vardial2018/train,bho,L1,train:37782,bho_Deva
panel2,B,vardial2018/train,bho,L1,train:37859,bho_Deva
panel2,B,vardial2018/train,bho,L1,train:37864,bho_Deva
panel2,B,vardial2018/train,bho,L1,train:37966,bho_Deva
panel2,B,vardial2018/train,bho,L1,train:38009,bho_Deva
panel2,B,vardial2018/train,bho,L1,train:38017,bho_Deva
panel2,B,vardial2018/train,bho,L1,train:38045,bho_Deva
panel2,B,vardial2018/train,bho,L1,train:38178,bho_Deva
panel2,B,vardial2018/train,bho,L1,train:38312,bho_Deva
panel2,B,vardial2018/train,bho,L1,train:38316,bho_Deva
panel2,B,vardial2018/train,bho,L1,train:38403,bho_Deva
panel2,B,vardial2018/train,bho,L1,train:38408,bho_Deva
panel2,B,vardial2018/train,bho,L1,train:38465,bho_Deva
panel2,B,vardial2018/train,bho,L1,train:38576,bho_Deva
panel2,B,vardial2018/train,bho,L1,train:38577,bho_Deva
panel2,B,vardial2018/train,bho,L1,train:38681,bho_Deva
panel2,B,vardial2018/train,bho,L1,train:38683,bho_Deva
panel2,B,vardial2018/train,bho,L1,train:38747,bho_Deva
panel2,B,vardial2018/train,bho,L1,train:38772,bho_Deva
panel2,B,vardial2018/train,bho,L1,train:38789,bho_Deva
panel2,B,vardial2018/train,bho,L1,train:38805,bho_Deva
panel2,B,vardial2018/train,bho,L1,train:38894,bho_Deva
panel2,B,vardial2018/train,bho,L1,train:38929,bho_Deva
panel2,B,vardial2018/train,bho,L1,train:38982,bho_Deva
panel2,B,vardial2018/train,bho,L1,train:39012,bho_Deva
panel2,B,vardial2018/train,bho,L1,train:39036,bho_Deva
panel2,B,vardial2018/train,bho,L1,train:39106,bho_Deva
panel2,B,vardial2018/train,bho,L1,train:39117,bho_Deva
panel2,B,vardial2018/train,bho,L1,train:39156,hin_Deva
panel2,B,vardial2018/train,bho,L1,train:39262,bho_Deva
panel2,B,vardial2018/train,bho,L1,train:39295,bho_Deva
panel2,B,vardial2018/train,bho,L1,train:39344,awa_Deva
panel2,B,vardial2018/train,bho,L1,train:39365,bho_Deva
panel2,B,vardial2018/train,bho,L1,train:39382,bho_Deva
panel2,B,vardial2018/train,bho,L1,train:39423,bho_Deva
panel2,B,vardial2018/train,bho,L1,train:39505,bho_Deva
panel2,B,vardial2018/train,bho,L1,train:39509,bho_Deva
panel2,B,vardial2018/train,bho,L1,train:39580,bho_Deva
panel2,B,vardial2018/train,bho,L1,train:39583,bho_Deva
panel2,B,vardial2018/train,bho,L1,train:39605,mag_Deva
panel2,B,vardial2018/train,bho,L1,train:39738,bho_Deva
panel2,B,vardial2018/train,bho,L1,train:39814,bho_Deva
panel2,B,vardial2018/train,bho,L1,train:39856,bho_Deva
panel2,B,vardial2018/train,bho,L1,train:39983,hin_Deva
panel2,B,vardial2018/train,bho,L1,train:40014,bho_Deva
panel2,B,vardial2018/train,bho,L1,train:40029,bho_Deva
panel2,B,vardial2018/train,bho,L1,train:40040,bho_Deva
panel2,B,vardial2018/train,bho,L1,train:40045,bho_Deva
panel2,B,vardial2018/train,bho,L1,train:40048,bho_Deva
panel2,B,vardial2018/train,bho,L1,train:40064,bho_Deva
panel2,B,vardial2018/train,bho,L1,train:40110,bho_Deva
panel2,B,vardial2018/train,bho,L1,train:40111,bho_Deva
panel2,B,vardial2018/train,bho,L1,train:40132,mag_Deva
panel2,B,vardial2018/train,bho,L1,train:40160,bho_Deva
panel2,B,vardial2018/train,bho,L1,train:40179,bho_Deva
panel2,B,vardial2018/train,bho,L1,train:40329,bho_Deva
panel2,B,vardial2018/train,bho,L1,train:40455,bho_Deva
panel2,B,vardial2018/train,bho,L1,train:40524,mag_Deva
panel2,B,vardial2018/train,bho,L1,train:40565,bho_Deva
panel2,B,vardial2018/train,bho,L1,train:40609,awa_Deva
panel2,B,vardial2018/train,bho,L1,train:40679,bho_Deva
panel2,B,vardial2018/train,bho,L1,train:40710,bho_Deva
panel2,B,vardial2018/train,bho,L1,train:40725,anp_Deva
panel2,B,vardial2018/train,bho,L1,train:40726,mag_Deva
panel2,B,vardial2018/train,bho,L1,train:40779,bho_Deva
panel2,B,vardial2018/train,bho,L1,train:40794,bho_Deva
panel2,B,vardial2018/train,bho,L1,train:40802,bho_Deva
panel2,B,vardial2018/train,bho,L1,train:40855,npi_Deva
panel2,B,vardial2018/train,bho,L1,train:40862,bho_Deva
panel2,B,vardial2018/train,bho,L1,train:40877,bho_Deva
panel2,B,vardial2018/train,bho,L1,train:40896,bho_Deva
panel2,B,vardial2018/train,bho,L1,train:40912,bho_Deva
panel2,B,vardial2018/train,bho,L1,train:40916,bho_Deva
panel2,B,vardial2018/train,bho,L1,train:40944,bho_Deva
panel2,B,vardial2018/train,bho,L1,train:40961,bho_Deva
panel2,B,vardial2018/train,bho,L1,train:41018,anp_Deva
panel2,B,vardial2018/train,bho,L1,train:41020,bho_Deva
panel2,B,vardial2018/train,bho,L1,train:41039,bho_Deva
panel2,B,vardial2018/train,bho,L1,train:41077,bho_Deva
panel2,B,vardial2018/train,bho,L1,train:41081,bho_Deva
panel2,B,vardial2018/train,bho,L1,train:41100,bho_Deva
panel2,B,vardial2018/train,bho,L1,train:41122,bho_Deva
panel2,B,vardial2018/train,bho,L1,train:41169,bho_Deva
panel2,B,vardial2018/train,bho,L1,train:41174,bho_Deva
panel2,B,vardial2018/train,bho,L1,train:41176,bho_Deva
panel2,B,vardial2018/train,bho,L1,train:41182,bho_Deva
panel2,B,vardial2018/train,bho,L1,train:41189,bho_Deva
panel2,B,vardial2018/train,bho,L1,train:41205,bho_Deva
panel2,B,vardial2018/train,bho,L1,train:41213,bho_Deva
panel2,B,vardial2018/train,bho,L1,train:41232,bho_Deva
panel2,B,vardial2018/train,bho,L1,train:41305,mai_Deva
panel2,B,vardial2018/train,bho,L1,train:41391,bho_Deva
panel2,B,vardial2018/train,bho,L1,train:41466,bho_Deva
panel2,B,vardial2018/train,bho,L1,train:41479,hin_Deva
panel2,B,vardial2018/train,bho,L1,train:41509,bho_Deva
panel2,B,vardial2018/train,bho,L1,train:41514,awa_Deva
panel2,B,vardial2018/train,bho,L1,train:41527,bho_Deva
panel2,B,vardial2018/train,bho,L1,train:41530,bho_Deva
panel2,B,vardial2018/train,bho,L1,train:41540,bho_Deva
panel2,B,vardial2018/train,bho,L1,train:41615,bho_Deva
panel2,B,vardial2018/train,bho,L1,train:41621,mag_Deva
panel2,B,vardial2018/train,bho,L1,train:41715,bho_Deva
panel2,B,vardial2018/train,bho,L1,train:41781,bho_Deva
panel2,B,vardial2018/train,bho,L1,train:41861,bho_Deva
panel2,B,vardial2018/train,bho,L1,train:41868,awa_Deva
panel2,B,vardial2018/train,bho,L1,train:41927,awa_Deva
panel2,B,vardial2018/train,bho,L1,train:41931,bho_Deva
panel2,B,vardial2018/train,bho,L1,train:41942,bho_Deva
panel2,B,vardial2018/train,bho,L1,train:41981,bho_Deva
panel2,B,vardial2018/train,bho,L1,train:42045,anp_Deva
panel2,B,vardial2018/train,bho,L1,train:42054,bho_Deva
panel2,B,vardial2018/train,bho,L1,train:42055,bho_Deva
panel2,B,vardial2018/train,bho,L1,train:42065,bho_Deva
panel2,B,vardial2018/train,bho,L1,train:42164,bho_Deva
panel2,B,vardial2018/train,bho,L1,train:42198,bho_Deva
panel2,B,vardial2018/train,bho,L1,train:42230,bho_Deva
panel2,B,vardial2018/train,bho,L1,train:42261,bho_Deva
panel2,B,vardial2018/train,bho,L1,train:42315,bho_Deva
panel2,B,vardial2018/train,bho,L1,train:42506,bho_Deva
panel2,B,vardial2018/train,bho,L1,train:42507,bho_Deva
panel2,B,vardial2018/train,bho,L1,train:42564,bho_Deva
panel2,B,vardial2018/train,bho,L1,train:42598,bho_Deva
panel2,B,vardial2018/train,bho,L1,train:42665,bho_Deva
panel2,B,vardial2018/train,bho,L1,train:42677,bho_Deva
panel2,B,vardial2018/train,bho,L1,train:42742,bho_Deva
panel2,B,vardial2018/train,bho,L1,train:42760,bho_Deva
panel2,B,vardial2018/train,bho,L1,train:42886,bho_Deva
panel2,B,vardial2018/train,bho,L1,train:42902,anp_Deva
panel2,B,vardial2018/train,bho,L1,train:42940,awa_Deva
panel2,B,vardial2018/train,bho,L1,train:42992,bho_Deva
panel2,B,vardial2018/train,bho,L1,train:43020,bho_Deva
panel2,B,vardial2018/train,bho,L1,train:43023,bho_Deva
panel2,B,vardial2018/train,bho,L1,train:43162,bho_Deva
panel2,B,vardial2018/train,bho,L1,train:43260,bho_Deva
panel2,B,vardial2018/train,bho,L1,train:43300,bho_Deva
panel2,B,vardial2018/train,bho,L1,train:43343,bho_Deva
panel2,B,vardial2018/train,bho,L1,train:43347,bho_Deva
panel2,B,vardial2018/train,bho,L1,train:43412,bho_Deva
panel2,B,vardial2018/train,bho,L1,train:43452,bho_Deva
panel2,B,vardial2018/train,bho,L1,train:43454,bho_Deva
panel2,B,vardial2018/train,bho,L1,train:43510,bho_Deva
panel2,B,vardial2018/train,bho,L1,train:43512,bho_Deva
panel2,B,vardial2018/train,bho,L1,train:43565,bho_Deva
panel2,B,vardial2018/train,bho,L1,train:43622,bho_Deva
panel2,B,vardial2018/train,bho,L1,train:43660,bho_Deva
panel2,B,vardial2018/train,bho,L1,train:43693,bho_Deva
panel2,B,vardial2018/train,bho,L1,train:43733,bho_Deva
panel2,B,vardial2018/train,bho,L1,train:43813,awa_Deva
panel2,B,vardial2018/train,bho,L1,train:43826,bho_Deva
panel2,B,vardial2018/train,bho,L1,train:43905,mag_Deva
panel2,B,vardial2018/train,bho,L1,train:43913,bho_Deva
panel2,B,vardial2018/train,bho,L1,train:43939,bho_Deva
panel2,B,vardial2018/train,bho,L1,train:43979,bho_Deva
panel2,B,vardial2018/train,bho,L1,train:44028,bho_Deva
panel2,B,vardial2018/train,bho,L1,train:44035,bho_Deva
panel2,B,vardial2018/train,bho,L1,train:44048,bho_Deva
panel2,B,vardial2018/train,bho,L1,train:44050,bho_Deva
panel2,B,vardial2018/train,bho,L1,train:44097,bho_Deva
panel2,B,vardial2018/train,bho,L1,train:44155,npi_Deva
panel2,B,vardial2018/train,bho,L1,train:44166,bho_Deva
panel2,B,vardial2018/train,bho,L1,train:44203,anp_Deva
panel2,B,vardial2018/train,bho,L1,train:44242,bho_Deva
panel2,B,vardial2018/train,bho,L1,train:44246,bho_Deva
panel2,B,vardial2018/train,bho,L1,train:44265,bho_Deva
panel2,B,vardial2018/train,bho,L1,train:44268,bho_Deva
panel2,B,vardial2018/train,bho,L1,train:44423,bho_Deva
panel2,B,vardial2018/train,bho,L1,train:44493,bho_Deva
panel2,B,vardial2018/train,bho,L1,train:44536,bho_Deva
panel2,B,vardial2018/train,bho,L1,train:44557,sck_Deva
panel2,B,vardial2018/train,bho,L1,train:44569,bho_Deva
panel2,B,vardial2018/train,bho,L1,train:44586,awa_Deva
panel2,B,vardial2018/train,bho,L1,train:44666,bho_Deva
panel2,B,vardial2018/train,bho,L1,train:44694,sck_Deva
panel2,B,vardial2018/train,bho,L1,train:44715,bho_Deva
panel2,B,vardial2018/train,bho,L1,train:44741,bho_Deva
panel2,B,vardial2018/train,bho,L1,train:44751,bho_Deva
panel2,B,vardial2018/train,bho,L1,train:44829,bho_Deva
panel2,B,vardial2018/train,bho,L1,train:44856,bho_Deva
panel2,B,vardial2018/train,bho,L1,train:44857,bho_Deva
panel2,B,vardial2018/train,bho,L1,train:44910,bho_Deva
panel2,B,vardial2018/train,bho,L1,train:44922,bho_Deva
panel2,B,vardial2018/train,bho,L1,train:44942,bho_Deva
panel2,B,vardial2018/train,bho,L1,train:45023,bho_Deva
panel2,B,vardial2018/train,bho,L1,train:45026,mag_Deva
panel2,B,vardial2018/train,bho,L1,train:45030,bho_Deva
panel2,B,vardial2018/train,bho,L1,train:45085,bho_Deva
panel2,B,vardial2018/train,bho,L1,train:45157,bho_Deva
panel2,B,vardial2018/train,bho,L1,train:45182,bho_Deva
panel2,B,vardial2018/train,bho,L1,train:45196,bho_Deva
panel2,B,vardial2018/train,bho,L1,train:45231,bho_Deva
panel2,B,vardial2018/train,bho,L1,train:45271,bho_Deva
panel2,B,vardial2018/train,bho,L1,train:45328,rjs_Deva
panel2,B,vardial2018/train,bho,L1,train:45342,bho_Deva
panel2,B,vardial2018/train,bho,L1,train:45387,bho_Deva
panel2,B,vardial2018/train,bho,L1,train:45430,bho_Deva
panel2,B,vardial2018/train,bho,L1,train:45441,bho_Deva
panel2,B,vardial2018/train,bho,L1,train:45525,bho_Deva
panel2,B,vardial2018/train,bho,L1,train:45529,bho_Deva
panel2,B,vardial2018/train,bho,L1,train:45547,hne_Deva
panel2,B,vardial2018/train,bho,L1,train:45560,bho_Deva
panel2,B,vardial2018/train,bho,L1,train:45564,bho_Deva
panel2,B,vardial2018/train,bho,L1,train:45583,bho_Deva
panel2,B,vardial2018/train,bho,L1,train:45591,bho_Deva
panel2,B,vardial2018/train,bho,L1,train:45601,bho_Deva
panel2,B,vardial2018/train,bho,L1,train:45612,bho_Deva
panel2,B,vardial2018/train,bho,L1,train:45788,bho_Deva
panel2,B,vardial2018/train,bho,L1,train:45801,bho_Deva
panel2,B,vardial2018/train,bho,L1,train:45827,bho_Deva
panel2,B,vardial2018/train,bho,L1,train:45842,bho_Deva
panel2,B,vardial2018/train,bho,L1,train:45896,bho_Deva
panel2,B,vardial2018/train,bho,L1,train:45928,bho_Deva
panel2,B,vardial2018/train,bho,L1,train:46049,bho_Deva
panel2,B,vardial2018/train,bho,L1,train:46056,bho_Deva
panel2,B,vardial2018/train,bho,L1,train:46077,awa_Deva
panel2,B,vardial2018/train,bho,L1,train:46087,bho_Deva
panel2,B,vardial2018/train,bho,L1,train:46121,mag_Deva
panel2,B,vardial2018/train,bho,L1,train:46145,awa_Deva
panel2,B,vardial2018/train,bho,L1,train:46178,bho_Deva
panel2,B,vardial2018/train,bho,L1,train:46215,bho_Deva
panel2,B,vardial2018/train,bho,L1,train:46237,bho_Deva
panel2,B,vardial2018/train,bho,L1,train:46243,bho_Deva
panel2,B,vardial2018/train,bho,L1,train:46375,bho_Deva
panel2,B,vardial2018/train,bho,L1,train:46409,bho_Deva
panel2,B,vardial2018/train,bho,L1,train:46474,bho_Deva
panel2,B,vardial2018/train,bho,L1,train:46507,bho_Deva
panel2,B,vardial2018/train,bho,L1,train:46536,bho_Deva
panel2,B,vardial2018/train,bho,L1,train:46584,awa_Deva
panel2,B,vardial2018/train,bho,L1,train:46589,bho_Deva
panel2,B,vardial2018/train,bho,L1,train:46609,bho_Deva
panel2,B,vardial2018/train,bho,L1,train:46632,bho_Deva
panel2,B,vardial2018/train,bho,L1,train:46633,bho_Deva
panel2,B,vardial2018/train,bho,L1,train:46673,bho_Deva
panel2,B,vardial2018/train,bho,L1,train:46680,bho_Deva
panel2,B,vardial2018/train,bho,L1,train:46702,bho_Deva
panel2,B,vardial2018/train,bho,L1,train:46745,bho_Deva
panel2,B,vardial2018/train,bho,L1,train:46869,hne_Deva
panel2,B,vardial2018/train,bho,L1,train:46905,awa_Deva
panel2,B,vardial2018/train,bho,L1,train:46935,bho_Deva
panel2,B,vardial2018/train,bho,L1,train:46978,bho_Deva
panel2,B,vardial2018/train,bho,L1,train:46987,bho_Deva
panel2,B,vardial2018/train,bho,L1,train:47000,bho_Deva
panel2,B,vardial2018/train,bho,L1,train:47001,bho_Deva
panel2,B,vardial2018/train,bho,L1,train:47016,mag_Deva
panel2,B,vardial2018/train,bho,L1,train:47097,mag_Deva
panel2,B,vardial2018/train,bho,L1,train:47109,bho_Deva
panel2,B,vardial2018/train,bho,L1,train:47148,bho_Deva
panel2,B,vardial2018/train,bho,L1,train:47199,bho_Deva
panel2,B,vardial2018/train,bho,L1,train:47213,bho_Deva
panel2,B,vardial2018/train,bho,L1,train:47262,bho_Deva
panel2,B,vardial2018/train,bho,L1,train:47274,bho_Deva
panel2,B,vardial2018/train,bho,L1,train:47305,bho_Deva
panel2,B,vardial2018/train,bho,L1,train:47347,bho_Deva
panel2,B,vardial2018/train,bho,L1,train:47370,new_Deva
panel2,B,vardial2018/train,bho,L1,train:47379,bho_Deva
panel2,B,vardial2018/train,bho,L1,train:47399,hne_Deva
panel2,B,vardial2018/train,bho,L1,train:47436,bho_Deva
panel2,B,vardial2018/train,bho,L1,train:47445,bho_Deva
panel2,B,vardial2018/train,bho,L1,train:47456,bho_Deva
panel2,B,vardial2018/train,bho,L1,train:47561,anp_Deva
panel2,B,vardial2018/train,bho,L1,train:47565,bho_Deva
panel2,B,vardial2018/train,bho,L1,train:47600,mag_Deva
panel2,B,vardial2018/train,bho,L1,train:47629,awa_Deva
panel2,B,vardial2018/train,bho,L1,train:47648,bho_Deva
panel2,B,vardial2018/train,bho,L1,train:47697,anp_Deva
panel2,B,vardial2018/train,bho,L1,train:47714,bho_Deva
panel2,B,vardial2018/train,bho,L1,train:47789,bho_Deva
panel2,B,vardial2018/train,bho,L1,train:47790,bho_Deva
panel2,B,vardial2018/train,bho,L1,train:47798,bho_Deva
panel2,B,vardial2018/train,bho,L1,train:47823,bho_Deva
panel2,B,vardial2018/train,bho,L1,train:47946,bho_Deva
panel2,B,vardial2018/train,bho,L1,train:47960,bho_Deva
panel2,B,vardial2018/train,bho,L1,train:47972,bho_Deva
panel2,B,vardial2018/train,bho,L1,train:47987,new_Deva
panel2,B,vardial2018/train,bho,L1,train:48020,bho_Deva
panel2,B,vardial2018/train,bho,L1,train:48023,bho_Deva
panel2,B,vardial2018/train,bho,L1,train:48033,bho_Deva
panel2,B,vardial2018/train,bho,L1,train:48085,bho_Deva
panel2,B,vardial2018/train,bho,L1,train:48165,bho_Deva
panel2,B,vardial2018/train,bho,L1,train:48196,bho_Deva
panel2,B,vardial2018/train,bho,L1,train:48206,bho_Deva
panel2,B,vardial2018/train,bho,L1,train:48225,bho_Deva
panel2,B,vardial2018/train,bho,L1,train:48287,bho_Deva
panel2,B,vardial2018/train,bho,L1,train:48330,bho_Deva
panel2,B,vardial2018/train,bho,L1,train:48388,bho_Deva
panel2,B,vardial2018/train,bho,L1,train:48410,bho_Deva
panel2,B,vardial2018/train,bho,L1,train:48459,hne_Deva
panel2,B,vardial2018/train,bho,L1,train:48468,bho_Deva
panel2,B,vardial2018/train,bho,L1,train:48475,bho_Deva
panel2,B,vardial2018/train,bho,L1,train:48495,bho_Deva
panel2,B,vardial2018/train,bho,L1,train:48540,bho_Deva
panel2,B,vardial2018/train,bho,L1,train:48582,bho_Deva
panel2,B,vardial2018/train,bho,L1,train:48587,anp_Deva
panel2,B,vardial2018/train,bho,L1,train:48606,bho_Deva
panel2,B,vardial2018/train,bho,L1,train:48652,bho_Deva
panel2,B,vardial2018/train,bho,L1,train:48688,bho_Deva
panel2,B,vardial2018/train,bho,L1,train:48804,bho_Deva
panel2,B,vardial2018/train,bho,L1,train:48873,bho_Deva
panel2,B,vardial2018/train,bho,L1,train:48882,bho_Deva
panel2,B,vardial2018/train,bho,L1,train:48891,anp_Deva
panel2,B,vardial2018/train,bho,L1,train:48935,bho_Deva
panel2,B,vardial2018/train,bho,L1,train:48947,bho_Deva
panel2,B,vardial2018/train,bho,L1,train:49045,bho_Deva
panel2,B,vardial2018/train,bho,L1,train:49109,bho_Deva
panel2,B,vardial2018/train,bho,L1,train:49117,hin_Deva
panel2,B,vardial2018/train,bho,L1,train:49124,bho_Deva
panel2,B,vardial2018/train,bho,L1,train:49132,bho_Deva
panel2,B,vardial2018/train,bho,L1,train:49292,bho_Deva
panel2,B,vardial2018/train,bho,L1,train:49294,bho_Deva
panel2,B,vardial2018/train,bho,L1,train:49309,bho_Deva
panel2,B,vardial2018/train,bho,L1,train:49317,bho_Deva
panel2,B,vardial2018/train,bho,L1,train:49327,bho_Deva
panel2,B,vardial2018/train,bho,L1,train:49477,bho_Deva
panel2,B,vardial2018/train,bho,L1,train:49485,bho_Deva
panel2,B,vardial2018/train,bho,L1,train:49564,bho_Deva
panel2,B,vardial2018/train,bho,L1,train:49604,bho_Deva
panel2,B,vardial2018/train,bho,L1,train:49608,bho_Deva
panel2,B,vardial2018/train,bho,L1,train:49631,bho_Deva
panel2,B,vardial2018/train,bho,L1,train:49780,anp_Deva
panel2,B,vardial2018/train,bho,L1,train:49817,bho_Deva
panel2,B,vardial2018/train,bho,L1,train:49954,bho_Deva
panel2,B,vardial2018/train,bho,L1,train:49961,bho_Deva
panel2,B,vardial2018/train,bho,L1,train:49983,bho_Deva
panel2,B,vardial2018/train,bho,L1,train:49991,bho_Deva
panel2,B,vardial2018/train,bho,L1,train:50069,bho_Deva
panel2,B,vardial2018/train,bho,L1,train:50094,bho_Deva
panel2,B,vardial2018/train,bho,L1,train:50158,bho_Deva
panel2,B,vardial2018/train,bho,L1,train:50182,mag_Deva
panel2,B,vardial2018/train,bho,L1,train:50224,awa_Deva
panel2,B,vardial2018/train,bho,L1,train:50285,bho_Deva
panel2,B,vardial2018/train,bho,L1,train:50356,bho_Deva
panel2,B,vardial2018/train,bho,L1,train:50409,kas_Deva
panel2,B,vardial2018/train,bho,L1,train:50447,bho_Deva
panel2,B,vardial2018/train,bho,L1,train:50461,mag_Deva
panel2,B,vardial2018/train,bho,L1,train:50474,anp_Deva
panel2,B,vardial2018/train,bho,L1,train:50487,bho_Deva
panel2,B,vardial2018/train,bho,L1,train:50522,bho_Deva
panel2,B,vardial2018/train,bho,L1,train:50560,bho_Deva
panel2,B,vardial2018/train,bho,L1,train:50577,bho_Deva
panel2,B,vardial2018/train,bho,L1,train:50582,bho_Deva
panel2,B,vardial2018/train,bho,L1,train:50589,bho_Deva
panel2,B,vardial2018/train,bho,L1,train:50611,anp_Deva
panel2,B,vardial2018/train,bho,L1,train:50630,bho_Deva
panel2,B,vardial2018/train,bho,L1,train:50644,bho_Deva
panel2,B,vardial2018/train,bho,L1,train:50655,bho_Deva
panel2,B,vardial2018/train,bho,L1,train:50713,bho_Deva
panel2,B,vardial2018/train,bho,L1,train:50719,bho_Deva
panel2,B,vardial2018/train,bho,L1,train:50723,bho_Deva
panel2,B,vardial2018/train,bho,L1,train:50732,bho_Deva
panel2,B,vardial2018/train,bho,L1,train:50748,bho_Deva
panel2,B,vardial2018/train,bho,L1,train:50757,bho_Deva
panel2,B,vardial2018/train,bho,L1,train:50824,bho_Deva
panel2,B,vardial2018/train,bho,L1,train:50902,bho_Deva
panel2,B,vardial2018/train,bho,L1,train:50920,hin_Deva
panel2,B,vardial2018/train,bho,L1,train:50946,bho_Deva
panel2,B,vardial2018/train,bho,L1,train:51083,bho_Deva
panel2,B,vardial2018/train,bho,L1,train:51109,bho_Deva
panel2,B,vardial2018/train,bho,L1,train:51118,bho_Deva
panel2,B,vardial2018/train,bho,L1,train:51138,awa_Deva
panel2,B,vardial2018/train,bho,L1,train:51141,bho_Deva
panel2,B,vardial2018/train,bho,L1,train:51172,anp_Deva
panel2,B,vardial2018/train,bho,L1,train:51179,bho_Deva
panel2,B,vardial2018/train,bho,L1,train:51208,bho_Deva
panel2,B,vardial2018/train,bho,L1,train:51305,bho_Deva
panel2,B,vardial2018/train,bho,L1,train:51369,bho_Deva
panel2,B,vardial2018/train,bho,L1,train:51396,bho_Deva
panel2,B,vardial2018/train,bho,L1,train:51415,bho_Deva
panel2,B,vardial2018/train,bho,L1,train:51445,bho_Deva
panel2,B,vardial2018/train,bho,L1,train:51477,awa_Deva
panel2,B,vardial2018/train,bho,L1,train:51489,bho_Deva
panel2,B,vardial2018/train,bho,L1,train:51639,bho_Deva
panel2,B,vardial2018/train,bho,L1,train:51675,bho_Deva
panel2,B,vardial2018/train,bho,L1,train:51777,bho_Deva
panel2,B,vardial2018/train,bho,L1,train:51796,awa_Deva
panel2,B,vardial2018/train,bho,L1,train:51807,bho_Deva
panel2,B,vardial2018/train,bho,L1,train:51809,bho_Deva
panel2,B,vardial2018/train,bho,L1,train:51812,bho_Deva
panel2,B,vardial2018/train,bho,L1,train:51856,awa_Deva
panel2,B,vardial2018/train,bho,L1,train:51865,bho_Deva
panel2,B,vardial2018/train,bho,L1,train:51866,awa_Deva
panel2,B,vardial2018/train,bho,L1,train:51884,bho_Deva
panel2,B,vardial2018/train,bho,L1,train:51949,bho_Deva
panel2,B,vardial2018/train,bho,L1,train:51959,anp_Deva
panel2,B,vardial2018/train,bho,L1,train:51978,bho_Deva
panel2,B,vardial2018/train,bho,L1,train:52023,bho_Deva
panel2,B,vardial2018/train,bho,L1,train:52027,brx_Deva
panel2,B,vardial2018/train,bho,L1,train:52173,bho_Deva
panel2,B,vardial2018/train,bho,L1,train:52177,bho_Deva
panel2,B,vardial2018/train,bho,L1,train:52190,bho_Deva
panel2,B,vardial2018/train,bho,L1,train:52215,doi_Deva
panel2,B,vardial2018/train,bho,L1,train:52251,bho_Deva
panel2,B,vardial2018/train,bho,L1,train:52260,bho_Deva
panel2,B,vardial2018/train,bho,L1,train:52283,bho_Deva
panel2,B,vardial2018/train,bho,L1,train:52293,awa_Deva
panel2,B,vardial2018/train,bho,L1,train:52325,awa_Deva
panel2,B,vardial2018/train,bho,L1,train:52380,bho_Deva
panel2,B,vardial2018/train,bho,L1,train:52392,bho_Deva
panel2,B,vardial2018/train,bho,L1,train:52459,hin_Deva
panel2,B,vardial2018/train,bho,L1,train:52468,bho_Deva
panel2,B,vardial2018/train,bho,L1,train:52486,bho_Deva
panel2,B,vardial2018/train,bho,L1,train:52515,awa_Deva
panel2,B,vardial2018/train,bho,L1,train:52521,bho_Deva
panel2,B,vardial2018/train,bho,L1,train:52526,bho_Deva
panel2,B,vardial2018/train,bho,L1,train:52580,bho_Deva
panel2,B,vardial2018/train,bho,L1,train:52607,mag_Deva
panel2,B,vardial2018/train,bho,L1,train:52632,bho_Deva
panel2,B,vardial2018/train,bho,L1,train:52634,bho_Deva
panel2,B,vardial2018/train,bho,L1,train:52636,bho_Deva
panel2,B,vardial2018/train,bho,L1,train:52788,bho_Deva
panel2,B,vardial2018/train,bho,L1,train:52819,bho_Deva
panel2,B,vardial2018/train,bho,L1,train:52869,bho_Deva
panel2,B,vardial2018/train,bho,L1,train:52959,mag_Deva
panel2,B,vardial2018/train,bho,L1,train:52973,bho_Deva
panel2,B,vardial2018/train,bho,L1,train:52991,awa_Deva
panel2,B,vardial2018/train,bho,L1,train:53004,bho_Deva
panel2,B,vardial2018/train,bho,L1,train:53020,bho_Deva
panel2,B,vardial2018/train,bho,L1,train:53067,bho_Deva
panel2,B,vardial2018/train,bho,L1,train:53088,bho_Deva
panel2,B,vardial2018/train,bho,L1,train:53120,bho_Deva
panel2,B,vardial2018/train,bho,L1,train:53127,bho_Deva
panel2,B,vardial2018/train,bho,L1,train:53145,bho_Deva
panel2,B,vardial2018/train,bho,L1,train:53206,bho_Deva
panel2,B,vardial2018/train,bho,L1,train:53216,bho_Deva
panel2,B,vardial2018/train,bho,L1,train:53218,awa_Deva
panel2,B,vardial2018/train,bho,L1,train:53220,bho_Deva
panel2,B,vardial2018/train,bho,L1,train:53244,bho_Deva
panel2,B,vardial2018/train,bho,L1,train:53253,bho_Deva
panel2,B,vardial2018/train,bho,L1,train:53302,bho_Deva
panel2,B,vardial2018/train,bho,L1,train:53327,bho_Deva
panel2,B,vardial2018/train,bho,L1,train:53346,bho_Deva
panel2,B,vardial2018/train,bho,L1,train:53358,bho_Deva
panel2,B,vardial2018/train,bho,L1,train:53359,anp_Deva
panel2,B,vardial2018/train,bho,L1,train:53428,bho_Deva
panel2,B,vardial2018/train,bho,L1,train:53471,bho_Deva
panel2,B,vardial2018/train,bho,L1,train:53477,bho_Deva
panel2,B,vardial2018/train,bho,L1,train:53496,awa_Deva
panel2,B,vardial2018/train,bho,L1,train:53509,bho_Deva
panel2,B,vardial2018/train,bho,L1,train:53536,bho_Deva
panel2,B,vardial2018/train,bho,L1,train:53565,bho_Deva
panel2,B,vardial2018/train,bho,L1,train:53582,bho_Deva
panel2,B,vardial2018/train,bho,L1,train:53583,bho_Deva
panel2,B,vardial2018/train,bho,L1,train:53609,bho_Deva
panel2,B,vardial2018/train,bho,L1,train:53652,bho_Deva
panel2,B,vardial2018/train,bho,L1,train:53683,bho_Deva
panel2,B,vardial2018/train,bho,L1,train:53690,bho_Deva
panel2,B,vardial2018/train,bho,L1,train:53736,hin_Deva
panel2,B,vardial2018/train,bho,L1,train:53741,bho_Deva
panel2,B,vardial2018/train,bho,L1,train:53764,mag_Deva
panel2,B,vardial2018/train,bho,L1,train:53816,hin_Deva
panel2,B,vardial2018/train,bho,L1,train:53826,bho_Deva
panel2,B,vardial2018/train,bho,L1,train:53828,bho_Deva
panel2,B,vardial2018/train,bho,L1,train:53920,bho_Deva
panel2,B,vardial2018/train,bho,L1,train:53923,bho_Deva
panel2,B,vardial2018/train,bho,L1,train:53931,mai_Deva
panel2,B,vardial2018/train,bho,L1,train:53950,bho_Deva
panel2,B,vardial2018/train,bho,L1,train:53965,bho_Deva
panel2,B,vardial2018/train,bho,L1,train:53971,bho_Deva
panel2,B,vardial2018/train,bho,L1,train:53975,bho_Deva
panel2,B,vardial2018/train,bho,L1,train:54087,anp_Deva
panel2,B,vardial2018/train,bho,L1,train:54120,bho_Deva
panel2,B,vardial2018/train,bho,L1,train:54199,bho_Deva
panel2,B,vardial2018/train,bho,L1,train:54203,bho_Deva
panel2,B,vardial2018/train,bho,L1,train:54218,mag_Deva
panel2,B,vardial2018/train,bho,L1,train:54291,bho_Deva
panel2,B,vardial2018/train,bho,L1,train:54421,bho_Deva
panel2,B,vardial2018/train,bho,L1,train:54453,bho_Deva
panel2,B,vardial2018/train,bho,L1,train:54472,bho_Deva
panel2,B,vardial2018/train,bho,L1,train:54477,bho_Deva
panel2,B,vardial2018/train,bho,L1,train:54486,bho_Deva
panel2,B,vardial2018/train,bho,L1,train:54512,bho_Deva
panel2,B,vardial2018/train,bho,L1,train:54530,bho_Deva
panel2,B,vardial2018/train,bho,L1,train:54556,mai_Deva
panel2,B,vardial2018/train,bho,L1,train:54562,bho_Deva
panel2,B,vardial2018/train,bho,L1,train:54587,bho_Deva
panel2,B,vardial2018/train,bho,L1,train:54588,bho_Deva
panel2,B,vardial2018/train,bho,L1,train:54611,mai_Deva
panel2,B,vardial2018/train,bho,L1,train:54624,bho_Deva
panel2,B,vardial2018/train,bho,L1,train:54642,bho_Deva
panel2,B,vardial2018/train,bho,L1,train:54692,bho_Deva
panel2,B,vardial2018/train,bho,L1,train:54873,bho_Deva
panel2,B,vardial2018/train,bho,L1,train:54880,bho_Deva
panel2,B,vardial2018/train,bho,L1,train:54903,anp_Deva
panel2,B,vardial2018/train,bho,L1,train:54911,new_Deva
panel2,B,vardial2018/train,bho,L1,train:54913,gom_Deva
panel2,B,vardial2018/train,bho,L1,train:55007,thl_Deva
panel2,B,vardial2018/train,bho,L1,train:55011,bho_Deva
panel2,B,vardial2018/train,bho,L1,train:55059,bho_Deva
panel2,B,vardial2018/train,bho,L1,train:55073,thl_Deva
panel2,B,vardial2018/train,bho,L1,train:55134,bho_Deva
panel2,B,vardial2018/train,bho,L1,train:55139,bho_Deva
panel2,B,vardial2018/train,bho,L1,train:55145,bho_Deva
panel2,B,vardial2018/train,bho,L1,train:55186,bho_Deva
panel2,B,vardial2018/train,bho,L1,train:55195,bho_Deva
panel2,B,vardial2018/train,bho,L1,train:55261,bho_Deva
panel2,B,vardial2018/train,bho,L1,train:55270,bho_Deva
panel2,B,vardial2018/train,bho,L1,train:55274,bho_Deva
panel2,B,vardial2018/train,bho,L1,train:55377,bho_Deva
panel2,B,vardial2018/train,bho,L1,train:55430,bho_Deva
panel2,B,vardial2018/train,bho,L1,train:55432,bho_Deva
panel2,B,vardial2018/train,bho,L1,train:55485,bho_Deva
panel2,B,vardial2018/train,bho,L1,train:55518,bho_Deva
panel2,B,vardial2018/train,bho,L1,train:55521,bho_Deva
panel2,B,vardial2018/train,bho,L1,train:55550,bho_Deva
panel2,B,vardial2018/train,bho,L1,train:55606,bho_Deva
panel2,B,vardial2018/train,bho,L1,train:55607,awa_Deva
panel2,B,vardial2018/train,bho,L1,train:55657,bho_Deva
panel2,B,vardial2018/train,bho,L1,train:55721,anp_Deva
panel2,B,vardial2018/train,bho,L1,train:55778,bho_Deva
panel2,B,vardial2018/train,bho,L1,train:55808,bho_Deva
panel2,B,vardial2018/train,bho,L1,train:55883,bho_Deva
panel2,B,vardial2018/train,bho,L1,train:55906,awa_Deva
panel2,B,vardial2018/train,bho,L1,train:55919,bho_Deva
panel2,B,vardial2018/train,bho,L1,train:55932,bho_Deva
panel2,B,vardial2018/train,bho,L1,train:55987,bho_Deva
panel2,B,vardial2018/train,bho,L1,train:55990,bho_Deva
panel2,B,vardial2018/train,bho,L1,train:56098,bho_Deva
panel2,B,vardial2018/train,bho,L1,train:56108,bho_Deva
panel2,B,vardial2018/train,bho,L1,train:56132,awa_Deva
panel2,B,vardial2018/train,bho,L1,train:56168,bho_Deva
panel2,B,vardial2018/train,bho,L1,train:56177,bho_Deva
panel2,B,vardial2018/train,bho,L1,train:56248,bho_Deva
panel2,B,vardial2018/train,bho,L1,train:56250,bho_Deva
panel2,B,vardial2018/train,bho,L1,train:56352,bho_Deva
panel2,B,vardial2018/train,bho,L1,train:56359,bho_Deva
panel2,B,vardial2018/train,bho,L1,train:56457,bho_Deva
panel2,B,vardial2018/train,bho,L1,train:56483,bho_Deva
panel2,B,vardial2018/train,bho,L1,train:56507,bho_Deva
panel2,B,vardial2018/train,bho,L1,train:56531,bho_Deva
panel2,B,vardial2018/train,bho,L1,train:56563,bho_Deva
panel2,B,vardial2018/train,bho,L1,train:56653,bho_Deva
panel2,B,vardial2018/train,bho,L1,train:56678,bho_Deva
panel2,B,vardial2018/train,bho,L1,train:56737,bho_Deva
panel2,B,vardial2018/train,bho,L1,train:56787,mag_Deva
panel2,B,vardial2018/train,bho,L1,train:56790,bho_Deva
panel2,B,vardial2018/train,bho,L1,train:56845,bho_Deva
panel2,B,vardial2018/train,bho,L1,train:56866,bho_Deva
panel2,B,vardial2018/train,bho,L1,train:56978,bho_Deva
panel2,B,vardial2018/train,bho,L1,train:57003,bho_Deva
panel2,B,vardial2018/train,bho,L1,train:57106,bho_Deva
panel2,B,vardial2018/train,bho,L1,train:57232,anp_Deva
panel2,B,vardial2018/train,bho,L1,train:57258,bho_Deva
panel2,B,vardial2018/train,bho,L1,train:57270,bho_Deva
panel2,B,vardial2018/train,bho,L1,train:57288,bho_Deva
panel2,B,vardial2018/train,bho,L1,train:57316,bho_Deva
panel2,B,vardial2018/train,bho,L1,train:57397,bho_Deva
panel2,B,vardial2018/train,bho,L1,train:57477,bho_Deva
panel2,B,vardial2018/train,bho,L1,train:57539,bho_Deva
panel2,B,vardial2018/train,bho,L1,train:57546,bho_Deva
panel2,B,vardial2018/train,bho,L1,train:57649,bho_Deva
panel2,B,vardial2018/train,bho,L1,train:57705,bho_Deva
panel2,B,vardial2018/train,bho,L1,train:57723,bho_Deva
panel2,B,vardial2018/train,bho,L1,train:57741,mag_Deva
panel2,B,vardial2018/train,bho,L1,train:57829,bho_Deva
panel2,B,vardial2018/train,bho,L1,train:57849,anp_Deva
panel2,B,vardial2018/train,bho,L1,train:57870,bho_Deva
panel2,B,vardial2018/train,bho,L1,train:57915,bho_Deva
panel2,B,vardial2018/train,bho,L1,train:57919,bho_Deva
panel2,B,vardial2018/train,bho,L1,train:57964,bho_Deva
panel2,B,vardial2018/train,bho,L1,train:57975,bho_Deva
panel2,B,vardial2018/train,bho,L1,train:58034,bho_Deva
panel2,B,vardial2018/train,bho,L1,train:58066,anp_Deva
panel2,B,vardial2018/train,bho,L1,train:58087,anp_Deva
panel2,B,vardial2018/train,bho,L1,train:58113,bho_Deva
panel2,B,vardial2018/train,bho,L1,train:58180,bho_Deva
panel2,B,vardial2018/train,bho,L1,train:58203,mai_Deva
panel2,B,vardial2018/train,bho,L1,train:58217,bho_Deva
panel2,B,vardial2018/train,bho,L1,train:58233,bho_Deva
panel2,B,vardial2018/train,bho,L1,train:58236,bho_Deva
panel2,B,vardial2018/train,bho,L1,train:58243,bho_Deva
panel2,B,vardial2018/train,bho,L1,train:58314,mag_Deva
panel2,B,vardial2018/train,bho,L1,train:58358,bho_Deva
panel2,B,vardial2018/train,bho,L1,train:58389,bho_Deva
panel2,B,vardial2018/train,bho,L1,train:58426,awa_Deva
panel2,B,vardial2018/train,bho,L1,train:58457,bho_Deva
panel2,B,vardial2018/train,bho,L1,train:58477,bho_Deva
panel2,B,vardial2018/train,bho,L1,train:58531,bho_Deva
panel2,B,vardial2018/train,bho,L1,train:58537,bho_Deva
panel2,B,vardial2018/train,bho,L1,train:58582,bho_Deva
panel2,B,vardial2018/train,bho,L1,train:58601,bho_Deva
panel2,B,vardial2018/train,bho,L1,train:58612,bho_Deva
panel2,B,vardial2018/train,bho,L1,train:58690,bho_Deva
panel2,B,vardial2018/train,bho,L1,train:58813,bho_Deva
panel2,B,vardial2018/train,bho,L1,train:58889,bho_Deva
panel2,B,vardial2018/train,bho,L1,train:58892,bho_Deva
panel2,B,vardial2018/train,bho,L1,train:58906,bho_Deva
panel2,B,vardial2018/train,bho,L1,train:59090,bho_Deva
panel2,B,vardial2018/train,bho,L1,train:59158,bho_Deva
panel2,B,vardial2018/train,bho,L1,train:59183,bho_Deva
panel2,B,vardial2018/train,bho,L1,train:59221,bho_Deva
panel2,B,vardial2018/train,bho,L1,train:59396,bho_Deva
panel2,B,vardial2018/train,bho,L1,train:59471,bho_Deva
panel2,B,vardial2018/train,bho,L1,train:59475,bho_Deva
panel2,B,vardial2018/train,bho,L1,train:59496,bho_Deva
panel2,B,vardial2018/train,bho,L1,train:59559,bho_Deva
panel2,B,vardial2018/train,bho,L1,train:59608,awa_Deva
panel2,B,vardial2018/train,bho,L1,train:59623,bho_Deva
panel2,B,vardial2018/train,bho,L1,train:59671,anp_Deva
panel2,B,vardial2018/train,bho,L1,train:59685,bho_Deva
panel2,B,vardial2018/train,bho,L1,train:59695,bho_Deva
panel2,B,vardial2018/train,bho,L1,train:59717,bho_Deva
panel2,B,vardial2018/train,bho,L1,train:59726,bho_Deva
panel2,B,vardial2018/train,bho,L1,train:59736,mag_Deva
panel2,B,vardial2018/train,bho,L1,train:59795,bho_Deva
panel2,B,vardial2018/train,bho,L1,train:59837,bho_Deva
panel2,B,vardial2018/train,bho,L1,train:59849,awa_Deva
panel2,B,vardial2018/train,bho,L1,train:59904,bho_Deva
panel2,B,vardial2018/train,bho,L1,train:59922,anp_Deva
panel2,B,vardial2018/train,bho,L1,train:59937,bho_Deva
panel2,B,vardial2018/train,bho,L1,train:60029,bho_Deva
panel2,B,vardial2018/train,bho,L1,train:60040,bho_Deva
panel2,B,vardial2018/train,bho,L1,train:60054,awa_Deva
panel2,B,vardial2018/train,bho,L1,train:60095,bho_Deva
panel2,B,vardial2018/train,bho,L1,train:60165,hin_Deva
panel2,B,vardial2018/train,bho,L1,train:60172,bho_Deva
panel2,B,vardial2018/train,bho,L1,train:60181,bho_Deva
panel2,B,vardial2018/train,bho,L1,train:60203,bho_Deva
panel2,B,vardial2018/train,bho,L1,train:60205,hin_Deva
panel2,B,vardial2018/train,bho,L1,train:60255,bho_Deva
panel2,B,vardial2018/train,bho,L1,train:60281,bho_Deva
panel2,B,vardial2018/train,bho,L1,train:60316,bho_Deva
panel2,B,vardial2018/train,bho,L1,train:60339,bho_Deva
panel2,B,vardial2018/train,bho,L1,train:60346,bho_Deva
panel2,B,vardial2018/train,bho,L1,train:60360,bho_Deva
panel2,B,vardial2018/train,bho,L1,train:60471,bho_Deva
panel2,B,vardial2018/train,bho,L1,train:60533,awa_Deva
panel2,B,vardial2018/train,bho,L1,train:60581,bho_Deva
panel2,B,vardial2018/train,bho,L1,train:60593,awa_Deva
panel2,B,vardial2018/train,bho,L1,train:60650,bho_Deva
panel2,B,vardial2018/train,bho,L1,train:60784,bho_Deva
panel2,B,vardial2018/train,bho,L1,train:60785,bho_Deva
panel2,B,vardial2018/train,bho,L1,train:60829,mag_Deva
panel2,B,vardial2018/train,bho,L1,train:60833,bho_Deva
panel2,B,vardial2018/train,bho,L1,train:60847,mag_Deva
panel2,B,vardial2018/train,bho,L1,train:60867,bho_Deva
panel2,B,vardial2018/train,bho,L1,train:60923,bho_Deva
panel2,B,vardial2018/train,bho,L1,train:60925,anp_Deva
panel2,B,vardial2018/train,bho,L1,train:60976,bho_Deva
panel2,B,vardial2018/train,bho,L1,train:61022,bho_Deva
panel2,B,vardial2018/train,bho,L1,train:61047,bho_Deva
panel2,B,vardial2018/train,bho,L1,train:61049,bho_Deva
panel2,B,vardial2018/train,bho,L1,train:61090,bho_Deva
panel2,B,vardial2018/train,bho,L1,train:61103,bho_Deva
panel2,B,vardial2018/train,bho,L1,train:61144,bho_Deva
panel2,B,vardial2018/train,bho,L1,train:61174,bho_Deva
panel2,B,vardial2018/train,bho,L1,train:61193,bho_Deva
panel2,B,vardial2018/train,bho,L1,train:61225,mag_Deva
panel2,B,vardial2018/train,bho,L1,train:61274,bho_Deva
panel2,B,vardial2018/train,bho,L1,train:61305,bho_Deva
panel2,B,vardial2018/train,bho,L1,train:61335,bho_Deva
panel2,B,vardial2018/train,bho,L1,train:61383,bho_Deva
panel2,B,vardial2018/train,bho,L1,train:61417,bho_Deva
panel2,B,vardial2018/train,bho,L1,train:61454,bho_Deva
panel2,B,vardial2018/train,bho,L1,train:61507,mag_Deva
panel2,B,vardial2018/train,bho,L1,train:61536,bho_Deva
panel2,B,vardial2018/train,bho,L1,train:61588,anp_Deva
panel2,B,vardial2018/train,bho,L1,train:61613,bho_Deva
panel2,B,vardial2018/train,bho,L1,train:61667,bho_Deva
panel2,B,vardial2018/train,bho,L1,train:61734,bho_Deva
panel2,B,vardial2018/train,bho,L1,train:61782,bho_Deva
panel2,B,vardial2018/train,bho,L1,train:61788,bho_Deva
panel2,B,vardial2018/train,bho,L1,train:61823,bho_Deva
panel2,B,vardial2018/train,bho,L1,train:61837,mag_Deva
panel2,B,vardial2018/train,bho,L1,train:61838,bho_Deva
panel2,B,vardial2018/train,bho,L1,train:61893,bho_Deva
panel2,B,vardial2018/train,bho,L1,train:61914,anp_Deva
panel2,B,vardial2018/train,bho,L1,train:61933,anp_Deva
panel2,B,vardial2018/train,bho,L1,train:62089,bho_Deva
panel2,B,vardial2018/train,bho,L1,train:62102,bho_Deva
panel2,B,vardial2018/train,bho,L1,train:62110,bho_Deva
panel2,B,vardial2018/train,bho,L1,train:62111,bho_Deva
panel2,B,vardial2018/train,bho,L1,train:62121,bho_Deva
panel2,B,vardial2018/train,bho,L1,train:62123,bho_Deva
panel2,B,vardial2018/train,bho,L1,train:62137,sck_Deva
panel2,B,vardial2018/train,bho,L1,train:62139,bho_Deva
panel2,B,vardial2018/train,bho,L1,train:62152,mai_Deva
panel2,B,vardial2018/train,bho,L1,train:62234,awa_Deva
panel2,B,vardial2018/train,bho,L1,train:62285,hne_Deva
panel2,B,vardial2018/train,bho,L1,train:62306,bho_Deva
panel2,B,vardial2018/train,bho,L1,train:62362,mag_Deva
panel2,B,vardial2018/train,bho,L1,train:62367,mag_Deva
panel2,B,vardial2018/train,bho,L1,train:62371,bho_Deva
panel2,B,vardial2018/train,bho,L1,train:62531,bho_Deva
panel2,B,vardial2018/train,bho,L1,train:62589,bho_Deva
panel2,B,vardial2018/train,bho,L1,train:62601,bho_Deva
panel2,B,vardial2018/train,bho,L1,train:62602,bho_Deva
panel2,B,vardial2018/train,bho,L1,train:62676,bho_Deva
panel2,B,vardial2018/train,bho,L1,train:62968,awa_Deva
panel2,B,vardial2018/train,bho,L1,train:63000,bho_Deva
panel2,B,vardial2018/train,bho,L1,train:63064,bho_Deva
panel2,B,vardial2018/train,bho,L1,train:63072,bho_Deva
panel2,B,vardial2018/train,bho,L1,train:63101,bho_Deva
panel2,B,vardial2018/train,bho,L1,train:63129,bho_Deva
panel2,B,vardial2018/train,bho,L1,train:63159,awa_Deva
panel2,B,vardial2018/train,bho,L1,train:63160,bho_Deva
panel2,B,vardial2018/train,bho,L1,train:63179,bho_Deva
panel2,B,vardial2018/train,bho,L1,train:63213,bho_Deva
panel2,B,vardial2018/train,bho,L1,train:63226,bho_Deva
panel2,B,vardial2018/train,bho,L1,train:63232,bho_Deva
panel2,B,vardial2018/train,bho,L1,train:63321,bho_Deva
panel2,B,vardial2018/train,bho,L1,train:63410,bho_Deva
panel2,B,vardial2018/train,bho,L1,train:63429,bho_Deva
panel2,B,vardial2018/train,bho,L1,train:63498,bho_Deva
panel2,B,vardial2018/train,bho,L1,train:63574,bho_Deva
panel2,B,vardial2018/train,bho,L1,train:63628,bho_Deva
panel2,B,vardial2018/train,bho,L1,train:63660,bho_Deva
panel2,B,vardial2018/train,bho,L1,train:63709,mag_Deva
panel2,B,vardial2018/train,bho,L1,train:63738,bho_Deva
panel2,B,vardial2018/train,bho,L1,train:63742,bho_Deva
panel2,B,vardial2018/train,bho,L1,train:63765,anp_Deva
panel2,B,vardial2018/train,bho,L1,train:63773,bho_Deva
panel2,B,vardial2018/train,bho,L1,train:63775,awa_Deva
panel2,B,vardial2018/train,bho,L1,train:63863,mai_Deva
panel2,B,vardial2018/train,bho,L1,train:64010,bho_Deva
panel2,B,vardial2018/train,bho,L1,train:64026,bho_Deva
panel2,B,vardial2018/train,bho,L1,train:64034,bho_Deva
panel2,B,vardial2018/train,bho,L1,train:64040,bho_Deva
panel2,B,vardial2018/train,bho,L1,train:64049,mag_Deva
panel2,B,vardial2018/train,bho,L1,train:64064,hin_Deva
panel2,B,vardial2018/train,bho,L1,train:64110,bho_Deva
panel2,B,vardial2018/train,bho,L1,train:64139,mai_Deva
panel2,B,vardial2018/train,bho,L1,train:64221,bho_Deva
panel2,B,vardial2018/train,bho,L1,train:64226,bho_Deva
panel2,B,vardial2018/train,bho,L1,train:64292,bho_Deva
panel2,B,vardial2018/train,bho,L1,train:64335,bho_Deva
panel2,B,vardial2018/train,bho,L1,train:64343,mag_Deva
panel2,B,vardial2018/train,bho,L1,train:64372,bho_Deva
panel2,B,vardial2018/train,bho,L1,train:64386,bho_Deva
panel2,B,vardial2018/train,bho,L1,train:64416,bho_Deva
panel2,B,vardial2018/train,bho,L1,train:64513,bho_Deva
panel2,B,vardial2018/train,bho,L1,train:64519,bho_Deva
panel2,B,vardial2018/train,bho,L1,train:64566,bho_Deva
panel2,B,vardial2018/train,bho,L1,train:64623,bho_Deva
panel2,B,vardial2018/train,bho,L1,train:64667,anp_Deva
panel2,B,vardial2018/train,bho,L1,train:64698,bho_Deva
panel2,B,vardial2018/train,bho,L1,train:64774,bho_Deva
panel2,B,vardial2018/train,bho,L1,train:64783,bho_Deva
panel2,B,vardial2018/train,bho,L1,train:64856,bho_Deva
panel2,B,vardial2018/train,bho,L1,train:64862,bho_Deva
panel2,B,vardial2018/train,bho,L1,train:64879,bho_Deva
panel2,B,vardial2018/train,bho,L1,train:65012,bho_Deva
panel2,B,vardial2018/train,bho,L1,train:65019,bho_Deva
panel2,B,vardial2018/train,bho,L1,train:65038,bho_Deva
panel2,B,vardial2018/train,bho,L1,train:65061,bho_Deva
panel2,B,vardial2018/train,bho,L1,train:65122,hin_Deva
panel2,B,vardial2018/train,bho,L1,train:65128,bho_Deva
panel2,B,vardial2018/train,bho,L1,train:65210,bho_Deva
panel2,B,vardial2018/train,bho,L1,train:65260,bho_Deva
panel2,B,vardial2018/train,bho,L1,train:65268,bho_Deva
panel2,B,vardial2018/train,bho,L1,train:65319,bho_Deva
panel2,B,vardial2018/train,bho,L1,train:65382,bho_Deva
panel2,B,vardial2018/train,bho,L1,train:65561,mag_Deva
panel2,B,vardial2018/train,bho,L1,train:65659,bho_Deva
panel2,B,vardial2018/train,bho,L1,train:65693,bho_Deva
panel2,B,vardial2018/train,bho,L1,train:65737,bho_Deva
panel2,B,vardial2018/train,bho,L1,train:65760,bho_Deva
panel2,B,vardial2018/train,bho,L1,train:65776,bho_Deva
panel2,B,vardial2018/train,bho,L1,train:65826,bho_Deva
panel2,B,vardial2018/train,bho,L1,train:65920,bho_Deva
panel2,B,vardial2018/train,bho,L1,train:66030,mag_Deva
panel2,B,vardial2018/train,bho,L1,train:66080,mag_Deva
panel2,B,vardial2018/train,bho,L1,train:66109,anp_Deva
panel2,B,vardial2018/train,bho,L1,train:66155,awa_Deva
panel2,B,vardial2018/train,bho,L1,train:66178,hin_Deva
panel2,B,vardial2018/train,bho,L1,train:66189,bho_Deva
panel2,B,vardial2018/train,bho,L1,train:66230,mag_Deva
panel2,B,vardial2018/train,bho,L1,train:66248,bho_Deva
panel2,B,vardial2018/train,bho,L1,train:66250,bho_Deva
panel2,B,vardial2018/train,bho,L1,train:66281,bho_Deva
panel2,B,vardial2018/train,bho,L1,train:66319,bho_Deva
panel2,B,vardial2018/train,bho,L1,train:66360,bho_Deva
panel2,B,vardial2018/train,bho,L1,train:66391,bho_Deva
panel2,B,vardial2018/train,bho,L1,train:66411,bho_Deva
panel2,B,vardial2018/train,bho,L1,train:66427,bho_Deva
panel2,B,vardial2018/train,bho,L1,train:66432,bho_Deva
panel2,B,vardial2018/train,bho,L1,train:66454,bho_Deva
panel2,B,vardial2018/train,bho,L1,train:66505,bho_Deva
panel2,B,vardial2018/train,bho,L1,train:66509,bho_Deva
panel2,B,vardial2018/train,bho,L1,train:66510,bho_Deva
panel2,B,vardial2018/train,bho,L1,train:66568,bho_Deva
panel2,B,vardial2018/train,bho,L1,train:66577,bho_Deva
panel2,B,vardial2018/train,bho,L1,train:66582,bho_Deva
panel2,B,vardial2018/train,bho,L1,train:66634,bho_Deva
panel2,B,vardial2018/train,bho,L1,train:66759,bho_Deva
panel2,B,vardial2018/train,bho,L1,train:66911,bho_Deva
panel2,B,vardial2018/train,bho,L1,train:66913,bho_Deva
panel2,B,vardial2018/train,bho,L1,train:66935,bho_Deva
panel2,B,vardial2018/train,bho,L1,train:67010,bho_Deva
panel2,B,vardial2018/train,bho,L1,train:67105,bho_Deva
panel2,B,vardial2018/train,bho,L1,train:67114,bho_Deva
panel2,B,vardial2018/train,bho,L1,train:67121,bho_Deva
panel2,B,vardial2018/train,bho,L1,train:67134,bho_Deva
panel2,B,vardial2018/train,bho,L1,train:67140,bho_Deva
panel2,B,vardial2018/train,bho,L1,train:67170,bho_Deva
panel2,B,vardial2018/train,bho,L1,train:67260,bho_Deva
panel2,B,vardial2018/train,bho,L1,train:67295,bho_Deva
panel2,B,vardial2018/train,bho,L1,train:67336,bho_Deva
panel2,B,vardial2018/train,bho,L1,train:67454,awa_Deva
panel2,B,vardial2018/train,bho,L1,train:67489,bho_Deva
panel2,B,vardial2018/train,bho,L1,train:67490,bho_Deva
panel2,B,vardial2018/train,bho,L1,train:67506,bho_Deva
panel2,B,vardial2018/train,bho,L1,train:67511,bho_Deva
panel2,B,vardial2018/train,bho,L1,train:67517,bho_Deva
panel2,B,vardial2018/train,bho,L1,train:67540,bho_Deva
panel2,B,vardial2018/train,bho,L1,train:67560,bho_Deva
panel2,B,vardial2018/train,bho,L1,train:67614,bho_Deva
panel2,B,vardial2018/train,bho,L1,train:67670,bho_Deva
panel2,B,vardial2018/train,bho,L1,train:67682,bho_Deva
panel2,B,vardial2018/train,bho,L1,train:67702,bho_Deva
panel2,B,vardial2018/train,bho,L1,train:67722,bho_Deva
panel2,B,vardial2018/train,bho,L1,train:67731,bho_Deva
panel2,B,vardial2018/train,bho,L1,train:67735,bho_Deva
panel2,B,vardial2018/train,bho,L1,train:67748,bho_Deva
panel2,B,vardial2018/train,bho,L1,train:67766,bho_Deva
panel2,B,vardial2018/train,bho,L1,train:67775,bho_Deva
panel2,B,vardial2018/train,bho,L1,train:67777,anp_Deva
panel2,B,vardial2018/train,bho,L1,train:67826,bho_Deva
panel2,B,vardial2018/train,bho,L1,train:67833,bho_Deva
panel2,B,vardial2018/train,bho,L1,train:67843,bho_Deva
panel2,B,vardial2018/train,bho,L1,train:67847,bho_Deva
panel2,B,vardial2018/train,bho,L1,train:67873,bho_Deva
panel2,B,vardial2018/train,bho,L1,train:67889,bho_Deva
panel2,B,vardial2018/train,bho,L1,train:67904,anp_Deva
panel2,B,vardial2018/train,bho,L1,train:67917,bho_Deva
panel2,B,vardial2018/train,bho,L1,train:67969,bho_Deva
panel2,B,vardial2018/train,bho,L1,train:68001,bho_Deva
panel2,B,vardial2018/train,bho,L1,train:68009,awa_Deva
panel2,B,vardial2018/train,bho,L1,train:68060,bho_Deva
panel2,B,vardial2018/train,bho,L1,train:68070,mag_Deva
panel2,B,vardial2018/train,bho,L1,train:68080,bho_Deva
panel2,B,vardial2018/train,bho,L1,train:68151,bho_Deva
panel2,B,vardial2018/train,bho,L1,train:68172,bho_Deva
panel2,B,vardial2018/train,bho,L1,train:68174,bho_Deva
panel2,B,vardial2018/train,bho,L1,train:68199,bho_Deva
panel2,B,vardial2018/train,bho,L1,train:68214,bho_Deva
panel2,B,vardial2018/train,bho,L1,train:68220,mag_Deva
panel2,B,vardial2018/train,bho,L1,train:68257,mag_Deva
panel2,B,vardial2018/train,bho,L1,train:68274,suz_Deva
panel2,B,vardial2018/train,bho,L1,train:68276,bho_Deva
panel2,B,vardial2018/train,bho,L1,train:68434,bho_Deva
panel2,B,vardial2018/train,bho,L1,train:68442,bho_Deva
panel2,B,vardial2018/train,bho,L1,train:68469,bho_Deva
panel2,B,vardial2018/train,bho,L1,train:68493,bho_Deva
panel2,B,vardial2018/train,bho,L1,train:68508,bho_Deva
panel2,B,vardial2018/train,bho,L1,train:68576,bho_Deva
panel2,B,vardial2018/train,bho,L1,train:68598,bho_Deva
panel2,B,vardial2018/train,bho,L1,train:68602,bho_Deva
panel2,B,vardial2018/train,bho,L1,train:68610,anp_Deva
panel2,B,vardial2018/train,bho,L1,train:68649,awa_Deva
panel2,B,vardial2018/train,bho,L1,train:68694,bho_Deva
panel2,B,vardial2018/train,bho,L1,train:68700,bho_Deva
panel2,B,vardial2018/train,bho,L1,train:68717,mai_Deva
panel2,B,vardial2018/train,bho,L1,train:68755,bho_Deva
panel2,B,vardial2018/train,bho,L1,train:68836,mag_Deva
panel2,B,vardial2018/train,bho,L1,train:68909,awa_Deva
panel2,B,vardial2018/train,bho,L1,train:68921,bho_Deva
panel2,B,vardial2018/train,bho,L1,train:68947,awa_Deva
panel2,B,vardial2018/train,bho,L1,train:68988,bho_Deva
panel2,B,vardial2018/train,bho,L1,train:69030,hin_Deva
panel2,B,vardial2018/train,bho,L1,train:69079,bho_Deva
panel2,B,vardial2018/train,bho,L1,train:69121,bho_Deva
panel2,B,vardial2018/train,bho,L1,train:69144,bho_Deva
panel2,B,vardial2018/train,bho,L1,train:69169,hin_Deva
panel2,B,vardial2018/train,bho,L1,train:69193,anp_Deva
panel2,B,vardial2018/train,bho,L1,train:69194,bho_Deva
panel2,B,vardial2018/train,bho,L1,train:69202,bho_Deva
panel2,B,vardial2018/train,bho,L1,train:69207,kas_Deva
panel2,B,vardial2018/train,bho,L1,train:69215,awa_Deva
panel2,B,vardial2018/train,bho,L1,train:69230,bho_Deva
panel2,B,vardial2018/train,bho,L1,train:69326,bho_Deva
panel2,B,vardial2018/train,bho,L1,train:69339,bho_Deva
panel2,B,vardial2018/train,bho,L1,train:69344,bho_Deva
panel2,B,vardial2018/train,bho,L1,train:69359,bho_Deva
panel2,B,vardial2018/train,bho,L1,train:69374,bho_Deva
panel2,B,vardial2018/train,bho,L1,train:69375,bho_Deva
panel2,B,vardial2018/train,bho,L1,train:69439,bho_Deva
panel2,B,vardial2018/train,bho,L1,train:69443,bho_Deva
panel2,B,vardial2018/train,bho,L1,train:69478,bho_Deva
panel2,B,vardial2018/train,bho,L1,train:69494,bho_Deva
panel2,B,vardial2018/train,bho,L1,train:69520,bho_Deva
panel2,B,vardial2018/train,bho,L1,train:69547,bho_Deva
panel2,B,vardial2018/train,bho,L1,train:69552,bho_Deva
panel2,B,vardial2018/train,bho,L1,train:69594,mag_Deva
panel2,B,vardial2018/train,bho,L1,train:69605,bho_Deva
panel2,B,vardial2018/train,bho,L1,train:69614,bho_Deva
panel2,B,vardial2018/train,bho,L1,train:69632,bho_Deva
panel2,B,vardial2018/train,bho,L1,train:69640,bho_Deva
panel2,B,vardial2018/train,bho,L1,train:69657,bho_Deva
panel2,B,vardial2018/train,bho,L1,train:69676,bho_Deva
panel2,B,vardial2018/train,bho,L1,train:69678,bho_Deva
panel2,B,vardial2018/train,bho,L1,train:69709,bho_Deva
panel2,B,vardial2018/train,bho,L1,train:69731,bho_Deva
panel2,B,vardial2018/train,bho,L1,train:69767,bho_Deva
panel2,B,vardial2018/train,bho,L1,train:69874,bho_Deva
panel2,B,vardial2018/train,bho,L1,train:69904,bho_Deva
panel2,B,vardial2018/train,bho,L1,train:69925,bho_Deva
panel2,B,vardial2018/train,bho,L1,train:69938,mag_Deva
panel2,B,vardial2018/train,bho,L1,train:69942,bho_Deva
panel2,B,vardial2018/train,bho,L1,train:69963,bho_Deva
panel2,B,vardial2018/train,bho,L1,train:69968,bho_Deva
panel2,B,vardial2018/train,bho,L1,train:69985,bho_Deva
panel2,B,vardial2018/train,bho,L1,train:69996,anp_Deva
panel2,B,vardial2018/train,bho,L1,train:70002,bho_Deva
panel2,B,vardial2018/train,bho,L1,train:70062,bho_Deva
panel2,B,vardial2018/train,bho,L1,train:70137,bho_Deva
panel2,B,vardial2018/train,bho,L1,train:70171,bho_Deva
panel2,B,vardial2018/train,bho,L1,train:70172,bho_Deva
panel2,B,vardial2018/train,bho,L1,train:70199,bho_Deva
panel2,B,vardial2018/train,bho,L1,train:70251,bho_Deva
panel2,B,vardial2018/train,bho,L1,train:70286,bho_Deva
panel2,B,vardial2018/train,bho,L1,train:70335,bho_Deva
panel2,B,vardial2018/dev,bra,L1,dev:4,bho_Deva
panel2,B,vardial2018/dev,bra,L1,dev:19,anp_Deva
panel2,B,vardial2018/dev,bra,L1,dev:24,npi_Deva
panel2,B,vardial2018/dev,bra,L1,dev:66,kas_Deva
panel2,B,vardial2018/dev,bra,L1,dev:67,ghe_Deva
panel2,B,vardial2018/dev,bra,L1,dev:68,hin_Deva
panel2,B,vardial2018/dev,bra,L1,dev:69,awa_Deva
panel2,B,vardial2018/dev,bra,L1,dev:78,awa_Deva
panel2,B,vardial2018/dev,bra,L1,dev:81,hin_Deva
panel2,B,vardial2018/dev,bra,L1,dev:84,hin_Deva
panel2,B,vardial2018/dev,bra,L1,dev:87,anp_Deva
panel2,B,vardial2018/dev,bra,L1,dev:90,hin_Deva
panel2,B,vardial2018/dev,bra,L1,dev:97,hin_Deva
panel2,B,vardial2018/dev,bra,L1,dev:105,kas_Deva
panel2,B,vardial2018/dev,bra,L1,dev:115,hin_Deva
panel2,B,vardial2018/dev,bra,L1,dev:117,hin_Deva
panel2,B,vardial2018/dev,bra,L1,dev:118,anp_Deva
panel2,B,vardial2018/dev,bra,L1,dev:119,awa_Deva
panel2,B,vardial2018/dev,bra,L1,dev:122,hin_Deva
panel2,B,vardial2018/dev,bra,L1,dev:128,awa_Deva
panel2,B,vardial2018/dev,bra,L1,dev:130,doi_Deva
panel2,B,vardial2018/dev,bra,L1,dev:136,kas_Deva
panel2,B,vardial2018/dev,bra,L1,dev:139,bho_Deva
panel2,B,vardial2018/dev,bra,L1,dev:143,awa_Deva
panel2,B,vardial2018/dev,bra,L1,dev:145,awa_Deva
panel2,B,vardial2018/dev,bra,L1,dev:146,hin_Deva
panel2,B,vardial2018/dev,bra,L1,dev:148,npi_Deva
panel2,B,vardial2018/dev,bra,L1,dev:151,awa_Deva
panel2,B,vardial2018/dev,bra,L1,dev:153,hin_Deva
panel2,B,vardial2018/dev,bra,L1,dev:157,hin_Deva
panel2,B,vardial2018/dev,bra,L1,dev:162,npi_Deva
panel2,B,vardial2018/dev,bra,L1,dev:164,hin_Deva
panel2,B,vardial2018/dev,bra,L1,dev:172,mai_Deva
panel2,B,vardial2018/dev,bra,L1,dev:175,awa_Deva
panel2,B,vardial2018/dev,bra,L1,dev:183,awa_Deva
panel2,B,vardial2018/dev,bra,L1,dev:192,awa_Deva
panel2,B,vardial2018/dev,bra,L1,dev:197,hin_Deva
panel2,B,vardial2018/dev,bra,L1,dev:208,awa_Deva
panel2,B,vardial2018/dev,bra,L1,dev:214,hin_Deva
panel2,B,vardial2018/dev,bra,L1,dev:232,mai_Deva
panel2,B,vardial2018/dev,bra,L1,dev:248,hin_Deva
panel2,B,vardial2018/dev,bra,L1,dev:249,awa_Deva
panel2,B,vardial2018/dev,bra,L1,dev:255,awa_Deva
panel2,B,vardial2018/dev,bra,L1,dev:273,mai_Deva
panel2,B,vardial2018/dev,bra,L1,dev:275,awa_Deva
panel2,B,vardial2018/dev,bra,L1,dev:305,hin_Deva
panel2,B,vardial2018/dev,bra,L1,dev:306,mai_Deva
panel2,B,vardial2018/dev,bra,L1,dev:307,anp_Deva
panel2,B,vardial2018/dev,bra,L1,dev:308,anp_Deva
panel2,B,vardial2018/dev,bra,L1,dev:309,awa_Deva
panel2,B,vardial2018/dev,bra,L1,dev:315,mai_Deva
panel2,B,vardial2018/dev,bra,L1,dev:319,hin_Deva
panel2,B,vardial2018/dev,bra,L1,dev:322,anp_Deva
panel2,B,vardial2018/dev,bra,L1,dev:340,awa_Deva
panel2,B,vardial2018/dev,bra,L1,dev:341,awa_Deva
panel2,B,vardial2018/dev,bra,L1,dev:342,npi_Deva
panel2,B,vardial2018/dev,bra,L1,dev:354,hin_Deva
panel2,B,vardial2018/dev,bra,L1,dev:355,awa_Deva
panel2,B,vardial2018/dev,bra,L1,dev:359,hin_Deva
panel2,B,vardial2018/dev,bra,L1,dev:360,awa_Deva
panel2,B,vardial2018/dev,bra,L1,dev:361,hin_Deva
panel2,B,vardial2018/dev,bra,L1,dev:362,mai_Deva
panel2,B,vardial2018/dev,bra,L1,dev:363,hin_Deva
panel2,B,vardial2018/dev,bra,L1,dev:367,bho_Deva
panel2,B,vardial2018/dev,bra,L1,dev:384,anp_Deva
panel2,B,vardial2018/dev,bra,L1,dev:389,awa_Deva
panel2,B,vardial2018/dev,bra,L1,dev:393,hin_Deva
panel2,B,vardial2018/dev,bra,L1,dev:394,hin_Deva
panel2,B,vardial2018/dev,bra,L1,dev:397,hin_Deva
panel2,B,vardial2018/dev,bra,L1,dev:398,mar_Deva
panel2,B,vardial2018/dev,bra,L1,dev:407,awa_Deva
panel2,B,vardial2018/dev,bra,L1,dev:408,awa_Deva
panel2,B,vardial2018/dev,bra,L1,dev:414,hin_Deva
panel2,B,vardial2018/dev,bra,L1,dev:416,awa_Deva
panel2,B,vardial2018/dev,bra,L1,dev:420,hin_Deva
panel2,B,vardial2018/dev,bra,L1,dev:422,mai_Deva
panel2,B,vardial2018/dev,bra,L1,dev:437,doi_Deva
panel2,B,vardial2018/dev,bra,L1,dev:439,hin_Deva
panel2,B,vardial2018/dev,bra,L1,dev:466,hin_Deva
panel2,B,vardial2018/dev,bra,L1,dev:468,anp_Deva
panel2,B,vardial2018/dev,bra,L1,dev:473,awa_Deva
panel2,B,vardial2018/dev,bra,L1,dev:481,awa_Deva
panel2,B,vardial2018/dev,bra,L1,dev:486,hin_Deva
panel2,B,vardial2018/dev,bra,L1,dev:493,awa_Deva
panel2,B,vardial2018/dev,bra,L1,dev:508,hin_Deva
panel2,B,vardial2018/dev,bra,L1,dev:513,doi_Deva
panel2,B,vardial2018/dev,bra,L1,dev:515,bho_Deva
panel2,B,vardial2018/dev,bra,L1,dev:521,awa_Deva
panel2,B,vardial2018/dev,bra,L1,dev:529,awa_Deva
panel2,B,vardial2018/dev,bra,L1,dev:535,hin_Deva
panel2,B,vardial2018/dev,bra,L1,dev:539,hin_Deva
panel2,B,vardial2018/dev,bra,L1,dev:545,anp_Deva
panel2,B,vardial2018/dev,bra,L1,dev:553,awa_Deva
panel2,B,vardial2018/dev,bra,L1,dev:560,hin_Deva
panel2,B,vardial2018/dev,bra,L1,dev:563,doi_Deva
panel2,B,vardial2018/dev,bra,L1,dev:565,awa_Deva
panel2,B,vardial2018/dev,bra,L1,dev:566,doi_Deva
panel2,B,vardial2018/dev,bra,L1,dev:574,anp_Deva
panel2,B,vardial2018/dev,bra,L1,dev:588,hin_Deva
panel2,B,vardial2018/dev,bra,L1,dev:590,hin_Deva
panel2,B,vardial2018/dev,bra,L1,dev:612,doi_Deva
panel2,B,vardial2018/dev,bra,L1,dev:615,hin_Deva
panel2,B,vardial2018/dev,bra,L1,dev:639,mai_Deva
panel2,B,vardial2018/dev,bra,L1,dev:641,hin_Deva
panel2,B,vardial2018/dev,bra,L1,dev:650,hin_Deva
panel2,B,vardial2018/dev,bra,L1,dev:661,awa_Deva
panel2,B,vardial2018/dev,bra,L1,dev:666,anp_Deva
panel2,B,vardial2018/dev,bra,L1,dev:669,awa_Deva
panel2,B,vardial2018/dev,bra,L1,dev:670,npi_Deva
panel2,B,vardial2018/dev,bra,L1,dev:680,hin_Deva
panel2,B,vardial2018/dev,bra,L1,dev:685,awa_Deva
panel2,B,vardial2018/dev,bra,L1,dev:687,awa_Deva
panel2,B,vardial2018/dev,bra,L1,dev:699,awa_Deva
panel2,B,vardial2018/dev,bra,L1,dev:710,doi_Deva
panel2,B,vardial2018/dev,bra,L1,dev:716,hin_Deva
panel2,B,vardial2018/dev,bra,L1,dev:717,hin_Deva
panel2,B,vardial2018/dev,bra,L1,dev:718,awa_Deva
panel2,B,vardial2018/dev,bra,L1,dev:725,awa_Deva
panel2,B,vardial2018/dev,bra,L1,dev:727,mai_Deva
panel2,B,vardial2018/dev,bra,L1,dev:733,hin_Deva
panel2,B,vardial2018/dev,bra,L1,dev:734,hin_Deva
panel2,B,vardial2018/dev,bra,L1,dev:735,awa_Deva
panel2,B,vardial2018/dev,bra,L1,dev:741,hin_Deva
panel2,B,vardial2018/dev,bra,L1,dev:742,hin_Deva
panel2,B,vardial2018/dev,bra,L1,dev:747,doi_Deva
panel2,B,vardial2018/dev,bra,L1,dev:750,kas_Deva
panel2,B,vardial2018/dev,bra,L1,dev:753,hin_Deva
panel2,B,vardial2018/dev,bra,L1,dev:760,hin_Deva
panel2,B,vardial2018/dev,bra,L1,dev:762,hin_Deva
panel2,B,vardial2018/dev,bra,L1,dev:775,new_Deva
panel2,B,vardial2018/dev,bra,L1,dev:776,hin_Deva
panel2,B,vardial2018/dev,bra,L1,dev:781,awa_Deva
panel2,B,vardial2018/dev,bra,L1,dev:785,doi_Deva
panel2,B,vardial2018/dev,bra,L1,dev:799,hin_Deva
panel2,B,vardial2018/dev,bra,L1,dev:802,kas_Deva
panel2,B,vardial2018/dev,bra,L1,dev:806,awa_Deva
panel2,B,vardial2018/dev,bra,L1,dev:809,hin_Deva
panel2,B,vardial2018/dev,bra,L1,dev:811,anp_Deva
panel2,B,vardial2018/dev,bra,L1,dev:814,anp_Deva
panel2,B,vardial2018/dev,bra,L1,dev:822,anp_Deva
panel2,B,vardial2018/dev,bra,L1,dev:830,kas_Deva
panel2,B,vardial2018/dev,bra,L1,dev:838,awa_Deva
panel2,B,vardial2018/dev,bra,L1,dev:839,hin_Deva
panel2,B,vardial2018/dev,bra,L1,dev:843,mai_Deva
panel2,B,vardial2018/dev,bra,L1,dev:850,anp_Deva
panel2,B,vardial2018/dev,bra,L1,dev:853,hin_Deva
panel2,B,vardial2018/dev,bra,L1,dev:856,hin_Deva
panel2,B,vardial2018/dev,bra,L1,dev:893,awa_Deva
panel2,B,vardial2018/dev,bra,L1,dev:907,anp_Deva
panel2,B,vardial2018/dev,bra,L1,dev:914,mai_Deva
panel2,B,vardial2018/dev,bra,L1,dev:925,anp_Deva
panel2,B,vardial2018/dev,bra,L1,dev:926,awa_Deva
panel2,B,vardial2018/dev,bra,L1,dev:935,hin_Deva
panel2,B,vardial2018/dev,bra,L1,dev:938,doi_Deva
panel2,B,vardial2018/dev,bra,L1,dev:941,doi_Deva
panel2,B,vardial2018/dev,bra,L1,dev:942,awa_Deva
panel2,B,vardial2018/dev,bra,L1,dev:946,doi_Deva
panel2,B,vardial2018/dev,bra,L1,dev:949,hin_Deva
panel2,B,vardial2018/dev,bra,L1,dev:950,doi_Deva
panel2,B,vardial2018/dev,bra,L1,dev:953,anp_Deva
panel2,B,vardial2018/dev,bra,L1,dev:954,awa_Deva
panel2,B,vardial2018/dev,bra,L1,dev:957,doi_Deva
panel2,B,vardial2018/dev,bra,L1,dev:958,hin_Deva
panel2,B,vardial2018/dev,bra,L1,dev:975,awa_Deva
panel2,B,vardial2018/dev,bra,L1,dev:977,hin_Deva
panel2,B,vardial2018/dev,bra,L1,dev:979,hin_Deva
panel2,B,vardial2018/dev,bra,L1,dev:986,hin_Deva
panel2,B,vardial2018/dev,bra,L1,dev:993,awa_Deva
panel2,B,vardial2018/dev,bra,L1,dev:997,awa_Deva
panel2,B,vardial2018/dev,bra,L1,dev:1006,hin_Deva
panel2,B,vardial2018/dev,bra,L1,dev:1010,hin_Deva
panel2,B,vardial2018/dev,bra,L1,dev:1012,awa_Deva
panel2,B,vardial2018/dev,bra,L1,dev:1024,awa_Deva
panel2,B,vardial2018/dev,bra,L1,dev:1031,awa_Deva
panel2,B,vardial2018/dev,bra,L1,dev:1032,anp_Deva
panel2,B,vardial2018/dev,bra,L1,dev:1037,mai_Deva
panel2,B,vardial2018/dev,bra,L1,dev:1040,hin_Deva
panel2,B,vardial2018/dev,bra,L1,dev:1041,mai_Deva
panel2,B,vardial2018/dev,bra,L1,dev:1047,awa_Deva
panel2,B,vardial2018/dev,bra,L1,dev:1060,awa_Deva
panel2,B,vardial2018/dev,bra,L1,dev:1066,hin_Deva
panel2,B,vardial2018/dev,bra,L1,dev:1069,bho_Deva
panel2,B,vardial2018/dev,bra,L1,dev:1070,doi_Deva
panel2,B,vardial2018/dev,bra,L1,dev:1071,hin_Deva
panel2,B,vardial2018/dev,bra,L1,dev:1074,awa_Deva
panel2,B,vardial2018/dev,bra,L1,dev:1076,hin_Deva
panel2,B,vardial2018/dev,bra,L1,dev:1086,anp_Deva
panel2,B,vardial2018/dev,bra,L1,dev:1091,doi_Deva
panel2,B,vardial2018/dev,bra,L1,dev:1093,awa_Deva
panel2,B,vardial2018/dev,bra,L1,dev:1101,hin_Deva
panel2,B,vardial2018/dev,bra,L1,dev:1111,doi_Deva
panel2,B,vardial2018/dev,bra,L1,dev:1113,awa_Deva
panel2,B,vardial2018/dev,bra,L1,dev:1119,hin_Deva
panel2,B,vardial2018/dev,bra,L1,dev:1121,new_Deva
panel2,B,vardial2018/dev,bra,L1,dev:1124,hin_Deva
panel2,B,vardial2018/dev,bra,L1,dev:1131,anp_Deva
panel2,B,vardial2018/dev,bra,L1,dev:1141,hin_Deva
panel2,B,vardial2018/dev,bra,L1,dev:1144,hin_Deva
panel2,B,vardial2018/dev,bra,L1,dev:1149,awa_Deva
panel2,B,vardial2018/dev,bra,L1,dev:1159,hin_Deva
panel2,B,vardial2018/dev,bra,L1,dev:1167,hin_Deva
panel2,B,vardial2018/dev,bra,L1,dev:1177,bho_Deva
panel2,B,vardial2018/dev,bra,L1,dev:1181,hin_Deva
panel2,B,vardial2018/dev,bra,L1,dev:1184,awa_Deva
panel2,B,vardial2018/dev,bra,L1,dev:1192,hin_Deva
panel2,B,vardial2018/dev,bra,L1,dev:1193,hin_Deva
panel2,B,vardial2018/dev,bra,L1,dev:1194,hin_Deva
panel2,B,vardial2018/dev,bra,L1,dev:1196,awa_Deva
panel2,B,vardial2018/dev,bra,L1,dev:1199,awa_Deva
panel2,B,vardial2018/dev,bra,L1,dev:1202,new_Deva
panel2,B,vardial2018/dev,bra,L1,dev:1204,awa_Deva
panel2,B,vardial2018/dev,bra,L1,dev:1207,awa_Deva
panel2,B,vardial2018/dev,bra,L1,dev:1208,bho_Deva
panel2,B,vardial2018/dev,bra,L1,dev:1210,awa_Deva
panel2,B,vardial2018/dev,bra,L1,dev:1215,hin_Deva
panel2,B,vardial2018/dev,bra,L1,dev:1217,hin_Deva
panel2,B,vardial2018/dev,bra,L1,dev:1225,kru_Deva
panel2,B,vardial2018/dev,bra,L1,dev:1231,hin_Deva
panel2,B,vardial2018/dev,bra,L1,dev:1237,kru_Deva
panel2,B,vardial2018/dev,bra,L1,dev:1241,hin_Deva
panel2,B,vardial2018/dev,bra,L1,dev:1245,hin_Deva
panel2,B,vardial2018/dev,bra,L1,dev:1247,hin_Deva
panel2,B,vardial2018/dev,bra,L1,dev:1249,hin_Deva
panel2,B,vardial2018/dev,bra,L1,dev:1253,hin_Deva
panel2,B,vardial2018/dev,bra,L1,dev:1254,mai_Deva
panel2,B,vardial2018/dev,bra,L1,dev:1259,hin_Deva
panel2,B,vardial2018/dev,bra,L1,dev:1261,awa_Deva
panel2,B,vardial2018/dev,bra,L1,dev:1264,hin_Deva
panel2,B,vardial2018/dev,bra,L1,dev:1270,mai_Deva
panel2,B,vardial2018/dev,bra,L1,dev:1271,awa_Deva
panel2,B,vardial2018/dev,bra,L1,dev:1272,doi_Deva
panel2,B,vardial2018/dev,bra,L1,dev:1273,hin_Deva
panel2,B,vardial2018/dev,bra,L1,dev:1275,anp_Deva
panel2,B,vardial2018/dev,bra,L1,dev:1276,mai_Deva
panel2,B,vardial2018/dev,bra,L1,dev:1281,awa_Deva
panel2,B,vardial2018/dev,bra,L1,dev:1290,hin_Deva
panel2,B,vardial2018/dev,bra,L1,dev:1293,awa_Deva
panel2,B,vardial2018/dev,bra,L1,dev:1295,awa_Deva
panel2,B,vardial2018/dev,bra,L1,dev:1298,hin_Deva
panel2,B,vardial2018/dev,bra,L1,dev:1300,hin_Deva
panel2,B,vardial2018/dev,bra,L1,dev:1303,awa_Deva
panel2,B,vardial2018/dev,bra,L1,dev:1312,awa_Deva
panel2,B,vardial2018/dev,bra,L1,dev:1319,awa_Deva
panel2,B,vardial2018/dev,bra,L1,dev:1322,doi_Deva
panel2,B,vardial2018/dev,bra,L1,dev:1339,awa_Deva
panel2,B,vardial2018/dev,bra,L1,dev:1341,mai_Deva
panel2,B,vardial2018/dev,bra,L1,dev:1342,hin_Deva
panel2,B,vardial2018/dev,bra,L1,dev:1346,hin_Deva
panel2,B,vardial2018/dev,bra,L1,dev:1348,hin_Deva
panel2,B,vardial2018/dev,bra,L1,dev:1363,hin_Deva
panel2,B,vardial2018/dev,bra,L1,dev:1366,san_Deva
panel2,B,vardial2018/dev,bra,L1,dev:1380,awa_Deva
panel2,B,vardial2018/dev,bra,L1,dev:1383,hin_Deva
panel2,B,vardial2018/dev,bra,L1,dev:1384,hin_Deva
panel2,B,vardial2018/dev,bra,L1,dev:1387,hin_Deva
panel2,B,vardial2018/dev,bra,L1,dev:1388,awa_Deva
panel2,B,vardial2018/dev,bra,L1,dev:1393,awa_Deva
panel2,B,vardial2018/dev,bra,L1,dev:1404,awa_Deva
panel2,B,vardial2018/dev,bra,L1,dev:1406,awa_Deva
panel2,B,vardial2018/dev,bra,L1,dev:1421,hin_Deva
panel2,B,vardial2018/dev,bra,L1,dev:1422,hin_Deva
panel2,B,vardial2018/dev,bra,L1,dev:1425,npi_Deva
panel2,B,vardial2018/dev,bra,L1,dev:1433,hin_Deva
panel2,B,vardial2018/dev,bra,L1,dev:1434,hin_Deva
panel2,B,vardial2018/dev,bra,L1,dev:1446,new_Deva
panel2,B,vardial2018/dev,bra,L1,dev:1448,awa_Deva
panel2,B,vardial2018/dev,bra,L1,dev:1449,hin_Deva
panel2,B,vardial2018/dev,bra,L1,dev:1452,awa_Deva
panel2,B,vardial2018/dev,bra,L1,dev:1453,hin_Deva
panel2,B,vardial2018/dev,bra,L1,dev:1456,hin_Deva
panel2,B,vardial2018/dev,bra,L1,dev:1457,hin_Deva
panel2,B,vardial2018/dev,bra,L1,dev:1470,kas_Deva
panel2,B,vardial2018/dev,bra,L1,dev:1473,doi_Deva
panel2,B,vardial2018/dev,bra,L1,dev:1474,anp_Deva
panel2,B,vardial2018/dev,bra,L1,dev:1477,hin_Deva
panel2,B,vardial2018/dev,bra,L1,dev:1479,hin_Deva
panel2,B,vardial2018/dev,bra,L1,dev:1485,hin_Deva
panel2,B,vardial2018/dev,bra,L1,dev:1493,anp_Deva
panel2,B,vardial2018/dev,bra,L1,dev:1494,hin_Deva
panel2,B,vardial2018/dev,bra,L1,dev:1496,hin_Deva
panel2,B,vardial2018/dev,bra,L1,dev:1501,awa_Deva
panel2,B,vardial2018/dev,bra,L1,dev:1504,hin_Deva
panel2,B,vardial2018/dev,bra,L1,dev:1506,awa_Deva
panel2,B,vardial2018/dev,bra,L1,dev:1512,hin_Deva
panel2,B,vardial2018/dev,bra,L1,dev:1519,hin_Deva
panel2,B,vardial2018/dev,bra,L1,dev:1521,awa_Deva
panel2,B,vardial2018/dev,bra,L1,dev:1524,mai_Deva
panel2,B,vardial2018/dev,bra,L1,dev:1527,anp_Deva
panel2,B,vardial2018/dev,bra,L1,dev:1528,hin_Deva
panel2,B,vardial2018/dev,bra,L1,dev:1529,mai_Deva
panel2,B,vardial2018/dev,bra,L1,dev:1531,anp_Deva
panel2,B,vardial2018/dev,bra,L1,dev:1539,hin_Deva
panel2,B,vardial2018/dev,bra,L1,dev:1543,hin_Deva
panel2,B,vardial2018/dev,bra,L1,dev:1544,awa_Deva
panel2,B,vardial2018/dev,bra,L1,dev:1561,anp_Deva
panel2,B,vardial2018/dev,bra,L1,dev:1570,new_Deva
panel2,B,vardial2018/dev,bra,L1,dev:1571,awa_Deva
panel2,B,vardial2018/dev,bra,L1,dev:1584,awa_Deva
panel2,B,vardial2018/dev,bra,L1,dev:1586,kru_Deva
panel2,B,vardial2018/dev,bra,L1,dev:1587,hin_Deva
panel2,B,vardial2018/dev,bra,L1,dev:1593,hin_Deva
panel2,B,vardial2018/dev,bra,L1,dev:1601,hin_Deva
panel2,B,vardial2018/dev,bra,L1,dev:1608,hin_Deva
panel2,B,vardial2018/dev,bra,L1,dev:1610,doi_Deva
panel2,B,vardial2018/dev,bra,L1,dev:1612,anp_Deva
panel2,B,vardial2018/dev,bra,L1,dev:1615,awa_Deva
panel2,B,vardial2018/dev,bra,L1,dev:1641,hin_Deva
panel2,B,vardial2018/dev,bra,L1,dev:1646,new_Deva
panel2,B,vardial2018/dev,bra,L1,dev:1648,awa_Deva
panel2,B,vardial2018/dev,bra,L1,dev:1654,hin_Deva
panel2,B,vardial2018/dev,bra,L1,dev:1655,hin_Deva
panel2,B,vardial2018/dev,bra,L1,dev:1663,new_Deva
panel2,B,vardial2018/dev,bra,L1,dev:1665,hin_Deva
panel2,B,vardial2018/dev,bra,L1,dev:1668,hin_Deva
panel2,B,vardial2018/dev,bra,L1,dev:1671,hin_Deva
panel2,B,vardial2018/dev,bra,L1,dev:1672,awa_Deva
panel2,B,vardial2018/dev,bra,L1,dev:1675,awa_Deva
panel2,B,vardial2018/dev,bra,L1,dev:1679,awa_Deva
panel2,B,vardial2018/dev,bra,L1,dev:1680,hin_Deva
panel2,B,vardial2018/dev,bra,L1,dev:1683,hin_Deva
panel2,B,vardial2018/dev,bra,L1,dev:1684,doi_Deva
panel2,B,vardial2018/dev,bra,L1,dev:1686,hin_Deva
panel2,B,vardial2018/dev,bra,L1,dev:1688,awa_Deva
panel2,B,vardial2018/dev,bra,L1,dev:1697,doi_Deva
panel2,B,vardial2018/dev,bra,L1,dev:1702,hin_Deva
panel2,B,vardial2018/dev,bra,L1,dev:1705,hin_Deva
panel2,B,vardial2018/dev,bra,L1,dev:1710,anp_Deva
panel2,B,vardial2018/dev,bra,L1,dev:1716,hin_Deva
panel2,B,vardial2018/dev,bra,L1,dev:1719,hin_Deva
panel2,B,vardial2018/dev,bra,L1,dev:1728,mar_Deva
panel2,B,vardial2018/dev,bra,L1,dev:1737,awa_Deva
panel2,B,vardial2018/dev,bra,L1,dev:1738,hin_Deva
panel2,B,vardial2018/dev,bra,L1,dev:1742,awa_Deva
panel2,B,vardial2018/dev,bra,L1,dev:1746,anp_Deva
panel2,B,vardial2018/dev,bra,L1,dev:1752,hin_Deva
panel2,B,vardial2018/dev,bra,L1,dev:1761,awa_Deva
panel2,B,vardial2018/dev,bra,L1,dev:1774,anp_Deva
panel2,B,vardial2018/dev,bra,L1,dev:1775,hin_Deva
panel2,B,vardial2018/dev,bra,L1,dev:1779,awa_Deva
panel2,B,vardial2018/dev,bra,L1,dev:1780,awa_Deva
panel2,B,vardial2018/dev,bra,L1,dev:1783,hin_Deva
panel2,B,vardial2018/dev,bra,L1,dev:1796,awa_Deva
panel2,B,vardial2018/dev,bra,L1,dev:1807,hin_Deva
panel2,B,vardial2018/dev,bra,L1,dev:1825,hin_Deva
panel2,B,vardial2018/dev,bra,L1,dev:1828,awa_Deva
panel2,B,vardial2018/dev,bra,L1,dev:1832,hin_Deva
panel2,B,vardial2018/dev,bra,L1,dev:1841,awa_Deva
panel2,B,vardial2018/dev,bra,L1,dev:1853,anp_Deva
panel2,B,vardial2018/dev,bra,L1,dev:1868,awa_Deva
panel2,B,vardial2018/dev,bra,L1,dev:1881,hin_Deva
panel2,B,vardial2018/dev,bra,L1,dev:1882,hin_Deva
panel2,B,vardial2018/dev,bra,L1,dev:1889,doi_Deva
panel2,B,vardial2018/dev,bra,L1,dev:1895,doi_Deva
panel2,B,vardial2018/dev,bra,L1,dev:1897,kas_Deva
panel2,B,vardial2018/dev,bra,L1,dev:1900,hin_Deva
panel2,B,vardial2018/dev,bra,L1,dev:1903,qvo_Latn
panel2,B,vardial2018/dev,bra,L1,dev:1904,awa_Deva
panel2,B,vardial2018/dev,bra,L1,dev:1912,hin_Deva
panel2,B,vardial2018/dev,bra,L1,dev:1916,awa_Deva
panel2,B,vardial2018/dev,bra,L1,dev:1938,awa_Deva
panel2,B,vardial2018/dev,bra,L1,dev:1940,awa_Deva
panel2,B,vardial2018/dev,bra,L1,dev:1946,awa_Deva
panel2,B,vardial2018/dev,bra,L1,dev:1947,hin_Deva
panel2,B,vardial2018/dev,bra,L1,dev:1948,hin_Deva
panel2,B,vardial2018/dev,bra,L1,dev:1954,hin_Deva
panel2,B,vardial2018/dev,bra,L1,dev:1955,awa_Deva
panel2,B,vardial2018/dev,bra,L1,dev:1961,hin_Deva
panel2,B,vardial2018/dev,bra,L1,dev:1966,awa_Deva
panel2,B,vardial2018/dev,bra,L1,dev:1976,hin_Deva
panel2,B,vardial2018/dev,bra,L1,dev:1977,hin_Deva
panel2,B,vardial2018/dev,bra,L1,dev:1982,anp_Deva
panel2,B,vardial2018/dev,bra,L1,dev:1984,hin_Deva
panel2,B,vardial2018/dev,bra,L1,dev:1996,doi_Deva
panel2,B,vardial2018/dev,bra,L1,dev:1998,awa_Deva
panel2,B,vardial2018/dev,bra,L1,dev:2003,hin_Deva
panel2,B,vardial2018/dev,bra,L1,dev:2014,awa_Deva
panel2,B,vardial2018/dev,bra,L1,dev:2026,anp_Deva
panel2,B,vardial2018/dev,bra,L1,dev:2027,mai_Deva
panel2,B,vardial2018/dev,bra,L1,dev:2033,hin_Deva
panel2,B,vardial2018/dev,bra,L1,dev:2038,hin_Deva
panel2,B,vardial2018/dev,bra,L1,dev:2050,hin_Deva
panel2,B,vardial2018/dev,bra,L1,dev:2053,awa_Deva
panel2,B,vardial2018/dev,bra,L1,dev:2061,awa_Deva
panel2,B,vardial2018/dev,bra,L1,dev:2067,anp_Deva
panel2,B,vardial2018/dev,bra,L1,dev:2073,hin_Deva
panel2,B,vardial2018/dev,bra,L1,dev:2074,hin_Deva
panel2,B,vardial2018/dev,bra,L1,dev:2084,awa_Deva
panel2,B,vardial2018/dev,bra,L1,dev:2085,awa_Deva
panel2,B,vardial2018/dev,bra,L1,dev:2087,mai_Deva
panel2,B,vardial2018/dev,bra,L1,dev:2092,hin_Deva
panel2,B,vardial2018/dev,bra,L1,dev:2094,awa_Deva
panel2,B,vardial2018/dev,bra,L1,dev:2104,hin_Deva
panel2,B,vardial2018/dev,bra,L1,dev:2110,hin_Deva
panel2,B,vardial2018/dev,bra,L1,dev:2123,anp_Deva
panel2,B,vardial2018/dev,bra,L1,dev:2125,kas_Deva
panel2,B,vardial2018/dev,bra,L1,dev:2126,doi_Deva
panel2,B,vardial2018/dev,bra,L1,dev:2138,bho_Deva
panel2,B,vardial2018/dev,bra,L1,dev:2144,mai_Deva
panel2,B,vardial2018/dev,bra,L1,dev:2162,bho_Deva
panel2,B,vardial2018/dev,bra,L1,dev:2163,awa_Deva
panel2,B,vardial2018/dev,bra,L1,dev:2164,awa_Deva
panel2,B,vardial2018/dev,bra,L1,dev:2167,awa_Deva
panel2,B,vardial2018/dev,bra,L1,dev:2169,awa_Deva
panel2,B,vardial2018/dev,bra,L1,dev:2170,hin_Deva
panel2,B,vardial2018/dev,bra,L1,dev:2171,hin_Deva
panel2,B,vardial2018/dev,bra,L1,dev:2175,mai_Deva
panel2,B,vardial2018/dev,bra,L1,dev:2182,mai_Deva
panel2,B,vardial2018/dev,bra,L1,dev:2183,hin_Deva
panel2,B,vardial2018/dev,bra,L1,dev:2184,bho_Deva
panel2,B,vardial2018/dev,bra,L1,dev:2185,mai_Deva
panel2,B,vardial2018/dev,bra,L1,dev:2190,awa_Deva
panel2,B,vardial2018/dev,bra,L1,dev:2204,hin_Deva
panel2,B,vardial2018/dev,bra,L1,dev:2206,bho_Deva
panel2,B,vardial2018/dev,bra,L1,dev:2213,hin_Deva
panel2,B,vardial2018/dev,bra,L1,dev:2215,awa_Deva
panel2,B,vardial2018/dev,bra,L1,dev:2219,mai_Deva
panel2,B,vardial2018/dev,bra,L1,dev:2221,doi_Deva
panel2,B,vardial2018/dev,bra,L1,dev:2225,hin_Deva
panel2,B,vardial2018/dev,bra,L1,dev:2230,awa_Deva
panel2,B,vardial2018/dev,bra,L1,dev:2234,awa_Deva
panel2,B,vardial2018/dev,bra,L1,dev:2237,hin_Deva
panel2,B,vardial2018/dev,bra,L1,dev:2239,hin_Deva
panel2,B,vardial2018/dev,bra,L1,dev:2240,doi_Deva
panel2,B,vardial2018/dev,bra,L1,dev:2241,mai_Deva
panel2,B,vardial2018/dev,bra,L1,dev:2246,hin_Deva
panel2,B,vardial2018/dev,bra,L1,dev:2252,hin_Deva
panel2,B,vardial2018/dev,bra,L1,dev:2255,hin_Deva
panel2,B,vardial2018/dev,bra,L1,dev:2261,hin_Deva
panel2,B,vardial2018/dev,bra,L1,dev:2265,hin_Deva
panel2,B,vardial2018/dev,bra,L1,dev:2266,mai_Deva
panel2,B,vardial2018/dev,bra,L1,dev:2271,awa_Deva
panel2,B,vardial2018/dev,bra,L1,dev:2279,hin_Deva
panel2,B,vardial2018/dev,bra,L1,dev:2280,doi_Deva
panel2,B,vardial2018/dev,bra,L1,dev:2287,doi_Deva
panel2,B,vardial2018/dev,bra,L1,dev:2289,bho_Deva
panel2,B,vardial2018/dev,bra,L1,dev:2292,awa_Deva
panel2,B,vardial2018/dev,bra,L1,dev:2294,awa_Deva
panel2,B,vardial2018/dev,bra,L1,dev:2295,hin_Deva
panel2,B,vardial2018/dev,bra,L1,dev:2296,awa_Deva
panel2,B,vardial2018/dev,bra,L1,dev:2299,doi_Deva
panel2,B,vardial2018/dev,bra,L1,dev:2317,hin_Deva
panel2,B,vardial2018/dev,bra,L1,dev:2331,hin_Deva
panel2,B,vardial2018/dev,bra,L1,dev:2337,hin_Deva
panel2,B,vardial2018/dev,bra,L1,dev:2344,awa_Deva
panel2,B,vardial2018/dev,bra,L1,dev:2345,hin_Deva
panel2,B,vardial2018/dev,bra,L1,dev:2347,mai_Deva
panel2,B,vardial2018/dev,bra,L1,dev:2348,doi_Deva
panel2,B,vardial2018/dev,bra,L1,dev:2349,hin_Deva
panel2,B,vardial2018/dev,bra,L1,dev:2352,hin_Deva
panel2,B,vardial2018/dev,bra,L1,dev:2353,doi_Deva
panel2,B,vardial2018/dev,bra,L1,dev:2355,awa_Deva
panel2,B,vardial2018/dev,bra,L1,dev:2357,hin_Deva
panel2,B,vardial2018/dev,bra,L1,dev:2365,hin_Deva
panel2,B,vardial2018/dev,bra,L1,dev:2378,anp_Deva
panel2,B,vardial2018/dev,bra,L1,dev:2393,awa_Deva
panel2,B,vardial2018/dev,bra,L1,dev:2396,anp_Deva
panel2,B,vardial2018/dev,bra,L1,dev:2402,awa_Deva
panel2,B,vardial2018/dev,bra,L1,dev:2410,hin_Deva
panel2,B,vardial2018/dev,bra,L1,dev:2411,awa_Deva
panel2,B,vardial2018/dev,bra,L1,dev:2412,hin_Deva
panel2,B,vardial2018/dev,bra,L1,dev:2414,awa_Deva
panel2,B,vardial2018/dev,bra,L1,dev:2428,hin_Deva
panel2,B,vardial2018/dev,bra,L1,dev:2434,hin_Deva
panel2,B,vardial2018/dev,bra,L1,dev:2440,awa_Deva
panel2,B,vardial2018/dev,bra,L1,dev:2441,hin_Deva
panel2,B,vardial2018/dev,bra,L1,dev:2443,hin_Deva
panel2,B,vardial2018/dev,bra,L1,dev:2446,awa_Deva
panel2,B,vardial2018/dev,bra,L1,dev:2448,awa_Deva
panel2,B,vardial2018/dev,bra,L1,dev:2449,hin_Deva
panel2,B,vardial2018/dev,bra,L1,dev:2455,hin_Deva
panel2,B,vardial2018/dev,bra,L1,dev:2463,hin_Deva
panel2,B,vardial2018/dev,bra,L1,dev:2466,mai_Deva
panel2,B,vardial2018/dev,bra,L1,dev:2474,new_Deva
panel2,B,vardial2018/dev,bra,L1,dev:2476,hin_Deva
panel2,B,vardial2018/dev,bra,L1,dev:2482,doi_Deva
panel2,B,vardial2018/dev,bra,L1,dev:2485,awa_Deva
panel2,B,vardial2018/dev,bra,L1,dev:2486,hin_Deva
panel2,B,vardial2018/dev,bra,L1,dev:2490,hin_Deva
panel2,B,vardial2018/dev,bra,L1,dev:2501,hin_Deva
panel2,B,vardial2018/dev,bra,L1,dev:2502,awa_Deva
panel2,B,vardial2018/dev,bra,L1,dev:2507,awa_Deva
panel2,B,vardial2018/dev,bra,L1,dev:2513,hin_Deva
panel2,B,vardial2018/dev,bra,L1,dev:2516,hin_Deva
panel2,B,vardial2018/dev,bra,L1,dev:2520,anp_Deva
panel2,B,vardial2018/dev,bra,L1,dev:2524,mai_Deva
panel2,B,vardial2018/dev,bra,L1,dev:2531,hin_Deva
panel2,B,vardial2018/dev,bra,L1,dev:2533,mai_Deva
panel2,B,vardial2018/dev,bra,L1,dev:2535,awa_Deva
panel2,B,vardial2018/dev,bra,L1,dev:2538,doi_Deva
panel2,B,vardial2018/dev,bra,L1,dev:2541,mai_Deva
panel2,B,vardial2018/dev,bra,L1,dev:2542,awa_Deva
panel2,B,vardial2018/dev,bra,L1,dev:2550,hin_Deva
panel2,B,vardial2018/dev,bra,L1,dev:2564,awa_Deva
panel2,B,vardial2018/dev,bra,L1,dev:2580,bho_Deva
panel2,B,vardial2018/dev,bra,L1,dev:2581,hin_Deva
panel2,B,vardial2018/dev,bra,L1,dev:2585,doi_Deva
panel2,B,vardial2018/dev,bra,L1,dev:2591,hin_Deva
panel2,B,vardial2018/dev,bra,L1,dev:2593,awa_Deva
panel2,B,vardial2018/dev,bra,L1,dev:2597,awa_Deva
panel2,B,vardial2018/dev,bra,L1,dev:2598,awa_Deva
panel2,B,vardial2018/dev,bra,L1,dev:2605,mai_Deva
panel2,B,vardial2018/dev,bra,L1,dev:2606,mai_Deva
panel2,B,vardial2018/dev,bra,L1,dev:2608,bho_Deva
panel2,B,vardial2018/dev,bra,L1,dev:2609,hin_Deva
panel2,B,vardial2018/dev,bra,L1,dev:2610,hin_Deva
panel2,B,vardial2018/dev,bra,L1,dev:2612,hin_Deva
panel2,B,vardial2018/dev,bra,L1,dev:2615,anp_Deva
panel2,B,vardial2018/dev,bra,L1,dev:2620,kas_Deva
panel2,B,vardial2018/dev,bra,L1,dev:2629,awa_Deva
panel2,B,vardial2018/dev,bra,L1,dev:2634,awa_Deva
panel2,B,vardial2018/dev,bra,L1,dev:2648,awa_Deva
panel2,B,vardial2018/dev,bra,L1,dev:2654,anp_Deva
panel2,B,vardial2018/dev,bra,L1,dev:2656,hin_Deva
panel2,B,vardial2018/dev,bra,L1,dev:2658,hin_Deva
panel2,B,vardial2018/dev,bra,L1,dev:2665,awa_Deva
panel2,B,vardial2018/dev,bra,L1,dev:2669,hin_Deva
panel2,B,vardial2018/dev,bra,L1,dev:2670,hin_Deva
panel2,B,vardial2018/dev,bra,L1,dev:2682,doi_Deva
panel2,B,vardial2018/dev,bra,L1,dev:2684,hin_Deva
panel2,B,vardial2018/dev,bra,L1,dev:2688,hin_Deva
panel2,B,vardial2018/dev,bra,L1,dev:2698,mag_Deva
panel2,B,vardial2018/dev,bra,L1,dev:2706,bho_Deva
panel2,B,vardial2018/dev,bra,L1,dev:2709,awa_Deva
panel2,B,vardial2018/dev,bra,L1,dev:2717,doi_Deva
panel2,B,vardial2018/dev,bra,L1,dev:2727,awa_Deva
panel2,B,vardial2018/dev,bra,L1,dev:2742,hin_Deva
panel2,B,vardial2018/dev,bra,L1,dev:2744,hin_Deva
panel2,B,vardial2018/dev,bra,L1,dev:2749,awa_Deva
panel2,B,vardial2018/dev,bra,L1,dev:2751,hin_Deva
panel2,B,vardial2018/dev,bra,L1,dev:2753,hin_Deva
panel2,B,vardial2018/dev,bra,L1,dev:2755,hin_Deva
panel2,B,vardial2018/dev,bra,L1,dev:2761,hin_Deva
panel2,B,vardial2018/dev,bra,L1,dev:2769,npi_Deva
panel2,B,vardial2018/dev,bra,L1,dev:2770,hin_Deva
panel2,B,vardial2018/dev,bra,L1,dev:2777,doi_Deva
panel2,B,vardial2018/dev,bra,L1,dev:2778,hin_Deva
panel2,B,vardial2018/dev,bra,L1,dev:2782,anp_Deva
panel2,B,vardial2018/dev,bra,L1,dev:2784,doi_Deva
panel2,B,vardial2018/dev,bra,L1,dev:2785,hin_Deva
panel2,B,vardial2018/dev,bra,L1,dev:2786,kas_Deva
panel2,B,vardial2018/dev,bra,L1,dev:2787,awa_Deva
panel2,B,vardial2018/dev,bra,L1,dev:2789,hin_Deva
panel2,B,vardial2018/dev,bra,L1,dev:2790,awa_Deva
panel2,B,vardial2018/dev,bra,L1,dev:2792,doi_Deva
panel2,B,vardial2018/dev,bra,L1,dev:2794,hin_Deva
panel2,B,vardial2018/dev,bra,L1,dev:2798,hin_Deva
panel2,B,vardial2018/dev,bra,L1,dev:2814,awa_Deva
panel2,B,vardial2018/dev,bra,L1,dev:2817,awa_Deva
panel2,B,vardial2018/dev,bra,L1,dev:2820,awa_Deva
panel2,B,vardial2018/dev,bra,L1,dev:2827,hin_Deva
panel2,B,vardial2018/dev,bra,L1,dev:2834,hin_Deva
panel2,B,vardial2018/dev,bra,L1,dev:2835,hin_Deva
panel2,B,vardial2018/dev,bra,L1,dev:2859,hin_Deva
panel2,B,vardial2018/dev,bra,L1,dev:2863,awa_Deva
panel2,B,vardial2018/dev,bra,L1,dev:2865,new_Deva
panel2,B,vardial2018/dev,bra,L1,dev:2892,hin_Deva
panel2,B,vardial2018/dev,bra,L1,dev:2899,awa_Deva
panel2,B,vardial2018/dev,bra,L1,dev:2900,awa_Deva
panel2,B,vardial2018/dev,bra,L1,dev:2907,hin_Deva
panel2,B,vardial2018/dev,bra,L1,dev:2912,awa_Deva
panel2,B,vardial2018/dev,bra,L1,dev:2923,anp_Deva
panel2,B,vardial2018/dev,bra,L1,dev:2924,hin_Deva
panel2,B,vardial2018/dev,bra,L1,dev:2925,new_Deva
panel2,B,vardial2018/dev,bra,L1,dev:2928,hin_Deva
panel2,B,vardial2018/dev,bra,L1,dev:2933,hin_Deva
panel2,B,vardial2018/dev,bra,L1,dev:2938,hin_Deva
panel2,B,vardial2018/dev,bra,L1,dev:2951,hin_Deva
panel2,B,vardial2018/dev,bra,L1,dev:2957,awa_Deva
panel2,B,vardial2018/dev,bra,L1,dev:2963,awa_Deva
panel2,B,vardial2018/dev,bra,L1,dev:2970,hin_Deva
panel2,B,vardial2018/dev,bra,L1,dev:2971,hin_Deva
panel2,B,vardial2018/dev,bra,L1,dev:2974,doi_Deva
panel2,B,vardial2018/dev,bra,L1,dev:2975,anp_Deva
panel2,B,vardial2018/dev,bra,L1,dev:2979,hin_Deva
panel2,B,vardial2018/dev,bra,L1,dev:2982,hin_Deva
panel2,B,vardial2018/dev,bra,L1,dev:2983,hin_Deva
panel2,B,vardial2018/dev,bra,L1,dev:3018,awa_Deva
panel2,B,vardial2018/dev,bra,L1,dev:3019,awa_Deva
panel2,B,vardial2018/dev,bra,L1,dev:3020,hin_Deva
panel2,B,vardial2018/dev,bra,L1,dev:3023,awa_Deva
panel2,B,vardial2018/dev,bra,L1,dev:3026,anp_Deva
panel2,B,vardial2018/dev,bra,L1,dev:3035,awa_Deva
panel2,B,vardial2018/dev,bra,L1,dev:3041,awa_Deva
panel2,B,vardial2018/dev,bra,L1,dev:3052,awa_Deva
panel2,B,vardial2018/dev,bra,L1,dev:3055,hin_Deva
panel2,B,vardial2018/dev,bra,L1,dev:3056,awa_Deva
panel2,B,vardial2018/dev,bra,L1,dev:3061,awa_Deva
panel2,B,vardial2018/dev,bra,L1,dev:3062,hin_Deva
panel2,B,vardial2018/dev,bra,L1,dev:3063,doi_Deva
panel2,B,vardial2018/dev,bra,L1,dev:3074,bho_Deva
panel2,B,vardial2018/dev,bra,L1,dev:3092,awa_Deva
panel2,B,vardial2018/dev,bra,L1,dev:3102,hin_Deva
panel2,B,vardial2018/dev,bra,L1,dev:3109,hin_Deva
panel2,B,vardial2018/dev,bra,L1,dev:3120,awa_Deva
panel2,B,vardial2018/dev,bra,L1,dev:3127,san_Deva
panel2,B,vardial2018/dev,bra,L1,dev:3145,anp_Deva
panel2,B,vardial2018/dev,bra,L1,dev:3155,awa_Deva
panel2,B,vardial2018/dev,bra,L1,dev:3157,hin_Deva
panel2,B,vardial2018/dev,bra,L1,dev:3163,hin_Deva
panel2,B,vardial2018/dev,bra,L1,dev:3168,bho_Deva
panel2,B,vardial2018/dev,bra,L1,dev:3170,awa_Deva
panel2,B,vardial2018/dev,bra,L1,dev:3172,hin_Deva
panel2,B,vardial2018/dev,bra,L1,dev:3173,bho_Deva
panel2,B,vardial2018/dev,bra,L1,dev:3185,bho_Deva
panel2,B,vardial2018/dev,bra,L1,dev:3189,hin_Deva
panel2,B,vardial2018/dev,bra,L1,dev:3193,anp_Deva
panel2,B,vardial2018/dev,bra,L1,dev:3195,hin_Deva
panel2,B,vardial2018/dev,bra,L1,dev:3199,awa_Deva
panel2,B,vardial2018/dev,bra,L1,dev:3210,hin_Deva
panel2,B,vardial2018/dev,bra,L1,dev:3221,awa_Deva
panel2,B,vardial2018/dev,bra,L1,dev:3223,hin_Deva
panel2,B,vardial2018/dev,bra,L1,dev:3224,awa_Deva
panel2,B,vardial2018/dev,bra,L1,dev:3228,hin_Deva
panel2,B,vardial2018/dev,bra,L1,dev:3243,hin_Deva
panel2,B,vardial2018/dev,bra,L1,dev:3245,hin_Deva
panel2,B,vardial2018/dev,bra,L1,dev:3246,anp_Deva
panel2,B,vardial2018/dev,bra,L1,dev:3247,hin_Deva
panel2,B,vardial2018/dev,bra,L1,dev:3257,awa_Deva
panel2,B,vardial2018/dev,bra,L1,dev:3272,hin_Deva
panel2,B,vardial2018/dev,bra,L1,dev:3275,hin_Deva
panel2,B,vardial2018/dev,bra,L1,dev:3296,awa_Deva
panel2,B,vardial2018/dev,bra,L1,dev:3298,hin_Deva
panel2,B,vardial2018/dev,bra,L1,dev:3303,hin_Deva
panel2,B,vardial2018/dev,bra,L1,dev:3310,ghe_Deva
panel2,B,vardial2018/dev,bra,L1,dev:3311,hin_Deva
panel2,B,vardial2018/dev,bra,L1,dev:3313,mai_Deva
panel2,B,vardial2018/dev,bra,L1,dev:3320,awa_Deva
panel2,B,vardial2018/dev,bra,L1,dev:3324,awa_Deva
panel2,B,vardial2018/dev,bra,L1,dev:3330,mai_Deva
panel2,B,vardial2018/dev,bra,L1,dev:3334,hin_Deva
panel2,B,vardial2018/dev,bra,L1,dev:3340,bho_Deva
panel2,B,vardial2018/dev,bra,L1,dev:3348,kas_Deva
panel2,B,vardial2018/dev,bra,L1,dev:3349,hin_Deva
panel2,B,vardial2018/dev,bra,L1,dev:3350,hin_Deva
panel2,B,vardial2018/dev,bra,L1,dev:3351,awa_Deva
panel2,B,vardial2018/dev,bra,L1,dev:3359,hin_Deva
panel2,B,vardial2018/dev,bra,L1,dev:3360,new_Deva
panel2,B,vardial2018/dev,bra,L1,dev:3361,doi_Deva
panel2,B,vardial2018/dev,bra,L1,dev:3366,awa_Deva
panel2,B,vardial2018/dev,bra,L1,dev:3368,hin_Deva
panel2,B,vardial2018/dev,bra,L1,dev:3376,awa_Deva
panel2,B,vardial2018/dev,bra,L1,dev:3379,bho_Deva
panel2,B,vardial2018/dev,bra,L1,dev:3381,awa_Deva
panel2,B,vardial2018/dev,bra,L1,dev:3382,hin_Deva
panel2,B,vardial2018/dev,bra,L1,dev:3388,awa_Deva
panel2,B,vardial2018/dev,bra,L1,dev:3403,doi_Deva
panel2,B,vardial2018/dev,bra,L1,dev:3411,hin_Deva
panel2,B,vardial2018/dev,bra,L1,dev:3412,hin_Deva
panel2,B,vardial2018/dev,bra,L1,dev:3413,mai_Deva
panel2,B,vardial2018/dev,bra,L1,dev:3418,awa_Deva
panel2,B,vardial2018/dev,bra,L1,dev:3434,hin_Deva
panel2,B,vardial2018/dev,bra,L1,dev:3437,anp_Deva
panel2,B,vardial2018/dev,bra,L1,dev:3439,hin_Deva
panel2,B,vardial2018/dev,bra,L1,dev:3441,hin_Deva
panel2,B,vardial2018/dev,bra,L1,dev:3449,awa_Deva
panel2,B,vardial2018/dev,bra,L1,dev:3453,anp_Deva
panel2,B,vardial2018/dev,bra,L1,dev:3454,hin_Deva
panel2,B,vardial2018/dev,bra,L1,dev:3455,hin_Deva
panel2,B,vardial2018/dev,bra,L1,dev:3457,anp_Deva
panel2,B,vardial2018/dev,bra,L1,dev:3466,awa_Deva
panel2,B,vardial2018/dev,bra,L1,dev:3469,kas_Deva
panel2,B,vardial2018/dev,bra,L1,dev:3471,hin_Deva
panel2,B,vardial2018/dev,bra,L1,dev:3476,awa_Deva
panel2,B,vardial2018/dev,bra,L1,dev:3495,hin_Deva
panel2,B,vardial2018/dev,bra,L1,dev:3498,hin_Deva
panel2,B,vardial2018/dev,bra,L1,dev:3504,awa_Deva
panel2,B,vardial2018/dev,bra,L1,dev:3506,hin_Deva
panel2,B,vardial2018/dev,bra,L1,dev:3511,bho_Deva
panel2,B,vardial2018/dev,bra,L1,dev:3515,san_Deva
panel2,B,vardial2018/dev,bra,L1,dev:3523,hin_Deva
panel2,B,vardial2018/dev,bra,L1,dev:3527,anp_Deva
panel2,B,vardial2018/dev,bra,L1,dev:3531,awa_Deva
panel2,B,vardial2018/dev,bra,L1,dev:3539,hin_Deva
panel2,B,vardial2018/dev,bra,L1,dev:3541,doi_Deva
panel2,B,vardial2018/dev,bra,L1,dev:3542,awa_Deva
panel2,B,vardial2018/dev,bra,L1,dev:3543,awa_Deva
panel2,B,vardial2018/dev,bra,L1,dev:3544,mai_Deva
panel2,B,vardial2018/dev,bra,L1,dev:3546,hin_Deva
panel2,B,vardial2018/dev,bra,L1,dev:3555,hin_Deva
panel2,B,vardial2018/dev,bra,L1,dev:3557,awa_Deva
panel2,B,vardial2018/dev,bra,L1,dev:3565,hin_Deva
panel2,B,vardial2018/dev,bra,L1,dev:3586,awa_Deva
panel2,B,vardial2018/dev,bra,L1,dev:3601,awa_Deva
panel2,B,vardial2018/dev,bra,L1,dev:3606,anp_Deva
panel2,B,vardial2018/dev,bra,L1,dev:3607,hin_Deva
panel2,B,vardial2018/dev,bra,L1,dev:3610,hin_Deva
panel2,B,vardial2018/dev,bra,L1,dev:3615,hin_Deva
panel2,B,vardial2018/dev,bra,L1,dev:3621,kas_Deva
panel2,B,vardial2018/dev,bra,L1,dev:3622,hin_Deva
panel2,B,vardial2018/dev,bra,L1,dev:3638,awa_Deva
panel2,B,vardial2018/dev,bra,L1,dev:3640,hin_Deva
panel2,B,vardial2018/dev,bra,L1,dev:3647,awa_Deva
panel2,B,vardial2018/dev,bra,L1,dev:3665,hin_Deva
panel2,B,vardial2018/dev,bra,L1,dev:3671,awa_Deva
panel2,B,vardial2018/dev,bra,L1,dev:3681,hin_Deva
panel2,B,vardial2018/dev,bra,L1,dev:3692,awa_Deva
panel2,B,vardial2018/dev,bra,L1,dev:3694,hin_Deva
panel2,B,vardial2018/dev,bra,L1,dev:3696,npi_Deva
panel2,B,vardial2018/dev,bra,L1,dev:3703,awa_Deva
panel2,B,vardial2018/dev,bra,L1,dev:3705,hin_Deva
panel2,B,vardial2018/dev,bra,L1,dev:3715,awa_Deva
panel2,B,vardial2018/dev,bra,L1,dev:3719,awa_Deva
panel2,B,vardial2018/dev,bra,L1,dev:3721,awa_Deva
panel2,B,vardial2018/dev,bra,L1,dev:3725,awa_Deva
panel2,B,vardial2018/dev,bra,L1,dev:3735,hin_Deva
panel2,B,vardial2018/dev,bra,L1,dev:3737,awa_Deva
panel2,B,vardial2018/dev,bra,L1,dev:3742,hin_Deva
panel2,B,vardial2018/dev,bra,L1,dev:3747,doi_Deva
panel2,B,vardial2018/dev,bra,L1,dev:3752,hin_Deva
panel2,B,vardial2018/dev,bra,L1,dev:3754,hin_Deva
panel2,B,vardial2018/dev,bra,L1,dev:3758,awa_Deva
panel2,B,vardial2018/dev,bra,L1,dev:3768,awa_Deva
panel2,B,vardial2018/dev,bra,L1,dev:3776,mai_Deva
panel2,B,vardial2018/dev,bra,L1,dev:3783,hin_Deva
panel2,B,vardial2018/dev,bra,L1,dev:3788,hin_Deva
panel2,B,vardial2018/dev,bra,L1,dev:3792,hin_Deva
panel2,B,vardial2018/dev,bra,L1,dev:3813,hin_Deva
panel2,B,vardial2018/dev,bra,L1,dev:3815,hin_Deva
panel2,B,vardial2018/dev,bra,L1,dev:3817,hin_Deva
panel2,B,vardial2018/dev,bra,L1,dev:3818,hin_Deva
panel2,B,vardial2018/dev,bra,L1,dev:3819,anp_Deva
panel2,B,vardial2018/dev,bra,L1,dev:3821,new_Deva
panel2,B,vardial2018/dev,bra,L1,dev:3822,hin_Deva
panel2,B,vardial2018/dev,bra,L1,dev:3823,hin_Deva
panel2,B,vardial2018/dev,bra,L1,dev:3832,awa_Deva
panel2,B,vardial2018/dev,bra,L1,dev:3842,hin_Deva
panel2,B,vardial2018/dev,bra,L1,dev:3844,anp_Deva
panel2,B,vardial2018/dev,bra,L1,dev:3847,hin_Deva
panel2,B,vardial2018/dev,bra,L1,dev:3856,anp_Deva
panel2,B,vardial2018/dev,bra,L1,dev:3863,awa_Deva
panel2,B,vardial2018/dev,bra,L1,dev:3866,awa_Deva
panel2,B,vardial2018/dev,bra,L1,dev:3869,hin_Deva
panel2,B,vardial2018/dev,bra,L1,dev:3870,doi_Deva
panel2,B,vardial2018/dev,bra,L1,dev:3871,hin_Deva
panel2,B,vardial2018/dev,bra,L1,dev:3876,hin_Deva
panel2,B,vardial2018/dev,bra,L1,dev:3881,awa_Deva
panel2,B,vardial2018/dev,bra,L1,dev:3885,hin_Deva
panel2,B,vardial2018/dev,bra,L1,dev:3886,hin_Deva
panel2,B,vardial2018/dev,bra,L1,dev:3888,hin_Deva
panel2,B,vardial2018/dev,bra,L1,dev:3896,hin_Deva
panel2,B,vardial2018/dev,bra,L1,dev:3898,doi_Deva
panel2,B,vardial2018/dev,bra,L1,dev:3899,awa_Deva
panel2,B,vardial2018/dev,bra,L1,dev:3900,kas_Deva
panel2,B,vardial2018/dev,bra,L1,dev:3902,mai_Deva
panel2,B,vardial2018/dev,bra,L1,dev:3904,hin_Deva
panel2,B,vardial2018/dev,bra,L1,dev:3907,doi_Deva
panel2,B,vardial2018/dev,bra,L1,dev:3909,awa_Deva
panel2,B,vardial2018/dev,bra,L1,dev:3911,hin_Deva
panel2,B,vardial2018/dev,bra,L1,dev:3915,anp_Deva
panel2,B,vardial2018/dev,bra,L1,dev:3917,hin_Deva
panel2,B,vardial2018/dev,bra,L1,dev:3918,awa_Deva
panel2,B,vardial2018/dev,bra,L1,dev:3920,awa_Deva
panel2,B,vardial2018/dev,bra,L1,dev:3930,hin_Deva
panel2,B,vardial2018/dev,bra,L1,dev:3934,hin_Deva
panel2,B,vardial2018/dev,bra,L1,dev:3947,hin_Deva
panel2,B,vardial2018/dev,bra,L1,dev:3948,awa_Deva
panel2,B,vardial2018/dev,bra,L1,dev:3953,awa_Deva
panel2,B,vardial2018/dev,bra,L1,dev:3954,hin_Deva
panel2,B,vardial2018/dev,bra,L1,dev:3955,hin_Deva
panel2,B,vardial2018/dev,bra,L1,dev:3959,mai_Deva
panel2,B,vardial2018/dev,bra,L1,dev:3967,awa_Deva
panel2,B,vardial2018/dev,bra,L1,dev:3970,hin_Deva
panel2,B,vardial2018/dev,bra,L1,dev:3972,hin_Deva
panel2,B,vardial2018/dev,bra,L1,dev:3978,awa_Deva
panel2,B,vardial2018/dev,bra,L1,dev:3981,bho_Deva
panel2,B,vardial2018/dev,bra,L1,dev:3982,npi_Deva
panel2,B,vardial2018/dev,bra,L1,dev:3985,awa_Deva
panel2,B,vardial2018/dev,bra,L1,dev:3997,awa_Deva
panel2,B,vardial2018/dev,bra,L1,dev:4014,hin_Deva
panel2,B,vardial2018/dev,bra,L1,dev:4021,mai_Deva
panel2,B,vardial2018/dev,bra,L1,dev:4024,awa_Deva
panel2,B,vardial2018/dev,bra,L1,dev:4036,mai_Deva
panel2,B,vardial2018/dev,bra,L1,dev:4040,hin_Deva
panel2,B,vardial2018/dev,bra,L1,dev:4041,hin_Deva
panel2,B,vardial2018/dev,bra,L1,dev:4052,awa_Deva
panel2,B,vardial2018/dev,bra,L1,dev:4055,hin_Deva
panel2,B,vardial2018/dev,bra,L1,dev:4058,anp_Deva
panel2,B,vardial2018/dev,bra,L1,dev:4060,anp_Deva
panel2,B,vardial2018/dev,bra,L1,dev:4067,mai_Deva
panel2,B,vardial2018/dev,bra,L1,dev:4077,hin_Deva
panel2,B,vardial2018/dev,bra,L1,dev:4079,hin_Deva
panel2,B,vardial2018/dev,bra,L1,dev:4088,hin_Deva
panel2,B,vardial2018/dev,bra,L1,dev:4090,doi_Deva
panel2,B,vardial2018/dev,bra,L1,dev:4091,hin_Deva
panel2,B,vardial2018/dev,bra,L1,dev:4110,awa_Deva
panel2,B,vardial2018/dev,bra,L1,dev:4111,sck_Deva
panel2,B,vardial2018/dev,bra,L1,dev:4112,hin_Deva
panel2,B,vardial2018/dev,bra,L1,dev:4115,hin_Deva
panel2,B,vardial2018/dev,bra,L1,dev:4118,new_Deva
panel2,B,vardial2018/dev,bra,L1,dev:4137,hin_Deva
panel2,B,vardial2018/dev,bra,L1,dev:4139,anp_Deva
panel2,B,vardial2018/dev,bra,L1,dev:4143,hin_Deva
panel2,B,vardial2018/dev,bra,L1,dev:4149,mar_Deva
panel2,B,vardial2018/dev,bra,L1,dev:4152,mai_Deva
panel2,B,vardial2018/dev,bra,L1,dev:4153,hin_Deva
panel2,B,vardial2018/dev,bra,L1,dev:4160,hin_Deva
panel2,B,vardial2018/dev,bra,L1,dev:4162,hin_Deva
panel2,B,vardial2018/dev,bra,L1,dev:4164,awa_Deva
panel2,B,vardial2018/dev,bra,L1,dev:4167,kas_Deva
panel2,B,vardial2018/dev,bra,L1,dev:4170,hin_Deva
panel2,B,vardial2018/dev,bra,L1,dev:4172,hin_Deva
panel2,B,vardial2018/dev,bra,L1,dev:4183,awa_Deva
panel2,B,vardial2018/dev,bra,L1,dev:4186,hin_Deva
panel2,B,vardial2018/dev,bra,L1,dev:4188,anp_Deva
panel2,B,vardial2018/dev,bra,L1,dev:4194,awa_Deva
panel2,B,vardial2018/dev,bra,L1,dev:4195,awa_Deva
panel2,B,vardial2018/dev,bra,L1,dev:4198,hin_Deva
panel2,B,vardial2018/dev,bra,L1,dev:4200,awa_Deva
panel2,B,vardial2018/dev,bra,L1,dev:4211,awa_Deva
panel2,B,vardial2018/dev,bra,L1,dev:4214,hin_Deva
panel2,B,vardial2018/dev,bra,L1,dev:4220,doi_Deva
panel2,B,vardial2018/dev,bra,L1,dev:4221,awa_Deva
panel2,B,vardial2018/dev,bra,L1,dev:4233,mai_Deva
panel2,B,vardial2018/dev,bra,L1,dev:4234,awa_Deva
panel2,B,vardial2018/dev,bra,L1,dev:4251,awa_Deva
panel2,B,vardial2018/dev,bra,L1,dev:4253,hin_Deva
panel2,B,vardial2018/dev,bra,L1,dev:4258,hin_Deva
panel2,B,vardial2018/dev,bra,L1,dev:4266,kas_Deva
panel2,B,vardial2018/dev,bra,L1,dev:4279,awa_Deva
panel2,B,vardial2018/dev,bra,L1,dev:4282,awa_Deva
panel2,B,vardial2018/dev,bra,L1,dev:4284,awa_Deva
panel2,B,vardial2018/dev,bra,L1,dev:4285,awa_Deva
panel2,B,vardial2018/dev,bra,L1,dev:4286,mai_Deva
panel2,B,vardial2018/dev,bra,L1,dev:4290,hin_Deva
panel2,B,vardial2018/dev,bra,L1,dev:4294,hin_Deva
panel2,B,vardial2018/dev,bra,L1,dev:4298,hin_Deva
panel2,B,vardial2018/dev,bra,L1,dev:4317,anp_Deva
panel2,B,vardial2018/dev,bra,L1,dev:4323,hin_Deva
panel2,B,vardial2018/dev,bra,L1,dev:4326,awa_Deva
panel2,B,vardial2018/dev,bra,L1,dev:4328,hin_Deva
panel2,B,vardial2018/dev,bra,L1,dev:4334,hin_Deva
panel2,B,vardial2018/dev,bra,L1,dev:4339,awa_Deva
panel2,B,vardial2018/dev,bra,L1,dev:4344,hin_Deva
panel2,B,vardial2018/dev,bra,L1,dev:4347,mai_Deva
panel2,B,vardial2018/dev,bra,L1,dev:4348,hin_Deva
panel2,B,vardial2018/dev,bra,L1,dev:4351,anp_Deva
panel2,B,vardial2018/dev,bra,L1,dev:4354,hin_Deva
panel2,B,vardial2018/dev,bra,L1,dev:4355,awa_Deva
panel2,B,vardial2018/dev,bra,L1,dev:4362,hin_Deva
panel2,B,vardial2018/dev,bra,L1,dev:4363,anp_Deva
panel2,B,vardial2018/dev,bra,L1,dev:4368,awa_Deva
panel2,B,vardial2018/dev,bra,L1,dev:4369,awa_Deva
panel2,B,vardial2018/dev,bra,L1,dev:4385,hin_Deva
panel2,B,vardial2018/dev,bra,L1,dev:4386,anp_Deva
panel2,B,vardial2018/dev,bra,L1,dev:4388,mai_Deva
panel2,B,vardial2018/dev,bra,L1,dev:4394,hin_Deva
panel2,B,vardial2018/dev,bra,L1,dev:4398,awa_Deva
panel2,B,vardial2018/dev,bra,L1,dev:4400,hin_Deva
panel2,B,vardial2018/dev,bra,L1,dev:4402,awa_Deva
panel2,B,vardial2018/dev,bra,L1,dev:4408,anp_Deva
panel2,B,vardial2018/dev,bra,L1,dev:4412,awa_Deva
panel2,B,vardial2018/dev,bra,L1,dev:4413,awa_Deva
panel2,B,vardial2018/dev,bra,L1,dev:4415,hin_Deva
panel2,B,vardial2018/dev,bra,L1,dev:4419,mar_Deva
panel2,B,vardial2018/dev,bra,L1,dev:4421,hin_Deva
panel2,B,vardial2018/dev,bra,L1,dev:4424,doi_Deva
panel2,B,vardial2018/dev,bra,L1,dev:4426,awa_Deva
panel2,B,vardial2018/dev,bra,L1,dev:4433,new_Deva
panel2,B,vardial2018/dev,bra,L1,dev:4442,hin_Deva
panel2,B,vardial2018/dev,bra,L1,dev:4451,anp_Deva
panel2,B,vardial2018/dev,bra,L1,dev:4452,hin_Deva
panel2,B,vardial2018/dev,bra,L1,dev:4455,hin_Deva
panel2,B,vardial2018/dev,bra,L1,dev:4456,hin_Deva
panel2,B,vardial2018/dev,bra,L1,dev:4459,hin_Deva
panel2,B,vardial2018/dev,bra,L1,dev:4461,hin_Deva
panel2,B,vardial2018/dev,bra,L1,dev:4468,hin_Deva
panel2,B,vardial2018/dev,bra,L1,dev:4470,doi_Deva
panel2,B,vardial2018/dev,bra,L1,dev:4471,hin_Deva
panel2,B,vardial2018/dev,bra,L1,dev:4478,hin_Deva
panel2,B,vardial2018/dev,bra,L1,dev:4479,awa_Deva
panel2,B,vardial2018/dev,bra,L1,dev:4482,awa_Deva
panel2,B,vardial2018/dev,bra,L1,dev:4484,hin_Deva
panel2,B,vardial2018/dev,bra,L1,dev:4486,anp_Deva
panel2,B,vardial2018/dev,bra,L1,dev:4487,awa_Deva
panel2,B,vardial2018/dev,bra,L1,dev:4490,awa_Deva
panel2,B,vardial2018/dev,bra,L1,dev:4493,awa_Deva
panel2,B,vardial2018/dev,bra,L1,dev:4497,mai_Deva
panel2,B,vardial2018/dev,bra,L1,dev:4508,anp_Deva
panel2,B,vardial2018/dev,bra,L1,dev:4518,hin_Deva
panel2,B,vardial2018/dev,bra,L1,dev:4525,awa_Deva
panel2,B,vardial2018/dev,bra,L1,dev:4531,doi_Deva
panel2,B,vardial2018/dev,bra,L1,dev:4536,awa_Deva
panel2,B,vardial2018/dev,bra,L1,dev:4539,hin_Deva
panel2,B,vardial2018/dev,bra,L1,dev:4541,anp_Deva
panel2,B,vardial2018/dev,bra,L1,dev:4553,hin_Deva
panel2,B,vardial2018/dev,bra,L1,dev:4555,awa_Deva
panel2,B,vardial2018/dev,bra,L1,dev:4557,hin_Deva
panel2,B,vardial2018/dev,bra,L1,dev:4562,hin_Deva
panel2,B,vardial2018/dev,bra,L1,dev:4564,hin_Deva
panel2,B,vardial2018/dev,bra,L1,dev:4565,hin_Deva
panel2,B,vardial2018/dev,bra,L1,dev:4567,san_Deva
panel2,B,vardial2018/dev,bra,L1,dev:4574,awa_Deva
panel2,B,vardial2018/dev,bra,L1,dev:4598,awa_Deva
panel2,B,vardial2018/dev,bra,L1,dev:4606,hin_Deva
panel2,B,vardial2018/dev,bra,L1,dev:4609,hin_Deva
panel2,B,vardial2018/dev,bra,L1,dev:4610,hin_Deva
panel2,B,vardial2018/dev,bra,L1,dev:4619,hin_Deva
panel2,B,vardial2018/dev,bra,L1,dev:4624,doi_Deva
panel2,B,vardial2018/dev,bra,L1,dev:4651,hin_Deva
panel2,B,vardial2018/dev,bra,L1,dev:4660,awa_Deva
panel2,B,vardial2018/dev,bra,L1,dev:4661,hin_Deva
panel2,B,vardial2018/dev,bra,L1,dev:4671,awa_Deva
panel2,B,vardial2018/dev,bra,L1,dev:4676,hin_Deva
panel2,B,vardial2018/dev,bra,L1,dev:4684,hin_Deva
panel2,B,vardial2018/dev,bra,L1,dev:4685,awa_Deva
panel2,B,vardial2018/dev,bra,L1,dev:4686,hin_Deva
panel2,B,vardial2018/dev,bra,L1,dev:4687,hin_Deva
panel2,B,vardial2018/dev,bra,L1,dev:4694,hin_Deva
panel2,B,vardial2018/dev,bra,L1,dev:4698,hin_Deva
panel2,B,vardial2018/dev,bra,L1,dev:4703,mai_Deva
panel2,B,vardial2018/dev,bra,L1,dev:4710,hin_Deva
panel2,B,vardial2018/dev,bra,L1,dev:4711,bho_Deva
panel2,B,vardial2018/dev,bra,L1,dev:4713,awa_Deva
panel2,B,vardial2018/dev,bra,L1,dev:4714,awa_Deva
panel2,B,vardial2018/dev,bra,L1,dev:4723,hin_Deva
panel2,B,vardial2018/dev,bra,L1,dev:4728,hin_Deva
panel2,B,vardial2018/dev,bra,L1,dev:4731,awa_Deva
panel2,B,vardial2018/dev,bra,L1,dev:4744,awa_Deva
panel2,B,vardial2018/dev,bra,L1,dev:4755,hin_Deva
panel2,B,vardial2018/dev,bra,L1,dev:4768,awa_Deva
panel2,B,vardial2018/dev,bra,L1,dev:4772,ghe_Deva
panel2,B,vardial2018/dev,bra,L1,dev:4774,hin_Deva
panel2,B,vardial2018/dev,bra,L1,dev:4777,hin_Deva
panel2,B,vardial2018/dev,bra,L1,dev:4778,awa_Deva
panel2,B,vardial2018/dev,bra,L1,dev:4780,anp_Deva
panel2,B,vardial2018/dev,bra,L1,dev:4781,awa_Deva
panel2,B,vardial2018/dev,bra,L1,dev:4790,hin_Deva
panel2,B,vardial2018/dev,bra,L1,dev:4795,hin_Deva
panel2,B,vardial2018/dev,bra,L1,dev:4806,hin_Deva
panel2,B,vardial2018/dev,bra,L1,dev:4815,mai_Deva
panel2,B,vardial2018/dev,bra,L1,dev:4817,mai_Deva
panel2,B,vardial2018/dev,bra,L1,dev:4823,hin_Deva
panel2,B,vardial2018/dev,bra,L1,dev:4828,awa_Deva
panel2,B,vardial2018/dev,bra,L1,dev:4829,hin_Deva
panel2,B,vardial2018/dev,bra,L1,dev:4832,hin_Deva
panel2,B,vardial2018/dev,bra,L1,dev:4837,awa_Deva
panel2,B,vardial2018/dev,bra,L1,dev:4843,bho_Deva
panel2,B,vardial2018/dev,bra,L1,dev:4844,hin_Deva
panel2,B,vardial2018/dev,bra,L1,dev:4845,hin_Deva
panel2,B,vardial2018/dev,bra,L1,dev:4848,hin_Deva
panel2,B,vardial2018/dev,bra,L1,dev:4850,hin_Deva
panel2,B,vardial2018/dev,bra,L1,dev:4851,hin_Deva
panel2,B,vardial2018/dev,bra,L1,dev:4863,san_Deva
panel2,B,vardial2018/dev,bra,L1,dev:4864,bho_Deva
panel2,B,vardial2018/dev,bra,L1,dev:4866,hin_Deva
panel2,B,vardial2018/dev,bra,L1,dev:4869,hin_Deva
panel2,B,vardial2018/dev,bra,L1,dev:4870,hin_Deva
panel2,B,vardial2018/dev,bra,L1,dev:4871,awa_Deva
panel2,B,vardial2018/dev,bra,L1,dev:4877,hin_Deva
panel2,B,vardial2018/dev,bra,L1,dev:4882,awa_Deva
panel2,B,vardial2018/dev,bra,L1,dev:4887,hin_Deva
panel2,B,vardial2018/dev,bra,L1,dev:4898,bho_Deva
panel2,B,vardial2018/dev,bra,L1,dev:4903,awa_Deva
panel2,B,vardial2018/dev,bra,L1,dev:4904,hin_Deva
panel2,B,vardial2018/dev,bra,L1,dev:4907,hin_Deva
panel2,B,vardial2018/dev,bra,L1,dev:4909,doi_Deva
panel2,B,vardial2018/dev,bra,L1,dev:4913,anp_Deva
panel2,B,vardial2018/dev,bra,L1,dev:4914,npi_Deva
panel2,B,vardial2018/dev,bra,L1,dev:4924,awa_Deva
panel2,B,vardial2018/dev,bra,L1,dev:4934,hin_Deva
panel2,B,vardial2018/dev,bra,L1,dev:4936,hin_Deva
panel2,B,vardial2018/dev,bra,L1,dev:4952,hin_Deva
panel2,B,vardial2018/dev,bra,L1,dev:4954,doi_Deva
panel2,B,vardial2018/dev,bra,L1,dev:4955,hin_Deva
panel2,B,vardial2018/dev,bra,L1,dev:4961,hin_Deva
panel2,B,vardial2018/dev,bra,L1,dev:4962,awa_Deva
panel2,B,vardial2018/dev,bra,L1,dev:4967,mai_Deva
panel2,B,vardial2018/dev,bra,L1,dev:4973,hin_Deva
panel2,B,vardial2018/dev,bra,L1,dev:4974,hin_Deva
panel2,B,vardial2018/dev,bra,L1,dev:4975,awa_Deva
panel2,B,vardial2018/dev,bra,L1,dev:4983,hin_Deva
panel2,B,vardial2018/dev,bra,L1,dev:4986,hin_Deva
panel2,B,vardial2018/dev,bra,L1,dev:4988,awa_Deva
panel2,B,vardial2018/dev,bra,L1,dev:4989,mag_Deva
panel2,B,vardial2018/dev,bra,L1,dev:4997,anp_Deva
panel2,B,vardial2018/dev,bra,L1,dev:5000,hin_Deva
panel2,B,vardial2018/dev,bra,L1,dev:5008,bho_Deva
panel2,B,vardial2018/dev,bra,L1,dev:5009,hin_Deva
panel2,B,vardial2018/dev,bra,L1,dev:5015,awa_Deva
panel2,B,vardial2018/dev,bra,L1,dev:5020,doi_Deva
panel2,B,vardial2018/dev,bra,L1,dev:5023,awa_Deva
panel2,B,vardial2018/dev,bra,L1,dev:5024,hin_Deva
panel2,B,vardial2018/dev,bra,L1,dev:5027,hin_Deva
panel2,B,vardial2018/dev,bra,L1,dev:5033,bho_Deva
panel2,B,vardial2018/dev,bra,L1,dev:5042,awa_Deva
panel2,B,vardial2018/dev,bra,L1,dev:5045,awa_Deva
panel2,B,vardial2018/dev,bra,L1,dev:5048,awa_Deva
panel2,B,vardial2018/dev,bra,L1,dev:5051,hin_Deva
panel2,B,vardial2018/dev,bra,L1,dev:5056,awa_Deva
panel2,B,vardial2018/dev,bra,L1,dev:5058,hin_Deva
panel2,B,vardial2018/dev,bra,L1,dev:5070,hin_Deva
panel2,B,vardial2018/dev,bra,L1,dev:5072,hin_Deva
panel2,B,vardial2018/dev,bra,L1,dev:5073,doi_Deva
panel2,B,vardial2018/dev,bra,L1,dev:5076,anp_Deva
panel2,B,vardial2018/dev,bra,L1,dev:5077,hin_Deva
panel2,B,vardial2018/dev,bra,L1,dev:5081,hin_Deva
panel2,B,vardial2018/dev,bra,L1,dev:5088,hin_Deva
panel2,B,vardial2018/dev,bra,L1,dev:5094,hin_Deva
panel2,B,vardial2018/dev,bra,L1,dev:5096,npi_Deva
panel2,B,vardial2018/dev,bra,L1,dev:5097,npi_Deva
panel2,B,vardial2018/dev,bra,L1,dev:5109,hin_Deva
panel2,B,vardial2018/dev,bra,L1,dev:5114,kru_Deva
panel2,B,vardial2018/dev,bra,L1,dev:5121,hin_Deva
panel2,B,vardial2018/dev,bra,L1,dev:5124,awa_Deva
panel2,B,vardial2018/dev,bra,L1,dev:5126,hin_Deva
panel2,B,vardial2018/dev,bra,L1,dev:5131,hin_Deva
panel2,B,vardial2018/dev,bra,L1,dev:5136,awa_Deva
panel2,B,vardial2018/dev,bra,L1,dev:5143,bho_Deva
panel2,B,vardial2018/dev,bra,L1,dev:5152,mai_Deva
panel2,B,vardial2018/dev,bra,L1,dev:5155,hin_Deva
panel2,B,vardial2018/dev,bra,L1,dev:5156,awa_Deva
panel2,B,vardial2018/dev,bra,L1,dev:5157,awa_Deva
panel2,B,vardial2018/dev,bra,L1,dev:5158,hin_Deva
panel2,B,vardial2018/dev,bra,L1,dev:5160,awa_Deva
panel2,B,vardial2018/dev,bra,L1,dev:5162,npi_Deva
panel2,B,vardial2018/dev,bra,L1,dev:5164,hin_Deva
panel2,B,vardial2018/dev,bra,L1,dev:5170,awa_Deva
panel2,B,vardial2018/dev,bra,L1,dev:5171,awa_Deva
panel2,B,vardial2018/dev,bra,L1,dev:5175,hin_Deva
panel2,B,vardial2018/dev,bra,L1,dev:5177,awa_Deva
panel2,B,vardial2018/dev,bra,L1,dev:5182,hin_Deva
panel2,B,vardial2018/dev,bra,L1,dev:5184,bho_Deva
panel2,B,vardial2018/dev,bra,L1,dev:5192,bho_Deva
panel2,B,vardial2018/dev,bra,L1,dev:5197,awa_Deva
panel2,B,vardial2018/dev,bra,L1,dev:5198,hin_Deva
panel2,B,vardial2018/dev,bra,L1,dev:5208,awa_Deva
panel2,B,vardial2018/dev,bra,L1,dev:5211,anp_Deva
panel2,B,vardial2018/dev,bra,L1,dev:5217,kas_Deva
panel2,B,vardial2018/dev,bra,L1,dev:5219,anp_Deva
panel2,B,vardial2018/dev,bra,L1,dev:5230,hin_Deva
panel2,B,vardial2018/dev,bra,L1,dev:5243,awa_Deva
panel2,B,vardial2018/dev,bra,L1,dev:5245,awa_Deva
panel2,B,vardial2018/dev,bra,L1,dev:5246,doi_Deva
panel2,B,vardial2018/dev,bra,L1,dev:5251,awa_Deva
panel2,B,vardial2018/dev,bra,L1,dev:5255,kas_Deva
panel2,B,vardial2018/dev,bra,L1,dev:5257,awa_Deva
panel2,B,vardial2018/dev,bra,L1,dev:5260,hin_Deva
panel2,B,vardial2018/dev,bra,L1,dev:5265,awa_Deva
panel2,B,vardial2018/dev,bra,L1,dev:5266,awa_Deva
panel2,B,vardial2018/dev,bra,L1,dev:5267,awa_Deva
panel2,B,vardial2018/dev,bra,L1,dev:5278,hin_Deva
panel2,B,vardial2018/dev,bra,L1,dev:5286,hin_Deva
panel2,B,vardial2018/dev,bra,L1,dev:5292,awa_Deva
panel2,B,vardial2018/dev,bra,L1,dev:5300,hin_Deva
panel2,B,vardial2018/dev,bra,L1,dev:5306,awa_Deva
panel2,B,vardial2018/dev,bra,L1,dev:5308,awa_Deva
panel2,B,vardial2018/dev,bra,L1,dev:5312,awa_Deva
panel2,B,vardial2018/dev,bra,L1,dev:5319,npi_Deva
panel2,B,vardial2018/dev,bra,L1,dev:5325,awa_Deva
panel2,B,vardial2018/dev,bra,L1,dev:5327,hin_Deva
panel2,B,vardial2018/dev,bra,L1,dev:5331,hin_Deva
panel2,B,vardial2018/dev,bra,L1,dev:5332,anp_Deva
panel2,B,vardial2018/dev,bra,L1,dev:5338,hin_Deva
panel2,B,vardial2018/dev,bra,L1,dev:5345,doi_Deva
panel2,B,vardial2018/dev,bra,L1,dev:5346,bho_Deva
panel2,B,vardial2018/dev,bra,L1,dev:5357,hin_Deva
panel2,B,vardial2018/dev,bra,L1,dev:5358,hin_Deva
panel2,B,vardial2018/dev,bra,L1,dev:5365,hin_Deva
panel2,B,vardial2018/dev,bra,L1,dev:5379,anp_Deva
panel2,B,vardial2018/dev,bra,L1,dev:5381,awa_Deva
panel2,B,vardial2018/dev,bra,L1,dev:5382,awa_Deva
panel2,B,vardial2018/dev,bra,L1,dev:5384,hin_Deva
panel2,B,vardial2018/dev,bra,L1,dev:5386,hin_Deva
panel2,B,vardial2018/dev,bra,L1,dev:5391,hin_Deva
panel2,B,vardial2018/dev,bra,L1,dev:5392,hin_Deva
panel2,B,vardial2018/dev,bra,L1,dev:5395,awa_Deva
panel2,B,vardial2018/dev,bra,L1,dev:5404,hin_Deva
panel2,B,vardial2018/dev,bra,L1,dev:5407,anp_Deva
panel2,B,vardial2018/dev,bra,L1,dev:5410,hin_Deva
panel2,B,vardial2018/dev,bra,L1,dev:5411,mai_Deva
panel2,B,vardial2018/dev,bra,L1,dev:5424,awa_Deva
panel2,B,vardial2018/dev,bra,L1,dev:5428,hin_Deva
panel2,B,vardial2018/dev,bra,L1,dev:5442,awa_Deva
panel2,B,vardial2018/dev,bra,L1,dev:5447,awa_Deva
panel2,B,vardial2018/dev,bra,L1,dev:5457,mai_Deva
panel2,B,vardial2018/dev,bra,L1,dev:5461,hin_Deva
panel2,B,vardial2018/dev,bra,L1,dev:5466,anp_Deva
panel2,B,vardial2018/dev,bra,L1,dev:5472,san_Deva
panel2,B,vardial2018/dev,bra,L1,dev:5475,hin_Deva
panel2,B,vardial2018/dev,bra,L1,dev:5479,awa_Deva
panel2,B,vardial2018/dev,bra,L1,dev:5483,awa_Deva
panel2,B,vardial2018/dev,bra,L1,dev:5494,hin_Deva
panel2,B,vardial2018/dev,bra,L1,dev:5499,awa_Deva
panel2,B,vardial2018/dev,bra,L1,dev:5506,awa_Deva
panel2,B,vardial2018/dev,bra,L1,dev:5509,awa_Deva
panel2,B,vardial2018/dev,bra,L1,dev:5514,mai_Deva
panel2,B,vardial2018/dev,bra,L1,dev:5517,hin_Deva
panel2,B,vardial2018/dev,bra,L1,dev:5518,awa_Deva
panel2,B,vardial2018/dev,bra,L1,dev:5520,hin_Deva
panel2,B,vardial2018/dev,bra,L1,dev:5525,mai_Deva
panel2,B,vardial2018/dev,bra,L1,dev:5533,anp_Deva
panel2,B,vardial2018/dev,bra,L1,dev:5535,awa_Deva
panel2,B,vardial2018/dev,bra,L1,dev:5538,anp_Deva
panel2,B,vardial2018/dev,bra,L1,dev:5546,bho_Deva
panel2,B,vardial2018/dev,bra,L1,dev:5548,awa_Deva
panel2,B,vardial2018/dev,bra,L1,dev:5557,doi_Deva
panel2,B,vardial2018/dev,bra,L1,dev:5570,doi_Deva
panel2,B,vardial2018/dev,bra,L1,dev:5571,awa_Deva
panel2,B,vardial2018/dev,bra,L1,dev:5584,new_Deva
panel2,B,vardial2018/dev,bra,L1,dev:5586,hin_Deva
panel2,B,vardial2018/dev,bra,L1,dev:5588,awa_Deva
panel2,B,vardial2018/dev,bra,L1,dev:5590,hin_Deva
panel2,B,vardial2018/dev,bra,L1,dev:5602,hin_Deva
panel2,B,vardial2018/dev,bra,L1,dev:5603,doi_Deva
panel2,B,vardial2018/dev,bra,L1,dev:5612,awa_Deva
panel2,B,vardial2018/dev,bra,L1,dev:5620,awa_Deva
panel2,B,vardial2018/dev,bra,L1,dev:5628,doi_Deva
panel2,B,vardial2018/dev,bra,L1,dev:5630,hin_Deva
panel2,B,vardial2018/dev,bra,L1,dev:5633,awa_Deva
panel2,B,vardial2018/dev,bra,L1,dev:5637,hin_Deva
panel2,B,vardial2018/dev,bra,L1,dev:5646,awa_Deva
panel2,B,vardial2018/dev,bra,L1,dev:5655,hin_Deva
panel2,B,vardial2018/dev,bra,L1,dev:5658,awa_Deva
panel2,B,vardial2018/dev,bra,L1,dev:5661,mai_Deva
panel2,B,vardial2018/dev,bra,L1,dev:5662,hin_Deva
panel2,B,vardial2018/dev,bra,L1,dev:5666,doi_Deva
panel2,B,vardial2018/dev,bra,L1,dev:5667,awa_Deva
panel2,B,vardial2018/dev,bra,L1,dev:5673,npi_Deva
panel2,B,vardial2018/dev,bra,L1,dev:5684,hin_Deva
panel2,B,vardial2018/dev,bra,L1,dev:5685,hin_Deva
panel2,B,vardial2018/dev,bra,L1,dev:5693,hin_Deva
panel2,B,vardial2018/dev,bra,L1,dev:5697,hin_Deva
panel2,B,vardial2018/dev,bra,L1,dev:5701,hin_Deva
panel2,B,vardial2018/dev,bra,L1,dev:5702,doi_Deva
panel2,B,vardial2018/dev,bra,L1,dev:5703,awa_Deva
panel2,B,vardial2018/dev,bra,L1,dev:5705,doi_Deva
panel2,B,vardial2018/dev,bra,L1,dev:5706,hin_Deva
panel2,B,vardial2018/dev,bra,L1,dev:5720,awa_Deva
panel2,B,vardial2018/dev,bra,L1,dev:5721,npi_Deva
panel2,B,vardial2018/dev,bra,L1,dev:5730,mai_Deva
panel2,B,vardial2018/dev,bra,L1,dev:5733,awa_Deva
panel2,B,vardial2018/dev,bra,L1,dev:5746,doi_Deva
panel2,B,vardial2018/dev,bra,L1,dev:5749,awa_Deva
panel2,B,vardial2018/dev,bra,L1,dev:5755,hin_Deva
panel2,B,vardial2018/dev,bra,L1,dev:5757,awa_Deva
panel2,B,vardial2018/dev,bra,L1,dev:5762,mai_Deva
panel2,B,vardial2018/dev,bra,L1,dev:5769,mai_Deva
panel2,B,vardial2018/dev,bra,L1,dev:5772,awa_Deva
panel2,B,vardial2018/dev,bra,L1,dev:5780,anp_Deva
panel2,B,vardial2018/dev,bra,L1,dev:5787,hin_Deva
panel2,B,vardial2018/dev,bra,L1,dev:5788,mar_Deva
panel2,B,vardial2018/dev,bra,L1,dev:5804,hin_Deva
panel2,B,vardial2018/dev,bra,L1,dev:5818,awa_Deva
panel2,B,vardial2018/dev,bra,L1,dev:5819,hin_Deva
panel2,B,vardial2018/dev,bra,L1,dev:5822,awa_Deva
panel2,B,vardial2018/dev,bra,L1,dev:5827,hin_Deva
panel2,B,vardial2018/dev,bra,L1,dev:5841,awa_Deva
panel2,B,vardial2018/dev,bra,L1,dev:5842,awa_Deva
panel2,B,vardial2018/dev,bra,L1,dev:5846,hin_Deva
panel2,B,vardial2018/dev,bra,L1,dev:5857,hin_Deva
panel2,B,vardial2018/dev,bra,L1,dev:5858,awa_Deva
panel2,B,vardial2018/dev,bra,L1,dev:5860,mai_Deva
panel2,B,vardial2018/dev,bra,L1,dev:5865,hin_Deva
panel2,B,vardial2018/dev,bra,L1,dev:5866,doi_Deva
panel2,B,vardial2018/dev,bra,L1,dev:5874,hin_Deva
panel2,B,vardial2018/dev,bra,L1,dev:5876,awa_Deva
panel2,B,vardial2018/dev,bra,L1,dev:5881,hin_Deva
panel2,B,vardial2018/dev,bra,L1,dev:5883,hin_Deva
panel2,B,vardial2018/dev,bra,L1,dev:5887,doi_Deva
panel2,B,vardial2018/dev,bra,L1,dev:5888,doi_Deva
panel2,B,vardial2018/dev,bra,L1,dev:5899,awa_Deva
panel2,B,vardial2018/dev,bra,L1,dev:5907,hin_Deva
panel2,B,vardial2018/dev,bra,L1,dev:5914,awa_Deva
panel2,B,vardial2018/dev,bra,L1,dev:5922,hin_Deva
panel2,B,vardial2018/dev,bra,L1,dev:5924,hin_Deva
panel2,B,vardial2018/dev,bra,L1,dev:5942,awa_Deva
panel2,B,vardial2018/dev,bra,L1,dev:5944,awa_Deva
panel2,B,vardial2018/dev,bra,L1,dev:5952,hin_Deva
panel2,B,vardial2018/dev,bra,L1,dev:5953,hin_Deva
panel2,B,vardial2018/dev,bra,L1,dev:5961,hin_Deva
panel2,B,vardial2018/dev,bra,L1,dev:5978,hin_Deva
panel2,B,vardial2018/dev,bra,L1,dev:5980,awa_Deva
panel2,B,vardial2018/dev,bra,L1,dev:5984,awa_Deva
panel2,B,vardial2018/dev,bra,L1,dev:5987,mar_Deva
panel2,B,vardial2018/dev,bra,L1,dev:5988,hin_Deva
panel2,B,vardial2018/dev,bra,L1,dev:5992,hin_Deva
panel2,B,vardial2018/dev,bra,L1,dev:5994,mai_Deva
panel2,B,vardial2018/dev,bra,L1,dev:6001,hin_Deva
panel2,B,vardial2018/dev,bra,L1,dev:6008,bho_Deva
panel2,B,vardial2018/dev,bra,L1,dev:6009,hin_Deva
panel2,B,vardial2018/dev,bra,L1,dev:6010,doi_Deva
panel2,B,vardial2018/dev,bra,L1,dev:6013,awa_Deva
panel2,B,vardial2018/dev,bra,L1,dev:6015,hin_Deva
panel2,B,vardial2018/dev,bra,L1,dev:6017,awa_Deva
panel2,B,vardial2018/dev,bra,L1,dev:6023,hin_Deva
panel2,B,vardial2018/dev,bra,L1,dev:6024,hin_Deva
panel2,B,vardial2018/dev,bra,L1,dev:6031,hin_Deva
panel2,B,vardial2018/dev,bra,L1,dev:6034,hin_Deva
panel2,B,vardial2018/dev,bra,L1,dev:6051,awa_Deva
panel2,B,vardial2018/dev,bra,L1,dev:6052,kle_Deva
panel2,B,vardial2018/dev,bra,L1,dev:6056,hin_Deva
panel2,B,vardial2018/dev,bra,L1,dev:6066,hin_Deva
panel2,B,vardial2018/dev,bra,L1,dev:6068,hin_Deva
panel2,B,vardial2018/dev,bra,L1,dev:6070,hin_Deva
panel2,B,vardial2018/dev,bra,L1,dev:6071,new_Deva
panel2,B,vardial2018/dev,bra,L1,dev:6081,awa_Deva
panel2,B,vardial2018/dev,bra,L1,dev:6085,hin_Deva
panel2,B,vardial2018/dev,bra,L1,dev:6095,hin_Deva
panel2,B,vardial2018/dev,bra,L1,dev:6099,awa_Deva
panel2,B,vardial2018/dev,bra,L1,dev:6129,hin_Deva
panel2,B,vardial2018/dev,bra,L1,dev:6139,awa_Deva
panel2,B,vardial2018/dev,bra,L1,dev:6141,hin_Deva
panel2,B,vardial2018/dev,bra,L1,dev:6144,mar_Deva
panel2,B,vardial2018/dev,bra,L1,dev:6147,awa_Deva
panel2,B,vardial2018/dev,bra,L1,dev:6153,awa_Deva
panel2,B,vardial2018/dev,bra,L1,dev:6155,hin_Deva
panel2,B,vardial2018/dev,bra,L1,dev:6161,hin_Deva
panel2,B,vardial2018/dev,bra,L1,dev:6187,awa_Deva
panel2,B,vardial2018/dev,bra,L1,dev:6190,anp_Deva
panel2,B,vardial2018/dev,bra,L1,dev:6197,hin_Deva
panel2,B,vardial2018/dev,bra,L1,dev:6198,awa_Deva
panel2,B,vardial2018/dev,bra,L1,dev:6203,anp_Deva
panel2,B,vardial2018/dev,bra,L1,dev:6206,hin_Deva
panel2,B,vardial2018/dev,bra,L1,dev:6213,awa_Deva
panel2,B,vardial2018/dev,bra,L1,dev:6219,awa_Deva
panel2,B,vardial2018/dev,bra,L1,dev:6220,doi_Deva
panel2,B,vardial2018/dev,bra,L1,dev:6222,awa_Deva
panel2,B,vardial2018/dev,bra,L1,dev:6227,awa_Deva
panel2,B,vardial2018/dev,bra,L1,dev:6230,hin_Deva
panel2,B,vardial2018/dev,bra,L1,dev:6233,hin_Deva
panel2,B,vardial2018/dev,bra,L1,dev:6238,new_Deva
panel2,B,vardial2018/dev,bra,L1,dev:6239,awa_Deva
panel2,B,vardial2018/dev,bra,L1,dev:6244,hin_Deva
panel2,B,vardial2018/dev,bra,L1,dev:6246,anp_Deva
panel2,B,vardial2018/dev,bra,L1,dev:6258,npi_Deva
panel2,B,vardial2018/dev,bra,L1,dev:6260,anp_Deva
panel2,B,vardial2018/dev,bra,L1,dev:6262,hin_Deva
panel2,B,vardial2018/dev,bra,L1,dev:6263,hin_Deva
panel2,B,vardial2018/dev,bra,L1,dev:6266,mai_Deva
panel2,B,vardial2018/dev,bra,L1,dev:6267,hin_Deva
panel2,B,vardial2018/dev,bra,L1,dev:6272,awa_Deva
panel2,B,vardial2018/dev,bra,L1,dev:6282,awa_Deva
panel2,B,vardial2018/dev,bra,L1,dev:6285,anp_Deva
panel2,B,vardial2018/dev,bra,L1,dev:6286,awa_Deva
panel2,B,vardial2018/dev,bra,L1,dev:6297,mup_Deva
panel2,B,vardial2018/dev,bra,L1,dev:6309,awa_Deva
panel2,B,vardial2018/dev,bra,L1,dev:6327,hin_Deva
panel2,B,vardial2018/dev,bra,L1,dev:6331,hin_Deva
panel2,B,vardial2018/dev,bra,L1,dev:6336,hin_Deva
panel2,B,vardial2018/dev,bra,L1,dev:6342,awa_Deva
panel2,B,vardial2018/dev,bra,L1,dev:6350,hin_Deva
panel2,B,vardial2018/dev,bra,L1,dev:6352,hin_Deva
panel2,B,vardial2018/dev,bra,L1,dev:6354,awa_Deva
panel2,B,vardial2018/dev,bra,L1,dev:6367,awa_Deva
panel2,B,vardial2018/dev,bra,L1,dev:6369,mai_Deva
panel2,B,vardial2018/dev,bra,L1,dev:6373,anp_Deva
panel2,B,vardial2018/dev,bra,L1,dev:6376,awa_Deva
panel2,B,vardial2018/dev,bra,L1,dev:6382,awa_Deva
panel2,B,vardial2018/dev,bra,L1,dev:6403,awa_Deva
panel2,B,vardial2018/dev,bra,L1,dev:6404,awa_Deva
panel2,B,vardial2018/dev,bra,L1,dev:6405,hin_Deva
panel2,B,vardial2018/dev,bra,L1,dev:6410,hin_Deva
panel2,B,vardial2018/dev,bra,L1,dev:6412,anp_Deva
panel2,B,vardial2018/dev,bra,L1,dev:6420,awa_Deva
panel2,B,vardial2018/dev,bra,L1,dev:6421,awa_Deva
panel2,B,vardial2018/dev,bra,L1,dev:6422,hin_Deva
panel2,B,vardial2018/dev,bra,L1,dev:6430,hin_Deva
panel2,B,vardial2018/dev,bra,L1,dev:6431,hin_Deva
panel2,B,vardial2018/dev,bra,L1,dev:6433,awa_Deva
panel2,B,vardial2018/dev,bra,L1,dev:6437,mar_Deva
panel2,B,vardial2018/dev,bra,L1,dev:6445,anp_Deva
panel2,B,vardial2018/dev,bra,L1,dev:6449,awa_Deva
panel2,B,vardial2018/dev,bra,L1,dev:6455,hin_Deva
panel2,B,vardial2018/dev,bra,L1,dev:6463,hin_Deva
panel2,B,vardial2018/dev,bra,L1,dev:6470,hin_Deva
panel2,B,vardial2018/dev,bra,L1,dev:6478,awa_Deva
panel2,B,vardial2018/dev,bra,L1,dev:6484,hin_Deva
panel2,B,vardial2018/dev,bra,L1,dev:6488,hin_Deva
panel2,B,vardial2018/dev,bra,L1,dev:6490,mai_Deva
panel2,B,vardial2018/dev,bra,L1,dev:6501,awa_Deva
panel2,B,vardial2018/dev,bra,L1,dev:6503,new_Deva
panel2,B,vardial2018/dev,bra,L1,dev:6514,hin_Deva
panel2,B,vardial2018/dev,bra,L1,dev:6515,awa_Deva
panel2,B,vardial2018/dev,bra,L1,dev:6516,awa_Deva
panel2,B,vardial2018/dev,bra,L1,dev:6519,hin_Deva
panel2,B,vardial2018/dev,bra,L1,dev:6520,hin_Deva
panel2,B,vardial2018/dev,bra,L1,dev:6535,mai_Deva
panel2,B,vardial2018/dev,bra,L1,dev:6540,awa_Deva
panel2,B,vardial2018/dev,bra,L1,dev:6547,bho_Deva
panel2,B,vardial2018/dev,bra,L1,dev:6554,hin_Deva
panel2,B,vardial2018/dev,bra,L1,dev:6560,hin_Deva
panel2,B,vardial2018/dev,bra,L1,dev:6564,new_Deva
panel2,B,vardial2018/dev,bra,L1,dev:6588,hin_Deva
panel2,B,vardial2018/dev,bra,L1,dev:6599,hin_Deva
panel2,B,vardial2018/dev,bra,L1,dev:6600,awa_Deva
panel2,B,vardial2018/dev,bra,L1,dev:6609,mai_Deva
panel2,B,vardial2018/dev,bra,L1,dev:6613,awa_Deva
panel2,B,vardial2018/dev,bra,L1,dev:6614,hin_Deva
panel2,B,vardial2018/dev,bra,L1,dev:6619,mai_Deva
panel2,B,vardial2018/dev,bra,L1,dev:6624,hin_Deva
panel2,B,vardial2018/dev,bra,L1,dev:6630,awa_Deva
panel2,B,vardial2018/dev,bra,L1,dev:6646,hin_Deva
panel2,B,vardial2018/dev,bra,L1,dev:6657,anp_Deva
panel2,B,vardial2018/dev,bra,L1,dev:6659,hin_Deva
panel2,B,vardial2018/dev,bra,L1,dev:6664,hin_Deva
panel2,B,vardial2018/dev,bra,L1,dev:6680,hin_Deva
panel2,B,vardial2018/dev,bra,L1,dev:6685,awa_Deva
panel2,B,vardial2018/dev,bra,L1,dev:6690,hin_Deva
panel2,B,vardial2018/dev,bra,L1,dev:6692,hin_Deva
panel2,B,vardial2018/dev,bra,L1,dev:6693,hin_Deva
panel2,B,vardial2018/dev,bra,L1,dev:6701,hin_Deva
panel2,B,vardial2018/dev,bra,L1,dev:6707,awa_Deva
panel2,B,vardial2018/dev,bra,L1,dev:6715,doi_Deva
panel2,B,vardial2018/dev,bra,L1,dev:6717,awa_Deva
panel2,B,vardial2018/dev,bra,L1,dev:6730,hin_Deva
panel2,B,vardial2018/dev,bra,L1,dev:6735,npi_Deva
panel2,B,vardial2018/dev,bra,L1,dev:6749,npi_Deva
panel2,B,vardial2018/dev,bra,L1,dev:6756,hin_Deva
panel2,B,vardial2018/dev,bra,L1,dev:6762,awa_Deva
panel2,B,vardial2018/dev,bra,L1,dev:6771,awa_Deva
panel2,B,vardial2018/dev,bra,L1,dev:6772,hin_Deva
panel2,B,vardial2018/dev,bra,L1,dev:6776,awa_Deva
panel2,B,vardial2018/dev,bra,L1,dev:6777,awa_Deva
panel2,B,vardial2018/dev,bra,L1,dev:6789,hin_Deva
panel2,B,vardial2018/dev,bra,L1,dev:6795,npi_Deva
panel2,B,vardial2018/dev,bra,L1,dev:6805,bho_Deva
panel2,B,vardial2018/dev,bra,L1,dev:6810,bho_Deva
panel2,B,vardial2018/dev,bra,L1,dev:6811,awa_Deva
panel2,B,vardial2018/dev,bra,L1,dev:6819,hin_Deva
panel2,B,vardial2018/dev,bra,L1,dev:6820,awa_Deva
panel2,B,vardial2018/dev,bra,L1,dev:6833,hin_Deva
panel2,B,vardial2018/dev,bra,L1,dev:6842,mai_Deva
panel2,B,vardial2018/dev,bra,L1,dev:6843,hin_Deva
panel2,B,vardial2018/dev,bra,L1,dev:6849,awa_Deva
panel2,B,vardial2018/dev,bra,L1,dev:6850,doi_Deva
panel2,B,vardial2018/dev,bra,L1,dev:6853,hin_Deva
panel2,B,vardial2018/dev,bra,L1,dev:6854,hin_Deva
panel2,B,vardial2018/dev,bra,L1,dev:6858,awa_Deva
panel2,B,vardial2018/dev,bra,L1,dev:6868,awa_Deva
panel2,B,vardial2018/dev,bra,L1,dev:6871,doi_Deva
panel2,B,vardial2018/dev,bra,L1,dev:6883,awa_Deva
panel2,B,vardial2018/dev,bra,L1,dev:6887,hin_Deva
panel2,B,vardial2018/dev,bra,L1,dev:6888,hin_Deva
panel2,B,vardial2018/dev,bra,L1,dev:6895,awa_Deva
panel2,B,vardial2018/dev,bra,L1,dev:6912,awa_Deva
panel2,B,vardial2018/dev,bra,L1,dev:6917,hin_Deva
panel2,B,vardial2018/dev,bra,L1,dev:6922,mai_Deva
panel2,B,vardial2018/dev,bra,L1,dev:6924,awa_Deva
panel2,B,vardial2018/dev,bra,L1,dev:6932,awa_Deva
panel2,B,vardial2018/dev,bra,L1,dev:6935,awa_Deva
panel2,B,vardial2018/dev,bra,L1,dev:6938,bho_Deva
panel2,B,vardial2018/dev,bra,L1,dev:6942,hin_Deva
panel2,B,vardial2018/dev,bra,L1,dev:6943,hin_Deva
panel2,B,vardial2018/dev,bra,L1,dev:6950,hin_Deva
panel2,B,vardial2018/dev,bra,L1,dev:6961,hin_Deva
panel2,B,vardial2018/dev,bra,L1,dev:6972,hin_Deva
panel2,B,vardial2018/dev,bra,L1,dev:6976,hin_Deva
panel2,B,vardial2018/dev,bra,L1,dev:6980,awa_Deva
panel2,B,vardial2018/dev,bra,L1,dev:6981,awa_Deva
panel2,B,vardial2018/dev,bra,L1,dev:6983,hin_Deva
panel2,B,vardial2018/dev,bra,L1,dev:6985,doi_Deva
panel2,B,vardial2018/dev,bra,L1,dev:6987,doi_Deva
panel2,B,vardial2018/dev,bra,L1,dev:6988,kas_Deva
panel2,B,vardial2018/dev,bra,L1,dev:6991,new_Deva
panel2,B,vardial2018/dev,bra,L1,dev:6994,anp_Deva
panel2,B,vardial2018/dev,bra,L1,dev:6995,kas_Deva
panel2,B,vardial2018/dev,bra,L1,dev:7000,awa_Deva
panel2,B,vardial2018/dev,bra,L1,dev:7005,hin_Deva
panel2,B,vardial2018/dev,bra,L1,dev:7006,awa_Deva
panel2,B,vardial2018/dev,bra,L1,dev:7020,awa_Deva
panel2,B,vardial2018/dev,bra,L1,dev:7028,hin_Deva
panel2,B,vardial2018/dev,bra,L1,dev:7033,awa_Deva
panel2,B,vardial2018/dev,bra,L1,dev:7040,hin_Deva
panel2,B,vardial2018/dev,bra,L1,dev:7041,hin_Deva
panel2,B,vardial2018/dev,bra,L1,dev:7044,hin_Deva
panel2,B,vardial2018/dev,bra,L1,dev:7045,awa_Deva
panel2,B,vardial2018/dev,bra,L1,dev:7054,awa_Deva
panel2,B,vardial2018/dev,bra,L1,dev:7059,hin_Deva
panel2,B,vardial2018/dev,bra,L1,dev:7062,hin_Deva
panel2,B,vardial2018/dev,bra,L1,dev:7067,awa_Deva
panel2,B,vardial2018/dev,bra,L1,dev:7070,hin_Deva
panel2,B,vardial2018/dev,bra,L1,dev:7075,awa_Deva
panel2,B,vardial2018/dev,bra,L1,dev:7100,hin_Deva
panel2,B,vardial2018/dev,bra,L1,dev:7101,hin_Deva
panel2,B,vardial2018/dev,bra,L1,dev:7102,san_Deva
panel2,B,vardial2018/dev,bra,L1,dev:7108,hin_Deva
panel2,B,vardial2018/dev,bra,L1,dev:7114,awa_Deva
panel2,B,vardial2018/dev,bra,L1,dev:7120,awa_Deva
panel2,B,vardial2018/dev,bra,L1,dev:7124,bho_Deva
panel2,B,vardial2018/dev,bra,L1,dev:7133,hin_Deva
panel2,B,vardial2018/dev,bra,L1,dev:7135,mai_Deva
panel2,B,vardial2018/dev,bra,L1,dev:7138,hin_Deva
panel2,B,vardial2018/dev,bra,L1,dev:7145,hin_Deva
panel2,B,vardial2018/dev,bra,L1,dev:7146,hin_Deva
panel2,B,vardial2018/dev,bra,L1,dev:7153,awa_Deva
panel2,B,vardial2018/dev,bra,L1,dev:7154,hin_Deva
panel2,B,vardial2018/dev,bra,L1,dev:7155,kas_Deva
panel2,B,vardial2018/dev,bra,L1,dev:7162,hin_Deva
panel2,B,vardial2018/dev,bra,L1,dev:7165,hin_Deva
panel2,B,vardial2018/dev,bra,L1,dev:7168,awa_Deva
panel2,B,vardial2018/dev,bra,L1,dev:7172,doi_Deva
panel2,B,vardial2018/dev,bra,L1,dev:7183,bho_Deva
panel2,B,vardial2018/dev,bra,L1,dev:7184,awa_Deva
panel2,B,vardial2018/dev,bra,L1,dev:7194,anp_Deva
panel2,B,vardial2018/dev,bra,L1,dev:7195,hin_Deva
panel2,B,vardial2018/dev,bra,L1,dev:7201,mai_Deva
panel2,B,vardial2018/dev,bra,L1,dev:7217,doi_Deva
panel2,B,vardial2018/dev,bra,L1,dev:7222,hin_Deva
panel2,B,vardial2018/dev,bra,L1,dev:7230,anp_Deva
panel2,B,vardial2018/dev,bra,L1,dev:7257,anp_Deva
panel2,B,vardial2018/dev,bra,L1,dev:7263,hin_Deva
panel2,B,vardial2018/dev,bra,L1,dev:7264,hin_Deva
panel2,B,vardial2018/dev,bra,L1,dev:7268,mai_Deva
panel2,B,vardial2018/dev,bra,L1,dev:7275,hin_Deva
panel2,B,vardial2018/dev,bra,L1,dev:7279,mar_Deva
panel2,B,vardial2018/dev,bra,L1,dev:7294,anp_Deva
panel2,B,vardial2018/dev,bra,L1,dev:7297,awa_Deva
panel2,B,vardial2018/dev,bra,L1,dev:7298,hin_Deva
panel2,B,vardial2018/dev,bra,L1,dev:7303,awa_Deva
panel2,B,vardial2018/dev,bra,L1,dev:7309,mar_Deva
panel2,B,vardial2018/dev,bra,L1,dev:7314,hin_Deva
panel2,B,vardial2018/dev,bra,L1,dev:7319,kas_Deva
panel2,B,vardial2018/dev,bra,L1,dev:7330,anp_Deva
panel2,B,vardial2018/dev,bra,L1,dev:7337,awa_Deva
panel2,B,vardial2018/dev,bra,L1,dev:7339,bho_Deva
panel2,B,vardial2018/dev,bra,L1,dev:7342,anp_Deva
panel2,B,vardial2018/dev,bra,L1,dev:7344,hin_Deva
panel2,B,vardial2018/dev,bra,L1,dev:7348,awa_Deva
panel2,B,vardial2018/dev,bra,L1,dev:7355,hin_Deva
panel2,B,vardial2018/dev,bra,L1,dev:7357,doi_Deva
panel2,B,vardial2018/dev,bra,L1,dev:7360,hin_Deva
panel2,B,vardial2018/dev,bra,L1,dev:7380,hin_Deva
panel2,B,vardial2018/dev,bra,L1,dev:7393,hin_Deva
panel2,B,vardial2018/dev,bra,L1,dev:7396,hin_Deva
panel2,B,vardial2018/dev,bra,L1,dev:7399,hin_Deva
panel2,B,vardial2018/dev,bra,L1,dev:7400,doi_Deva
panel2,B,vardial2018/dev,bra,L1,dev:7407,hin_Deva
panel2,B,vardial2018/dev,bra,L1,dev:7408,mai_Deva
panel2,B,vardial2018/dev,bra,L1,dev:7413,hin_Deva
panel2,B,vardial2018/dev,bra,L1,dev:7415,awa_Deva
panel2,B,vardial2018/dev,bra,L1,dev:7429,awa_Deva
panel2,B,vardial2018/dev,bra,L1,dev:7430,mai_Deva
panel2,B,vardial2018/dev,bra,L1,dev:7431,hin_Deva
panel2,B,vardial2018/dev,bra,L1,dev:7434,hin_Deva
panel2,B,vardial2018/dev,bra,L1,dev:7436,hin_Deva
panel2,B,vardial2018/dev,bra,L1,dev:7440,hin_Deva
panel2,B,vardial2018/dev,bra,L1,dev:7448,hin_Deva
panel2,B,vardial2018/dev,bra,L1,dev:7454,hin_Deva
panel2,B,vardial2018/dev,bra,L1,dev:7457,hin_Deva
panel2,B,vardial2018/dev,bra,L1,dev:7458,hin_Deva
panel2,B,vardial2018/dev,bra,L1,dev:7464,awa_Deva
panel2,B,vardial2018/dev,bra,L1,dev:7479,hin_Deva
panel2,B,vardial2018/dev,bra,L1,dev:7480,awa_Deva
panel2,B,vardial2018/dev,bra,L1,dev:7481,awa_Deva
panel2,B,vardial2018/dev,bra,L1,dev:7482,hin_Deva
panel2,B,vardial2018/dev,bra,L1,dev:7487,anp_Deva
panel2,B,vardial2018/dev,bra,L1,dev:7489,awa_Deva
panel2,B,vardial2018/dev,bra,L1,dev:7496,mag_Deva
panel2,B,vardial2018/dev,bra,L1,dev:7498,hin_Deva
panel2,B,vardial2018/dev,bra,L1,dev:7499,mai_Deva
panel2,B,vardial2018/dev,bra,L1,dev:7520,ghe_Deva
panel2,B,vardial2018/dev,bra,L1,dev:7523,mai_Deva
panel2,B,vardial2018/dev,bra,L1,dev:7532,hin_Deva
panel2,B,vardial2018/dev,bra,L1,dev:7540,doi_Deva
panel2,B,vardial2018/dev,bra,L1,dev:7546,hin_Deva
panel2,B,vardial2018/dev,bra,L1,dev:7547,hin_Deva
panel2,B,vardial2018/dev,bra,L1,dev:7548,hin_Deva
panel2,B,vardial2018/dev,bra,L1,dev:7549,mar_Deva
panel2,B,vardial2018/dev,bra,L1,dev:7574,awa_Deva
panel2,B,vardial2018/dev,bra,L1,dev:7575,hin_Deva
panel2,B,vardial2018/dev,bra,L1,dev:7581,awa_Deva
panel2,B,vardial2018/dev,bra,L1,dev:7588,hin_Deva
panel2,B,vardial2018/dev,bra,L1,dev:7591,hin_Deva
panel2,B,vardial2018/dev,bra,L1,dev:7594,hin_Deva
panel2,B,vardial2018/dev,bra,L1,dev:7602,hin_Deva
panel2,B,vardial2018/dev,bra,L1,dev:7603,doi_Deva
panel2,B,vardial2018/dev,bra,L1,dev:7605,awa_Deva
panel2,B,vardial2018/dev,bra,L1,dev:7607,anp_Deva
panel2,B,vardial2018/dev,bra,L1,dev:7608,awa_Deva
panel2,B,vardial2018/dev,bra,L1,dev:7611,new_Deva
panel2,B,vardial2018/dev,bra,L1,dev:7616,anp_Deva
panel2,B,vardial2018/dev,bra,L1,dev:7617,awa_Deva
panel2,B,vardial2018/dev,bra,L1,dev:7623,doi_Deva
panel2,B,vardial2018/dev,bra,L1,dev:7627,hin_Deva
panel2,B,vardial2018/dev,bra,L1,dev:7632,anp_Deva
panel2,B,vardial2018/dev,bra,L1,dev:7634,suz_Deva
panel2,B,vardial2018/dev,bra,L1,dev:7636,hin_Deva
panel2,B,vardial2018/dev,bra,L1,dev:7642,anp_Deva
panel2,B,vardial2018/dev,bra,L1,dev:7643,awa_Deva
panel2,B,vardial2018/dev,bra,L1,dev:7649,doi_Deva
panel2,B,vardial2018/dev,bra,L1,dev:7652,kas_Deva
panel2,B,vardial2018/dev,bra,L1,dev:7657,awa_Deva
panel2,B,vardial2018/dev,bra,L1,dev:7660,hin_Deva
panel2,B,vardial2018/dev,bra,L1,dev:7663,awa_Deva
panel2,B,vardial2018/dev,bra,L1,dev:7664,hin_Deva
panel2,B,vardial2018/dev,bra,L1,dev:7665,hin_Deva
panel2,B,vardial2018/dev,bra,L1,dev:7669,hin_Deva
panel2,B,vardial2018/dev,bra,L1,dev:7675,awa_Deva
panel2,B,vardial2018/dev,bra,L1,dev:7679,anp_Deva
panel2,B,vardial2018/dev,bra,L1,dev:7683,npi_Deva
panel2,B,vardial2018/dev,bra,L1,dev:7686,kas_Deva
panel2,B,vardial2018/dev,bra,L1,dev:7690,hin_Deva
panel2,B,vardial2018/dev,bra,L1,dev:7692,hin_Deva
panel2,B,vardial2018/dev,bra,L1,dev:7693,hin_Deva
panel2,B,vardial2018/dev,bra,L1,dev:7695,anp_Deva
panel2,B,vardial2018/dev,bra,L1,dev:7699,anp_Deva
panel2,B,vardial2018/dev,bra,L1,dev:7700,hin_Deva
panel2,B,vardial2018/dev,bra,L1,dev:7701,kru_Deva
panel2,B,vardial2018/dev,bra,L1,dev:7703,anp_Deva
panel2,B,vardial2018/dev,bra,L1,dev:7704,hin_Deva
panel2,B,vardial2018/dev,bra,L1,dev:7714,hin_Deva
panel2,B,vardial2018/dev,bra,L1,dev:7716,hin_Deva
panel2,B,vardial2018/dev,bra,L1,dev:7735,awa_Deva
panel2,B,vardial2018/dev,bra,L1,dev:7737,awa_Deva
panel2,B,vardial2018/dev,bra,L1,dev:7746,awa_Deva
panel2,B,vardial2018/dev,bra,L1,dev:7747,hin_Deva
panel2,B,vardial2018/dev,bra,L1,dev:7749,awa_Deva
panel2,B,vardial2018/dev,bra,L1,dev:7754,awa_Deva
panel2,B,vardial2018/dev,bra,L1,dev:7761,hin_Deva
panel2,B,vardial2018/dev,bra,L1,dev:7765,awa_Deva
panel2,B,vardial2018/dev,bra,L1,dev:7766,hin_Deva
panel2,B,vardial2018/dev,bra,L1,dev:7775,anp_Deva
panel2,B,vardial2018/dev,bra,L1,dev:7783,hin_Deva
panel2,B,vardial2018/dev,bra,L1,dev:7789,awa_Deva
panel2,B,vardial2018/dev,bra,L1,dev:7791,hin_Deva
panel2,B,vardial2018/dev,bra,L1,dev:7792,hin_Deva
panel2,B,vardial2018/dev,bra,L1,dev:7793,hin_Deva
panel2,B,vardial2018/dev,bra,L1,dev:7795,awa_Deva
panel2,B,vardial2018/dev,bra,L1,dev:7801,doi_Deva
panel2,B,vardial2018/dev,bra,L1,dev:7806,mai_Deva
panel2,B,vardial2018/dev,bra,L1,dev:7809,san_Deva
panel2,B,vardial2018/dev,bra,L1,dev:7816,hin_Deva
panel2,B,vardial2018/dev,bra,L1,dev:7822,mai_Deva
panel2,B,vardial2018/dev,bra,L1,dev:7824,awa_Deva
panel2,B,vardial2018/dev,bra,L1,dev:7826,hin_Deva
panel2,B,vardial2018/dev,bra,L1,dev:7840,hin_Deva
panel2,B,vardial2018/dev,bra,L1,dev:7841,awa_Deva
panel2,B,vardial2018/dev,bra,L1,dev:7843,npi_Deva
panel2,B,vardial2018/dev,bra,L1,dev:7847,hin_Deva
panel2,B,vardial2018/dev,bra,L1,dev:7851,hin_Deva
panel2,B,vardial2018/dev,bra,L1,dev:7855,hin_Deva
panel2,B,vardial2018/dev,bra,L1,dev:7861,anp_Deva
panel2,B,vardial2018/dev,bra,L1,dev:7865,hin_Deva
panel2,B,vardial2018/dev,bra,L1,dev:7866,hin_Deva
panel2,B,vardial2018/dev,bra,L1,dev:7869,awa_Deva
panel2,B,vardial2018/dev,bra,L1,dev:7872,hin_Deva
panel2,B,vardial2018/dev,bra,L1,dev:7875,awa_Deva
panel2,B,vardial2018/dev,bra,L1,dev:7887,hin_Deva
panel2,B,vardial2018/dev,bra,L1,dev:7897,awa_Deva
panel2,B,vardial2018/dev,bra,L1,dev:7903,npi_Deva
panel2,B,vardial2018/dev,bra,L1,dev:7904,awa_Deva
panel2,B,vardial2018/dev,bra,L1,dev:7907,awa_Deva
panel2,B,vardial2018/dev,bra,L1,dev:7913,hin_Deva
panel2,B,vardial2018/dev,bra,L1,dev:7914,hin_Deva
panel2,B,vardial2018/dev,bra,L1,dev:7925,hin_Deva
panel2,B,vardial2018/dev,bra,L1,dev:7936,hin_Deva
panel2,B,vardial2018/dev,bra,L1,dev:7941,hin_Deva
panel2,B,vardial2018/dev,bra,L1,dev:7946,hin_Deva
panel2,B,vardial2018/dev,bra,L1,dev:7948,mai_Deva
panel2,B,vardial2018/dev,bra,L1,dev:7951,hin_Deva
panel2,B,vardial2018/dev,bra,L1,dev:7963,awa_Deva
panel2,B,vardial2018/dev,bra,L1,dev:7975,awa_Deva
panel2,B,vardial2018/dev,bra,L1,dev:7977,anp_Deva
panel2,B,vardial2018/dev,bra,L1,dev:7990,hin_Deva
panel2,B,vardial2018/dev,bra,L1,dev:7996,hin_Deva
panel2,B,vardial2018/dev,bra,L1,dev:8003,awa_Deva
panel2,B,vardial2018/dev,bra,L1,dev:8019,hin_Deva
panel2,B,vardial2018/dev,bra,L1,dev:8020,awa_Deva
panel2,B,vardial2018/dev,bra,L1,dev:8037,mai_Deva
panel2,B,vardial2018/dev,bra,L1,dev:8050,mai_Deva
panel2,B,vardial2018/dev,bra,L1,dev:8051,hin_Deva
panel2,B,vardial2018/dev,bra,L1,dev:8055,awa_Deva
panel2,B,vardial2018/dev,bra,L1,dev:8064,awa_Deva
panel2,B,vardial2018/dev,bra,L1,dev:8079,san_Deva
panel2,B,vardial2018/dev,bra,L1,dev:8080,hin_Deva
panel2,B,vardial2018/dev,bra,L1,dev:8082,mai_Deva
panel2,B,vardial2018/dev,bra,L1,dev:8086,awa_Deva
panel2,B,vardial2018/dev,bra,L1,dev:8092,doi_Deva
panel2,B,vardial2018/dev,bra,L1,dev:8095,anp_Deva
panel2,B,vardial2018/dev,bra,L1,dev:8099,mai_Deva
panel2,B,vardial2018/dev,bra,L1,dev:8103,hin_Deva
panel2,B,vardial2018/dev,bra,L1,dev:8108,awa_Deva
panel2,B,vardial2018/dev,bra,L1,dev:8109,awa_Deva
panel2,B,vardial2018/dev,bra,L1,dev:8115,doi_Deva
panel2,B,vardial2018/dev,bra,L1,dev:8116,hin_Deva
panel2,B,vardial2018/dev,bra,L1,dev:8117,new_Deva
panel2,B,vardial2018/dev,bra,L1,dev:8121,hin_Deva
panel2,B,vardial2018/dev,bra,L1,dev:8134,anp_Deva
panel2,B,vardial2018/dev,bra,L1,dev:8135,awa_Deva
panel2,B,vardial2018/dev,bra,L1,dev:8151,awa_Deva
panel2,B,vardial2018/dev,bra,L1,dev:8154,hin_Deva
panel2,B,vardial2018/dev,bra,L1,dev:8157,bho_Deva
panel2,B,vardial2018/dev,bra,L1,dev:8160,hin_Deva
panel2,B,vardial2018/dev,bra,L1,dev:8164,mai_Deva
panel2,B,vardial2018/dev,bra,L1,dev:8167,npi_Deva
panel2,B,vardial2018/dev,bra,L1,dev:8177,awa_Deva
panel2,B,vardial2018/dev,bra,L1,dev:8180,hin_Deva
panel2,B,vardial2018/dev,bra,L1,dev:8186,hin_Deva
panel2,B,vardial2018/dev,bra,L1,dev:8187,hin_Deva
panel2,B,vardial2018/dev,bra,L1,dev:8191,hin_Deva
panel2,B,vardial2018/dev,bra,L1,dev:8208,hin_Deva
panel2,B,vardial2018/dev,bra,L1,dev:8216,awa_Deva
panel2,B,vardial2018/dev,bra,L1,dev:8219,awa_Deva
panel2,B,vardial2018/dev,bra,L1,dev:8224,hin_Deva
panel2,B,vardial2018/dev,bra,L1,dev:8229,awa_Deva
panel2,B,vardial2018/dev,bra,L1,dev:8232,hin_Deva
panel2,B,vardial2018/dev,bra,L1,dev:8240,awa_Deva
panel2,B,vardial2018/dev,bra,L1,dev:8244,hin_Deva
panel2,B,vardial2018/dev,bra,L1,dev:8258,hin_Deva
panel2,B,vardial2018/dev,bra,L1,dev:8261,awa_Deva
panel2,B,vardial2018/dev,bra,L1,dev:8274,bho_Deva
panel2,B,vardial2018/dev,bra,L1,dev:8282,hin_Deva
panel2,B,vardial2018/dev,bra,L1,dev:8286,hin_Deva
panel2,B,vardial2018/dev,bra,L1,dev:8290,bho_Deva
panel2,B,vardial2018/dev,bra,L1,dev:8291,awa_Deva
panel2,B,vardial2018/dev,bra,L1,dev:8315,mai_Deva
panel2,B,vardial2018/dev,bra,L1,dev:8316,doi_Deva
panel2,B,vardial2018/dev,bra,L1,dev:8317,hin_Deva
panel2,B,vardial2018/dev,bra,L1,dev:8320,hin_Deva
panel2,B,vardial2018/dev,bra,L1,dev:8321,anp_Deva
panel2,B,vardial2018/dev,bra,L1,dev:8328,awa_Deva
panel2,B,vardial2018/dev,bra,L1,dev:8336,awa_Deva
panel2,B,vardial2018/dev,bra,L1,dev:8339,hin_Deva
panel2,B,vardial2018/dev,bra,L1,dev:8342,hin_Deva
panel2,B,vardial2018/dev,bra,L1,dev:8349,awa_Deva
panel2,B,vardial2018/dev,bra,L1,dev:8357,awa_Deva
panel2,B,vardial2018/dev,bra,L1,dev:8359,hin_Deva
panel2,B,vardial2018/dev,bra,L1,dev:8364,hin_Deva
panel2,B,vardial2018/dev,bra,L1,dev:8367,anp_Deva
panel2,B,vardial2018/dev,bra,L1,dev:8369,mai_Deva
panel2,B,vardial2018/dev,bra,L1,dev:8373,hin_Deva
panel2,B,vardial2018/dev,bra,L1,dev:8379,bho_Deva
panel2,B,vardial2018/dev,bra,L1,dev:8386,hin_Deva
panel2,B,vardial2018/dev,bra,L1,dev:8393,anp_Deva
panel2,B,vardial2018/dev,bra,L1,dev:8400,hin_Deva
panel2,B,vardial2018/dev,bra,L1,dev:8401,hin_Deva
panel2,B,vardial2018/dev,bra,L1,dev:8403,hin_Deva
panel2,B,vardial2018/dev,bra,L1,dev:8406,awa_Deva
panel2,B,vardial2018/dev,bra,L1,dev:8408,hin_Deva
panel2,B,vardial2018/dev,bra,L1,dev:8430,doi_Deva
panel2,B,vardial2018/dev,bra,L1,dev:8431,hin_Deva
panel2,B,vardial2018/dev,bra,L1,dev:8437,awa_Deva
panel2,B,vardial2018/dev,bra,L1,dev:8444,hin_Deva
panel2,B,vardial2018/dev,bra,L1,dev:8449,anp_Deva
panel2,B,vardial2018/dev,bra,L1,dev:8452,awa_Deva
panel2,B,vardial2018/dev,bra,L1,dev:8459,hin_Deva
panel2,B,vardial2018/dev,bra,L1,dev:8467,new_Deva
panel2,B,vardial2018/dev,bra,L1,dev:8468,hin_Deva
panel2,B,vardial2018/dev,bra,L1,dev:8478,awa_Deva
panel2,B,vardial2018/dev,bra,L1,dev:8483,awa_Deva
panel2,B,vardial2018/dev,bra,L1,dev:8486,anp_Deva
panel2,B,vardial2018/dev,bra,L1,dev:8488,awa_Deva
panel2,B,vardial2018/dev,bra,L1,dev:8489,bho_Deva
panel2,B,vardial2018/dev,bra,L1,dev:8503,hin_Deva
panel2,B,vardial2018/dev,bra,L1,dev:8504,new_Deva
panel2,B,vardial2018/dev,bra,L1,dev:8507,awa_Deva
panel2,B,vardial2018/dev,bra,L1,dev:8508,new_Deva
panel2,B,vardial2018/dev,bra,L1,dev:8509,mai_Deva
panel2,B,vardial2018/dev,bra,L1,dev:8511,awa_Deva
panel2,B,vardial2018/dev,bra,L1,dev:8517,awa_Deva
panel2,B,vardial2018/dev,bra,L1,dev:8526,mai_Deva
panel2,B,vardial2018/dev,bra,L1,dev:8528,hin_Deva
panel2,B,vardial2018/dev,bra,L1,dev:8537,hin_Deva
panel2,B,vardial2018/dev,bra,L1,dev:8543,doi_Deva
panel2,B,vardial2018/dev,bra,L1,dev:8544,npi_Deva
panel2,B,vardial2018/dev,bra,L1,dev:8545,awa_Deva
panel2,B,vardial2018/dev,bra,L1,dev:8551,awa_Deva
panel2,B,vardial2018/dev,bra,L1,dev:8557,hin_Deva
panel2,B,vardial2018/dev,bra,L1,dev:8558,hin_Deva
panel2,B,vardial2018/dev,bra,L1,dev:8559,mai_Deva
panel2,B,vardial2018/dev,bra,L1,dev:8577,awa_Deva
panel2,B,vardial2018/dev,bra,L1,dev:8579,hin_Deva
panel2,B,vardial2018/dev,bra,L1,dev:8585,hin_Deva
panel2,B,vardial2018/dev,bra,L1,dev:8592,hin_Deva
panel2,B,vardial2018/dev,bra,L1,dev:8594,hin_Deva
panel2,B,vardial2018/dev,bra,L1,dev:8604,hin_Deva
panel2,B,vardial2018/dev,bra,L1,dev:8608,mai_Deva
panel2,B,vardial2018/dev,bra,L1,dev:8609,hin_Deva
panel2,B,vardial2018/dev,bra,L1,dev:8610,hin_Deva
panel2,B,vardial2018/dev,bra,L1,dev:8614,awa_Deva
panel2,B,vardial2018/dev,bra,L1,dev:8619,awa_Deva
panel2,B,vardial2018/dev,bra,L1,dev:8635,awa_Deva
panel2,B,vardial2018/dev,bra,L1,dev:8638,hin_Deva
panel2,B,vardial2018/dev,bra,L1,dev:8655,hin_Deva
panel2,B,vardial2018/dev,bra,L1,dev:8657,hin_Deva
panel2,B,vardial2018/dev,bra,L1,dev:8673,hin_Deva
panel2,B,vardial2018/dev,bra,L1,dev:8674,hin_Deva
panel2,B,vardial2018/dev,bra,L1,dev:8692,hin_Deva
panel2,B,vardial2018/dev,bra,L1,dev:8698,hin_Deva
panel2,B,vardial2018/dev,bra,L1,dev:8701,hin_Deva
panel2,B,vardial2018/dev,bra,L1,dev:8705,anp_Deva
panel2,B,vardial2018/dev,bra,L1,dev:8706,anp_Deva
panel2,B,vardial2018/dev,bra,L1,dev:8720,hin_Deva
panel2,B,vardial2018/dev,bra,L1,dev:8721,awa_Deva
panel2,B,vardial2018/dev,bra,L1,dev:8723,hin_Deva
panel2,B,vardial2018/dev,bra,L1,dev:8725,mai_Deva
panel2,B,vardial2018/dev,bra,L1,dev:8728,hin_Deva
panel2,B,vardial2018/dev,bra,L1,dev:8738,bho_Deva
panel2,B,vardial2018/dev,bra,L1,dev:8743,anp_Deva
panel2,B,vardial2018/dev,bra,L1,dev:8744,awa_Deva
panel2,B,vardial2018/dev,bra,L1,dev:8746,awa_Deva
panel2,B,vardial2018/dev,bra,L1,dev:8748,hin_Deva
panel2,B,vardial2018/dev,bra,L1,dev:8751,sck_Deva
panel2,B,vardial2018/dev,bra,L1,dev:8767,awa_Deva
panel2,B,vardial2018/dev,bra,L1,dev:8769,awa_Deva
panel2,B,vardial2018/dev,bra,L1,dev:8772,hin_Deva
panel2,B,vardial2018/dev,bra,L1,dev:8774,hin_Deva
panel2,B,vardial2018/dev,bra,L1,dev:8778,doi_Deva
panel2,B,vardial2018/dev,bra,L1,dev:8781,anp_Deva
panel2,B,vardial2018/dev,bra,L1,dev:8784,doi_Deva
panel2,B,vardial2018/dev,bra,L1,dev:8788,hin_Deva
panel2,B,vardial2018/dev,bra,L1,dev:8793,bho_Deva
panel2,B,vardial2018/dev,bra,L1,dev:8795,hin_Deva
panel2,B,vardial2018/dev,bra,L1,dev:8800,hin_Deva
panel2,B,vardial2018/dev,bra,L1,dev:8804,hin_Deva
panel2,B,vardial2018/dev,bra,L1,dev:8806,awa_Deva
panel2,B,vardial2018/dev,bra,L1,dev:8807,hin_Deva
panel2,B,vardial2018/dev,bra,L1,dev:8811,hin_Deva
panel2,B,vardial2018/dev,bra,L1,dev:8818,hin_Deva
panel2,B,vardial2018/dev,bra,L1,dev:8827,anp_Deva
panel2,B,vardial2018/dev,bra,L1,dev:8829,hin_Deva
panel2,B,vardial2018/dev,bra,L1,dev:8832,mai_Deva
panel2,B,vardial2018/dev,bra,L1,dev:8833,awa_Deva
panel2,B,vardial2018/dev,bra,L1,dev:8837,awa_Deva
panel2,B,vardial2018/dev,bra,L1,dev:8839,doi_Deva
panel2,B,vardial2018/dev,bra,L1,dev:8842,awa_Deva
panel2,B,vardial2018/dev,bra,L1,dev:8849,hin_Deva
panel2,B,vardial2018/dev,bra,L1,dev:8864,kas_Deva
panel2,B,vardial2018/dev,bra,L1,dev:8870,hin_Deva
panel2,B,vardial2018/dev,bra,L1,dev:8873,mai_Deva
panel2,B,vardial2018/dev,bra,L1,dev:8874,new_Deva
panel2,B,vardial2018/dev,bra,L1,dev:8880,hin_Deva
panel2,B,vardial2018/dev,bra,L1,dev:8896,awa_Deva
panel2,B,vardial2018/dev,bra,L1,dev:8900,hin_Deva
panel2,B,vardial2018/dev,bra,L1,dev:8909,hin_Deva
panel2,B,vardial2018/dev,bra,L1,dev:8918,hin_Deva
panel2,B,vardial2018/dev,bra,L1,dev:8927,hin_Deva
panel2,B,vardial2018/dev,bra,L1,dev:8928,mai_Deva
panel2,B,vardial2018/dev,bra,L1,dev:8933,hin_Deva
panel2,B,vardial2018/dev,bra,L1,dev:8936,hin_Deva
panel2,B,vardial2018/dev,bra,L1,dev:8938,anp_Deva
panel2,B,vardial2018/dev,bra,L1,dev:8951,hin_Deva
panel2,B,vardial2018/dev,bra,L1,dev:8953,awa_Deva
panel2,B,vardial2018/dev,bra,L1,dev:8954,awa_Deva
panel2,B,vardial2018/dev,bra,L1,dev:8957,mai_Deva
panel2,B,vardial2018/dev,bra,L1,dev:8960,new_Deva
panel2,B,vardial2018/dev,bra,L1,dev:8962,hin_Deva
panel2,B,vardial2018/dev,bra,L1,dev:8967,awa_Deva
panel2,B,vardial2018/dev,bra,L1,dev:8979,bho_Deva
panel2,B,vardial2018/dev,bra,L1,dev:8981,hin_Deva
panel2,B,vardial2018/dev,bra,L1,dev:8984,hin_Deva
panel2,B,vardial2018/dev,bra,L1,dev:8986,hin_Deva
panel2,B,vardial2018/dev,bra,L1,dev:8995,hin_Deva
panel2,B,vardial2018/dev,bra,L1,dev:8996,hin_Deva
panel2,B,vardial2018/dev,bra,L1,dev:9002,awa_Deva
panel2,B,vardial2018/dev,bra,L1,dev:9007,hin_Deva
panel2,B,vardial2018/dev,bra,L1,dev:9015,anp_Deva
panel2,B,vardial2018/dev,bra,L1,dev:9026,anp_Deva
panel2,B,vardial2018/dev,bra,L1,dev:9030,awa_Deva
panel2,B,vardial2018/dev,bra,L1,dev:9031,awa_Deva
panel2,B,vardial2018/dev,bra,L1,dev:9032,hin_Deva
panel2,B,vardial2018/dev,bra,L1,dev:9036,hin_Deva
panel2,B,vardial2018/dev,bra,L1,dev:9037,awa_Deva
panel2,B,vardial2018/dev,bra,L1,dev:9049,awa_Deva
panel2,B,vardial2018/dev,bra,L1,dev:9054,doi_Deva
panel2,B,vardial2018/dev,bra,L1,dev:9058,awa_Deva
panel2,B,vardial2018/dev,bra,L1,dev:9062,kas_Deva
panel2,B,vardial2018/dev,bra,L1,dev:9063,hin_Deva
panel2,B,vardial2018/dev,bra,L1,dev:9072,hin_Deva
panel2,B,vardial2018/dev,bra,L1,dev:9083,hin_Deva
panel2,B,vardial2018/dev,bra,L1,dev:9087,awa_Deva
panel2,B,vardial2018/dev,bra,L1,dev:9108,hne_Deva
panel2,B,vardial2018/dev,bra,L1,dev:9111,awa_Deva
panel2,B,vardial2018/dev,bra,L1,dev:9112,hin_Deva
panel2,B,vardial2018/dev,bra,L1,dev:9115,anp_Deva
panel2,B,vardial2018/dev,bra,L1,dev:9116,awa_Deva
panel2,B,vardial2018/dev,bra,L1,dev:9125,awa_Deva
panel2,B,vardial2018/dev,bra,L1,dev:9128,awa_Deva
panel2,B,vardial2018/dev,bra,L1,dev:9129,awa_Deva
panel2,B,vardial2018/dev,bra,L1,dev:9132,hin_Deva
panel2,B,vardial2018/dev,bra,L1,dev:9134,kas_Deva
panel2,B,vardial2018/dev,bra,L1,dev:9139,new_Deva
panel2,B,vardial2018/dev,bra,L1,dev:9140,awa_Deva
panel2,B,vardial2018/dev,bra,L1,dev:9146,hin_Deva
panel2,B,vardial2018/dev,bra,L1,dev:9147,hin_Deva
panel2,B,vardial2018/dev,bra,L1,dev:9154,awa_Deva
panel2,B,vardial2018/dev,bra,L1,dev:9157,mar_Deva
panel2,B,vardial2018/dev,bra,L1,dev:9164,anp_Deva
panel2,B,vardial2018/dev,bra,L1,dev:9173,awa_Deva
panel2,B,vardial2018/dev,bra,L1,dev:9182,hin_Deva
panel2,B,vardial2018/dev,bra,L1,dev:9193,awa_Deva
panel2,B,vardial2018/dev,bra,L1,dev:9221,hin_Deva
panel2,B,vardial2018/dev,bra,L1,dev:9226,ghe_Deva
panel2,B,vardial2018/dev,bra,L1,dev:9243,mag_Deva
panel2,B,vardial2018/dev,bra,L1,dev:9246,doi_Deva
panel2,B,vardial2018/dev,bra,L1,dev:9253,awa_Deva
panel2,B,vardial2018/dev,bra,L1,dev:9254,awa_Deva
panel2,B,vardial2018/dev,bra,L1,dev:9260,anp_Deva
panel2,B,vardial2018/dev,bra,L1,dev:9261,awa_Deva
panel2,B,vardial2018/dev,bra,L1,dev:9271,awa_Deva
panel2,B,vardial2018/dev,bra,L1,dev:9274,mar_Deva
panel2,B,vardial2018/dev,bra,L1,dev:9276,hin_Deva
panel2,B,vardial2018/dev,bra,L1,dev:9283,awa_Deva
panel2,B,vardial2018/dev,bra,L1,dev:9301,kas_Deva
panel2,B,vardial2018/dev,bra,L1,dev:9311,hin_Deva
panel2,B,vardial2018/dev,bra,L1,dev:9319,awa_Deva
panel2,B,vardial2018/dev,bra,L1,dev:9328,bho_Deva
panel2,B,vardial2018/dev,bra,L1,dev:9329,npi_Deva
panel2,B,vardial2018/dev,bra,L1,dev:9345,hin_Deva
panel2,B,vardial2018/dev,bra,L1,dev:9360,awa_Deva
panel2,B,vardial2018/dev,bra,L1,dev:9361,awa_Deva
panel2,B,vardial2018/dev,bra,L1,dev:9365,hin_Deva
panel2,B,vardial2018/dev,bra,L1,dev:9368,hin_Deva
panel2,B,vardial2018/dev,bra,L1,dev:9369,anp_Deva
panel2,B,vardial2018/dev,bra,L1,dev:9370,suz_Deva
panel2,B,vardial2018/dev,bra,L1,dev:9373,hin_Deva
panel2,B,vardial2018/dev,bra,L1,dev:9375,awa_Deva
panel2,B,vardial2018/dev,bra,L1,dev:9377,awa_Deva
panel2,B,vardial2018/dev,bra,L1,dev:9380,hin_Deva
panel2,B,vardial2018/dev,bra,L1,dev:9381,awa_Deva
panel2,B,vardial2018/dev,bra,L1,dev:9394,hin_Deva
panel2,B,vardial2018/dev,bra,L1,dev:9396,mai_Deva
panel2,B,vardial2018/dev,bra,L1,dev:9398,anp_Deva
panel2,B,vardial2018/dev,bra,L1,dev:9399,anp_Deva
panel2,B,vardial2018/dev,bra,L1,dev:9402,anp_Deva
panel2,B,vardial2018/dev,bra,L1,dev:9406,awa_Deva
panel2,B,vardial2018/dev,bra,L1,dev:9414,npi_Deva
panel2,B,vardial2018/dev,bra,L1,dev:9418,awa_Deva
panel2,B,vardial2018/dev,bra,L1,dev:9419,doi_Deva
panel2,B,vardial2018/dev,bra,L1,dev:9420,awa_Deva
panel2,B,vardial2018/dev,bra,L1,dev:9423,hin_Deva
panel2,B,vardial2018/dev,bra,L1,dev:9424,hin_Deva
panel2,B,vardial2018/dev,bra,L1,dev:9425,hin_Deva
panel2,B,vardial2018/dev,bra,L1,dev:9430,hin_Deva
panel2,B,vardial2018/dev,bra,L1,dev:9433,mai_Deva
panel2,B,vardial2018/dev,bra,L1,dev:9456,anp_Deva
panel2,B,vardial2018/dev,bra,L1,dev:9457,bho_Deva
panel2,B,vardial2018/dev,bra,L1,dev:9464,hin_Deva
panel2,B,vardial2018/dev,bra,L1,dev:9477,hin_Deva
panel2,B,vardial2018/dev,bra,L1,dev:9479,awa_Deva
panel2,B,vardial2018/dev,bra,L1,dev:9482,awa_Deva
panel2,B,vardial2018/dev,bra,L1,dev:9483,hin_Deva
panel2,B,vardial2018/dev,bra,L1,dev:9488,hin_Deva
panel2,B,vardial2018/dev,bra,L1,dev:9489,anp_Deva
panel2,B,vardial2018/dev,bra,L1,dev:9494,new_Deva
panel2,B,vardial2018/dev,bra,L1,dev:9495,awa_Deva
panel2,B,vardial2018/dev,bra,L1,dev:9500,hin_Deva
panel2,B,vardial2018/dev,bra,L1,dev:9510,hin_Deva
panel2,B,vardial2018/dev,bra,L1,dev:9513,awa_Deva
panel2,B,vardial2018/dev,bra,L1,dev:9518,hin_Deva
panel2,B,vardial2018/dev,bra,L1,dev:9520,awa_Deva
panel2,B,vardial2018/dev,bra,L1,dev:9530,awa_Deva
panel2,B,vardial2018/dev,bra,L1,dev:9532,awa_Deva
panel2,B,vardial2018/dev,bra,L1,dev:9544,anp_Deva
panel2,B,vardial2018/dev,bra,L1,dev:9547,hin_Deva
panel2,B,vardial2018/dev,bra,L1,dev:9550,awa_Deva
panel2,B,vardial2018/dev,bra,L1,dev:9577,awa_Deva
panel2,B,vardial2018/dev,bra,L1,dev:9579,mai_Deva
panel2,B,vardial2018/dev,bra,L1,dev:9580,hin_Deva
panel2,B,vardial2018/dev,bra,L1,dev:9586,awa_Deva
panel2,B,vardial2018/dev,bra,L1,dev:9588,hin_Deva
panel2,B,vardial2018/dev,bra,L1,dev:9593,hin_Deva
panel2,B,vardial2018/dev,bra,L1,dev:9605,mai_Deva
panel2,B,vardial2018/dev,bra,L1,dev:9606,npi_Deva
panel2,B,vardial2018/dev,bra,L1,dev:9619,hin_Deva
panel2,B,vardial2018/dev,bra,L1,dev:9640,hin_Deva
panel2,B,vardial2018/dev,bra,L1,dev:9642,awa_Deva
panel2,B,vardial2018/dev,bra,L1,dev:9651,hin_Deva
panel2,B,vardial2018/dev,bra,L1,dev:9652,hin_Deva
panel2,B,vardial2018/dev,bra,L1,dev:9667,awa_Deva
panel2,B,vardial2018/dev,bra,L1,dev:9668,bho_Deva
panel2,B,vardial2018/dev,bra,L1,dev:9683,kas_Deva
panel2,B,vardial2018/dev,bra,L1,dev:9684,hin_Deva
panel2,B,vardial2018/dev,bra,L1,dev:9689,awa_Deva
panel2,B,vardial2018/dev,bra,L1,dev:9690,mai_Deva
panel2,B,vardial2018/dev,bra,L1,dev:9697,awa_Deva
panel2,B,vardial2018/dev,bra,L1,dev:9700,bho_Deva
panel2,B,vardial2018/dev,bra,L1,dev:9701,hin_Deva
panel2,B,vardial2018/dev,bra,L1,dev:9714,awa_Deva
panel2,B,vardial2018/dev,bra,L1,dev:9716,anp_Deva
panel2,B,vardial2018/dev,bra,L1,dev:9725,hin_Deva
panel2,B,vardial2018/dev,bra,L1,dev:9727,hin_Deva
panel2,B,vardial2018/dev,bra,L1,dev:9734,hin_Deva
panel2,B,vardial2018/dev,bra,L1,dev:9736,new_Deva
panel2,B,vardial2018/dev,bra,L1,dev:9737,awa_Deva
panel2,B,vardial2018/dev,bra,L1,dev:9745,hin_Deva
panel2,B,vardial2018/dev,bra,L1,dev:9747,hin_Deva
panel2,B,vardial2018/dev,bra,L1,dev:9749,kru_Deva
panel2,B,vardial2018/dev,bra,L1,dev:9756,hin_Deva
panel2,B,vardial2018/dev,bra,L1,dev:9764,hin_Deva
panel2,B,vardial2018/dev,bra,L1,dev:9768,awa_Deva
panel2,B,vardial2018/dev,bra,L1,dev:9775,anp_Deva
panel2,B,vardial2018/dev,bra,L1,dev:9776,mai_Deva
panel2,B,vardial2018/dev,bra,L1,dev:9777,doi_Deva
panel2,B,vardial2018/dev,bra,L1,dev:9788,hin_Deva
panel2,B,vardial2018/dev,bra,L1,dev:9791,mai_Deva
panel2,B,vardial2018/dev,bra,L1,dev:9799,hin_Deva
panel2,B,vardial2018/dev,bra,L1,dev:9800,awa_Deva
panel2,B,vardial2018/dev,bra,L1,dev:9802,hin_Deva
panel2,B,vardial2018/dev,bra,L1,dev:9805,bho_Deva
panel2,B,vardial2018/dev,bra,L1,dev:9825,hin_Deva
panel2,B,vardial2018/dev,bra,L1,dev:9833,hin_Deva
panel2,B,vardial2018/dev,bra,L1,dev:9835,doi_Deva
panel2,B,vardial2018/dev,bra,L1,dev:9838,awa_Deva
panel2,B,vardial2018/dev,bra,L1,dev:9844,new_Deva
panel2,B,vardial2018/dev,bra,L1,dev:9845,anp_Deva
panel2,B,vardial2018/dev,bra,L1,dev:9846,awa_Deva
panel2,B,vardial2018/dev,bra,L1,dev:9847,awa_Deva
panel2,B,vardial2018/dev,bra,L1,dev:9848,hin_Deva
panel2,B,vardial2018/dev,bra,L1,dev:9851,anp_Deva
panel2,B,vardial2018/dev,bra,L1,dev:9853,anp_Deva
panel2,B,vardial2018/dev,bra,L1,dev:9857,hin_Deva
panel2,B,vardial2018/dev,bra,L1,dev:9858,hin_Deva
panel2,B,vardial2018/dev,bra,L1,dev:9876,hin_Deva
panel2,B,vardial2018/dev,bra,L1,dev:9881,hin_Deva
panel2,B,vardial2018/dev,bra,L1,dev:9890,doi_Deva
panel2,B,vardial2018/dev,bra,L1,dev:9893,hin_Deva
panel2,B,vardial2018/dev,bra,L1,dev:9895,hin_Deva
panel2,B,vardial2018/dev,bra,L1,dev:9897,awa_Deva
panel2,B,vardial2018/dev,bra,L1,dev:9899,awa_Deva
panel2,B,vardial2018/dev,bra,L1,dev:9900,hin_Deva
panel2,B,vardial2018/dev,bra,L1,dev:9904,anp_Deva
panel2,B,vardial2018/dev,bra,L1,dev:9907,hin_Deva
panel2,B,vardial2018/dev,bra,L1,dev:9915,hin_Deva
panel2,B,vardial2018/dev,bra,L1,dev:9916,hin_Deva
panel2,B,vardial2018/dev,bra,L1,dev:9917,npi_Deva
panel2,B,vardial2018/dev,bra,L1,dev:9933,awa_Deva
panel2,B,vardial2018/dev,bra,L1,dev:9935,hin_Deva
panel2,B,vardial2018/dev,bra,L1,dev:9937,awa_Deva
panel2,B,vardial2018/dev,bra,L1,dev:9938,hin_Deva
panel2,B,vardial2018/dev,bra,L1,dev:9939,awa_Deva
panel2,B,vardial2018/dev,bra,L1,dev:9941,awa_Deva
panel2,B,vardial2018/dev,bra,L1,dev:9949,awa_Deva
panel2,B,vardial2018/dev,bra,L1,dev:9953,awa_Deva
panel2,B,vardial2018/dev,bra,L1,dev:9955,awa_Deva
panel2,B,vardial2018/dev,bra,L1,dev:9956,hin_Deva
panel2,B,vardial2018/dev,bra,L1,dev:9960,hin_Deva
panel2,B,vardial2018/dev,bra,L1,dev:9972,awa_Deva
panel2,B,vardial2018/dev,bra,L1,dev:9973,awa_Deva
panel2,B,vardial2018/dev,bra,L1,dev:9976,hin_Deva
panel2,B,vardial2018/dev,bra,L1,dev:9987,awa_Deva
panel2,B,vardial2018/dev,bra,L1,dev:9993,mai_Deva
panel2,B,vardial2018/dev,bra,L1,dev:9999,awa_Deva
panel2,B,vardial2018/dev,bra,L1,dev:10000,hin_Deva
panel2,B,vardial2018/dev,bra,L1,dev:10002,hin_Deva
panel2,B,vardial2018/dev,bra,L1,dev:10004,awa_Deva
panel2,B,vardial2018/dev,bra,L1,dev:10009,hin_Deva
panel2,B,vardial2018/dev,bra,L1,dev:10010,hin_Deva
panel2,B,vardial2018/dev,bra,L1,dev:10013,hin_Deva
panel2,B,vardial2018/dev,bra,L1,dev:10015,hin_Deva
panel2,B,vardial2018/dev,bra,L1,dev:10018,hin_Deva
panel2,B,vardial2018/dev,bra,L1,dev:10020,awa_Deva
panel2,B,vardial2018/dev,bra,L1,dev:10021,hin_Deva
panel2,B,vardial2018/dev,bra,L1,dev:10022,anp_Deva
panel2,B,vardial2018/dev,bra,L1,dev:10028,hin_Deva
panel2,B,vardial2018/dev,bra,L1,dev:10029,new_Deva
panel2,B,vardial2018/dev,bra,L1,dev:10032,hin_Deva
panel2,B,vardial2018/dev,bra,L1,dev:10047,kas_Deva
panel2,B,vardial2018/dev,bra,L1,dev:10052,awa_Deva
panel2,B,vardial2018/dev,bra,L1,dev:10055,hin_Deva
panel2,B,vardial2018/dev,bra,L1,dev:10067,hin_Deva
panel2,B,vardial2018/dev,bra,L1,dev:10080,anp_Deva
panel2,B,vardial2018/dev,bra,L1,dev:10082,hin_Deva
panel2,B,vardial2018/dev,bra,L1,dev:10085,hin_Deva
panel2,B,vardial2018/dev,bra,L1,dev:10087,mai_Deva
panel2,B,vardial2018/dev,bra,L1,dev:10088,awa_Deva
panel2,B,vardial2018/dev,bra,L1,dev:10091,anp_Deva
panel2,B,vardial2018/dev,bra,L1,dev:10094,hin_Deva
panel2,B,vardial2018/dev,bra,L1,dev:10099,hin_Deva
panel2,B,vardial2018/dev,bra,L1,dev:10107,bho_Deva
panel2,B,vardial2018/dev,bra,L1,dev:10113,hin_Deva
panel2,B,vardial2018/dev,bra,L1,dev:10122,awa_Deva
panel2,B,vardial2018/dev,bra,L1,dev:10124,hin_Deva
panel2,B,vardial2018/dev,bra,L1,dev:10125,hin_Deva
panel2,B,vardial2018/dev,bra,L1,dev:10126,awa_Deva
panel2,B,vardial2018/dev,bra,L1,dev:10130,hin_Deva
panel2,B,vardial2018/dev,bra,L1,dev:10137,awa_Deva
panel2,B,vardial2018/dev,bra,L1,dev:10140,mai_Deva
panel2,B,vardial2018/dev,bra,L1,dev:10145,awa_Deva
panel2,B,vardial2018/dev,bra,L1,dev:10154,awa_Deva
panel2,B,vardial2018/dev,bra,L1,dev:10160,hin_Deva
panel2,B,vardial2018/dev,bra,L1,dev:10161,new_Deva
panel2,B,vardial2018/dev,bra,L1,dev:10170,awa_Deva
panel2,B,vardial2018/dev,bra,L1,dev:10184,doi_Deva
panel2,B,vardial2018/dev,bra,L1,dev:10185,hin_Deva
panel2,B,vardial2018/dev,bra,L1,dev:10190,hin_Deva
panel2,B,vardial2018/dev,bra,L1,dev:10191,doi_Deva
panel2,B,vardial2018/dev,bra,L1,dev:10194,awa_Deva
panel2,B,vardial2018/dev,bra,L1,dev:10195,awa_Deva
panel2,B,vardial2018/dev,bra,L1,dev:10198,awa_Deva
panel2,B,vardial2018/dev,bra,L1,dev:10199,hin_Deva
panel2,B,vardial2018/dev,bra,L1,dev:10218,hin_Deva
panel2,B,vardial2018/dev,bra,L1,dev:10219,bho_Deva
panel2,B,vardial2018/dev,bra,L1,dev:10230,awa_Deva
panel2,B,vardial2018/dev,bra,L1,dev:10241,hin_Deva
panel2,B,vardial2018/dev,bra,L1,dev:10251,hin_Deva
panel2,B,vardial2018/dev,bra,L1,dev:10256,hin_Deva
panel2,B,vardial2018/dev,bra,L1,dev:10258,hin_Deva
panel2,B,vardial2018/dev,bra,L1,dev:10259,awa_Deva
panel2,B,vardial2018/dev,bra,L1,dev:10270,awa_Deva
panel2,B,vardial2018/dev,bra,L1,dev:10275,awa_Deva
panel2,B,vardial2018/dev,bra,L1,dev:10292,hin_Deva
panel2,B,vardial2018/dev,bra,L1,dev:10302,anp_Deva
panel2,B,vardial2018/dev,bra,L1,dev:10307,awa_Deva
panel2,B,vardial2018/dev,bra,L1,dev:10313,mag_Deva
panel2,B,vardial2018/dev,bra,L1,dev:10317,awa_Deva
panel2,B,vardial2018/dev,bra,L1,dev:10323,awa_Deva
panel2,B,vardial2018/dev,bra,L1,dev:10324,awa_Deva
panel2,B,vardial2018/dev,bra,L1,dev:10325,hin_Deva
panel2,B,vardial2018/dev,bra,L1,dev:10327,hin_Deva
panel2,B,vardial2018/test,bra,L1,test:2,hin_Deva
panel2,B,vardial2018/test,bra,L1,test:10,hin_Deva
panel2,B,vardial2018/test,bra,L1,test:12,mai_Deva
panel2,B,vardial2018/test,bra,L1,test:13,hin_Deva
panel2,B,vardial2018/test,bra,L1,test:17,hin_Deva
panel2,B,vardial2018/test,bra,L1,test:20,awa_Deva
panel2,B,vardial2018/test,bra,L1,test:31,awa_Deva
panel2,B,vardial2018/test,bra,L1,test:33,kas_Deva
panel2,B,vardial2018/test,bra,L1,test:34,hin_Deva
panel2,B,vardial2018/test,bra,L1,test:39,hin_Deva
panel2,B,vardial2018/test,bra,L1,test:46,suz_Deva
panel2,B,vardial2018/test,bra,L1,test:48,awa_Deva
panel2,B,vardial2018/test,bra,L1,test:55,anp_Deva
panel2,B,vardial2018/test,bra,L1,test:56,hin_Deva
panel2,B,vardial2018/test,bra,L1,test:58,anp_Deva
panel2,B,vardial2018/test,bra,L1,test:63,hin_Deva
panel2,B,vardial2018/test,bra,L1,test:64,awa_Deva
panel2,B,vardial2018/test,bra,L1,test:65,anp_Deva
panel2,B,vardial2018/test,bra,L1,test:67,npi_Deva
panel2,B,vardial2018/test,bra,L1,test:68,awa_Deva
panel2,B,vardial2018/test,bra,L1,test:70,doi_Deva
panel2,B,vardial2018/test,bra,L1,test:71,hin_Deva
panel2,B,vardial2018/test,bra,L1,test:83,hin_Deva
panel2,B,vardial2018/test,bra,L1,test:84,hin_Deva
panel2,B,vardial2018/test,bra,L1,test:85,awa_Deva
panel2,B,vardial2018/test,bra,L1,test:88,anp_Deva
panel2,B,vardial2018/test,bra,L1,test:89,awa_Deva
panel2,B,vardial2018/test,bra,L1,test:92,mai_Deva
panel2,B,vardial2018/test,bra,L1,test:95,hin_Deva
panel2,B,vardial2018/test,bra,L1,test:99,awa_Deva
panel2,B,vardial2018/test,bra,L1,test:100,suz_Deva
panel2,B,vardial2018/test,bra,L1,test:111,awa_Deva
panel2,B,vardial2018/test,bra,L1,test:114,doi_Deva
panel2,B,vardial2018/test,bra,L1,test:117,mai_Deva
panel2,B,vardial2018/test,bra,L1,test:120,hin_Deva
panel2,B,vardial2018/test,bra,L1,test:122,hin_Deva
panel2,B,vardial2018/test,bra,L1,test:125,anp_Deva
panel2,B,vardial2018/test,bra,L1,test:130,hin_Deva
panel2,B,vardial2018/test,bra,L1,test:140,hin_Deva
panel2,B,vardial2018/test,bra,L1,test:141,doi_Deva
panel2,B,vardial2018/test,bra,L1,test:143,hin_Deva
panel2,B,vardial2018/test,bra,L1,test:144,awa_Deva
panel2,B,vardial2018/test,bra,L1,test:146,hin_Deva
panel2,B,vardial2018/test,bra,L1,test:149,awa_Deva
panel2,B,vardial2018/test,bra,L1,test:151,bho_Deva
panel2,B,vardial2018/test,bra,L1,test:154,awa_Deva
panel2,B,vardial2018/test,bra,L1,test:159,awa_Deva
panel2,B,vardial2018/test,bra,L1,test:163,hin_Deva
panel2,B,vardial2018/test,bra,L1,test:174,hin_Deva
panel2,B,vardial2018/test,bra,L1,test:175,mai_Deva
panel2,B,vardial2018/test,bra,L1,test:182,awa_Deva
panel2,B,vardial2018/test,bra,L1,test:184,hin_Deva
panel2,B,vardial2018/test,bra,L1,test:186,hin_Deva
panel2,B,vardial2018/test,bra,L1,test:187,awa_Deva
panel2,B,vardial2018/test,bra,L1,test:188,hin_Deva
panel2,B,vardial2018/test,bra,L1,test:206,awa_Deva
panel2,B,vardial2018/test,bra,L1,test:209,awa_Deva
panel2,B,vardial2018/test,bra,L1,test:210,awa_Deva
panel2,B,vardial2018/test,bra,L1,test:211,doi_Deva
panel2,B,vardial2018/test,bra,L1,test:212,anp_Deva
panel2,B,vardial2018/test,bra,L1,test:221,hin_Deva
panel2,B,vardial2018/test,bra,L1,test:226,mag_Deva
panel2,B,vardial2018/test,bra,L1,test:228,awa_Deva
panel2,B,vardial2018/test,bra,L1,test:235,awa_Deva
panel2,B,vardial2018/test,bra,L1,test:238,kas_Deva
panel2,B,vardial2018/test,bra,L1,test:249,awa_Deva
panel2,B,vardial2018/test,bra,L1,test:255,hin_Deva
panel2,B,vardial2018/test,bra,L1,test:281,awa_Deva
panel2,B,vardial2018/test,bra,L1,test:283,hin_Deva
panel2,B,vardial2018/test,bra,L1,test:287,doi_Deva
panel2,B,vardial2018/test,bra,L1,test:301,awa_Deva
panel2,B,vardial2018/test,bra,L1,test:324,awa_Deva
panel2,B,vardial2018/test,bra,L1,test:334,hin_Deva
panel2,B,vardial2018/test,bra,L1,test:336,awa_Deva
panel2,B,vardial2018/test,bra,L1,test:337,hin_Deva
panel2,B,vardial2018/test,bra,L1,test:342,awa_Deva
panel2,B,vardial2018/test,bra,L1,test:347,hin_Deva
panel2,B,vardial2018/test,bra,L1,test:364,awa_Deva
panel2,B,vardial2018/test,bra,L1,test:365,awa_Deva
panel2,B,vardial2018/test,bra,L1,test:381,awa_Deva
panel2,B,vardial2018/test,bra,L1,test:388,anp_Deva
panel2,B,vardial2018/test,bra,L1,test:389,hin_Deva
panel2,B,vardial2018/test,bra,L1,test:392,anp_Deva
panel2,B,vardial2018/test,bra,L1,test:393,awa_Deva
panel2,B,vardial2018/test,bra,L1,test:403,hin_Deva
panel2,B,vardial2018/test,bra,L1,test:407,mag_Deva
panel2,B,vardial2018/test,bra,L1,test:408,hin_Deva
panel2,B,vardial2018/test,bra,L1,test:413,awa_Deva
panel2,B,vardial2018/test,bra,L1,test:419,mai_Deva
panel2,B,vardial2018/test,bra,L1,test:421,hin_Deva
panel2,B,vardial2018/test,bra,L1,test:427,hin_Deva
panel2,B,vardial2018/test,bra,L1,test:434,awa_Deva
panel2,B,vardial2018/test,bra,L1,test:440,awa_Deva
panel2,B,vardial2018/test,bra,L1,test:445,awa_Deva
panel2,B,vardial2018/test,bra,L1,test:448,hin_Deva
panel2,B,vardial2018/test,bra,L1,test:450,awa_Deva
panel2,B,vardial2018/test,bra,L1,test:459,hin_Deva
panel2,B,vardial2018/test,bra,L1,test:460,anp_Deva
panel2,B,vardial2018/test,bra,L1,test:466,hin_Deva
panel2,B,vardial2018/test,bra,L1,test:473,doi_Deva
panel2,B,vardial2018/test,bra,L1,test:476,awa_Deva
panel2,B,vardial2018/test,bra,L1,test:484,awa_Deva
panel2,B,vardial2018/test,bra,L1,test:486,hin_Deva
panel2,B,vardial2018/test,bra,L1,test:491,bho_Deva
panel2,B,vardial2018/test,bra,L1,test:500,hin_Deva
panel2,B,vardial2018/test,bra,L1,test:501,hin_Deva
panel2,B,vardial2018/test,bra,L1,test:507,hin_Deva
panel2,B,vardial2018/test,bra,L1,test:509,kas_Deva
panel2,B,vardial2018/test,bra,L1,test:513,awa_Deva
panel2,B,vardial2018/test,bra,L1,test:518,awa_Deva
panel2,B,vardial2018/test,bra,L1,test:519,hin_Deva
panel2,B,vardial2018/test,bra,L1,test:522,awa_Deva
panel2,B,vardial2018/test,bra,L1,test:523,awa_Deva
panel2,B,vardial2018/test,bra,L1,test:528,awa_Deva
panel2,B,vardial2018/test,bra,L1,test:532,awa_Deva
panel2,B,vardial2018/test,bra,L1,test:533,awa_Deva
panel2,B,vardial2018/test,bra,L1,test:534,anp_Deva
panel2,B,vardial2018/test,bra,L1,test:546,awa_Deva
panel2,B,vardial2018/test,bra,L1,test:550,doi_Deva
panel2,B,vardial2018/test,bra,L1,test:551,awa_Deva
panel2,B,vardial2018/test,bra,L1,test:553,hin_Deva
panel2,B,vardial2018/test,bra,L1,test:559,hin_Deva
panel2,B,vardial2018/test,bra,L1,test:561,hin_Deva
panel2,B,vardial2018/test,bra,L1,test:562,awa_Deva
panel2,B,vardial2018/test,bra,L1,test:581,anp_Deva
panel2,B,vardial2018/test,bra,L1,test:583,awa_Deva
panel2,B,vardial2018/test,bra,L1,test:590,hin_Deva
panel2,B,vardial2018/test,bra,L1,test:594,awa_Deva
panel2,B,vardial2018/test,bra,L1,test:601,snd_Deva
panel2,B,vardial2018/test,bra,L1,test:613,mag_Deva
panel2,B,vardial2018/test,bra,L1,test:615,hin_Deva
panel2,B,vardial2018/test,bra,L1,test:617,awa_Deva
panel2,B,vardial2018/test,bra,L1,test:625,awa_Deva
panel2,B,vardial2018/test,bra,L1,test:627,awa_Deva
panel2,B,vardial2018/test,bra,L1,test:628,hin_Deva
panel2,B,vardial2018/test,bra,L1,test:629,mai_Deva
panel2,B,vardial2018/test,bra,L1,test:638,mai_Deva
panel2,B,vardial2018/test,bra,L1,test:641,hin_Deva
panel2,B,vardial2018/test,bra,L1,test:642,hin_Deva
panel2,B,vardial2018/test,bra,L1,test:651,awa_Deva
panel2,B,vardial2018/test,bra,L1,test:653,hin_Deva
panel2,B,vardial2018/test,bra,L1,test:657,awa_Deva
panel2,B,vardial2018/test,bra,L1,test:660,awa_Deva
panel2,B,vardial2018/test,bra,L1,test:663,awa_Deva
panel2,B,vardial2018/test,bra,L1,test:665,awa_Deva
panel2,B,vardial2018/test,bra,L1,test:667,awa_Deva
panel2,B,vardial2018/test,bra,L1,test:669,awa_Deva
panel2,B,vardial2018/test,bra,L1,test:679,mai_Deva
panel2,B,vardial2018/test,bra,L1,test:694,anp_Deva
panel2,B,vardial2018/test,bra,L1,test:695,awa_Deva
panel2,B,vardial2018/test,bra,L1,test:696,san_Deva
panel2,B,vardial2018/test,bra,L1,test:697,hin_Deva
panel2,B,vardial2018/test,bra,L1,test:698,awa_Deva
panel2,B,vardial2018/test,bra,L1,test:699,hin_Deva
panel2,B,vardial2018/test,bra,L1,test:701,hin_Deva
panel2,B,vardial2018/test,bra,L1,test:706,hin_Deva
panel2,B,vardial2018/test,bra,L1,test:707,kas_Deva
panel2,B,vardial2018/test,bra,L1,test:718,doi_Deva
panel2,B,vardial2018/test,bra,L1,test:723,anp_Deva
panel2,B,vardial2018/test,bra,L1,test:724,mai_Deva
panel2,B,vardial2018/test,bra,L1,test:725,doi_Deva
panel2,B,vardial2018/test,bra,L1,test:733,awa_Deva
panel2,B,vardial2018/test,bra,L1,test:740,hin_Deva
panel2,B,vardial2018/test,bra,L1,test:745,awa_Deva
panel2,B,vardial2018/test,bra,L1,test:750,npi_Deva
panel2,B,vardial2018/test,bra,L1,test:753,hin_Deva
panel2,B,vardial2018/test,bra,L1,test:756,mai_Deva
panel2,B,vardial2018/test,bra,L1,test:757,hin_Deva
panel2,B,vardial2018/test,bra,L1,test:761,doi_Deva
panel2,B,vardial2018/test,bra,L1,test:773,new_Deva
panel2,B,vardial2018/test,bra,L1,test:776,npi_Deva
panel2,B,vardial2018/test,bra,L1,test:788,awa_Deva
panel2,B,vardial2018/test,bra,L1,test:790,hin_Deva
panel2,B,vardial2018/test,bra,L1,test:793,kas_Deva
panel2,B,vardial2018/test,bra,L1,test:794,hin_Deva
panel2,B,vardial2018/test,bra,L1,test:799,hin_Deva
panel2,B,vardial2018/test,bra,L1,test:811,hin_Deva
panel2,B,vardial2018/test,bra,L1,test:812,hin_Deva
panel2,B,vardial2018/test,bra,L1,test:813,anp_Deva
panel2,B,vardial2018/test,bra,L1,test:815,anp_Deva
panel2,B,vardial2018/test,bra,L1,test:818,hin_Deva
panel2,B,vardial2018/test,bra,L1,test:820,anp_Deva
panel2,B,vardial2018/test,bra,L1,test:823,awa_Deva
panel2,B,vardial2018/test,bra,L1,test:824,suz_Deva
panel2,B,vardial2018/test,bra,L1,test:826,mag_Deva
panel2,B,vardial2018/test,bra,L1,test:829,anp_Deva
panel2,B,vardial2018/test,bra,L1,test:831,hin_Deva
panel2,B,vardial2018/test,bra,L1,test:834,awa_Deva
panel2,B,vardial2018/test,bra,L1,test:836,hin_Deva
panel2,B,vardial2018/test,bra,L1,test:842,awa_Deva
panel2,B,vardial2018/test,bra,L1,test:845,hin_Deva
panel2,B,vardial2018/test,bra,L1,test:852,hin_Deva
panel2,B,vardial2018/test,bra,L1,test:860,mai_Deva
panel2,B,vardial2018/test,bra,L1,test:862,hin_Deva
panel2,B,vardial2018/test,bra,L1,test:863,san_Deva
panel2,B,vardial2018/test,bra,L1,test:866,anp_Deva
panel2,B,vardial2018/test,bra,L1,test:875,hin_Deva
panel2,B,vardial2018/test,bra,L1,test:885,kru_Deva
panel2,B,vardial2018/test,bra,L1,test:890,hin_Deva
panel2,B,vardial2018/test,bra,L1,test:893,awa_Deva
panel2,B,vardial2018/test,bra,L1,test:898,hin_Deva
panel2,B,vardial2018/test,bra,L1,test:903,awa_Deva
panel2,B,vardial2018/test,bra,L1,test:904,awa_Deva
panel2,B,vardial2018/test,bra,L1,test:905,hin_Deva
panel2,B,vardial2018/test,bra,L1,test:906,hin_Deva
panel2,B,vardial2018/test,bra,L1,test:911,awa_Deva
panel2,B,vardial2018/test,bra,L1,test:912,hin_Deva
panel2,B,vardial2018/test,bra,L1,test:917,awa_Deva
panel2,B,vardial2018/test,bra,L1,test:922,hin_Deva
panel2,B,vardial2018/test,bra,L1,test:925,hin_Deva
panel2,B,vardial2018/test,bra,L1,test:927,doi_Deva
panel2,B,vardial2018/test,bra,L1,test:937,anp_Deva
panel2,B,vardial2018/test,bra,L1,test:945,awa_Deva
panel2,B,vardial2018/test,bra,L1,test:948,awa_Deva
panel2,B,vardial2018/test,bra,L1,test:949,anp_Deva
panel2,B,vardial2018/test,bra,L1,test:951,npi_Deva
panel2,B,vardial2018/test,bra,L1,test:959,awa_Deva
panel2,B,vardial2018/test,bra,L1,test:962,hin_Deva
panel2,B,vardial2018/test,bra,L1,test:963,awa_Deva
panel2,B,vardial2018/test,bra,L1,test:973,anp_Deva
panel2,B,vardial2018/test,bra,L1,test:977,hin_Deva
panel2,B,vardial2018/test,bra,L1,test:983,awa_Deva
panel2,B,vardial2018/test,bra,L1,test:987,awa_Deva
panel2,B,vardial2018/test,bra,L1,test:988,hin_Deva
panel2,B,vardial2018/test,bra,L1,test:991,hin_Deva
panel2,B,vardial2018/test,bra,L1,test:998,mai_Deva
panel2,B,vardial2018/test,bra,L1,test:1003,awa_Deva
panel2,B,vardial2018/test,bra,L1,test:1004,hin_Deva
panel2,B,vardial2018/test,bra,L1,test:1009,doi_Deva
panel2,B,vardial2018/test,bra,L1,test:1011,hin_Deva
panel2,B,vardial2018/test,bra,L1,test:1013,hin_Deva
panel2,B,vardial2018/test,bra,L1,test:1017,awa_Deva
panel2,B,vardial2018/test,bra,L1,test:1022,hin_Deva
panel2,B,vardial2018/test,bra,L1,test:1023,mai_Deva
panel2,B,vardial2018/test,bra,L1,test:1025,awa_Deva
panel2,B,vardial2018/test,bra,L1,test:1026,awa_Deva
panel2,B,vardial2018/test,bra,L1,test:1028,hin_Deva
panel2,B,vardial2018/test,bra,L1,test:1029,npi_Deva
panel2,B,vardial2018/test,bra,L1,test:1033,hin_Deva
panel2,B,vardial2018/test,bra,L1,test:1034,awa_Deva
panel2,B,vardial2018/test,bra,L1,test:1037,awa_Deva
panel2,B,vardial2018/test,bra,L1,test:1045,awa_Deva
panel2,B,vardial2018/test,bra,L1,test:1048,awa_Deva
panel2,B,vardial2018/test,bra,L1,test:1053,awa_Deva
panel2,B,vardial2018/test,bra,L1,test:1061,anp_Deva
panel2,B,vardial2018/test,bra,L1,test:1085,hin_Deva
panel2,B,vardial2018/test,bra,L1,test:1090,doi_Deva
panel2,B,vardial2018/test,bra,L1,test:1099,mai_Deva
panel2,B,vardial2018/test,bra,L1,test:1105,awa_Deva
panel2,B,vardial2018/test,bra,L1,test:1110,hin_Deva
panel2,B,vardial2018/test,bra,L1,test:1112,awa_Deva
panel2,B,vardial2018/test,bra,L1,test:1114,hin_Deva
panel2,B,vardial2018/test,bra,L1,test:1126,anp_Deva
panel2,B,vardial2018/test,bra,L1,test:1134,doi_Deva
panel2,B,vardial2018/test,bra,L1,test:1135,hin_Deva
panel2,B,vardial2018/test,bra,L1,test:1136,awa_Deva
panel2,B,vardial2018/test,bra,L1,test:1144,awa_Deva
panel2,B,vardial2018/test,bra,L1,test:1147,hin_Deva
panel2,B,vardial2018/test,bra,L1,test:1148,awa_Deva
panel2,B,vardial2018/test,bra,L1,test:1152,awa_Deva
panel2,B,vardial2018/test,bra,L1,test:1154,hin_Deva
panel2,B,vardial2018/test,bra,L1,test:1174,mag_Deva
panel2,B,vardial2018/test,bra,L1,test:1176,awa_Deva
panel2,B,vardial2018/test,bra,L1,test:1179,hin_Deva
panel2,B,vardial2018/test,bra,L1,test:1187,sck_Deva
panel2,B,vardial2018/test,bra,L1,test:1195,awa_Deva
panel2,B,vardial2018/test,bra,L1,test:1199,hin_Deva
panel2,B,vardial2018/test,bra,L1,test:1200,anp_Deva
panel2,B,vardial2018/test,bra,L1,test:1205,snd_Deva
panel2,B,vardial2018/test,bra,L1,test:1212,kas_Deva
panel2,B,vardial2018/test,bra,L1,test:1216,hin_Deva
panel2,B,vardial2018/test,bra,L1,test:1217,awa_Deva
panel2,B,vardial2018/test,bra,L1,test:1227,hin_Deva
panel2,B,vardial2018/test,bra,L1,test:1233,bho_Deva
panel2,B,vardial2018/test,bra,L1,test:1234,awa_Deva
panel2,B,vardial2018/test,bra,L1,test:1240,hin_Deva
panel2,B,vardial2018/test,bra,L1,test:1241,mai_Deva
panel2,B,vardial2018/test,bra,L1,test:1245,hin_Deva
panel2,B,vardial2018/test,bra,L1,test:1266,awa_Deva
panel2,B,vardial2018/test,bra,L1,test:1267,hin_Deva
panel2,B,vardial2018/test,bra,L1,test:1275,awa_Deva
panel2,B,vardial2018/test,bra,L1,test:1281,awa_Deva
panel2,B,vardial2018/test,bra,L1,test:1284,hin_Deva
panel2,B,vardial2018/test,bra,L1,test:1289,awa_Deva
panel2,B,vardial2018/test,bra,L1,test:1292,anp_Deva
panel2,B,vardial2018/test,bra,L1,test:1296,bho_Deva
panel2,B,vardial2018/test,bra,L1,test:1300,awa_Deva
panel2,B,vardial2018/test,bra,L1,test:1301,awa_Deva
panel2,B,vardial2018/test,bra,L1,test:1310,npi_Deva
panel2,B,vardial2018/test,bra,L1,test:1313,hin_Deva
panel2,B,vardial2018/test,bra,L1,test:1316,hin_Deva
panel2,B,vardial2018/test,bra,L1,test:1319,mai_Deva
panel2,B,vardial2018/test,bra,L1,test:1325,awa_Deva
panel2,B,vardial2018/test,bra,L1,test:1329,anp_Deva
panel2,B,vardial2018/test,bra,L1,test:1336,hin_Deva
panel2,B,vardial2018/test,bra,L1,test:1339,mai_Deva
panel2,B,vardial2018/test,bra,L1,test:1346,awa_Deva
panel2,B,vardial2018/test,bra,L1,test:1357,new_Deva
panel2,B,vardial2018/test,bra,L1,test:1361,anp_Deva
panel2,B,vardial2018/test,bra,L1,test:1362,hin_Deva
panel2,B,vardial2018/test,bra,L1,test:1363,npi_Deva
panel2,B,vardial2018/test,bra,L1,test:1364,hin_Deva
panel2,B,vardial2018/test,bra,L1,test:1365,awa_Deva
panel2,B,vardial2018/test,bra,L1,test:1376,hin_Deva
panel2,B,vardial2018/test,bra,L1,test:1380,awa_Deva
panel2,B,vardial2018/test,bra,L1,test:1384,hin_Deva
panel2,B,vardial2018/test,bra,L1,test:1386,hin_Deva
panel2,B,vardial2018/test,bra,L1,test:1387,hin_Deva
panel2,B,vardial2018/test,bra,L1,test:1390,awa_Deva
panel2,B,vardial2018/test,bra,L1,test:1399,awa_Deva
panel2,B,vardial2018/test,bra,L1,test:1401,hin_Deva
panel2,B,vardial2018/test,bra,L1,test:1410,awa_Deva
panel2,B,vardial2018/test,bra,L1,test:1414,awa_Deva
panel2,B,vardial2018/test,bra,L1,test:1417,hin_Deva
panel2,B,vardial2018/test,bra,L1,test:1424,hin_Deva
panel2,B,vardial2018/test,bra,L1,test:1434,hin_Deva
panel2,B,vardial2018/test,bra,L1,test:1435,kas_Deva
panel2,B,vardial2018/test,bra,L1,test:1437,hin_Deva
panel2,B,vardial2018/test,bra,L1,test:1441,awa_Deva
panel2,B,vardial2018/test,bra,L1,test:1443,hin_Deva
panel2,B,vardial2018/test,bra,L1,test:1453,awa_Deva
panel2,B,vardial2018/test,bra,L1,test:1465,awa_Deva
panel2,B,vardial2018/test,bra,L1,test:1468,sck_Deva
panel2,B,vardial2018/test,bra,L1,test:1471,hin_Deva
panel2,B,vardial2018/test,bra,L1,test:1473,doi_Deva
panel2,B,vardial2018/test,bra,L1,test:1478,hin_Deva
panel2,B,vardial2018/test,bra,L1,test:1489,awa_Deva
panel2,B,vardial2018/test,bra,L1,test:1490,anp_Deva
panel2,B,vardial2018/test,bra,L1,test:1498,anp_Deva
panel2,B,vardial2018/test,bra,L1,test:1499,hin_Deva
panel2,B,vardial2018/test,bra,L1,test:1500,awa_Deva
panel2,B,vardial2018/test,bra,L1,test:1504,doi_Deva
panel2,B,vardial2018/test,bra,L1,test:1506,awa_Deva
panel2,B,vardial2018/test,bra,L1,test:1510,awa_Deva
panel2,B,vardial2018/test,bra,L1,test:1512,awa_Deva
panel2,B,vardial2018/test,bra,L1,test:1515,awa_Deva
panel2,B,vardial2018/test,bra,L1,test:1524,hin_Deva
panel2,B,vardial2018/test,bra,L1,test:1530,anp_Deva
panel2,B,vardial2018/test,bra,L1,test:1532,awa_Deva
panel2,B,vardial2018/test,bra,L1,test:1535,anp_Deva
panel2,B,vardial2018/test,bra,L1,test:1544,awa_Deva
panel2,B,vardial2018/test,bra,L1,test:1562,anp_Deva
panel2,B,vardial2018/test,bra,L1,test:1567,awa_Deva
panel2,B,vardial2018/test,bra,L1,test:1573,awa_Deva
panel2,B,vardial2018/test,bra,L1,test:1575,anp_Deva
panel2,B,vardial2018/test,bra,L1,test:1578,awa_Deva
panel2,B,vardial2018/test,bra,L1,test:1580,hin_Deva
panel2,B,vardial2018/test,bra,L1,test:1585,mai_Deva
panel2,B,vardial2018/test,bra,L1,test:1588,awa_Deva
panel2,B,vardial2018/test,bra,L1,test:1596,awa_Deva
panel2,B,vardial2018/test,bra,L1,test:1599,awa_Deva
panel2,B,vardial2018/test,bra,L1,test:1612,awa_Deva
panel2,B,vardial2018/test,bra,L1,test:1614,mag_Deva
panel2,B,vardial2018/test,bra,L1,test:1626,hin_Deva
panel2,B,vardial2018/test,bra,L1,test:1631,hin_Deva
panel2,B,vardial2018/test,bra,L1,test:1637,doi_Deva
panel2,B,vardial2018/test,bra,L1,test:1638,new_Deva
panel2,B,vardial2018/test,bra,L1,test:1641,mai_Deva
panel2,B,vardial2018/test,bra,L1,test:1644,awa_Deva
panel2,B,vardial2018/test,bra,L1,test:1656,anp_Deva
panel2,B,vardial2018/test,bra,L1,test:1657,hin_Deva
panel2,B,vardial2018/test,bra,L1,test:1664,npi_Deva
panel2,B,vardial2018/test,bra,L1,test:1668,hin_Deva
panel2,B,vardial2018/test,bra,L1,test:1679,hin_Deva
panel2,B,vardial2018/test,bra,L1,test:1682,awa_Deva
panel2,B,vardial2018/test,bra,L1,test:1688,awa_Deva
panel2,B,vardial2018/test,bra,L1,test:1705,kru_Deva
panel2,B,vardial2018/test,bra,L1,test:1706,anp_Deva
panel2,B,vardial2018/test,bra,L1,test:1708,awa_Deva
panel2,B,vardial2018/test,bra,L1,test:1710,awa_Deva
panel2,B,vardial2018/test,bra,L1,test:1714,hin_Deva
panel2,B,vardial2018/test,bra,L1,test:1719,anp_Deva
panel2,B,vardial2018/test,bra,L1,test:1746,mai_Deva
panel2,B,vardial2018/test,bra,L1,test:1747,doi_Deva
panel2,B,vardial2018/test,bra,L1,test:1760,awa_Deva
panel2,B,vardial2018/test,bra,L1,test:1761,kas_Deva
panel2,B,vardial2018/test,bra,L1,test:1764,hin_Deva
panel2,B,vardial2018/test,bra,L1,test:1768,doi_Deva
panel2,B,vardial2018/test,bra,L1,test:1773,awa_Deva
panel2,B,vardial2018/test,bra,L1,test:1778,mai_Deva
panel2,B,vardial2018/test,bra,L1,test:1779,doi_Deva
panel2,B,vardial2018/test,bra,L1,test:1782,hin_Deva
panel2,B,vardial2018/test,bra,L1,test:1783,awa_Deva
panel2,B,vardial2018/test,bra,L1,test:1785,awa_Deva
panel2,B,vardial2018/test,bra,L1,test:1786,hin_Deva
panel2,B,vardial2018/test,bra,L1,test:1792,new_Deva
panel2,B,vardial2018/test,bra,L1,test:1798,awa_Deva
panel2,B,vardial2018/test,bra,L1,test:1799,awa_Deva
panel2,B,vardial2018/test,bra,L1,test:1804,mai_Deva
panel2,B,vardial2018/test,bra,L1,test:1811,hin_Deva
panel2,B,vardial2018/test,bra,L1,test:1828,anp_Deva
panel2,B,vardial2018/test,bra,L1,test:1831,hin_Deva
panel2,B,vardial2018/test,bra,L1,test:1833,hin_Deva
panel2,B,vardial2018/test,bra,L1,test:1839,mai_Deva
panel2,B,vardial2018/test,bra,L1,test:1845,hin_Deva
panel2,B,vardial2018/test,bra,L1,test:1849,awa_Deva
panel2,B,vardial2018/test,bra,L1,test:1852,hin_Deva
panel2,B,vardial2018/test,bra,L1,test:1855,hin_Deva
panel2,B,vardial2018/test,bra,L1,test:1859,awa_Deva
panel2,B,vardial2018/test,bra,L1,test:1860,awa_Deva
panel2,B,vardial2018/test,bra,L1,test:1862,hin_Deva
panel2,B,vardial2018/test,bra,L1,test:1864,kas_Deva
panel2,B,vardial2018/test,bra,L1,test:1872,awa_Deva
panel2,B,vardial2018/test,bra,L1,test:1882,awa_Deva
panel2,B,vardial2018/test,bra,L1,test:1891,awa_Deva
panel2,B,vardial2018/test,bra,L1,test:1892,anp_Deva
panel2,B,vardial2018/test,bra,L1,test:1902,awa_Deva
panel2,B,vardial2018/test,bra,L1,test:1904,hin_Deva
panel2,B,vardial2018/test,bra,L1,test:1906,awa_Deva
panel2,B,vardial2018/test,bra,L1,test:1918,hin_Deva
panel2,B,vardial2018/test,bra,L1,test:1920,awa_Deva
panel2,B,vardial2018/test,bra,L1,test:1923,hin_Deva
panel2,B,vardial2018/test,bra,L1,test:1942,awa_Deva
panel2,B,vardial2018/test,bra,L1,test:1946,kas_Deva
panel2,B,vardial2018/test,bra,L1,test:1947,npi_Deva
panel2,B,vardial2018/test,bra,L1,test:1948,hin_Deva
panel2,B,vardial2018/test,bra,L1,test:1953,san_Deva
panel2,B,vardial2018/test,bra,L1,test:1954,awa_Deva
panel2,B,vardial2018/test,bra,L1,test:1958,hin_Deva
panel2,B,vardial2018/test,bra,L1,test:1960,awa_Deva
panel2,B,vardial2018/test,bra,L1,test:1971,awa_Deva
panel2,B,vardial2018/test,bra,L1,test:1977,hin_Deva
panel2,B,vardial2018/test,bra,L1,test:1987,awa_Deva
panel2,B,vardial2018/test,bra,L1,test:1988,anp_Deva
panel2,B,vardial2018/test,bra,L1,test:1990,awa_Deva
panel2,B,vardial2018/test,bra,L1,test:1992,awa_Deva
panel2,B,vardial2018/test,bra,L1,test:1998,hin_Deva
panel2,B,vardial2018/test,bra,L1,test:2003,hin_Deva
panel2,B,vardial2018/test,bra,L1,test:2015,hin_Deva
panel2,B,vardial2018/test,bra,L1,test:2028,awa_Deva
panel2,B,vardial2018/test,bra,L1,test:2030,bho_Deva
panel2,B,vardial2018/test,bra,L1,test:2032,mai_Deva
panel2,B,vardial2018/test,bra,L1,test:2043,bho_Deva
panel2,B,vardial2018/test,bra,L1,test:2045,awa_Deva
panel2,B,vardial2018/test,bra,L1,test:2053,mai_Deva
panel2,B,vardial2018/test,bra,L1,test:2055,doi_Deva
panel2,B,vardial2018/test,bra,L1,test:2057,hin_Deva
panel2,B,vardial2018/test,bra,L1,test:2059,npi_Deva
panel2,B,vardial2018/test,bra,L1,test:2067,hin_Deva
panel2,B,vardial2018/test,bra,L1,test:2068,awa_Deva
panel2,B,vardial2018/test,bra,L1,test:2070,bho_Deva
panel2,B,vardial2018/test,bra,L1,test:2071,hin_Deva
panel2,B,vardial2018/test,bra,L1,test:2072,doi_Deva
panel2,B,vardial2018/test,bra,L1,test:2073,anp_Deva
panel2,B,vardial2018/test,bra,L1,test:2074,hin_Deva
panel2,B,vardial2018/test,bra,L1,test:2083,hin_Deva
panel2,B,vardial2018/test,bra,L1,test:2085,awa_Deva
panel2,B,vardial2018/test,bra,L1,test:2086,mag_Deva
panel2,B,vardial2018/test,bra,L1,test:2096,awa_Deva
panel2,B,vardial2018/test,bra,L1,test:2097,awa_Deva
panel2,B,vardial2018/test,bra,L1,test:2102,awa_Deva
panel2,B,vardial2018/test,bra,L1,test:2103,anp_Deva
panel2,B,vardial2018/test,bra,L1,test:2107,mag_Deva
panel2,B,vardial2018/test,bra,L1,test:2108,awa_Deva
panel2,B,vardial2018/test,bra,L1,test:2112,hin_Deva
panel2,B,vardial2018/test,bra,L1,test:2123,awa_Deva
panel2,B,vardial2018/test,bra,L1,test:2132,awa_Deva
panel2,B,vardial2018/test,bra,L1,test:2144,hin_Deva
panel2,B,vardial2018/test,bra,L1,test:2154,awa_Deva
panel2,B,vardial2018/test,bra,L1,test:2156,hin_Deva
panel2,B,vardial2018/test,bra,L1,test:2160,hin_Deva
panel2,B,vardial2018/test,bra,L1,test:2161,hin_Deva
panel2,B,vardial2018/test,bra,L1,test:2173,awa_Deva
panel2,B,vardial2018/test,bra,L1,test:2174,awa_Deva
panel2,B,vardial2018/test,bra,L1,test:2176,hin_Deva
panel2,B,vardial2018/test,bra,L1,test:2178,anp_Deva
panel2,B,vardial2018/test,bra,L1,test:2181,hin_Deva
panel2,B,vardial2018/test,bra,L1,test:2186,hin_Deva
panel2,B,vardial2018/test,bra,L1,test:2188,mag_Deva
panel2,B,vardial2018/test,bra,L1,test:2190,doi_Deva
panel2,B,vardial2018/test,bra,L1,test:2198,hin_Deva
panel2,B,vardial2018/test,bra,L1,test:2199,mai_Deva
panel2,B,vardial2018/test,bra,L1,test:2205,hin_Deva
panel2,B,vardial2018/test,bra,L1,test:2210,hin_Deva
panel2,B,vardial2018/test,bra,L1,test:2213,hin_Deva
panel2,B,vardial2018/test,bra,L1,test:2215,bho_Deva
panel2,B,vardial2018/test,bra,L1,test:2218,doi_Deva
panel2,B,vardial2018/test,bra,L1,test:2219,hin_Deva
panel2,B,vardial2018/test,bra,L1,test:2220,awa_Deva
panel2,B,vardial2018/test,bra,L1,test:2223,hin_Deva
panel2,B,vardial2018/test,bra,L1,test:2226,awa_Deva
panel2,B,vardial2018/test,bra,L1,test:2229,hin_Deva
panel2,B,vardial2018/test,bra,L1,test:2237,awa_Deva
panel2,B,vardial2018/test,bra,L1,test:2251,bho_Deva
panel2,B,vardial2018/test,bra,L1,test:2253,awa_Deva
panel2,B,vardial2018/test,bra,L1,test:2254,ghe_Deva
panel2,B,vardial2018/test,bra,L1,test:2257,awa_Deva
panel2,B,vardial2018/test,bra,L1,test:2259,awa_Deva
panel2,B,vardial2018/test,bra,L1,test:2260,awa_Deva
panel2,B,vardial2018/test,bra,L1,test:2263,hin_Deva
panel2,B,vardial2018/test,bra,L1,test:2267,new_Deva
panel2,B,vardial2018/test,bra,L1,test:2268,awa_Deva
panel2,B,vardial2018/test,bra,L1,test:2272,hin_Deva
panel2,B,vardial2018/test,bra,L1,test:2274,anp_Deva
panel2,B,vardial2018/test,bra,L1,test:2286,npi_Deva
panel2,B,vardial2018/test,bra,L1,test:2288,hin_Deva
panel2,B,vardial2018/test,bra,L1,test:2297,anp_Deva
panel2,B,vardial2018/test,bra,L1,test:2303,hin_Deva
panel2,B,vardial2018/test,bra,L1,test:2309,awa_Deva
panel2,B,vardial2018/test,bra,L1,test:2310,awa_Deva
panel2,B,vardial2018/test,bra,L1,test:2311,doi_Deva
panel2,B,vardial2018/test,bra,L1,test:2316,awa_Deva
panel2,B,vardial2018/test,bra,L1,test:2318,hin_Deva
panel2,B,vardial2018/test,bra,L1,test:2325,hin_Deva
panel2,B,vardial2018/test,bra,L1,test:2330,awa_Deva
panel2,B,vardial2018/test,bra,L1,test:2331,doi_Deva
panel2,B,vardial2018/test,bra,L1,test:2344,mar_Deva
panel2,B,vardial2018/test,bra,L1,test:2345,new_Deva
panel2,B,vardial2018/test,bra,L1,test:2347,hin_Deva
panel2,B,vardial2018/test,bra,L1,test:2354,san_Deva
panel2,B,vardial2018/test,bra,L1,test:2369,hin_Deva
panel2,B,vardial2018/test,bra,L1,test:2373,awa_Deva
panel2,B,vardial2018/test,bra,L1,test:2376,kru_Deva
panel2,B,vardial2018/test,bra,L1,test:2378,awa_Deva
panel2,B,vardial2018/test,bra,L1,test:2386,awa_Deva
panel2,B,vardial2018/test,bra,L1,test:2395,npi_Deva
panel2,B,vardial2018/test,bra,L1,test:2396,awa_Deva
panel2,B,vardial2018/test,bra,L1,test:2408,anp_Deva
panel2,B,vardial2018/test,bra,L1,test:2414,anp_Deva
panel2,B,vardial2018/test,bra,L1,test:2415,doi_Deva
panel2,B,vardial2018/test,bra,L1,test:2427,doi_Deva
panel2,B,vardial2018/test,bra,L1,test:2438,awa_Deva
panel2,B,vardial2018/test,bra,L1,test:2439,hin_Deva
panel2,B,vardial2018/test,bra,L1,test:2440,awa_Deva
panel2,B,vardial2018/test,bra,L1,test:2441,awa_Deva
panel2,B,vardial2018/test,bra,L1,test:2446,hin_Deva
panel2,B,vardial2018/test,bra,L1,test:2447,hin_Deva
panel2,B,vardial2018/test,bra,L1,test:2450,hin_Deva
panel2,B,vardial2018/test,bra,L1,test:2452,anp_Deva
panel2,B,vardial2018/test,bra,L1,test:2454,npi_Deva
panel2,B,vardial2018/test,bra,L1,test:2462,mar_Deva
panel2,B,vardial2018/test,bra,L1,test:2468,awa_Deva
panel2,B,vardial2018/test,bra,L1,test:2472,hin_Deva
panel2,B,vardial2018/test,bra,L1,test:2488,hin_Deva
panel2,B,vardial2018/test,bra,L1,test:2491,awa_Deva
panel2,B,vardial2018/test,bra,L1,test:2492,hin_Deva
panel2,B,vardial2018/test,bra,L1,test:2499,hin_Deva
panel2,B,vardial2018/test,bra,L1,test:2500,hin_Deva
panel2,B,vardial2018/test,bra,L1,test:2501,new_Deva
panel2,B,vardial2018/test,bra,L1,test:2502,doi_Deva
panel2,B,vardial2018/test,bra,L1,test:2503,awa_Deva
panel2,B,vardial2018/test,bra,L1,test:2507,awa_Deva
panel2,B,vardial2018/test,bra,L1,test:2508,doi_Deva
panel2,B,vardial2018/test,bra,L1,test:2511,hin_Deva
panel2,B,vardial2018/test,bra,L1,test:2512,hin_Deva
panel2,B,vardial2018/test,bra,L1,test:2515,hin_Deva
panel2,B,vardial2018/test,bra,L1,test:2533,npi_Deva
panel2,B,vardial2018/test,bra,L1,test:2536,awa_Deva
panel2,B,vardial2018/test,bra,L1,test:2544,awa_Deva
panel2,B,vardial2018/test,bra,L1,test:2553,awa_Deva
panel2,B,vardial2018/test,bra,L1,test:2555,npi_Deva
panel2,B,vardial2018/test,bra,L1,test:2556,hin_Deva
panel2,B,vardial2018/test,bra,L1,test:2573,awa_Deva
panel2,B,vardial2018/test,bra,L1,test:2579,hin_Deva
panel2,B,vardial2018/test,bra,L1,test:2580,npi_Deva
panel2,B,vardial2018/test,bra,L1,test:2581,hin_Deva
panel2,B,vardial2018/test,bra,L1,test:2584,awa_Deva
panel2,B,vardial2018/test,bra,L1,test:2587,awa_Deva
panel2,B,vardial2018/test,bra,L1,test:2588,hin_Deva
panel2,B,vardial2018/test,bra,L1,test:2592,mai_Deva
panel2,B,vardial2018/test,bra,L1,test:2600,npi_Deva
panel2,B,vardial2018/test,bra,L1,test:2603,hin_Deva
panel2,B,vardial2018/test,bra,L1,test:2611,hin_Deva
panel2,B,vardial2018/test,bra,L1,test:2615,bho_Deva
panel2,B,vardial2018/test,bra,L1,test:2617,awa_Deva
panel2,B,vardial2018/test,bra,L1,test:2632,awa_Deva
panel2,B,vardial2018/test,bra,L1,test:2633,doi_Deva
panel2,B,vardial2018/test,bra,L1,test:2634,hin_Deva
panel2,B,vardial2018/test,bra,L1,test:2638,awa_Deva
panel2,B,vardial2018/test,bra,L1,test:2648,awa_Deva
panel2,B,vardial2018/test,bra,L1,test:2651,npi_Deva
panel2,B,vardial2018/test,bra,L1,test:2652,anp_Deva
panel2,B,vardial2018/test,bra,L1,test:2658,awa_Deva
panel2,B,vardial2018/test,bra,L1,test:2661,hin_Deva
panel2,B,vardial2018/test,bra,L1,test:2666,hin_Deva
panel2,B,vardial2018/test,bra,L1,test:2667,hin_Deva
panel2,B,vardial2018/test,bra,L1,test:2674,mai_Deva
panel2,B,vardial2018/test,bra,L1,test:2675,hin_Deva
panel2,B,vardial2018/test,bra,L1,test:2676,hin_Deva
panel2,B,vardial2018/test,bra,L1,test:2677,awa_Deva
panel2,B,vardial2018/test,bra,L1,test:2679,awa_Deva
panel2,B,vardial2018/test,bra,L1,test:2680,hin_Deva
panel2,B,vardial2018/test,bra,L1,test:2704,hin_Deva
panel2,B,vardial2018/test,bra,L1,test:2708,doi_Deva
panel2,B,vardial2018/test,bra,L1,test:2717,mai_Deva
panel2,B,vardial2018/test,bra,L1,test:2718,hin_Deva
panel2,B,vardial2018/test,bra,L1,test:2724,mai_Deva
panel2,B,vardial2018/test,bra,L1,test:2725,awa_Deva
panel2,B,vardial2018/test,bra,L1,test:2742,awa_Deva
panel2,B,vardial2018/test,bra,L1,test:2756,anp_Deva
panel2,B,vardial2018/test,bra,L1,test:2758,anp_Deva
panel2,B,vardial2018/test,bra,L1,test:2762,awa_Deva
panel2,B,vardial2018/test,bra,L1,test:2769,awa_Deva
panel2,B,vardial2018/test,bra,L1,test:2772,awa_Deva
panel2,B,vardial2018/test,bra,L1,test:2773,hin_Deva
panel2,B,vardial2018/test,bra,L1,test:2776,hin_Deva
panel2,B,vardial2018/test,bra,L1,test:2777,new_Deva
panel2,B,vardial2018/test,bra,L1,test:2780,hin_Deva
panel2,B,vardial2018/test,bra,L1,test:2796,awa_Deva
panel2,B,vardial2018/test,bra,L1,test:2804,hin_Deva
panel2,B,vardial2018/test,bra,L1,test:2807,awa_Deva
panel2,B,vardial2018/test,bra,L1,test:2830,hin_Deva
panel2,B,vardial2018/test,bra,L1,test:2835,hin_Deva
panel2,B,vardial2018/test,bra,L1,test:2838,hin_Deva
panel2,B,vardial2018/test,bra,L1,test:2848,hin_Deva
panel2,B,vardial2018/test,bra,L1,test:2855,hin_Deva
panel2,B,vardial2018/test,bra,L1,test:2861,awa_Deva
panel2,B,vardial2018/test,bra,L1,test:2863,awa_Deva
panel2,B,vardial2018/test,bra,L1,test:2870,hne_Deva
panel2,B,vardial2018/test,bra,L1,test:2872,awa_Deva
panel2,B,vardial2018/test,bra,L1,test:2874,awa_Deva
panel2,B,vardial2018/test,bra,L1,test:2883,doi_Deva
panel2,B,vardial2018/test,bra,L1,test:2889,awa_Deva
panel2,B,vardial2018/test,bra,L1,test:2890,hne_Deva
panel2,B,vardial2018/test,bra,L1,test:2891,hin_Deva
panel2,B,vardial2018/test,bra,L1,test:2899,awa_Deva
panel2,B,vardial2018/test,bra,L1,test:2900,hin_Deva
panel2,B,vardial2018/test,bra,L1,test:2901,awa_Deva
panel2,B,vardial2018/test,bra,L1,test:2903,hin_Deva
panel2,B,vardial2018/test,bra,L1,test:2913,hin_Deva
panel2,B,vardial2018/test,bra,L1,test:2918,anp_Deva
panel2,B,vardial2018/test,bra,L1,test:2919,awa_Deva
panel2,B,vardial2018/test,bra,L1,test:2923,npi_Deva
panel2,B,vardial2018/test,bra,L1,test:2929,hin_Deva
panel2,B,vardial2018/test,bra,L1,test:2931,hin_Deva
panel2,B,vardial2018/test,bra,L1,test:2932,new_Deva
panel2,B,vardial2018/test,bra,L1,test:2933,npi_Deva
panel2,B,vardial2018/test,bra,L1,test:2935,awa_Deva
panel2,B,vardial2018/test,bra,L1,test:2942,awa_Deva
panel2,B,vardial2018/test,bra,L1,test:2950,anp_Deva
panel2,B,vardial2018/test,bra,L1,test:2955,anp_Deva
panel2,B,vardial2018/test,bra,L1,test:2962,awa_Deva
panel2,B,vardial2018/test,bra,L1,test:2976,anp_Deva
panel2,B,vardial2018/test,bra,L1,test:2981,new_Deva
panel2,B,vardial2018/test,bra,L1,test:2983,npi_Deva
panel2,B,vardial2018/test,bra,L1,test:2988,hin_Deva
panel2,B,vardial2018/test,bra,L1,test:2991,hin_Deva
panel2,B,vardial2018/test,bra,L1,test:2997,hin_Deva
panel2,B,vardial2018/test,bra,L1,test:3000,new_Deva
panel2,B,vardial2018/test,bra,L1,test:3006,mai_Deva
panel2,B,vardial2018/test,bra,L1,test:3010,mai_Deva
panel2,B,vardial2018/test,bra,L1,test:3023,bho_Deva
panel2,B,vardial2018/test,bra,L1,test:3031,awa_Deva
panel2,B,vardial2018/test,bra,L1,test:3032,mar_Deva
panel2,B,vardial2018/test,bra,L1,test:3035,hin_Deva
panel2,B,vardial2018/test,bra,L1,test:3049,kas_Deva
panel2,B,vardial2018/test,bra,L1,test:3054,awa_Deva
panel2,B,vardial2018/test,bra,L1,test:3060,npi_Deva
panel2,B,vardial2018/test,bra,L1,test:3064,hin_Deva
panel2,B,vardial2018/test,bra,L1,test:3066,anp_Deva
panel2,B,vardial2018/test,bra,L1,test:3070,awa_Deva
panel2,B,vardial2018/test,bra,L1,test:3073,npi_Deva
panel2,B,vardial2018/test,bra,L1,test:3075,awa_Deva
panel2,B,vardial2018/test,bra,L1,test:3084,hin_Deva
panel2,B,vardial2018/test,bra,L1,test:3085,awa_Deva
panel2,B,vardial2018/test,bra,L1,test:3087,hin_Deva
panel2,B,vardial2018/test,bra,L1,test:3088,anp_Deva
panel2,B,vardial2018/test,bra,L1,test:3092,awa_Deva
panel2,B,vardial2018/test,bra,L1,test:3099,sck_Deva
panel2,B,vardial2018/test,bra,L1,test:3100,doi_Deva
panel2,B,vardial2018/test,bra,L1,test:3102,awa_Deva
panel2,B,vardial2018/test,bra,L1,test:3105,kas_Deva
panel2,B,vardial2018/test,bra,L1,test:3111,awa_Deva
panel2,B,vardial2018/test,bra,L1,test:3122,awa_Deva
panel2,B,vardial2018/test,bra,L1,test:3123,anp_Deva
panel2,B,vardial2018/test,bra,L1,test:3128,hin_Deva
panel2,B,vardial2018/test,bra,L1,test:3137,awa_Deva
panel2,B,vardial2018/test,bra,L1,test:3138,doi_Deva
panel2,B,vardial2018/test,bra,L1,test:3143,awa_Deva
panel2,B,vardial2018/test,bra,L1,test:3149,awa_Deva
panel2,B,vardial2018/test,bra,L1,test:3155,hin_Deva
panel2,B,vardial2018/test,bra,L1,test:3156,mai_Deva
panel2,B,vardial2018/test,bra,L1,test:3162,anp_Deva
panel2,B,vardial2018/test,bra,L1,test:3165,bho_Deva
panel2,B,vardial2018/test,bra,L1,test:3169,hin_Deva
panel2,B,vardial2018/test,bra,L1,test:3171,anp_Deva
panel2,B,vardial2018/test,bra,L1,test:3177,hin_Deva
panel2,B,vardial2018/test,bra,L1,test:3178,hin_Deva
panel2,B,vardial2018/test,bra,L1,test:3184,awa_Deva
panel2,B,vardial2018/test,bra,L1,test:3190,hin_Deva
panel2,B,vardial2018/test,bra,L1,test:3205,awa_Deva
panel2,B,vardial2018/test,bra,L1,test:3212,mai_Deva
panel2,B,vardial2018/test,bra,L1,test:3213,awa_Deva
panel2,B,vardial2018/test,bra,L1,test:3214,hin_Deva
panel2,B,vardial2018/test,bra,L1,test:3217,mai_Deva
panel2,B,vardial2018/test,bra,L1,test:3223,hin_Deva
panel2,B,vardial2018/test,bra,L1,test:3230,hin_Deva
panel2,B,vardial2018/test,bra,L1,test:3237,hin_Deva
panel2,B,vardial2018/test,bra,L1,test:3245,hne_Deva
panel2,B,vardial2018/test,bra,L1,test:3249,hin_Deva
panel2,B,vardial2018/test,bra,L1,test:3251,awa_Deva
panel2,B,vardial2018/test,bra,L1,test:3254,awa_Deva
panel2,B,vardial2018/test,bra,L1,test:3259,mup_Deva
panel2,B,vardial2018/test,bra,L1,test:3261,npi_Deva
panel2,B,vardial2018/test,bra,L1,test:3263,awa_Deva
panel2,B,vardial2018/test,bra,L1,test:3264,awa_Deva
panel2,B,vardial2018/test,bra,L1,test:3271,hin_Deva
panel2,B,vardial2018/test,bra,L1,test:3275,npi_Deva
panel2,B,vardial2018/test,bra,L1,test:3278,anp_Deva
panel2,B,vardial2018/test,bra,L1,test:3283,awa_Deva
panel2,B,vardial2018/test,bra,L1,test:3288,hin_Deva
panel2,B,vardial2018/test,bra,L1,test:3289,new_Deva
panel2,B,vardial2018/test,bra,L1,test:3293,awa_Deva
panel2,B,vardial2018/test,bra,L1,test:3296,hin_Deva
panel2,B,vardial2018/test,bra,L1,test:3307,mai_Deva
panel2,B,vardial2018/test,bra,L1,test:3308,awa_Deva
panel2,B,vardial2018/test,bra,L1,test:3310,doi_Deva
panel2,B,vardial2018/test,bra,L1,test:3312,hin_Deva
panel2,B,vardial2018/test,bra,L1,test:3326,hin_Deva
panel2,B,vardial2018/test,bra,L1,test:3332,awa_Deva
panel2,B,vardial2018/test,bra,L1,test:3333,awa_Deva
panel2,B,vardial2018/test,bra,L1,test:3346,anp_Deva
panel2,B,vardial2018/test,bra,L1,test:3359,mai_Deva
panel2,B,vardial2018/test,bra,L1,test:3360,new_Deva
panel2,B,vardial2018/test,bra,L1,test:3368,kas_Deva
panel2,B,vardial2018/test,bra,L1,test:3369,awa_Deva
panel2,B,vardial2018/test,bra,L1,test:3371,kru_Deva
panel2,B,vardial2018/test,bra,L1,test:3386,hin_Deva
panel2,B,vardial2018/test,bra,L1,test:3388,awa_Deva
panel2,B,vardial2018/test,bra,L1,test:3390,awa_Deva
panel2,B,vardial2018/test,bra,L1,test:3394,hin_Deva
panel2,B,vardial2018/test,bra,L1,test:3395,awa_Deva
panel2,B,vardial2018/test,bra,L1,test:3396,awa_Deva
panel2,B,vardial2018/test,bra,L1,test:3397,hin_Deva
panel2,B,vardial2018/test,bra,L1,test:3400,hin_Deva
panel2,B,vardial2018/test,bra,L1,test:3411,hin_Deva
panel2,B,vardial2018/test,bra,L1,test:3420,san_Deva
panel2,B,vardial2018/test,bra,L1,test:3440,ghe_Deva
panel2,B,vardial2018/test,bra,L1,test:3444,new_Deva
panel2,B,vardial2018/test,bra,L1,test:3449,hin_Deva
panel2,B,vardial2018/test,bra,L1,test:3451,hne_Deva
panel2,B,vardial2018/test,bra,L1,test:3456,hin_Deva
panel2,B,vardial2018/test,bra,L1,test:3465,awa_Deva
panel2,B,vardial2018/test,bra,L1,test:3476,awa_Deva
panel2,B,vardial2018/test,bra,L1,test:3478,mag_Deva
panel2,B,vardial2018/test,bra,L1,test:3487,awa_Deva
panel2,B,vardial2018/test,bra,L1,test:3490,awa_Deva
panel2,B,vardial2018/test,bra,L1,test:3495,awa_Deva
panel2,B,vardial2018/test,bra,L1,test:3496,hin_Deva
panel2,B,vardial2018/test,bra,L1,test:3497,hin_Deva
panel2,B,vardial2018/test,bra,L1,test:3498,awa_Deva
panel2,B,vardial2018/test,bra,L1,test:3505,hin_Deva
panel2,B,vardial2018/test,bra,L1,test:3506,anp_Deva
panel2,B,vardial2018/test,bra,L1,test:3507,awa_Deva
panel2,B,vardial2018/test,bra,L1,test:3509,awa_Deva
panel2,B,vardial2018/test,bra,L1,test:3520,kru_Deva
panel2,B,vardial2018/test,bra,L1,test:3523,npi_Deva
panel2,B,vardial2018/test,bra,L1,test:3524,anp_Deva
panel2,B,vardial2018/test,bra,L1,test:3534,san_Deva
panel2,B,vardial2018/test,bra,L1,test:3542,hin_Deva
panel2,B,vardial2018/test,bra,L1,test:3545,hin_Deva
panel2,B,vardial2018/test,bra,L1,test:3546,awa_Deva
panel2,B,vardial2018/test,bra,L1,test:3547,anp_Deva
panel2,B,vardial2018/test,bra,L1,test:3550,hin_Deva
panel2,B,vardial2018/test,bra,L1,test:3564,awa_Deva
panel2,B,vardial2018/test,bra,L1,test:3567,awa_Deva
panel2,B,vardial2018/test,bra,L1,test:3571,bho_Deva
panel2,B,vardial2018/test,bra,L1,test:3572,hin_Deva
panel2,B,vardial2018/test,bra,L1,test:3574,awa_Deva
panel2,B,vardial2018/test,bra,L1,test:3575,bho_Deva
panel2,B,vardial2018/test,bra,L1,test:3577,awa_Deva
panel2,B,vardial2018/test,bra,L1,test:3584,awa_Deva
panel2,B,vardial2018/test,bra,L1,test:3591,awa_Deva
panel2,B,vardial2018/test,bra,L1,test:3593,hin_Deva
panel2,B,vardial2018/test,bra,L1,test:3597,awa_Deva
panel2,B,vardial2018/test,bra,L1,test:3599,awa_Deva
panel2,B,vardial2018/test,bra,L1,test:3611,kas_Deva
panel2,B,vardial2018/test,bra,L1,test:3612,anp_Deva
panel2,B,vardial2018/test,bra,L1,test:3617,mai_Deva
panel2,B,vardial2018/test,bra,L1,test:3625,awa_Deva
panel2,B,vardial2018/test,bra,L1,test:3632,awa_Deva
panel2,B,vardial2018/test,bra,L1,test:3637,awa_Deva
panel2,B,vardial2018/test,bra,L1,test:3647,anp_Deva
panel2,B,vardial2018/test,bra,L1,test:3651,awa_Deva
panel2,B,vardial2018/test,bra,L1,test:3652,doi_Deva
panel2,B,vardial2018/test,bra,L1,test:3653,awa_Deva
panel2,B,vardial2018/test,bra,L1,test:3669,awa_Deva
panel2,B,vardial2018/test,bra,L1,test:3670,awa_Deva
panel2,B,vardial2018/test,bra,L1,test:3678,hin_Deva
panel2,B,vardial2018/test,bra,L1,test:3686,awa_Deva
panel2,B,vardial2018/test,bra,L1,test:3689,awa_Deva
panel2,B,vardial2018/test,bra,L1,test:3701,awa_Deva
panel2,B,vardial2018/test,bra,L1,test:3727,hin_Deva
panel2,B,vardial2018/test,bra,L1,test:3729,hin_Deva
panel2,B,vardial2018/test,bra,L1,test:3735,hin_Deva
panel2,B,vardial2018/test,bra,L1,test:3738,bho_Deva
panel2,B,vardial2018/test,bra,L1,test:3748,hin_Deva
panel2,B,vardial2018/test,bra,L1,test:3749,awa_Deva
panel2,B,vardial2018/test,bra,L1,test:3752,hin_Deva
panel2,B,vardial2018/test,bra,L1,test:3753,doi_Deva
panel2,B,vardial2018/test,bra,L1,test:3757,hin_Deva
panel2,B,vardial2018/test,bra,L1,test:3769,awa_Deva
panel2,B,vardial2018/test,bra,L1,test:3779,doi_Deva
panel2,B,vardial2018/test,bra,L1,test:3785,kas_Deva
panel2,B,vardial2018/test,bra,L1,test:3789,anp_Deva
panel2,B,vardial2018/test,bra,L1,test:3792,awa_Deva
panel2,B,vardial2018/test,bra,L1,test:3795,hin_Deva
panel2,B,vardial2018/test,bra,L1,test:3799,npi_Deva
panel2,B,vardial2018/test,bra,L1,test:3805,npi_Deva
panel2,B,vardial2018/test,bra,L1,test:3808,anp_Deva
panel2,B,vardial2018/test,bra,L1,test:3810,awa_Deva
panel2,B,vardial2018/test,bra,L1,test:3816,anp_Deva
panel2,B,vardial2018/test,bra,L1,test:3822,awa_Deva
panel2,B,vardial2018/test,bra,L1,test:3835,awa_Deva
panel2,B,vardial2018/test,bra,L1,test:3837,awa_Deva
panel2,B,vardial2018/test,bra,L1,test:3851,hin_Deva
panel2,B,vardial2018/test,bra,L1,test:3854,hin_Deva
panel2,B,vardial2018/test,bra,L1,test:3859,hne_Deva
panel2,B,vardial2018/test,bra,L1,test:3861,awa_Deva
panel2,B,vardial2018/test,bra,L1,test:3873,awa_Deva
panel2,B,vardial2018/test,bra,L1,test:3874,hin_Deva
panel2,B,vardial2018/test,bra,L1,test:3881,hin_Deva
panel2,B,vardial2018/test,bra,L1,test:3886,awa_Deva
panel2,B,vardial2018/test,bra,L1,test:3891,mai_Deva
panel2,B,vardial2018/test,bra,L1,test:3893,hin_Deva
panel2,B,vardial2018/test,bra,L1,test:3895,kas_Deva
panel2,B,vardial2018/test,bra,L1,test:3903,mai_Deva
panel2,B,vardial2018/test,bra,L1,test:3904,hin_Deva
panel2,B,vardial2018/test,bra,L1,test:3911,doi_Deva
panel2,B,vardial2018/test,bra,L1,test:3913,awa_Deva
panel2,B,vardial2018/test,bra,L1,test:3917,awa_Deva
panel2,B,vardial2018/test,bra,L1,test:3926,hin_Deva
panel2,B,vardial2018/test,bra,L1,test:3929,hin_Deva
panel2,B,vardial2018/test,bra,L1,test:3931,hin_Deva
panel2,B,vardial2018/test,bra,L1,test:3936,awa_Deva
panel2,B,vardial2018/test,bra,L1,test:3937,hin_Deva
panel2,B,vardial2018/test,bra,L1,test:3938,new_Deva
panel2,B,vardial2018/test,bra,L1,test:3942,awa_Deva
panel2,B,vardial2018/test,bra,L1,test:3944,hin_Deva
panel2,B,vardial2018/test,bra,L1,test:3947,hin_Deva
panel2,B,vardial2018/test,bra,L1,test:3949,hin_Deva
panel2,B,vardial2018/test,bra,L1,test:3951,doi_Deva
panel2,B,vardial2018/test,bra,L1,test:3952,hin_Deva
panel2,B,vardial2018/test,bra,L1,test:3955,awa_Deva
panel2,B,vardial2018/test,bra,L1,test:3956,awa_Deva
panel2,B,vardial2018/test,bra,L1,test:3967,awa_Deva
panel2,B,vardial2018/test,bra,L1,test:3971,anp_Deva
panel2,B,vardial2018/test,bra,L1,test:3973,awa_Deva
panel2,B,vardial2018/test,bra,L1,test:3975,awa_Deva
panel2,B,vardial2018/test,bra,L1,test:3980,mai_Deva
panel2,B,vardial2018/test,bra,L1,test:3996,awa_Deva
panel2,B,vardial2018/test,bra,L1,test:4000,hin_Deva
panel2,B,vardial2018/test,bra,L1,test:4001,hin_Deva
panel2,B,vardial2018/test,bra,L1,test:4004,awa_Deva
panel2,B,vardial2018/test,bra,L1,test:4009,bho_Deva
panel2,B,vardial2018/test,bra,L1,test:4023,hin_Deva
panel2,B,vardial2018/test,bra,L1,test:4036,hin_Deva
panel2,B,vardial2018/test,bra,L1,test:4042,anp_Deva
panel2,B,vardial2018/test,bra,L1,test:4047,hin_Deva
panel2,B,vardial2018/test,bra,L1,test:4048,hin_Deva
panel2,B,vardial2018/test,bra,L1,test:4049,awa_Deva
panel2,B,vardial2018/test,bra,L1,test:4053,hin_Deva
panel2,B,vardial2018/test,bra,L1,test:4072,hin_Deva
panel2,B,vardial2018/test,bra,L1,test:4073,hin_Deva
panel2,B,vardial2018/test,bra,L1,test:4074,anp_Deva
panel2,B,vardial2018/test,bra,L1,test:4075,hin_Deva
panel2,B,vardial2018/test,bra,L1,test:4078,hin_Deva
panel2,B,vardial2018/test,bra,L1,test:4081,npi_Deva
panel2,B,vardial2018/test,bra,L1,test:4088,awa_Deva
panel2,B,vardial2018/test,bra,L1,test:4091,kas_Deva
panel2,B,vardial2018/test,bra,L1,test:4094,anp_Deva
panel2,B,vardial2018/test,bra,L1,test:4097,anp_Deva
panel2,B,vardial2018/test,bra,L1,test:4100,hin_Deva
panel2,B,vardial2018/test,bra,L1,test:4101,awa_Deva
panel2,B,vardial2018/test,bra,L1,test:4103,awa_Deva
panel2,B,vardial2018/test,bra,L1,test:4109,bho_Deva
panel2,B,vardial2018/test,bra,L1,test:4112,hne_Deva
panel2,B,vardial2018/test,bra,L1,test:4115,mar_Deva
panel2,B,vardial2018/test,bra,L1,test:4121,anp_Deva
panel2,B,vardial2018/test,bra,L1,test:4126,awa_Deva
panel2,B,vardial2018/test,bra,L1,test:4133,hin_Deva
panel2,B,vardial2018/test,bra,L1,test:4137,awa_Deva
panel2,B,vardial2018/test,bra,L1,test:4146,doi_Deva
panel2,B,vardial2018/test,bra,L1,test:4148,awa_Deva
panel2,B,vardial2018/test,bra,L1,test:4158,bho_Deva
panel2,B,vardial2018/test,bra,L1,test:4161,awa_Deva
panel2,B,vardial2018/test,bra,L1,test:4162,awa_Deva
panel2,B,vardial2018/test,bra,L1,test:4169,kas_Deva
panel2,B,vardial2018/test,bra,L1,test:4177,awa_Deva
panel2,B,vardial2018/test,bra,L1,test:4179,hin_Deva
panel2,B,vardial2018/test,bra,L1,test:4184,hin_Deva
panel2,B,vardial2018/test,bra,L1,test:4191,bho_Deva
panel2,B,vardial2018/test,bra,L1,test:4192,anp_Deva
panel2,B,vardial2018/test,bra,L1,test:4202,hin_Deva
panel2,B,vardial2018/test,bra,L1,test:4207,anp_Deva
panel2,B,vardial2018/test,bra,L1,test:4208,hin_Deva
panel2,B,vardial2018/test,bra,L1,test:4215,hin_Deva
panel2,B,vardial2018/test,bra,L1,test:4218,hin_Deva
panel2,B,vardial2018/test,bra,L1,test:4221,awa_Deva
panel2,B,vardial2018/test,bra,L1,test:4227,awa_Deva
panel2,B,vardial2018/test,bra,L1,test:4232,hin_Deva
panel2,B,vardial2018/test,bra,L1,test:4236,awa_Deva
panel2,B,vardial2018/test,bra,L1,test:4248,hin_Deva
panel2,B,vardial2018/test,bra,L1,test:4252,hin_Deva
panel2,B,vardial2018/test,bra,L1,test:4253,awa_Deva
panel2,B,vardial2018/test,bra,L1,test:4262,awa_Deva
panel2,B,vardial2018/test,bra,L1,test:4265,awa_Deva
panel2,B,vardial2018/test,bra,L1,test:4266,hne_Deva
panel2,B,vardial2018/test,bra,L1,test:4269,hin_Deva
panel2,B,vardial2018/test,bra,L1,test:4281,awa_Deva
panel2,B,vardial2018/test,bra,L1,test:4284,awa_Deva
panel2,B,vardial2018/test,bra,L1,test:4290,awa_Deva
panel2,B,vardial2018/test,bra,L1,test:4302,awa_Deva
panel2,B,vardial2018/test,bra,L1,test:4308,anp_Deva
panel2,B,vardial2018/test,bra,L1,test:4310,awa_Deva
panel2,B,vardial2018/test,bra,L1,test:4312,hin_Deva
panel2,B,vardial2018/test,bra,L1,test:4314,hin_Deva
panel2,B,vardial2018/test,bra,L1,test:4321,awa_Deva
panel2,B,vardial2018/test,bra,L1,test:4324,hin_Deva
panel2,B,vardial2018/test,bra,L1,test:4327,hin_Deva
panel2,B,vardial2018/test,bra,L1,test:4334,mai_Deva
panel2,B,vardial2018/test,bra,L1,test:4337,awa_Deva
panel2,B,vardial2018/test,bra,L1,test:4339,anp_Deva
panel2,B,vardial2018/test,bra,L1,test:4342,awa_Deva
panel2,B,vardial2018/test,bra,L1,test:4343,awa_Deva
panel2,B,vardial2018/test,bra,L1,test:4344,hin_Deva
panel2,B,vardial2018/test,bra,L1,test:4347,hin_Deva
panel2,B,vardial2018/test,bra,L1,test:4357,new_Deva
panel2,B,vardial2018/test,bra,L1,test:4361,awa_Deva
panel2,B,vardial2018/test,bra,L1,test:4363,hin_Deva
panel2,B,vardial2018/test,bra,L1,test:4373,awa_Deva
panel2,B,vardial2018/test,bra,L1,test:4374,awa_Deva
panel2,B,vardial2018/test,bra,L1,test:4376,bho_Deva
panel2,B,vardial2018/test,bra,L1,test:4378,hin_Deva
panel2,B,vardial2018/test,bra,L1,test:4379,hin_Deva
panel2,B,vardial2018/test,bra,L1,test:4381,hin_Deva
panel2,B,vardial2018/test,bra,L1,test:4384,hin_Deva
panel2,B,vardial2018/test,bra,L1,test:4385,anp_Deva
panel2,B,vardial2018/test,bra,L1,test:4386,awa_Deva
panel2,B,vardial2018/test,bra,L1,test:4389,doi_Deva
panel2,B,vardial2018/test,bra,L1,test:4391,awa_Deva
panel2,B,vardial2018/test,bra,L1,test:4402,awa_Deva
panel2,B,vardial2018/test,bra,L1,test:4407,awa_Deva
panel2,B,vardial2018/test,bra,L1,test:4411,awa_Deva
panel2,B,vardial2018/test,bra,L1,test:4412,awa_Deva
panel2,B,vardial2018/test,bra,L1,test:4416,hin_Deva
panel2,B,vardial2018/test,bra,L1,test:4420,anp_Deva
panel2,B,vardial2018/test,bra,L1,test:4421,hin_Deva
panel2,B,vardial2018/test,bra,L1,test:4422,mar_Deva
panel2,B,vardial2018/test,bra,L1,test:4423,doi_Deva
panel2,B,vardial2018/test,bra,L1,test:4428,awa_Deva
panel2,B,vardial2018/test,bra,L1,test:4429,hin_Deva
panel2,B,vardial2018/test,bra,L1,test:4430,awa_Deva
panel2,B,vardial2018/test,bra,L1,test:4431,mai_Deva
panel2,B,vardial2018/test,bra,L1,test:4434,hin_Deva
panel2,B,vardial2018/test,bra,L1,test:4442,hin_Deva
panel2,B,vardial2018/test,bra,L1,test:4444,hin_Deva
panel2,B,vardial2018/test,bra,L1,test:4448,awa_Deva
panel2,B,vardial2018/test,bra,L1,test:4449,awa_Deva
panel2,B,vardial2018/test,bra,L1,test:4460,hin_Deva
panel2,B,vardial2018/test,bra,L1,test:4462,awa_Deva
panel2,B,vardial2018/test,bra,L1,test:4469,mai_Deva
panel2,B,vardial2018/test,bra,L1,test:4470,hin_Deva
panel2,B,vardial2018/test,bra,L1,test:4473,awa_Deva
panel2,B,vardial2018/test,bra,L1,test:4480,hin_Deva
panel2,B,vardial2018/test,bra,L1,test:4481,hin_Deva
panel2,B,vardial2018/test,bra,L1,test:4488,awa_Deva
panel2,B,vardial2018/test,bra,L1,test:4492,hin_Deva
panel2,B,vardial2018/test,bra,L1,test:4493,awa_Deva
panel2,B,vardial2018/test,bra,L1,test:4496,hin_Deva
panel2,B,vardial2018/test,bra,L1,test:4499,awa_Deva
panel2,B,vardial2018/test,bra,L1,test:4503,npi_Deva
panel2,B,vardial2018/test,bra,L1,test:4504,npi_Deva
panel2,B,vardial2018/test,bra,L1,test:4505,awa_Deva
panel2,B,vardial2018/test,bra,L1,test:4514,kas_Deva
panel2,B,vardial2018/test,bra,L1,test:4527,hin_Deva
panel2,B,vardial2018/test,bra,L1,test:4529,hin_Deva
panel2,B,vardial2018/test,bra,L1,test:4536,hin_Deva
panel2,B,vardial2018/test,bra,L1,test:4541,hin_Deva
panel2,B,vardial2018/test,bra,L1,test:4544,awa_Deva
panel2,B,vardial2018/test,bra,L1,test:4551,hin_Deva
panel2,B,vardial2018/test,bra,L1,test:4552,anp_Deva
panel2,B,vardial2018/test,bra,L1,test:4553,awa_Deva
panel2,B,vardial2018/test,bra,L1,test:4558,hin_Deva
panel2,B,vardial2018/test,bra,L1,test:4560,awa_Deva
panel2,B,vardial2018/test,bra,L1,test:4566,hin_Deva
panel2,B,vardial2018/test,bra,L1,test:4567,hin_Deva
panel2,B,vardial2018/test,bra,L1,test:4568,awa_Deva
panel2,B,vardial2018/test,bra,L1,test:4570,awa_Deva
panel2,B,vardial2018/test,bra,L1,test:4573,awa_Deva
panel2,B,vardial2018/test,bra,L1,test:4589,hin_Deva
panel2,B,vardial2018/test,bra,L1,test:4598,awa_Deva
panel2,B,vardial2018/test,bra,L1,test:4608,hin_Deva
panel2,B,vardial2018/test,bra,L1,test:4609,npi_Deva
panel2,B,vardial2018/test,bra,L1,test:4612,mar_Deva
panel2,B,vardial2018/test,bra,L1,test:4614,awa_Deva
panel2,B,vardial2018/test,bra,L1,test:4618,hin_Deva
panel2,B,vardial2018/test,bra,L1,test:4632,hin_Deva
panel2,B,vardial2018/test,bra,L1,test:4635,awa_Deva
panel2,B,vardial2018/test,bra,L1,test:4638,anp_Deva
panel2,B,vardial2018/test,bra,L1,test:4639,anp_Deva
panel2,B,vardial2018/test,bra,L1,test:4645,awa_Deva
panel2,B,vardial2018/test,bra,L1,test:4652,awa_Deva
panel2,B,vardial2018/test,bra,L1,test:4655,awa_Deva
panel2,B,vardial2018/test,bra,L1,test:4657,awa_Deva
panel2,B,vardial2018/test,bra,L1,test:4658,awa_Deva
panel2,B,vardial2018/test,bra,L1,test:4662,hin_Deva
panel2,B,vardial2018/test,bra,L1,test:4665,awa_Deva
panel2,B,vardial2018/test,bra,L1,test:4666,hin_Deva
panel2,B,vardial2018/test,bra,L1,test:4675,kas_Deva
panel2,B,vardial2018/test,bra,L1,test:4677,anp_Deva
panel2,B,vardial2018/test,bra,L1,test:4682,anp_Deva
panel2,B,vardial2018/test,bra,L1,test:4689,awa_Deva
panel2,B,vardial2018/test,bra,L1,test:4692,hin_Deva
panel2,B,vardial2018/test,bra,L1,test:4693,awa_Deva
panel2,B,vardial2018/test,bra,L1,test:4700,awa_Deva
panel2,B,vardial2018/test,bra,L1,test:4717,hin_Deva
panel2,B,vardial2018/test,bra,L1,test:4722,hin_Deva
panel2,B,vardial2018/test,bra,L1,test:4729,hin_Deva
panel2,B,vardial2018/test,bra,L1,test:4733,awa_Deva
panel2,B,vardial2018/test,bra,L1,test:4740,hin_Deva
panel2,B,vardial2018/test,bra,L1,test:4748,hin_Deva
panel2,B,vardial2018/test,bra,L1,test:4751,hin_Deva
panel2,B,vardial2018/test,bra,L1,test:4759,hin_Deva
panel2,B,vardial2018/test,bra,L1,test:4762,awa_Deva
panel2,B,vardial2018/test,bra,L1,test:4767,doi_Deva
panel2,B,vardial2018/test,bra,L1,test:4773,npi_Deva
panel2,B,vardial2018/test,bra,L1,test:4779,awa_Deva
panel2,B,vardial2018/test,bra,L1,test:4781,hin_Deva
panel2,B,vardial2018/test,bra,L1,test:4782,doi_Deva
panel2,B,vardial2018/test,bra,L1,test:4783,hin_Deva
panel2,B,vardial2018/test,bra,L1,test:4787,hin_Deva
panel2,B,vardial2018/test,bra,L1,test:4793,hin_Deva
panel2,B,vardial2018/test,bra,L1,test:4795,hin_Deva
panel2,B,vardial2018/test,bra,L1,test:4800,hin_Deva
panel2,B,vardial2018/test,bra,L1,test:4802,awa_Deva
panel2,B,vardial2018/test,bra,L1,test:4806,kru_Deva
panel2,B,vardial2018/test,bra,L1,test:4808,awa_Deva
panel2,B,vardial2018/test,bra,L1,test:4817,bho_Deva
panel2,B,vardial2018/test,bra,L1,test:4845,awa_Deva
panel2,B,vardial2018/test,bra,L1,test:4848,awa_Deva
panel2,B,vardial2018/test,bra,L1,test:4852,hin_Deva
panel2,B,vardial2018/test,bra,L1,test:4859,awa_Deva
panel2,B,vardial2018/test,bra,L1,test:4864,mag_Deva
panel2,B,vardial2018/test,bra,L1,test:4866,awa_Deva
panel2,B,vardial2018/test,bra,L1,test:4885,hin_Deva
panel2,B,vardial2018/test,bra,L1,test:4893,awa_Deva
panel2,B,vardial2018/test,bra,L1,test:4897,hin_Deva
panel2,B,vardial2018/test,bra,L1,test:4898,hin_Deva
panel2,B,vardial2018/test,bra,L1,test:4900,hin_Deva
panel2,B,vardial2018/test,bra,L1,test:4901,mai_Deva
panel2,B,vardial2018/test,bra,L1,test:4903,awa_Deva
panel2,B,vardial2018/test,bra,L1,test:4907,hin_Deva
panel2,B,vardial2018/test,bra,L1,test:4913,new_Deva
panel2,B,vardial2018/test,bra,L1,test:4917,awa_Deva
panel2,B,vardial2018/test,bra,L1,test:4919,awa_Deva
panel2,B,vardial2018/test,bra,L1,test:4921,new_Deva
panel2,B,vardial2018/test,bra,L1,test:4933,hin_Deva
panel2,B,vardial2018/test,bra,L1,test:4938,awa_Deva
panel2,B,vardial2018/test,bra,L1,test:4943,hin_Deva
panel2,B,vardial2018/test,bra,L1,test:4945,hin_Deva
panel2,B,vardial2018/test,bra,L1,test:4951,awa_Deva
panel2,B,vardial2018/test,bra,L1,test:4975,hin_Deva
panel2,B,vardial2018/test,bra,L1,test:4981,mag_Deva
panel2,B,vardial2018/test,bra,L1,test:4982,hin_Deva
panel2,B,vardial2018/test,bra,L1,test:4984,mai_Deva
panel2,B,vardial2018/test,bra,L1,test:4987,hin_Deva
panel2,B,vardial2018/test,bra,L1,test:4988,awa_Deva
panel2,B,vardial2018/test,bra,L1,test:4989,hin_Deva
panel2,B,vardial2018/test,bra,L1,test:4992,hin_Deva
panel2,B,vardial2018/test,bra,L1,test:4996,awa_Deva
panel2,B,vardial2018/test,bra,L1,test:4999,awa_Deva
panel2,B,vardial2018/test,bra,L1,test:5005,awa_Deva
panel2,B,vardial2018/test,bra,L1,test:5006,awa_Deva
panel2,B,vardial2018/test,bra,L1,test:5008,doi_Deva
panel2,B,vardial2018/test,bra,L1,test:5012,hin_Deva
panel2,B,vardial2018/test,bra,L1,test:5016,awa_Deva
panel2,B,vardial2018/test,bra,L1,test:5020,hin_Deva
panel2,B,vardial2018/test,bra,L1,test:5026,new_Deva
panel2,B,vardial2018/test,bra,L1,test:5031,npi_Deva
panel2,B,vardial2018/test,bra,L1,test:5037,hin_Deva
panel2,B,vardial2018/test,bra,L1,test:5045,hin_Deva
panel2,B,vardial2018/test,bra,L1,test:5046,hin_Deva
panel2,B,vardial2018/test,bra,L1,test:5049,awa_Deva
panel2,B,vardial2018/test,bra,L1,test:5052,awa_Deva
panel2,B,vardial2018/test,bra,L1,test:5057,hin_Deva
panel2,B,vardial2018/test,bra,L1,test:5060,hin_Deva
panel2,B,vardial2018/test,bra,L1,test:5062,hin_Deva
panel2,B,vardial2018/test,bra,L1,test:5070,hin_Deva
panel2,B,vardial2018/test,bra,L1,test:5072,mai_Deva
panel2,B,vardial2018/test,bra,L1,test:5073,hin_Deva
panel2,B,vardial2018/test,bra,L1,test:5081,mag_Deva
panel2,B,vardial2018/test,bra,L1,test:5088,hin_Deva
panel2,B,vardial2018/test,bra,L1,test:5093,awa_Deva
panel2,B,vardial2018/test,bra,L1,test:5101,doi_Deva
panel2,B,vardial2018/test,bra,L1,test:5112,awa_Deva
panel2,B,vardial2018/test,bra,L1,test:5116,hin_Deva
panel2,B,vardial2018/test,bra,L1,test:5123,hin_Deva
panel2,B,vardial2018/test,bra,L1,test:5126,hin_Deva
panel2,B,vardial2018/test,bra,L1,test:5127,awa_Deva
panel2,B,vardial2018/test,bra,L1,test:5132,kas_Deva
panel2,B,vardial2018/test,bra,L1,test:5136,hin_Deva
panel2,B,vardial2018/test,bra,L1,test:5148,anp_Deva
panel2,B,vardial2018/test,bra,L1,test:5151,hin_Deva
panel2,B,vardial2018/test,bra,L1,test:5152,awa_Deva
panel2,B,vardial2018/test,bra,L1,test:5155,awa_Deva
panel2,B,vardial2018/test,bra,L1,test:5157,doi_Deva
panel2,B,vardial2018/test,bra,L1,test:5160,hin_Deva
panel2,B,vardial2018/test,bra,L1,test:5162,bho_Deva
panel2,B,vardial2018/test,bra,L1,test:5166,mai_Deva
panel2,B,vardial2018/test,bra,L1,test:5168,awa_Deva
panel2,B,vardial2018/test,bra,L1,test:5171,kru_Deva
panel2,B,vardial2018/test,bra,L1,test:5173,hin_Deva
panel2,B,vardial2018/test,bra,L1,test:5175,doi_Deva
panel2,B,vardial2018/test,bra,L1,test:5191,mai_Deva
panel2,B,vardial2018/test,bra,L1,test:5197,anp_Deva
panel2,B,vardial2018/test,bra,L1,test:5198,awa_Deva
panel2,B,vardial2018/test,bra,L1,test:5199,anp_Deva
panel2,B,vardial2018/test,bra,L1,test:5208,awa_Deva
panel2,B,vardial2018/test,bra,L1,test:5209,mai_Deva
panel2,B,vardial2018/test,bra,L1,test:5211,hin_Deva
panel2,B,vardial2018/test,bra,L1,test:5220,kas_Deva
panel2,B,vardial2018/test,bra,L1,test:5226,hin_Deva
panel2,B,vardial2018/test,bra,L1,test:5227,new_Deva
panel2,B,vardial2018/test,bra,L1,test:5235,hin_Deva
panel2,B,vardial2018/test,bra,L1,test:5237,bho_Deva
panel2,B,vardial2018/test,bra,L1,test:5243,awa_Deva
panel2,B,vardial2018/test,bra,L1,test:5244,awa_Deva
panel2,B,vardial2018/test,bra,L1,test:5259,awa_Deva
panel2,B,vardial2018/test,bra,L1,test:5261,hin_Deva
panel2,B,vardial2018/test,bra,L1,test:5266,mag_Deva
panel2,B,vardial2018/test,bra,L1,test:5268,anp_Deva
panel2,B,vardial2018/test,bra,L1,test:5275,awa_Deva
panel2,B,vardial2018/test,bra,L1,test:5276,awa_Deva
panel2,B,vardial2018/test,bra,L1,test:5280,hin_Deva
panel2,B,vardial2018/test,bra,L1,test:5284,mar_Deva
panel2,B,vardial2018/test,bra,L1,test:5285,hin_Deva
panel2,B,vardial2018/test,bra,L1,test:5286,awa_Deva
panel2,B,vardial2018/test,bra,L1,test:5287,awa_Deva
panel2,B,vardial2018/test,bra,L1,test:5296,awa_Deva
panel2,B,vardial2018/test,bra,L1,test:5303,hin_Deva
panel2,B,vardial2018/test,bra,L1,test:5306,bho_Deva
panel2,B,vardial2018/test,bra,L1,test:5310,anp_Deva
panel2,B,vardial2018/test,bra,L1,test:5326,new_Deva
panel2,B,vardial2018/test,bra,L1,test:5333,anp_Deva
panel2,B,vardial2018/test,bra,L1,test:5342,awa_Deva
panel2,B,vardial2018/test,bra,L1,test:5347,hin_Deva
panel2,B,vardial2018/test,bra,L1,test:5352,anp_Deva
panel2,B,vardial2018/test,bra,L1,test:5355,awa_Deva
panel2,B,vardial2018/test,bra,L1,test:5360,awa_Deva
panel2,B,vardial2018/test,bra,L1,test:5366,awa_Deva
panel2,B,vardial2018/test,bra,L1,test:5367,anp_Deva
panel2,B,vardial2018/test,bra,L1,test:5370,awa_Deva
panel2,B,vardial2018/test,bra,L1,test:5382,awa_Deva
panel2,B,vardial2018/test,bra,L1,test:5384,hin_Deva
panel2,B,vardial2018/test,bra,L1,test:5388,hin_Deva
panel2,B,vardial2018/test,bra,L1,test:5390,hin_Deva
panel2,B,vardial2018/test,bra,L1,test:5391,anp_Deva
panel2,B,vardial2018/test,bra,L1,test:5392,doi_Deva
panel2,B,vardial2018/test,bra,L1,test:5393,bho_Deva
panel2,B,vardial2018/test,bra,L1,test:5395,hin_Deva
panel2,B,vardial2018/test,bra,L1,test:5400,hin_Deva
panel2,B,vardial2018/test,bra,L1,test:5403,awa_Deva
panel2,B,vardial2018/test,bra,L1,test:5413,hin_Deva
panel2,B,vardial2018/test,bra,L1,test:5417,hin_Deva
panel2,B,vardial2018/test,bra,L1,test:5419,awa_Deva
panel2,B,vardial2018/test,bra,L1,test:5424,hin_Deva
panel2,B,vardial2018/test,bra,L1,test:5432,hin_Deva
panel2,B,vardial2018/test,bra,L1,test:5435,awa_Deva
panel2,B,vardial2018/test,bra,L1,test:5440,hin_Deva
panel2,B,vardial2018/test,bra,L1,test:5447,new_Deva
panel2,B,vardial2018/test,bra,L1,test:5449,doi_Deva
panel2,B,vardial2018/test,bra,L1,test:5455,hin_Deva
panel2,B,vardial2018/test,bra,L1,test:5457,awa_Deva
panel2,B,vardial2018/test,bra,L1,test:5463,awa_Deva
panel2,B,vardial2018/test,bra,L1,test:5472,kas_Deva
panel2,B,vardial2018/test,bra,L1,test:5473,hin_Deva
panel2,B,vardial2018/test,bra,L1,test:5475,npi_Deva
panel2,B,vardial2018/test,bra,L1,test:5477,hin_Deva
panel2,B,vardial2018/test,bra,L1,test:5485,awa_Deva
panel2,B,vardial2018/test,bra,L1,test:5486,doi_Deva
panel2,B,vardial2018/test,bra,L1,test:5488,awa_Deva
panel2,B,vardial2018/test,bra,L1,test:5491,anp_Deva
panel2,B,vardial2018/test,bra,L1,test:5493,hin_Deva
panel2,B,vardial2018/test,bra,L1,test:5496,hin_Deva
panel2,B,vardial2018/test,bra,L1,test:5502,hin_Deva
panel2,B,vardial2018/test,bra,L1,test:5513,hin_Deva
panel2,B,vardial2018/test,bra,L1,test:5532,awa_Deva
panel2,B,vardial2018/test,bra,L1,test:5538,doi_Deva
panel2,B,vardial2018/test,bra,L1,test:5541,hin_Deva
panel2,B,vardial2018/test,bra,L1,test:5545,awa_Deva
panel2,B,vardial2018/test,bra,L1,test:5546,awa_Deva
panel2,B,vardial2018/test,bra,L1,test:5548,hin_Deva
panel2,B,vardial2018/test,bra,L1,test:5558,awa_Deva
panel2,B,vardial2018/test,bra,L1,test:5564,hin_Deva
panel2,B,vardial2018/test,bra,L1,test:5565,awa_Deva
panel2,B,vardial2018/test,bra,L1,test:5567,awa_Deva
panel2,B,vardial2018/test,bra,L1,test:5576,hin_Deva
panel2,B,vardial2018/test,bra,L1,test:5580,awa_Deva
panel2,B,vardial2018/test,bra,L1,test:5584,anp_Deva
panel2,B,vardial2018/test,bra,L1,test:5588,new_Deva
panel2,B,vardial2018/test,bra,L1,test:5591,awa_Deva
panel2,B,vardial2018/test,bra,L1,test:5594,hne_Deva
panel2,B,vardial2018/test,bra,L1,test:5595,awa_Deva
panel2,B,vardial2018/test,bra,L1,test:5598,hin_Deva
panel2,B,vardial2018/test,bra,L1,test:5601,mag_Deva
panel2,B,vardial2018/test,bra,L1,test:5602,hin_Deva
panel2,B,vardial2018/test,bra,L1,test:5605,hin_Deva
panel2,B,vardial2018/test,bra,L1,test:5606,awa_Deva
panel2,B,vardial2018/test,bra,L1,test:5610,awa_Deva
panel2,B,vardial2018/test,bra,L1,test:5611,hin_Deva
panel2,B,vardial2018/test,bra,L1,test:5617,hin_Deva
panel2,B,vardial2018/test,bra,L1,test:5618,anp_Deva
panel2,B,vardial2018/test,bra,L1,test:5620,anp_Deva
panel2,B,vardial2018/test,bra,L1,test:5625,hin_Deva
panel2,B,vardial2018/test,bra,L1,test:5634,awa_Deva
panel2,B,vardial2018/test,bra,L1,test:5638,kas_Deva
panel2,B,vardial2018/test,bra,L1,test:5644,hin_Deva
panel2,B,vardial2018/test,bra,L1,test:5654,hin_Deva
panel2,B,vardial2018/test,bra,L1,test:5660,hin_Deva
panel2,B,vardial2018/test,bra,L1,test:5672,awa_Deva
panel2,B,vardial2018/test,bra,L1,test:5679,hin_Deva
panel2,B,vardial2018/test,bra,L1,test:5680,mai_Deva
panel2,B,vardial2018/test,bra,L1,test:5681,awa_Deva
panel2,B,vardial2018/test,bra,L1,test:5684,awa_Deva
panel2,B,vardial2018/test,bra,L1,test:5685,hin_Deva
panel2,B,vardial2018/test,bra,L1,test:5688,hin_Deva
panel2,B,vardial2018/test,bra,L1,test:5691,anp_Deva
panel2,B,vardial2018/test,bra,L1,test:5699,hin_Deva
panel2,B,vardial2018/test,bra,L1,test:5706,anp_Deva
panel2,B,vardial2018/test,bra,L1,test:5710,awa_Deva
panel2,B,vardial2018/test,bra,L1,test:5712,awa_Deva
panel2,B,vardial2018/test,bra,L1,test:5714,hin_Deva
panel2,B,vardial2018/test,bra,L1,test:5715,mag_Deva
panel2,B,vardial2018/test,bra,L1,test:5722,hin_Deva
panel2,B,vardial2018/test,bra,L1,test:5726,hin_Deva
panel2,B,vardial2018/test,bra,L1,test:5731,awa_Deva
panel2,B,vardial2018/test,bra,L1,test:5736,anp_Deva
panel2,B,vardial2018/test,bra,L1,test:5737,awa_Deva
panel2,B,vardial2018/test,bra,L1,test:5743,doi_Deva
panel2,B,vardial2018/test,bra,L1,test:5747,awa_Deva
panel2,B,vardial2018/test,bra,L1,test:5748,awa_Deva
panel2,B,vardial2018/test,bra,L1,test:5749,awa_Deva
panel2,B,vardial2018/test,bra,L1,test:5751,awa_Deva
panel2,B,vardial2018/test,bra,L1,test:5753,hin_Deva
panel2,B,vardial2018/test,bra,L1,test:5754,new_Deva
panel2,B,vardial2018/test,bra,L1,test:5758,awa_Deva
panel2,B,vardial2018/test,bra,L1,test:5762,hin_Deva
panel2,B,vardial2018/test,bra,L1,test:5768,hne_Deva
panel2,B,vardial2018/test,bra,L1,test:5776,awa_Deva
panel2,B,vardial2018/test,bra,L1,test:5777,awa_Deva
panel2,B,vardial2018/test,bra,L1,test:5783,hin_Deva
panel2,B,vardial2018/test,bra,L1,test:5798,hin_Deva
panel2,B,vardial2018/test,bra,L1,test:5803,awa_Deva
panel2,B,vardial2018/test,bra,L1,test:5804,hin_Deva
panel2,B,vardial2018/test,bra,L1,test:5807,bho_Deva
panel2,B,vardial2018/test,bra,L1,test:5808,hin_Deva
panel2,B,vardial2018/test,bra,L1,test:5811,anp_Deva
panel2,B,vardial2018/test,bra,L1,test:5814,hin_Deva
panel2,B,vardial2018/test,bra,L1,test:5815,new_Deva
panel2,B,vardial2018/test,bra,L1,test:5820,hin_Deva
panel2,B,vardial2018/test,bra,L1,test:5821,awa_Deva
panel2,B,vardial2018/test,bra,L1,test:5830,awa_Deva
panel2,B,vardial2018/test,bra,L1,test:5833,hin_Deva
panel2,B,vardial2018/test,bra,L1,test:5836,awa_Deva
panel2,B,vardial2018/test,bra,L1,test:5851,doi_Deva
panel2,B,vardial2018/test,bra,L1,test:5858,awa_Deva
panel2,B,vardial2018/test,bra,L1,test:5862,ghe_Deva
panel2,B,vardial2018/test,bra,L1,test:5865,hin_Deva
panel2,B,vardial2018/test,bra,L1,test:5871,awa_Deva
panel2,B,vardial2018/test,bra,L1,test:5878,hin_Deva
panel2,B,vardial2018/test,bra,L1,test:5879,awa_Deva
panel2,B,vardial2018/test,bra,L1,test:5886,anp_Deva
panel2,B,vardial2018/test,bra,L1,test:5891,awa_Deva
panel2,B,vardial2018/test,bra,L1,test:5896,hin_Deva
panel2,B,vardial2018/test,bra,L1,test:5900,awa_Deva
panel2,B,vardial2018/test,bra,L1,test:5901,hin_Deva
panel2,B,vardial2018/test,bra,L1,test:5909,awa_Deva
panel2,B,vardial2018/test,bra,L1,test:5918,mag_Deva
panel2,B,vardial2018/test,bra,L1,test:5921,new_Deva
panel2,B,vardial2018/test,bra,L1,test:5925,awa_Deva
panel2,B,vardial2018/test,bra,L1,test:5926,awa_Deva
panel2,B,vardial2018/test,bra,L1,test:5929,awa_Deva
panel2,B,vardial2018/test,bra,L1,test:5932,hin_Deva
panel2,B,vardial2018/test,bra,L1,test:5938,hin_Deva
panel2,B,vardial2018/test,bra,L1,test:5942,awa_Deva
panel2,B,vardial2018/test,bra,L1,test:5975,awa_Deva
panel2,B,vardial2018/test,bra,L1,test:5979,awa_Deva
panel2,B,vardial2018/test,bra,L1,test:5987,awa_Deva
panel2,B,vardial2018/test,bra,L1,test:5993,awa_Deva
panel2,B,vardial2018/test,bra,L1,test:5994,anp_Deva
panel2,B,vardial2018/test,bra,L1,test:5995,anp_Deva
panel2,B,vardial2018/test,bra,L1,test:6003,hin_Deva
panel2,B,vardial2018/test,bra,L1,test:6008,npi_Deva
panel2,B,vardial2018/test,bra,L1,test:6010,hin_Deva
panel2,B,vardial2018/test,bra,L1,test:6019,awa_Deva
panel2,B,vardial2018/test,bra,L1,test:6020,awa_Deva
panel2,B,vardial2018/test,bra,L1,test:6022,awa_Deva
panel2,B,vardial2018/test,bra,L1,test:6031,kas_Deva
panel2,B,vardial2018/test,bra,L1,test:6032,doi_Deva
panel2,B,vardial2018/test,bra,L1,test:6037,awa_Deva
panel2,B,vardial2018/test,bra,L1,test:6038,hin_Deva
panel2,B,vardial2018/test,bra,L1,test:6045,awa_Deva
panel2,B,vardial2018/test,bra,L1,test:6053,mai_Deva
panel2,B,vardial2018/test,bra,L1,test:6073,awa_Deva
panel2,B,vardial2018/test,bra,L1,test:6080,awa_Deva
panel2,B,vardial2018/test,bra,L1,test:6085,hin_Deva
panel2,B,vardial2018/test,bra,L1,test:6091,hin_Deva
panel2,B,vardial2018/test,bra,L1,test:6101,hin_Deva
panel2,B,vardial2018/test,bra,L1,test:6103,awa_Deva
panel2,B,vardial2018/test,bra,L1,test:6111,awa_Deva
panel2,B,vardial2018/test,bra,L1,test:6114,anp_Deva
panel2,B,vardial2018/test,bra,L1,test:6117,hin_Deva
panel2,B,vardial2018/test,bra,L1,test:6120,awa_Deva
panel2,B,vardial2018/test,bra,L1,test:6131,anp_Deva
panel2,B,vardial2018/test,bra,L1,test:6133,hin_Deva
panel2,B,vardial2018/test,bra,L1,test:6138,hin_Deva
panel2,B,vardial2018/test,bra,L1,test:6141,doi_Deva
panel2,B,vardial2018/test,bra,L1,test:6148,hin_Deva
panel2,B,vardial2018/test,bra,L1,test:6150,awa_Deva
panel2,B,vardial2018/test,bra,L1,test:6157,awa_Deva
panel2,B,vardial2018/test,bra,L1,test:6158,awa_Deva
panel2,B,vardial2018/test,bra,L1,test:6162,npi_Deva
panel2,B,vardial2018/test,bra,L1,test:6164,hin_Deva
panel2,B,vardial2018/test,bra,L1,test:6172,bho_Deva
panel2,B,vardial2018/test,bra,L1,test:6173,awa_Deva
panel2,B,vardial2018/test,bra,L1,test:6175,awa_Deva
panel2,B,vardial2018/test,bra,L1,test:6181,anp_Deva
panel2,B,vardial2018/test,bra,L1,test:6183,kru_Deva
panel2,B,vardial2018/test,bra,L1,test:6186,awa_Deva
panel2,B,vardial2018/test,bra,L1,test:6188,hin_Deva
panel2,B,vardial2018/test,bra,L1,test:6190,hin_Deva
panel2,B,vardial2018/test,bra,L1,test:6192,awa_Deva
panel2,B,vardial2018/test,bra,L1,test:6194,hin_Deva
panel2,B,vardial2018/test,bra,L1,test:6202,san_Deva
panel2,B,vardial2018/test,bra,L1,test:6206,anp_Deva
panel2,B,vardial2018/test,bra,L1,test:6207,hin_Deva
panel2,B,vardial2018/test,bra,L1,test:6216,doi_Deva
panel2,B,vardial2018/test,bra,L1,test:6217,awa_Deva
panel2,B,vardial2018/test,bra,L1,test:6231,kas_Deva
panel2,B,vardial2018/test,bra,L1,test:6237,hin_Deva
panel2,B,vardial2018/test,bra,L1,test:6241,awa_Deva
panel2,B,vardial2018/test,bra,L1,test:6252,hin_Deva
panel2,B,vardial2018/test,bra,L1,test:6253,awa_Deva
panel2,B,vardial2018/test,bra,L1,test:6261,san_Deva
panel2,B,vardial2018/test,bra,L1,test:6265,hin_Deva
panel2,B,vardial2018/test,bra,L1,test:6275,awa_Deva
panel2,B,vardial2018/test,bra,L1,test:6277,hin_Deva
panel2,B,vardial2018/test,bra,L1,test:6281,awa_Deva
panel2,B,vardial2018/test,bra,L1,test:6289,hin_Deva
panel2,B,vardial2018/test,bra,L1,test:6295,hin_Deva
panel2,B,vardial2018/test,bra,L1,test:6297,hin_Deva
panel2,B,vardial2018/test,bra,L1,test:6298,awa_Deva
panel2,B,vardial2018/test,bra,L1,test:6299,anp_Deva
panel2,B,vardial2018/test,bra,L1,test:6305,hin_Deva
panel2,B,vardial2018/test,bra,L1,test:6306,hin_Deva
panel2,B,vardial2018/test,bra,L1,test:6314,awa_Deva
panel2,B,vardial2018/test,bra,L1,test:6319,hin_Deva
panel2,B,vardial2018/test,bra,L1,test:6321,hin_Deva
panel2,B,vardial2018/test,bra,L1,test:6328,hin_Deva
panel2,B,vardial2018/test,bra,L1,test:6329,awa_Deva
panel2,B,vardial2018/test,bra,L1,test:6338,awa_Deva
panel2,B,vardial2018/test,bra,L1,test:6339,awa_Deva
panel2,B,vardial2018/test,bra,L1,test:6344,new_Deva
panel2,B,vardial2018/test,bra,L1,test:6345,hin_Deva
panel2,B,vardial2018/test,bra,L1,test:6347,awa_Deva
panel2,B,vardial2018/test,bra,L1,test:6348,awa_Deva
panel2,B,vardial2018/test,bra,L1,test:6349,npi_Deva
panel2,B,vardial2018/test,bra,L1,test:6352,awa_Deva
panel2,B,vardial2018/test,bra,L1,test:6353,hin_Deva
panel2,B,vardial2018/test,bra,L1,test:6361,kas_Deva
panel2,B,vardial2018/test,bra,L1,test:6365,awa_Deva
panel2,B,vardial2018/test,bra,L1,test:6366,anp_Deva
panel2,B,vardial2018/test,bra,L1,test:6377,hin_Deva
panel2,B,vardial2018/test,bra,L1,test:6380,hin_Deva
panel2,B,vardial2018/test,bra,L1,test:6381,mai_Deva
panel2,B,vardial2018/test,bra,L1,test:6400,hin_Deva
panel2,B,vardial2018/test,bra,L1,test:6404,mai_Deva
panel2,B,vardial2018/test,bra,L1,test:6409,awa_Deva
panel2,B,vardial2018/test,bra,L1,test:6412,hin_Deva
panel2,B,vardial2018/test,bra,L1,test:6417,awa_Deva
panel2,B,vardial2018/test,bra,L1,test:6419,mai_Deva
panel2,B,vardial2018/test,bra,L1,test:6422,hin_Deva
panel2,B,vardial2018/test,bra,L1,test:6423,awa_Deva
panel2,B,vardial2018/test,bra,L1,test:6431,mai_Deva
panel2,B,vardial2018/test,bra,L1,test:6439,hin_Deva
panel2,B,vardial2018/test,bra,L1,test:6456,hin_Deva
panel2,B,vardial2018/test,bra,L1,test:6459,awa_Deva
panel2,B,vardial2018/test,bra,L1,test:6462,awa_Deva
panel2,B,vardial2018/test,bra,L1,test:6466,hin_Deva
panel2,B,vardial2018/test,bra,L1,test:6469,mup_Deva
panel2,B,vardial2018/test,bra,L1,test:6481,mar_Deva
panel2,B,vardial2018/test,bra,L1,test:6484,mag_Deva
panel2,B,vardial2018/test,bra,L1,test:6490,hin_Deva
panel2,B,vardial2018/test,bra,L1,test:6491,doi_Deva
panel2,B,vardial2018/test,bra,L1,test:6505,anp_Deva
panel2,B,vardial2018/test,bra,L1,test:6510,awa_Deva
panel2,B,vardial2018/test,bra,L1,test:6513,anp_Deva
panel2,B,vardial2018/test,bra,L1,test:6515,awa_Deva
panel2,B,vardial2018/test,bra,L1,test:6521,hin_Deva
panel2,B,vardial2018/test,bra,L1,test:6524,mup_Deva
panel2,B,vardial2018/test,bra,L1,test:6527,awa_Deva
panel2,B,vardial2018/test,bra,L1,test:6528,mai_Deva
panel2,B,vardial2018/test,bra,L1,test:6539,mai_Deva
panel2,B,vardial2018/test,bra,L1,test:6542,bho_Deva
panel2,B,vardial2018/test,bra,L1,test:6551,anp_Deva
panel2,B,vardial2018/test,bra,L1,test:6563,awa_Deva
panel2,B,vardial2018/test,bra,L1,test:6568,awa_Deva
panel2,B,vardial2018/test,bra,L1,test:6581,mag_Deva
panel2,B,vardial2018/test,bra,L1,test:6586,hin_Deva
panel2,B,vardial2018/test,bra,L1,test:6588,awa_Deva
panel2,B,vardial2018/test,bra,L1,test:6606,hin_Deva
panel2,B,vardial2018/test,bra,L1,test:6610,hin_Deva
panel2,B,vardial2018/test,bra,L1,test:6611,awa_Deva
panel2,B,vardial2018/test,bra,L1,test:6615,hin_Deva
panel2,B,vardial2018/test,bra,L1,test:6618,awa_Deva
panel2,B,vardial2018/test,bra,L1,test:6619,hin_Deva
panel2,B,vardial2018/test,bra,L1,test:6630,hin_Deva
panel2,B,vardial2018/test,bra,L1,test:6631,hin_Deva
panel2,B,vardial2018/test,bra,L1,test:6639,hin_Deva
panel2,B,vardial2018/test,bra,L1,test:6640,awa_Deva
panel2,B,vardial2018/test,bra,L1,test:6643,awa_Deva
panel2,B,vardial2018/test,bra,L1,test:6661,hin_Deva
panel2,B,vardial2018/test,bra,L1,test:6664,mar_Deva
panel2,B,vardial2018/test,bra,L1,test:6671,hin_Deva
panel2,B,vardial2018/test,bra,L1,test:6681,awa_Deva
panel2,B,vardial2018/test,bra,L1,test:6688,hin_Deva
panel2,B,vardial2018/test,bra,L1,test:6713,awa_Deva
panel2,B,vardial2018/test,bra,L1,test:6718,hin_Deva
panel2,B,vardial2018/test,bra,L1,test:6719,awa_Deva
panel2,B,vardial2018/test,bra,L1,test:6724,hin_Deva
panel2,B,vardial2018/test,bra,L1,test:6730,awa_Deva
panel2,B,vardial2018/test,bra,L1,test:6734,hin_Deva
panel2,B,vardial2018/test,bra,L1,test:6738,awa_Deva
panel2,B,vardial2018/test,bra,L1,test:6739,anp_Deva
panel2,B,vardial2018/test,bra,L1,test:6740,anp_Deva
panel2,B,vardial2018/test,bra,L1,test:6744,hin_Deva
panel2,B,vardial2018/test,bra,L1,test:6752,awa_Deva
panel2,B,vardial2018/test,bra,L1,test:6753,suz_Deva
panel2,B,vardial2018/test,bra,L1,test:6755,mai_Deva
panel2,B,vardial2018/test,bra,L1,test:6764,awa_Deva
panel2,B,vardial2018/test,bra,L1,test:6765,hin_Deva
panel2,B,vardial2018/test,bra,L1,test:6767,anp_Deva
panel2,B,vardial2018/test,bra,L1,test:6768,awa_Deva
panel2,B,vardial2018/test,bra,L1,test:6769,awa_Deva
panel2,B,vardial2018/test,bra,L1,test:6780,hin_Deva
panel2,B,vardial2018/test,bra,L1,test:6781,awa_Deva
panel2,B,vardial2018/test,bra,L1,test:6785,hin_Deva
panel2,B,vardial2018/test,bra,L1,test:6788,awa_Deva
panel2,B,vardial2018/test,bra,L1,test:6797,awa_Deva
panel2,B,vardial2018/test,bra,L1,test:6806,bho_Deva
panel2,B,vardial2018/test,bra,L1,test:6807,anp_Deva
panel2,B,vardial2018/test,bra,L1,test:6815,mag_Deva
panel2,B,vardial2018/test,bra,L1,test:6833,anp_Deva
panel2,B,vardial2018/test,bra,L1,test:6836,hin_Deva
panel2,B,vardial2018/test,bra,L1,test:6841,bho_Deva
panel2,B,vardial2018/test,bra,L1,test:6843,anp_Deva
panel2,B,vardial2018/test,bra,L1,test:6850,new_Deva
panel2,B,vardial2018/test,bra,L1,test:6853,awa_Deva
panel2,B,vardial2018/test,bra,L1,test:6854,hin_Deva
panel2,B,vardial2018/test,bra,L1,test:6855,awa_Deva
panel2,B,vardial2018/test,bra,L1,test:6863,awa_Deva
panel2,B,vardial2018/test,bra,L1,test:6864,anp_Deva
panel2,B,vardial2018/test,bra,L1,test:6874,hin_Deva
panel2,B,vardial2018/test,bra,L1,test:6882,hin_Deva
panel2,B,vardial2018/test,bra,L1,test:6883,mai_Deva
panel2,B,vardial2018/test,bra,L1,test:6887,awa_Deva
panel2,B,vardial2018/test,bra,L1,test:6899,kas_Deva
panel2,B,vardial2018/test,bra,L1,test:6902,awa_Deva
panel2,B,vardial2018/test,bra,L1,test:6905,hin_Deva
panel2,B,vardial2018/test,bra,L1,test:6908,hin_Deva
panel2,B,vardial2018/test,bra,L1,test:6921,hin_Deva
panel2,B,vardial2018/test,bra,L1,test:6922,hne_Deva
panel2,B,vardial2018/test,bra,L1,test:6925,awa_Deva
panel2,B,vardial2018/test,bra,L1,test:6931,doi_Deva
panel2,B,vardial2018/test,bra,L1,test:6942,hin_Deva
panel2,B,vardial2018/test,bra,L1,test:6946,npi_Deva
panel2,B,vardial2018/test,bra,L1,test:6954,awa_Deva
panel2,B,vardial2018/test,bra,L1,test:6959,hin_Deva
panel2,B,vardial2018/test,bra,L1,test:6960,hin_Deva
panel2,B,vardial2018/test,bra,L1,test:6961,doi_Deva
panel2,B,vardial2018/test,bra,L1,test:6965,anp_Deva
panel2,B,vardial2018/test,bra,L1,test:6975,hin_Deva
panel2,B,vardial2018/test,bra,L1,test:6977,hin_Deva
panel2,B,vardial2018/test,bra,L1,test:6978,hin_Deva
panel2,B,vardial2018/test,bra,L1,test:6982,awa_Deva
panel2,B,vardial2018/test,bra,L1,test:6995,hin_Deva
panel2,B,vardial2018/test,bra,L1,test:6999,awa_Deva
panel2,B,vardial2018/test,bra,L1,test:7004,awa_Deva
panel2,B,vardial2018/test,bra,L1,test:7006,hin_Deva
panel2,B,vardial2018/test,bra,L1,test:7009,awa_Deva
panel2,B,vardial2018/test,bra,L1,test:7010,awa_Deva
panel2,B,vardial2018/test,bra,L1,test:7013,doi_Deva
panel2,B,vardial2018/test,bra,L1,test:7014,mar_Deva
panel2,B,vardial2018/test,bra,L1,test:7015,awa_Deva
panel2,B,vardial2018/test,bra,L1,test:7017,awa_Deva
panel2,B,vardial2018/test,bra,L1,test:7025,anp_Deva
panel2,B,vardial2018/test,bra,L1,test:7032,hin_Deva
panel2,B,vardial2018/test,bra,L1,test:7039,doi_Deva
panel2,B,vardial2018/test,bra,L1,test:7049,awa_Deva
panel2,B,vardial2018/test,bra,L1,test:7051,awa_Deva
panel2,B,vardial2018/test,bra,L1,test:7061,anp_Deva
panel2,B,vardial2018/test,bra,L1,test:7063,anp_Deva
panel2,B,vardial2018/test,bra,L1,test:7068,anp_Deva
panel2,B,vardial2018/test,bra,L1,test:7072,hin_Deva
panel2,B,vardial2018/test,bra,L1,test:7074,awa_Deva
panel2,B,vardial2018/test,bra,L1,test:7079,hin_Deva
panel2,B,vardial2018/test,bra,L1,test:7081,hin_Deva
panel2,B,vardial2018/test,bra,L1,test:7082,doi_Deva
panel2,B,vardial2018/test,bra,L1,test:7085,awa_Deva
panel2,B,vardial2018/test,bra,L1,test:7092,awa_Deva
panel2,B,vardial2018/test,bra,L1,test:7096,awa_Deva
panel2,B,vardial2018/test,bra,L1,test:7099,bho_Deva
panel2,B,vardial2018/test,bra,L1,test:7101,hin_Deva
panel2,B,vardial2018/test,bra,L1,test:7103,anp_Deva
panel2,B,vardial2018/test,bra,L1,test:7110,awa_Deva
panel2,B,vardial2018/test,bra,L1,test:7114,hin_Deva
panel2,B,vardial2018/test,bra,L1,test:7119,hin_Deva
panel2,B,vardial2018/test,bra,L1,test:7120,sck_Deva
panel2,B,vardial2018/test,bra,L1,test:7126,awa_Deva
panel2,B,vardial2018/test,bra,L1,test:7132,awa_Deva
panel2,B,vardial2018/test,bra,L1,test:7137,bho_Deva
panel2,B,vardial2018/test,bra,L1,test:7144,anp_Deva
panel2,B,vardial2018/test,bra,L1,test:7149,hin_Deva
panel2,B,vardial2018/test,bra,L1,test:7173,hin_Deva
panel2,B,vardial2018/test,bra,L1,test:7177,awa_Deva
panel2,B,vardial2018/test,bra,L1,test:7182,mag_Deva
panel2,B,vardial2018/test,bra,L1,test:7189,hin_Deva
panel2,B,vardial2018/test,bra,L1,test:7192,hin_Deva
panel2,B,vardial2018/test,bra,L1,test:7202,awa_Deva
panel2,B,vardial2018/test,bra,L1,test:7216,hin_Deva
panel2,B,vardial2018/test,bra,L1,test:7222,bho_Deva
panel2,B,vardial2018/test,bra,L1,test:7231,npi_Deva
panel2,B,vardial2018/test,bra,L1,test:7233,hin_Deva
panel2,B,vardial2018/test,bra,L1,test:7234,awa_Deva
panel2,B,vardial2018/test,bra,L1,test:7235,awa_Deva
panel2,B,vardial2018/test,bra,L1,test:7237,hin_Deva
panel2,B,vardial2018/test,bra,L1,test:7243,awa_Deva
panel2,B,vardial2018/test,bra,L1,test:7245,mai_Deva
panel2,B,vardial2018/test,bra,L1,test:7246,awa_Deva
panel2,B,vardial2018/test,bra,L1,test:7249,hin_Deva
panel2,B,vardial2018/test,bra,L1,test:7255,anp_Deva
panel2,B,vardial2018/test,bra,L1,test:7256,hin_Deva
panel2,B,vardial2018/test,bra,L1,test:7260,hin_Deva
panel2,B,vardial2018/test,bra,L1,test:7267,awa_Deva
panel2,B,vardial2018/test,bra,L1,test:7269,anp_Deva
panel2,B,vardial2018/test,bra,L1,test:7271,awa_Deva
panel2,B,vardial2018/test,bra,L1,test:7278,anp_Deva
panel2,B,vardial2018/test,bra,L1,test:7280,awa_Deva
panel2,B,vardial2018/test,bra,L1,test:7293,hin_Deva
panel2,B,vardial2018/test,bra,L1,test:7312,bho_Deva
panel2,B,vardial2018/test,bra,L1,test:7313,awa_Deva
panel2,B,vardial2018/test,bra,L1,test:7320,awa_Deva
panel2,B,vardial2018/test,bra,L1,test:7326,awa_Deva
panel2,B,vardial2018/test,bra,L1,test:7334,hin_Deva
panel2,B,vardial2018/test,bra,L1,test:7343,hin_Deva
panel2,B,vardial2018/test,bra,L1,test:7344,awa_Deva
panel2,B,vardial2018/test,bra,L1,test:7353,awa_Deva
panel2,B,vardial2018/test,bra,L1,test:7362,hin_Deva
panel2,B,vardial2018/test,bra,L1,test:7371,hin_Deva
panel2,B,vardial2018/test,bra,L1,test:7375,hin_Deva
panel2,B,vardial2018/test,bra,L1,test:7381,awa_Deva
panel2,B,vardial2018/test,bra,L1,test:7383,bho_Deva
panel2,B,vardial2018/test,bra,L1,test:7385,awa_Deva
panel2,B,vardial2018/test,bra,L1,test:7395,awa_Deva
panel2,B,vardial2018/test,bra,L1,test:7405,awa_Deva
panel2,B,vardial2018/test,bra,L1,test:7408,anp_Deva
panel2,B,vardial2018/test,bra,L1,test:7409,anp_Deva
panel2,B,vardial2018/test,bra,L1,test:7413,awa_Deva
panel2,B,vardial2018/test,bra,L1,test:7416,awa_Deva
panel2,B,vardial2018/test,bra,L1,test:7422,hin_Deva
panel2,B,vardial2018/test,bra,L1,test:7423,mar_Deva
panel2,B,vardial2018/test,bra,L1,test:7428,hin_Deva
panel2,B,vardial2018/test,bra,L1,test:7431,kas_Deva
panel2,B,vardial2018/test,bra,L1,test:7438,awa_Deva
panel2,B,vardial2018/test,bra,L1,test:7462,mar_Deva
panel2,B,vardial2018/test,bra,L1,test:7463,awa_Deva
panel2,B,vardial2018/test,bra,L1,test:7475,new_Deva
panel2,B,vardial2018/test,bra,L1,test:7478,awa_Deva
panel2,B,vardial2018/test,bra,L1,test:7480,hin_Deva
panel2,B,vardial2018/test,bra,L1,test:7487,hin_Deva
panel2,B,vardial2018/test,bra,L1,test:7488,awa_Deva
panel2,B,vardial2018/test,bra,L1,test:7501,anp_Deva
panel2,B,vardial2018/test,bra,L1,test:7509,san_Deva
panel2,B,vardial2018/test,bra,L1,test:7513,hin_Deva
panel2,B,vardial2018/test,bra,L1,test:7526,awa_Deva
panel2,B,vardial2018/test,bra,L1,test:7527,awa_Deva
panel2,B,vardial2018/test,bra,L1,test:7539,anp_Deva
panel2,B,vardial2018/test,bra,L1,test:7544,awa_Deva
panel2,B,vardial2018/test,bra,L1,test:7551,doi_Deva
panel2,B,vardial2018/test,bra,L1,test:7556,hin_Deva
panel2,B,vardial2018/test,bra,L1,test:7563,awa_Deva
panel2,B,vardial2018/test,bra,L1,test:7566,awa_Deva
panel2,B,vardial2018/test,bra,L1,test:7567,anp_Deva
panel2,B,vardial2018/test,bra,L1,test:7568,awa_Deva
panel2,B,vardial2018/test,bra,L1,test:7573,hin_Deva
panel2,B,vardial2018/test,bra,L1,test:7582,awa_Deva
panel2,B,vardial2018/test,bra,L1,test:7586,hin_Deva
panel2,B,vardial2018/test,bra,L1,test:7587,awa_Deva
panel2,B,vardial2018/test,bra,L1,test:7588,doi_Deva
panel2,B,vardial2018/test,bra,L1,test:7594,san_Deva
panel2,B,vardial2018/test,bra,L1,test:7595,awa_Deva
panel2,B,vardial2018/test,bra,L1,test:7596,anp_Deva
panel2,B,vardial2018/test,bra,L1,test:7603,awa_Deva
panel2,B,vardial2018/test,bra,L1,test:7607,mai_Deva
panel2,B,vardial2018/test,bra,L1,test:7610,awa_Deva
panel2,B,vardial2018/test,bra,L1,test:7614,hin_Deva
panel2,B,vardial2018/test,bra,L1,test:7616,awa_Deva
panel2,B,vardial2018/test,bra,L1,test:7617,awa_Deva
panel2,B,vardial2018/test,bra,L1,test:7619,awa_Deva
panel2,B,vardial2018/test,bra,L1,test:7627,awa_Deva
panel2,B,vardial2018/test,bra,L1,test:7639,hin_Deva
panel2,B,vardial2018/test,bra,L1,test:7647,hin_Deva
panel2,B,vardial2018/test,bra,L1,test:7652,mar_Deva
panel2,B,vardial2018/test,bra,L1,test:7654,anp_Deva
panel2,B,vardial2018/test,bra,L1,test:7673,hin_Deva
panel2,B,vardial2018/test,bra,L1,test:7677,hin_Deva
panel2,B,vardial2018/test,bra,L1,test:7680,awa_Deva
panel2,B,vardial2018/test,bra,L1,test:7681,anp_Deva
panel2,B,vardial2018/test,bra,L1,test:7683,hin_Deva
panel2,B,vardial2018/test,bra,L1,test:7689,hne_Deva
panel2,B,vardial2018/test,bra,L1,test:7690,hin_Deva
panel2,B,vardial2018/test,bra,L1,test:7691,hin_Deva
panel2,B,vardial2018/test,bra,L1,test:7692,awa_Deva
panel2,B,vardial2018/test,bra,L1,test:7702,npi_Deva
panel2,B,vardial2018/test,bra,L1,test:7706,hin_Deva
panel2,B,vardial2018/test,bra,L1,test:7707,mai_Deva
panel2,B,vardial2018/test,bra,L1,test:7710,awa_Deva
panel2,B,vardial2018/test,bra,L1,test:7715,anp_Deva
panel2,B,vardial2018/test,bra,L1,test:7720,anp_Deva
panel2,B,vardial2018/test,bra,L1,test:7726,hin_Deva
panel2,B,vardial2018/test,bra,L1,test:7732,hin_Deva
panel2,B,vardial2018/test,bra,L1,test:7742,hin_Deva
panel2,B,vardial2018/test,bra,L1,test:7744,awa_Deva
panel2,B,vardial2018/test,bra,L1,test:7755,awa_Deva
panel2,B,vardial2018/test,bra,L1,test:7756,awa_Deva
panel2,B,vardial2018/test,bra,L1,test:7771,mar_Deva
panel2,B,vardial2018/test,bra,L1,test:7772,awa_Deva
panel2,B,vardial2018/test,bra,L1,test:7775,mag_Deva
panel2,B,vardial2018/test,bra,L1,test:7776,awa_Deva
panel2,B,vardial2018/test,bra,L1,test:7784,anp_Deva
panel2,B,vardial2018/test,bra,L1,test:7792,doi_Deva
panel2,B,vardial2018/test,bra,L1,test:7797,anp_Deva
panel2,B,vardial2018/test,bra,L1,test:7801,mai_Deva
panel2,B,vardial2018/test,bra,L1,test:7806,awa_Deva
panel2,B,vardial2018/test,bra,L1,test:7808,awa_Deva
panel2,B,vardial2018/test,bra,L1,test:7812,awa_Deva
panel2,B,vardial2018/test,bra,L1,test:7830,awa_Deva
panel2,B,vardial2018/test,bra,L1,test:7842,hin_Deva
panel2,B,vardial2018/test,bra,L1,test:7851,hin_Deva
panel2,B,vardial2018/test,bra,L1,test:7856,anp_Deva
panel2,B,vardial2018/test,bra,L1,test:7860,anp_Deva
panel2,B,vardial2018/test,bra,L1,test:7869,hin_Deva
panel2,B,vardial2018/test,bra,L1,test:7872,anp_Deva
panel2,B,vardial2018/test,bra,L1,test:7873,hin_Deva
panel2,B,vardial2018/test,bra,L1,test:7879,awa_Deva
panel2,B,vardial2018/test,bra,L1,test:7895,anp_Deva
panel2,B,vardial2018/test,bra,L1,test:7901,awa_Deva
panel2,B,vardial2018/test,bra,L1,test:7909,awa_Deva
panel2,B,vardial2018/test,bra,L1,test:7912,hin_Deva
panel2,B,vardial2018/test,bra,L1,test:7914,awa_Deva
panel2,B,vardial2018/test,bra,L1,test:7918,awa_Deva
panel2,B,vardial2018/test,bra,L1,test:7921,awa_Deva
panel2,B,vardial2018/test,bra,L1,test:7936,awa_Deva
panel2,B,vardial2018/test,bra,L1,test:7960,hin_Deva
panel2,B,vardial2018/test,bra,L1,test:7963,hin_Deva
panel2,B,vardial2018/test,bra,L1,test:7970,hin_Deva
panel2,B,vardial2018/test,bra,L1,test:7978,awa_Deva
panel2,B,vardial2018/test,bra,L1,test:7988,hin_Deva
panel2,B,vardial2018/test,bra,L1,test:7991,awa_Deva
panel2,B,vardial2018/test,bra,L1,test:7992,awa_Deva
panel2,B,vardial2018/test,bra,L1,test:8000,bho_Deva
panel2,B,vardial2018/test,bra,L1,test:8001,hin_Deva
panel2,B,vardial2018/test,bra,L1,test:8002,awa_Deva
panel2,B,vardial2018/test,bra,L1,test:8003,hin_Deva
panel2,B,vardial2018/test,bra,L1,test:8007,awa_Deva
panel2,B,vardial2018/test,bra,L1,test:8008,awa_Deva
panel2,B,vardial2018/test,bra,L1,test:8015,awa_Deva
panel2,B,vardial2018/test,bra,L1,test:8018,awa_Deva
panel2,B,vardial2018/test,bra,L1,test:8025,awa_Deva
panel2,B,vardial2018/test,bra,L1,test:8028,hin_Deva
panel2,B,vardial2018/test,bra,L1,test:8030,hin_Deva
panel2,B,vardial2018/test,bra,L1,test:8034,awa_Deva
panel2,B,vardial2018/test,bra,L1,test:8046,awa_Deva
panel2,B,vardial2018/test,bra,L1,test:8053,hin_Deva
panel2,B,vardial2018/test,bra,L1,test:8059,hin_Deva
panel2,B,vardial2018/test,bra,L1,test:8060,hin_Deva
panel2,B,vardial2018/test,bra,L1,test:8061,hin_Deva
panel2,B,vardial2018/test,bra,L1,test:8064,anp_Deva
panel2,B,vardial2018/test,bra,L1,test:8073,hin_Deva
panel2,B,vardial2018/test,bra,L1,test:8077,awa_Deva
panel2,B,vardial2018/test,bra,L1,test:8080,mag_Deva
panel2,B,vardial2018/test,bra,L1,test:8085,hin_Deva
panel2,B,vardial2018/test,bra,L1,test:8087,hin_Deva
panel2,B,vardial2018/test,bra,L1,test:8090,awa_Deva
panel2,B,vardial2018/test,bra,L1,test:8093,awa_Deva
panel2,B,vardial2018/test,bra,L1,test:8099,anp_Deva
panel2,B,vardial2018/test,bra,L1,test:8100,awa_Deva
panel2,B,vardial2018/test,bra,L1,test:8101,hin_Deva
panel2,B,vardial2018/test,bra,L1,test:8106,mai_Deva
panel2,B,vardial2018/test,bra,L1,test:8107,awa_Deva
panel2,B,vardial2018/test,bra,L1,test:8118,npi_Deva
panel2,B,vardial2018/test,bra,L1,test:8126,awa_Deva
panel2,B,vardial2018/test,bra,L1,test:8132,hin_Deva
panel2,B,vardial2018/test,bra,L1,test:8138,awa_Deva
panel2,B,vardial2018/test,bra,L1,test:8146,hin_Deva
panel2,B,vardial2018/test,bra,L1,test:8152,anp_Deva
panel2,B,vardial2018/test,bra,L1,test:8153,kas_Deva
panel2,B,vardial2018/test,bra,L1,test:8161,hin_Deva
panel2,B,vardial2018/test,bra,L1,test:8163,doi_Deva
panel2,B,vardial2018/test,bra,L1,test:8166,hin_Deva
panel2,B,vardial2018/test,bra,L1,test:8168,awa_Deva
panel2,B,vardial2018/test,bra,L1,test:8169,awa_Deva
panel2,B,vardial2018/test,bra,L1,test:8170,hin_Deva
panel2,B,vardial2018/test,bra,L1,test:8181,doi_Deva
panel2,B,vardial2018/test,bra,L1,test:8190,awa_Deva
panel2,B,vardial2018/test,bra,L1,test:8195,awa_Deva
panel2,B,vardial2018/test,bra,L1,test:8200,new_Deva
panel2,B,vardial2018/test,bra,L1,test:8203,anp_Deva
panel2,B,vardial2018/test,bra,L1,test:8206,hin_Deva
panel2,B,vardial2018/test,bra,L1,test:8212,hin_Deva
panel2,B,vardial2018/test,bra,L1,test:8214,awa_Deva
panel2,B,vardial2018/test,bra,L1,test:8222,mai_Deva
panel2,B,vardial2018/test,bra,L1,test:8223,hin_Deva
panel2,B,vardial2018/test,bra,L1,test:8230,awa_Deva
panel2,B,vardial2018/test,bra,L1,test:8231,doi_Deva
panel2,B,vardial2018/test,bra,L1,test:8234,hin_Deva
panel2,B,vardial2018/test,bra,L1,test:8240,awa_Deva
panel2,B,vardial2018/test,bra,L1,test:8242,awa_Deva
panel2,B,vardial2018/test,bra,L1,test:8244,hin_Deva
panel2,B,vardial2018/test,bra,L1,test:8245,awa_Deva
panel2,B,vardial2018/test,bra,L1,test:8260,awa_Deva
panel2,B,vardial2018/test,bra,L1,test:8265,awa_Deva
panel2,B,vardial2018/test,bra,L1,test:8267,npi_Deva
panel2,B,vardial2018/test,bra,L1,test:8271,hin_Deva
panel2,B,vardial2018/test,bra,L1,test:8276,hin_Deva
panel2,B,vardial2018/test,bra,L1,test:8277,hin_Deva
panel2,B,vardial2018/test,bra,L1,test:8287,awa_Deva
panel2,B,vardial2018/test,bra,L1,test:8291,hin_Deva
panel2,B,vardial2018/test,bra,L1,test:8294,hin_Deva
panel2,B,vardial2018/test,bra,L1,test:8299,mar_Deva
panel2,B,vardial2018/test,bra,L1,test:8304,awa_Deva
panel2,B,vardial2018/test,bra,L1,test:8315,awa_Deva
panel2,B,vardial2018/test,bra,L1,test:8318,hin_Deva
panel2,B,vardial2018/test,bra,L1,test:8325,hin_Deva
panel2,B,vardial2018/test,bra,L1,test:8328,awa_Deva
panel2,B,vardial2018/test,bra,L1,test:8333,hin_Deva
panel2,B,vardial2018/test,bra,L1,test:8352,kas_Deva
panel2,B,vardial2018/test,bra,L1,test:8356,awa_Deva
panel2,B,vardial2018/test,bra,L1,test:8357,awa_Deva
panel2,B,vardial2018/test,bra,L1,test:8361,hin_Deva
panel2,B,vardial2018/test,bra,L1,test:8373,awa_Deva
panel2,B,vardial2018/test,bra,L1,test:8379,hin_Deva
panel2,B,vardial2018/test,bra,L1,test:8387,mar_Deva
panel2,B,vardial2018/test,bra,L1,test:8389,awa_Deva
panel2,B,vardial2018/test,bra,L1,test:8396,hin_Deva
panel2,B,vardial2018/test,bra,L1,test:8407,hin_Deva
panel2,B,vardial2018/test,bra,L1,test:8411,hin_Deva
panel2,B,vardial2018/test,bra,L1,test:8413,awa_Deva
panel2,B,vardial2018/test,bra,L1,test:8422,awa_Deva
panel2,B,vardial2018/test,bra,L1,test:8423,awa_Deva
panel2,B,vardial2018/test,bra,L1,test:8429,anp_Deva
panel2,B,vardial2018/test,bra,L1,test:8442,awa_Deva
panel2,B,vardial2018/test,bra,L1,test:8450,hin_Deva
panel2,B,vardial2018/test,bra,L1,test:8453,awa_Deva
panel2,B,vardial2018/test,bra,L1,test:8465,hin_Deva
panel2,B,vardial2018/test,bra,L1,test:8469,awa_Deva
panel2,B,vardial2018/test,bra,L1,test:8479,hin_Deva
panel2,B,vardial2018/test,bra,L1,test:8487,mai_Deva
panel2,B,vardial2018/test,bra,L1,test:8490,awa_Deva
panel2,B,vardial2018/test,bra,L1,test:8509,hin_Deva
panel2,B,vardial2018/test,bra,L1,test:8512,hin_Deva
panel2,B,vardial2018/test,bra,L1,test:8513,anp_Deva
panel2,B,vardial2018/test,bra,L1,test:8515,awa_Deva
panel2,B,vardial2018/test,bra,L1,test:8527,awa_Deva
panel2,B,vardial2018/test,bra,L1,test:8538,awa_Deva
panel2,B,vardial2018/test,bra,L1,test:8539,awa_Deva
panel2,B,vardial2018/test,bra,L1,test:8548,hin_Deva
panel2,B,vardial2018/test,bra,L1,test:8549,ghe_Deva
panel2,B,vardial2018/test,bra,L1,test:8551,kru_Deva
panel2,B,vardial2018/test,bra,L1,test:8557,doi_Deva
panel2,B,vardial2018/test,bra,L1,test:8559,kas_Deva
panel2,B,vardial2018/test,bra,L1,test:8571,awa_Deva
panel2,B,vardial2018/test,bra,L1,test:8574,hin_Deva
panel2,B,vardial2018/test,bra,L1,test:8580,hin_Deva
panel2,B,vardial2018/test,bra,L1,test:8582,hin_Deva
panel2,B,vardial2018/test,bra,L1,test:8584,awa_Deva
panel2,B,vardial2018/test,bra,L1,test:8586,anp_Deva
panel2,B,vardial2018/test,bra,L1,test:8589,new_Deva
panel2,B,vardial2018/test,bra,L1,test:8592,hin_Deva
panel2,B,vardial2018/test,bra,L1,test:8597,awa_Deva
panel2,B,vardial2018/test,bra,L1,test:8603,hin_Deva
panel2,B,vardial2018/test,bra,L1,test:8615,new_Deva
panel2,B,vardial2018/test,bra,L1,test:8619,hin_Deva
panel2,B,vardial2018/test,bra,L1,test:8624,awa_Deva
panel2,B,vardial2018/test,bra,L1,test:8630,awa_Deva
panel2,B,vardial2018/test,bra,L1,test:8633,anp_Deva
panel2,B,vardial2018/test,bra,L1,test:8636,kas_Deva
panel2,B,vardial2018/test,bra,L1,test:8638,hin_Deva
panel2,B,vardial2018/test,bra,L1,test:8640,hin_Deva
panel2,B,vardial2018/test,bra,L1,test:8641,doi_Deva
panel2,B,vardial2018/test,bra,L1,test:8652,awa_Deva
panel2,B,vardial2018/test,bra,L1,test:8655,hin_Deva
panel2,B,vardial2018/test,bra,L1,test:8659,awa_Deva
panel2,B,vardial2018/test,bra,L1,test:8661,hin_Deva
panel2,B,vardial2018/test,bra,L1,test:8663,anp_Deva
panel2,B,vardial2018/test,bra,L1,test:8665,san_Deva
panel2,B,vardial2018/test,bra,L1,test:8666,anp_Deva
panel2,B,vardial2018/test,bra,L1,test:8668,awa_Deva
panel2,B,vardial2018/test,bra,L1,test:8671,awa_Deva
panel2,B,vardial2018/test,bra,L1,test:8672,bho_Deva
panel2,B,vardial2018/test,bra,L1,test:8678,awa_Deva
panel2,B,vardial2018/test,bra,L1,test:8686,doi_Deva
panel2,B,vardial2018/test,bra,L1,test:8689,awa_Deva
panel2,B,vardial2018/test,bra,L1,test:8693,hin_Deva
panel2,B,vardial2018/test,bra,L1,test:8694,awa_Deva
panel2,B,vardial2018/test,bra,L1,test:8702,awa_Deva
panel2,B,vardial2018/test,bra,L1,test:8703,awa_Deva
panel2,B,vardial2018/test,bra,L1,test:8705,awa_Deva
panel2,B,vardial2018/test,bra,L1,test:8707,hin_Deva
panel2,B,vardial2018/test,bra,L1,test:8710,anp_Deva
panel2,B,vardial2018/test,bra,L1,test:8718,npi_Deva
panel2,B,vardial2018/test,bra,L1,test:8748,hin_Deva
panel2,B,vardial2018/test,bra,L1,test:8749,hin_Deva
panel2,B,vardial2018/test,bra,L1,test:8754,anp_Deva
panel2,B,vardial2018/test,bra,L1,test:8757,awa_Deva
panel2,B,vardial2018/test,bra,L1,test:8760,awa_Deva
panel2,B,vardial2018/test,bra,L1,test:8763,anp_Deva
panel2,B,vardial2018/test,bra,L1,test:8770,ghe_Deva
panel2,B,vardial2018/test,bra,L1,test:8771,anp_Deva
panel2,B,vardial2018/test,bra,L1,test:8772,hin_Deva
panel2,B,vardial2018/test,bra,L1,test:8773,new_Deva
panel2,B,vardial2018/test,bra,L1,test:8776,awa_Deva
panel2,B,vardial2018/test,bra,L1,test:8781,awa_Deva
panel2,B,vardial2018/test,bra,L1,test:8785,kas_Deva
panel2,B,vardial2018/test,bra,L1,test:8795,awa_Deva
panel2,B,vardial2018/test,bra,L1,test:8797,hin_Deva
panel2,B,vardial2018/test,bra,L1,test:8799,anp_Deva
panel2,B,vardial2018/test,bra,L1,test:8802,sck_Deva
panel2,B,vardial2018/test,bra,L1,test:8806,awa_Deva
panel2,B,vardial2018/test,bra,L1,test:8828,brx_Deva
panel2,B,vardial2018/test,bra,L1,test:8829,mai_Deva
panel2,B,vardial2018/test,bra,L1,test:8834,suz_Deva
panel2,B,vardial2018/test,bra,L1,test:8848,mai_Deva
panel2,B,vardial2018/test,bra,L1,test:8849,hin_Deva
panel2,B,vardial2018/test,bra,L1,test:8853,hin_Deva
panel2,B,vardial2018/test,bra,L1,test:8865,mai_Deva
panel2,B,vardial2018/test,bra,L1,test:8867,hin_Deva
panel2,B,vardial2018/test,bra,L1,test:8870,san_Deva
panel2,B,vardial2018/test,bra,L1,test:8872,anp_Deva
panel2,B,vardial2018/test,bra,L1,test:8881,awa_Deva
panel2,B,vardial2018/test,bra,L1,test:8883,doi_Deva
panel2,B,vardial2018/test,bra,L1,test:8887,hin_Deva
panel2,B,vardial2018/test,bra,L1,test:8888,anp_Deva
panel2,B,vardial2018/test,bra,L1,test:8891,awa_Deva
panel2,B,vardial2018/test,bra,L1,test:8901,mai_Deva
panel2,B,vardial2018/test,bra,L1,test:8910,awa_Deva
panel2,B,vardial2018/test,bra,L1,test:8920,hin_Deva
panel2,B,vardial2018/test,bra,L1,test:8927,hin_Deva
panel2,B,vardial2018/test,bra,L1,test:8934,doi_Deva
panel2,B,vardial2018/test,bra,L1,test:8943,awa_Deva
panel2,B,vardial2018/test,bra,L1,test:8959,awa_Deva
panel2,B,vardial2018/test,bra,L1,test:8970,awa_Deva
panel2,B,vardial2018/test,bra,L1,test:8971,awa_Deva
panel2,B,vardial2018/test,bra,L1,test:8976,npi_Deva
panel2,B,vardial2018/test,bra,L1,test:8978,hin_Deva
panel2,B,vardial2018/test,bra,L1,test:8982,anp_Deva
panel2,B,vardial2018/test,bra,L1,test:9001,doi_Deva
panel2,B,vardial2018/test,bra,L1,test:9011,awa_Deva
panel2,B,vardial2018/test,bra,L1,test:9012,doi_Deva
panel2,B,vardial2018/test,bra,L1,test:9013,hin_Deva
panel2,B,vardial2018/test,bra,L1,test:9021,awa_Deva
panel2,B,vardial2018/test,bra,L1,test:9023,anp_Deva
panel2,B,vardial2018/test,bra,L1,test:9033,awa_Deva
panel2,B,vardial2018/test,bra,L1,test:9035,awa_Deva
panel2,B,vardial2018/test,bra,L1,test:9039,awa_Deva
panel2,B,vardial2018/test,bra,L1,test:9042,awa_Deva
panel2,B,vardial2018/test,bra,L1,test:9049,awa_Deva
panel2,B,vardial2018/test,bra,L1,test:9057,hin_Deva
panel2,B,vardial2018/test,bra,L1,test:9059,bho_Deva
panel2,B,vardial2018/test,bra,L1,test:9070,hin_Deva
panel2,B,vardial2018/test,bra,L1,test:9075,anp_Deva
panel2,B,vardial2018/test,bra,L1,test:9076,hin_Deva
panel2,B,vardial2018/test,bra,L1,test:9088,kas_Deva
panel2,B,vardial2018/test,bra,L1,test:9094,awa_Deva
panel2,B,vardial2018/test,bra,L1,test:9101,awa_Deva
panel2,B,vardial2018/test,bra,L1,test:9104,mai_Deva
panel2,B,vardial2018/test,bra,L1,test:9114,awa_Deva
panel2,B,vardial2018/test,bra,L1,test:9116,anp_Deva
panel2,B,vardial2018/test,bra,L1,test:9117,awa_Deva
panel2,B,vardial2018/test,bra,L1,test:9124,kas_Deva
panel2,B,vardial2018/test,bra,L1,test:9125,hin_Deva
panel2,B,vardial2018/test,bra,L1,test:9129,hin_Deva
panel2,B,vardial2018/test,bra,L1,test:9133,kas_Deva
panel2,B,vardial2018/test,bra,L1,test:9141,awa_Deva
panel2,B,vardial2018/test,bra,L1,test:9148,hin_Deva
panel2,B,vardial2018/test,bra,L1,test:9154,hin_Deva
panel2,B,vardial2018/test,bra,L1,test:9160,hin_Deva
panel2,B,vardial2018/test,bra,L1,test:9163,npi_Deva
panel2,B,vardial2018/test,bra,L1,test:9165,hin_Deva
panel2,B,vardial2018/test,bra,L1,test:9167,kas_Deva
panel2,B,vardial2018/test,bra,L1,test:9171,hin_Deva
panel2,B,vardial2018/test,bra,L1,test:9173,san_Deva
panel2,B,vardial2018/test,bra,L1,test:9177,hin_Deva
panel2,B,vardial2018/test,bra,L1,test:9185,awa_Deva
panel2,B,vardial2018/test,bra,L1,test:9193,awa_Deva
panel2,B,vardial2018/test,bra,L1,test:9204,awa_Deva
panel2,B,vardial2018/test,bra,L1,test:9219,kas_Deva
panel2,B,vardial2018/test,bra,L1,test:9224,awa_Deva
panel2,B,vardial2018/test,bra,L1,test:9230,hin_Deva
panel2,B,vardial2018/test,bra,L1,test:9235,hin_Deva
panel2,B,vardial2018/test,bra,L1,test:9237,awa_Deva
panel2,B,vardial2018/test,bra,L1,test:9238,hin_Deva
panel2,B,vardial2018/test,bra,L1,test:9244,hin_Deva
panel2,B,vardial2018/test,bra,L1,test:9252,mai_Deva
panel2,B,vardial2018/test,bra,L1,test:9258,hin_Deva
panel2,B,vardial2018/test,bra,L1,test:9267,awa_Deva
panel2,B,vardial2018/test,bra,L1,test:9272,awa_Deva
panel2,B,vardial2018/test,bra,L1,test:9275,hin_Deva
panel2,B,vardial2018/test,bra,L1,test:9276,hin_Deva
panel2,B,vardial2018/test,bra,L1,test:9280,hin_Deva
panel2,B,vardial2018/test,bra,L1,test:9284,hin_Deva
panel2,B,vardial2018/test,bra,L1,test:9290,awa_Deva
panel2,B,vardial2018/test,bra,L1,test:9294,hin_Deva
panel2,B,vardial2018/test,bra,L1,test:9297,awa_Deva
panel2,B,vardial2018/test,bra,L1,test:9298,hin_Deva
panel2,B,vardial2018/test,bra,L1,test:9302,hin_Deva
panel2,B,vardial2018/test,bra,L1,test:9306,awa_Deva
panel2,B,vardial2018/test,bra,L1,test:9313,awa_Deva
panel2,B,vardial2018/test,bra,L1,test:9319,hin_Deva
panel2,B,vardial2018/test,bra,L1,test:9320,awa_Deva
panel2,B,vardial2018/test,bra,L1,test:9326,hin_Deva
panel2,B,vardial2018/test,bra,L1,test:9330,hin_Deva
panel2,B,vardial2018/test,bra,L1,test:9337,kas_Deva
panel2,B,vardial2018/test,bra,L1,test:9346,awa_Deva
panel2,B,vardial2018/test,bra,L1,test:9348,hin_Deva
panel2,B,vardial2018/test,bra,L1,test:9364,awa_Deva
panel2,B,vardial2018/test,bra,L1,test:9365,anp_Deva
panel2,B,vardial2018/test,bra,L1,test:9368,awa_Deva
panel2,B,vardial2018/test,bra,L1,test:9369,awa_Deva
panel2,B,vardial2018/test,bra,L1,test:9372,awa_Deva
panel2,B,vardial2018/test,bra,L1,test:9373,hin_Deva
panel2,B,vardial2018/test,bra,L1,test:9379,hin_Deva
panel2,B,vardial2018/test,bra,L1,test:9391,awa_Deva
panel2,B,vardial2018/test,bra,L1,test:9392,awa_Deva
panel2,B,vardial2018/test,bra,L1,test:9395,hin_Deva
panel2,B,vardial2018/test,bra,L1,test:9401,awa_Deva
panel2,B,vardial2018/test,bra,L1,test:9403,hin_Deva
panel2,B,vardial2018/test,bra,L1,test:9413,doi_Deva
panel2,B,vardial2018/test,bra,L1,test:9414,hin_Deva
panel2,B,vardial2018/test,bra,L1,test:9419,hin_Deva
panel2,B,vardial2018/test,bra,L1,test:9422,hin_Deva
panel2,B,vardial2018/test,bra,L1,test:9429,awa_Deva
panel2,B,vardial2018/test,bra,L1,test:9437,awa_Deva
panel2,B,vardial2018/test,bra,L1,test:9442,hin_Deva
panel2,B,vardial2018/test,bra,L1,test:9454,awa_Deva
panel2,B,vardial2018/test,bra,L1,test:9457,hin_Deva
panel2,B,vardial2018/test,bra,L1,test:9463,awa_Deva
panel2,B,vardial2018/test,bra,L1,test:9466,awa_Deva
panel2,B,vardial2018/test,bra,L1,test:9468,hin_Deva
panel2,B,vardial2018/test,bra,L1,test:9469,anp_Deva
panel2,B,vardial2018/test,bra,L1,test:9479,hin_Deva
panel2,B,vardial2018/test,bra,L1,test:9481,awa_Deva
panel2,B,vardial2018/test,bra,L1,test:9482,hin_Deva
panel2,B,vardial2018/test,bra,L1,test:9483,kru_Deva
panel2,B,vardial2018/test,bra,L1,test:9491,awa_Deva
panel2,B,vardial2018/test,bra,L1,test:9492,hin_Deva
panel2,B,vardial2018/test,bra,L1,test:9493,hin_Deva
panel2,B,vardial2018/test,bra,L1,test:9500,awa_Deva
panel2,B,vardial2018/test,bra,L1,test:9506,npi_Deva
panel2,B,vardial2018/test,bra,L1,test:9521,awa_Deva
panel2,B,vardial2018/test,bra,L1,test:9526,hin_Deva
panel2,B,vardial2018/test,bra,L1,test:9538,anp_Deva
panel2,B,vardial2018/test,bra,L1,test:9539,hin_Deva
panel2,B,vardial2018/test,bra,L1,test:9540,san_Deva
panel2,B,vardial2018/test,bra,L1,test:9543,awa_Deva
panel2,B,vardial2018/test,bra,L1,test:9561,hin_Deva
panel2,B,vardial2018/test,bra,L1,test:9568,awa_Deva
panel2,B,vardial2018/test,bra,L1,test:9569,hin_Deva
panel2,B,vardial2018/test,bra,L1,test:9573,hin_Deva
panel2,B,vardial2018/test,bra,L1,test:9578,anp_Deva
panel2,B,vardial2018/test,bra,L1,test:9587,awa_Deva
panel2,B,vardial2018/test,bra,L1,test:9591,awa_Deva
panel2,B,vardial2018/test,bra,L1,test:9592,hin_Deva
panel2,B,vardial2018/test,bra,L1,test:9602,hin_Deva
panel2,B,vardial2018/test,bra,L1,test:9614,hin_Deva
panel2,B,vardial2018/test,bra,L1,test:9619,awa_Deva
panel2,B,vardial2018/test,bra,L1,test:9622,hin_Deva
panel2,B,vardial2018/test,bra,L1,test:9626,awa_Deva
panel2,B,vardial2018/test,bra,L1,test:9642,awa_Deva
panel2,B,vardial2018/test,bra,L1,test:9646,hin_Deva
panel2,B,vardial2018/test,bra,L1,test:9647,awa_Deva
panel2,B,vardial2018/test,bra,L1,test:9648,hin_Deva
panel2,B,vardial2018/test,bra,L1,test:9649,hin_Deva
panel2,B,vardial2018/test,bra,L1,test:9651,anp_Deva
panel2,B,vardial2018/test,bra,L1,test:9654,hin_Deva
panel2,B,vardial2018/test,bra,L1,test:9660,hin_Deva
panel2,B,vardial2018/test,bra,L1,test:9668,awa_Deva
panel2,B,vardial2018/test,bra,L1,test:9682,hin_Deva
panel2,B,vardial2018/test,bra,L1,test:9684,anp_Deva
panel2,B,vardial2018/test,bra,L1,test:9686,anp_Deva
panel2,B,vardial2018/test,bra,L1,test:9690,awa_Deva
panel2,B,vardial2018/train,bra,L1,train:31,bho_Deva
panel2,B,vardial2018/train,bra,L1,train:86,awa_Deva
panel2,B,vardial2018/train,bra,L1,train:170,awa_Deva
panel2,B,vardial2018/train,bra,L1,train:215,hin_Deva
panel2,B,vardial2018/train,bra,L1,train:256,hin_Deva
panel2,B,vardial2018/train,bra,L1,train:332,hin_Deva
panel2,B,vardial2018/train,bra,L1,train:351,doi_Deva
panel2,B,vardial2018/train,bra,L1,train:354,hin_Deva
panel2,B,vardial2018/train,bra,L1,train:359,hin_Deva
panel2,B,vardial2018/train,bra,L1,train:360,mup_Deva
panel2,B,vardial2018/train,bra,L1,train:425,hin_Deva
panel2,B,vardial2018/train,bra,L1,train:512,anp_Deva
panel2,B,vardial2018/train,bra,L1,train:579,hin_Deva
panel2,B,vardial2018/train,bra,L1,train:603,new_Deva
panel2,B,vardial2018/train,bra,L1,train:644,awa_Deva
panel2,B,vardial2018/train,bra,L1,train:736,hin_Deva
panel2,B,vardial2018/train,bra,L1,train:740,awa_Deva
panel2,B,vardial2018/train,bra,L1,train:766,bho_Deva
panel2,B,vardial2018/train,bra,L1,train:792,hin_Deva
panel2,B,vardial2018/train,bra,L1,train:837,hin_Deva
panel2,B,vardial2018/train,bra,L1,train:1055,bho_Deva
panel2,B,vardial2018/train,bra,L1,train:1120,hin_Deva
panel2,B,vardial2018/train,bra,L1,train:1175,doi_Deva
panel2,B,vardial2018/train,bra,L1,train:1176,hin_Deva
panel2,B,vardial2018/train,bra,L1,train:1211,awa_Deva
panel2,B,vardial2018/train,bra,L1,train:1219,kas_Deva
panel2,B,vardial2018/train,bra,L1,train:1222,new_Deva
panel2,B,vardial2018/train,bra,L1,train:1300,hin_Deva
panel2,B,vardial2018/train,bra,L1,train:1326,hin_Deva
panel2,B,vardial2018/train,bra,L1,train:1344,hin_Deva
panel2,B,vardial2018/train,bra,L1,train:1357,hin_Deva
panel2,B,vardial2018/train,bra,L1,train:1372,hin_Deva
panel2,B,vardial2018/train,bra,L1,train:1398,awa_Deva
panel2,B,vardial2018/train,bra,L1,train:1448,hin_Deva
panel2,B,vardial2018/train,bra,L1,train:1473,hin_Deva
panel2,B,vardial2018/train,bra,L1,train:1478,awa_Deva
panel2,B,vardial2018/train,bra,L1,train:1549,hin_Deva
panel2,B,vardial2018/train,bra,L1,train:1554,awa_Deva
panel2,B,vardial2018/train,bra,L1,train:1564,hin_Deva
panel2,B,vardial2018/train,bra,L1,train:1622,hin_Deva
panel2,B,vardial2018/train,bra,L1,train:1635,hin_Deva
panel2,B,vardial2018/train,bra,L1,train:1649,hin_Deva
panel2,B,vardial2018/train,bra,L1,train:1673,hin_Deva
panel2,B,vardial2018/train,bra,L1,train:1735,mai_Deva
panel2,B,vardial2018/train,bra,L1,train:1737,hin_Deva
panel2,B,vardial2018/train,bra,L1,train:1824,hin_Deva
panel2,B,vardial2018/train,bra,L1,train:1834,hin_Deva
panel2,B,vardial2018/train,bra,L1,train:1857,hin_Deva
panel2,B,vardial2018/train,bra,L1,train:1885,hin_Deva
panel2,B,vardial2018/train,bra,L1,train:1899,hin_Deva
panel2,B,vardial2018/train,bra,L1,train:1921,doi_Deva
panel2,B,vardial2018/train,bra,L1,train:1961,hin_Deva
panel2,B,vardial2018/train,bra,L1,train:1962,hin_Deva
panel2,B,vardial2018/train,bra,L1,train:1970,hin_Deva
panel2,B,vardial2018/train,bra,L1,train:2000,hin_Deva
panel2,B,vardial2018/train,bra,L1,train:2008,anp_Deva
panel2,B,vardial2018/train,bra,L1,train:2053,hin_Deva
panel2,B,vardial2018/train,bra,L1,train:2062,hin_Deva
panel2,B,vardial2018/train,bra,L1,train:2125,hin_Deva
panel2,B,vardial2018/train,bra,L1,train:2131,hin_Deva
panel2,B,vardial2018/train,bra,L1,train:2145,hin_Deva
panel2,B,vardial2018/train,bra,L1,train:2153,hin_Deva
panel2,B,vardial2018/train,bra,L1,train:2222,hin_Deva
panel2,B,vardial2018/train,bra,L1,train:2275,hin_Deva
panel2,B,vardial2018/train,bra,L1,train:2333,anp_Deva
panel2,B,vardial2018/train,bra,L1,train:2346,awa_Deva
panel2,B,vardial2018/train,bra,L1,train:2354,hin_Deva
panel2,B,vardial2018/train,bra,L1,train:2404,awa_Deva
panel2,B,vardial2018/train,bra,L1,train:2425,hin_Deva
panel2,B,vardial2018/train,bra,L1,train:2465,hin_Deva
panel2,B,vardial2018/train,bra,L1,train:2505,awa_Deva
panel2,B,vardial2018/train,bra,L1,train:2560,doi_Deva
panel2,B,vardial2018/train,bra,L1,train:2627,awa_Deva
panel2,B,vardial2018/train,bra,L1,train:2641,hin_Deva
panel2,B,vardial2018/train,bra,L1,train:2649,npi_Deva
panel2,B,vardial2018/train,bra,L1,train:2692,hin_Deva
panel2,B,vardial2018/train,bra,L1,train:2709,hin_Deva
panel2,B,vardial2018/train,bra,L1,train:2834,awa_Deva
panel2,B,vardial2018/train,bra,L1,train:2858,hin_Deva
panel2,B,vardial2018/train,bra,L1,train:2862,awa_Deva
panel2,B,vardial2018/train,bra,L1,train:2904,awa_Deva
panel2,B,vardial2018/train,bra,L1,train:2935,doi_Deva
panel2,B,vardial2018/train,bra,L1,train:2980,hin_Deva
panel2,B,vardial2018/train,bra,L1,train:2987,awa_Deva
panel2,B,vardial2018/train,bra,L1,train:3133,npi_Deva
panel2,B,vardial2018/train,bra,L1,train:3144,hin_Deva
panel2,B,vardial2018/train,bra,L1,train:3182,hin_Deva
panel2,B,vardial2018/train,bra,L1,train:3246,hin_Deva
panel2,B,vardial2018/train,bra,L1,train:3273,san_Deva
panel2,B,vardial2018/train,bra,L1,train:3288,mai_Deva
panel2,B,vardial2018/train,bra,L1,train:3332,awa_Deva
panel2,B,vardial2018/train,bra,L1,train:3378,hin_Deva
panel2,B,vardial2018/train,bra,L1,train:3397,hin_Deva
panel2,B,vardial2018/train,bra,L1,train:3399,hin_Deva
panel2,B,vardial2018/train,bra,L1,train:3418,hin_Deva
panel2,B,vardial2018/train,bra,L1,train:3457,anp_Deva
panel2,B,vardial2018/train,bra,L1,train:3505,awa_Deva
panel2,B,vardial2018/train,bra,L1,train:3523,hin_Deva
panel2,B,vardial2018/train,bra,L1,train:3525,awa_Deva
panel2,B,vardial2018/train,bra,L1,train:3534,hin_Deva
panel2,B,vardial2018/train,bra,L1,train:3547,hin_Deva
panel2,B,vardial2018/train,bra,L1,train:3616,anp_Deva
panel2,B,vardial2018/train,bra,L1,train:3618,anp_Deva
panel2,B,vardial2018/train,bra,L1,train:3670,anp_Deva
panel2,B,vardial2018/train,bra,L1,train:3707,hin_Deva
panel2,B,vardial2018/train,bra,L1,train:3714,hin_Deva
panel2,B,vardial2018/train,bra,L1,train:3809,bho_Deva
panel2,B,vardial2018/train,bra,L1,train:3842,npi_Deva
panel2,B,vardial2018/train,bra,L1,train:3857,mar_Deva
panel2,B,vardial2018/train,bra,L1,train:3884,hin_Deva
panel2,B,vardial2018/train,bra,L1,train:3931,anp_Deva
panel2,B,vardial2018/train,bra,L1,train:3954,hin_Deva
panel2,B,vardial2018/train,bra,L1,train:3979,mai_Deva
panel2,B,vardial2018/train,bra,L1,train:4002,hin_Deva
panel2,B,vardial2018/train,bra,L1,train:4030,doi_Deva
panel2,B,vardial2018/train,bra,L1,train:4069,anp_Deva
panel2,B,vardial2018/train,bra,L1,train:4078,anp_Deva
panel2,B,vardial2018/train,bra,L1,train:4089,hin_Deva
panel2,B,vardial2018/train,bra,L1,train:4122,kas_Deva
panel2,B,vardial2018/train,bra,L1,train:4230,hin_Deva
panel2,B,vardial2018/train,bra,L1,train:4272,hin_Deva
panel2,B,vardial2018/train,bra,L1,train:4304,hin_Deva
panel2,B,vardial2018/train,bra,L1,train:4318,hin_Deva
panel2,B,vardial2018/train,bra,L1,train:4356,awa_Deva
panel2,B,vardial2018/train,bra,L1,train:4381,hin_Deva
panel2,B,vardial2018/train,bra,L1,train:4391,awa_Deva
panel2,B,vardial2018/train,bra,L1,train:4449,awa_Deva
panel2,B,vardial2018/train,bra,L1,train:4452,hin_Deva
panel2,B,vardial2018/train,bra,L1,train:4514,hin_Deva
panel2,B,vardial2018/train,bra,L1,train:4526,awa_Deva
panel2,B,vardial2018/train,bra,L1,train:4531,hin_Deva
panel2,B,vardial2018/train,bra,L1,train:4539,hin_Deva
panel2,B,vardial2018/train,bra,L1,train:4575,hin_Deva
panel2,B,vardial2018/train,bra,L1,train:4685,awa_Deva
panel2,B,vardial2018/train,bra,L1,train:4697,awa_Deva
panel2,B,vardial2018/train,bra,L1,train:4713,hin_Deva
panel2,B,vardial2018/train,bra,L1,train:4718,hin_Deva
panel2,B,vardial2018/train,bra,L1,train:4727,awa_Deva
panel2,B,vardial2018/train,bra,L1,train:4731,awa_Deva
panel2,B,vardial2018/train,bra,L1,train:4757,hin_Deva
panel2,B,vardial2018/train,bra,L1,train:4767,hin_Deva
panel2,B,vardial2018/train,bra,L1,train:4790,anp_Deva
panel2,B,vardial2018/train,bra,L1,train:4800,mai_Deva
panel2,B,vardial2018/train,bra,L1,train:4887,hin_Deva
panel2,B,vardial2018/train,bra,L1,train:4892,hin_Deva
panel2,B,vardial2018/train,bra,L1,train:4915,hin_Deva
panel2,B,vardial2018/train,bra,L1,train:4977,awa_Deva
panel2,B,vardial2018/train,bra,L1,train:5035,awa_Deva
panel2,B,vardial2018/train,bra,L1,train:5082,hin_Deva
panel2,B,vardial2018/train,bra,L1,train:5101,awa_Deva
panel2,B,vardial2018/train,bra,L1,train:5109,awa_Deva
panel2,B,vardial2018/train,bra,L1,train:5110,hin_Deva
panel2,B,vardial2018/train,bra,L1,train:5153,anp_Deva
panel2,B,vardial2018/train,bra,L1,train:5207,hin_Deva
panel2,B,vardial2018/train,bra,L1,train:5220,mai_Deva
panel2,B,vardial2018/train,bra,L1,train:5234,hin_Deva
panel2,B,vardial2018/train,bra,L1,train:5236,hin_Deva
panel2,B,vardial2018/train,bra,L1,train:5254,hin_Deva
panel2,B,vardial2018/train,bra,L1,train:5257,mai_Deva
panel2,B,vardial2018/train,bra,L1,train:5329,awa_Deva
panel2,B,vardial2018/train,bra,L1,train:5345,npi_Deva
panel2,B,vardial2018/train,bra,L1,train:5346,awa_Deva
panel2,B,vardial2018/train,bra,L1,train:5368,awa_Deva
panel2,B,vardial2018/train,bra,L1,train:5406,awa_Deva
panel2,B,vardial2018/train,bra,L1,train:5448,hin_Deva
panel2,B,vardial2018/train,bra,L1,train:5565,awa_Deva
panel2,B,vardial2018/train,bra,L1,train:5573,mai_Deva
panel2,B,vardial2018/train,bra,L1,train:5592,hin_Deva
panel2,B,vardial2018/train,bra,L1,train:5709,awa_Deva
panel2,B,vardial2018/train,bra,L1,train:5752,hin_Deva
panel2,B,vardial2018/train,bra,L1,train:5762,awa_Deva
panel2,B,vardial2018/train,bra,L1,train:5902,hin_Deva
panel2,B,vardial2018/train,bra,L1,train:5927,hin_Deva
panel2,B,vardial2018/train,bra,L1,train:5958,hin_Deva
panel2,B,vardial2018/train,bra,L1,train:5966,hin_Deva
panel2,B,vardial2018/train,bra,L1,train:6001,awa_Deva
panel2,B,vardial2018/train,bra,L1,train:6025,awa_Deva
panel2,B,vardial2018/train,bra,L1,train:6037,hin_Deva
panel2,B,vardial2018/train,bra,L1,train:6087,hin_Deva
panel2,B,vardial2018/train,bra,L1,train:6096,awa_Deva
panel2,B,vardial2018/train,bra,L1,train:6141,new_Deva
panel2,B,vardial2018/train,bra,L1,train:6144,mag_Deva
panel2,B,vardial2018/train,bra,L1,train:6234,awa_Deva
panel2,B,vardial2018/train,bra,L1,train:6262,awa_Deva
panel2,B,vardial2018/train,bra,L1,train:6294,hin_Deva
panel2,B,vardial2018/train,bra,L1,train:6298,hin_Deva
panel2,B,vardial2018/train,bra,L1,train:6305,awa_Deva
panel2,B,vardial2018/train,bra,L1,train:6374,hin_Deva
panel2,B,vardial2018/train,bra,L1,train:6439,awa_Deva
panel2,B,vardial2018/train,bra,L1,train:6489,hin_Deva
panel2,B,vardial2018/train,bra,L1,train:6573,hin_Deva
panel2,B,vardial2018/train,bra,L1,train:6582,hin_Deva
panel2,B,vardial2018/train,bra,L1,train:6600,hin_Deva
panel2,B,vardial2018/train,bra,L1,train:6617,hin_Deva
panel2,B,vardial2018/train,bra,L1,train:6646,hin_Deva
panel2,B,vardial2018/train,bra,L1,train:6683,bho_Deva
panel2,B,vardial2018/train,bra,L1,train:6711,hin_Deva
panel2,B,vardial2018/train,bra,L1,train:6766,awa_Deva
panel2,B,vardial2018/train,bra,L1,train:6778,hin_Deva
panel2,B,vardial2018/train,bra,L1,train:6787,awa_Deva
panel2,B,vardial2018/train,bra,L1,train:6941,bho_Deva
panel2,B,vardial2018/train,bra,L1,train:6954,awa_Deva
panel2,B,vardial2018/train,bra,L1,train:7003,anp_Deva
panel2,B,vardial2018/train,bra,L1,train:7022,awa_Deva
panel2,B,vardial2018/train,bra,L1,train:7032,hin_Deva
panel2,B,vardial2018/train,bra,L1,train:7035,awa_Deva
panel2,B,vardial2018/train,bra,L1,train:7073,doi_Deva
panel2,B,vardial2018/train,bra,L1,train:7109,mai_Deva
panel2,B,vardial2018/train,bra,L1,train:7157,awa_Deva
panel2,B,vardial2018/train,bra,L1,train:7160,awa_Deva
panel2,B,vardial2018/train,bra,L1,train:7171,anp_Deva
panel2,B,vardial2018/train,bra,L1,train:7180,hin_Deva
panel2,B,vardial2018/train,bra,L1,train:7195,hin_Deva
panel2,B,vardial2018/train,bra,L1,train:7244,anp_Deva
panel2,B,vardial2018/train,bra,L1,train:7265,awa_Deva
panel2,B,vardial2018/train,bra,L1,train:7282,hin_Deva
panel2,B,vardial2018/train,bra,L1,train:7300,awa_Deva
panel2,B,vardial2018/train,bra,L1,train:7323,hin_Deva
panel2,B,vardial2018/train,bra,L1,train:7329,hin_Deva
panel2,B,vardial2018/train,bra,L1,train:7331,hin_Deva
panel2,B,vardial2018/train,bra,L1,train:7380,hin_Deva
panel2,B,vardial2018/train,bra,L1,train:7390,doi_Deva
panel2,B,vardial2018/train,bra,L1,train:7443,hin_Deva
panel2,B,vardial2018/train,bra,L1,train:7513,kru_Deva
panel2,B,vardial2018/train,bra,L1,train:7568,hin_Deva
panel2,B,vardial2018/train,bra,L1,train:7571,bho_Deva
panel2,B,vardial2018/train,bra,L1,train:7655,awa_Deva
panel2,B,vardial2018/train,bra,L1,train:7682,awa_Deva
panel2,B,vardial2018/train,bra,L1,train:7716,hin_Deva
panel2,B,vardial2018/train,bra,L1,train:7778,mar_Deva
panel2,B,vardial2018/train,bra,L1,train:7870,hin_Deva
panel2,B,vardial2018/train,bra,L1,train:7887,kas_Deva
panel2,B,vardial2018/train,bra,L1,train:7901,hin_Deva
panel2,B,vardial2018/train,bra,L1,train:7905,anp_Deva
panel2,B,vardial2018/train,bra,L1,train:7946,hin_Deva
panel2,B,vardial2018/train,bra,L1,train:8081,new_Deva
panel2,B,vardial2018/train,bra,L1,train:8122,hin_Deva
panel2,B,vardial2018/train,bra,L1,train:8146,hin_Deva
panel2,B,vardial2018/train,bra,L1,train:8202,hin_Deva
panel2,B,vardial2018/train,bra,L1,train:8212,awa_Deva
panel2,B,vardial2018/train,bra,L1,train:8254,hin_Deva
panel2,B,vardial2018/train,bra,L1,train:8267,awa_Deva
panel2,B,vardial2018/train,bra,L1,train:8322,hin_Deva
panel2,B,vardial2018/train,bra,L1,train:8342,hin_Deva
panel2,B,vardial2018/train,bra,L1,train:8405,hin_Deva
panel2,B,vardial2018/train,bra,L1,train:8422,awa_Deva
panel2,B,vardial2018/train,bra,L1,train:8437,awa_Deva
panel2,B,vardial2018/train,bra,L1,train:8472,npi_Deva
panel2,B,vardial2018/train,bra,L1,train:8511,hin_Deva
panel2,B,vardial2018/train,bra,L1,train:8580,hin_Deva
panel2,B,vardial2018/train,bra,L1,train:8596,awa_Deva
panel2,B,vardial2018/train,bra,L1,train:8633,hin_Deva
panel2,B,vardial2018/train,bra,L1,train:8659,awa_Deva
panel2,B,vardial2018/train,bra,L1,train:8713,hin_Deva
panel2,B,vardial2018/train,bra,L1,train:8726,anp_Deva
panel2,B,vardial2018/train,bra,L1,train:8748,hin_Deva
panel2,B,vardial2018/train,bra,L1,train:8834,hin_Deva
panel2,B,vardial2018/train,bra,L1,train:8855,hin_Deva
panel2,B,vardial2018/train,bra,L1,train:8872,hin_Deva
panel2,B,vardial2018/train,bra,L1,train:8890,hin_Deva
panel2,B,vardial2018/train,bra,L1,train:8906,new_Deva
panel2,B,vardial2018/train,bra,L1,train:8917,new_Deva
panel2,B,vardial2018/train,bra,L1,train:8944,hin_Deva
panel2,B,vardial2018/train,bra,L1,train:8945,hin_Deva
panel2,B,vardial2018/train,bra,L1,train:9030,bho_Deva
panel2,B,vardial2018/train,bra,L1,train:9031,hin_Deva
panel2,B,vardial2018/train,bra,L1,train:9088,hin_Deva
panel2,B,vardial2018/train,bra,L1,train:9110,hin_Deva
panel2,B,vardial2018/train,bra,L1,train:9135,awa_Deva
panel2,B,vardial2018/train,bra,L1,train:9190,awa_Deva
panel2,B,vardial2018/train,bra,L1,train:9206,awa_Deva
panel2,B,vardial2018/train,bra,L1,train:9242,awa_Deva
panel2,B,vardial2018/train,bra,L1,train:9278,mai_Deva
panel2,B,vardial2018/train,bra,L1,train:9291,bho_Deva
panel2,B,vardial2018/train,bra,L1,train:9313,mag_Deva
panel2,B,vardial2018/train,bra,L1,train:9362,hin_Deva
panel2,B,vardial2018/train,bra,L1,train:9377,hin_Deva
panel2,B,vardial2018/train,bra,L1,train:9466,hin_Deva
panel2,B,vardial2018/train,bra,L1,train:9492,kas_Deva
panel2,B,vardial2018/train,bra,L1,train:9527,awa_Deva
panel2,B,vardial2018/train,bra,L1,train:9660,hin_Deva
panel2,B,vardial2018/train,bra,L1,train:9679,hin_Deva
panel2,B,vardial2018/train,bra,L1,train:9689,hin_Deva
panel2,B,vardial2018/train,bra,L1,train:9792,hin_Deva
panel2,B,vardial2018/train,bra,L1,train:9796,hin_Deva
panel2,B,vardial2018/train,bra,L1,train:9832,npi_Deva
panel2,B,vardial2018/train,bra,L1,train:9850,hin_Deva
panel2,B,vardial2018/train,bra,L1,train:9853,doi_Deva
panel2,B,vardial2018/train,bra,L1,train:9861,hin_Deva
panel2,B,vardial2018/train,bra,L1,train:9871,awa_Deva
panel2,B,vardial2018/train,bra,L1,train:9894,hin_Deva
panel2,B,vardial2018/train,bra,L1,train:9915,hin_Deva
panel2,B,vardial2018/train,bra,L1,train:9918,mag_Deva
panel2,B,vardial2018/train,bra,L1,train:9919,kas_Deva
panel2,B,vardial2018/train,bra,L1,train:9937,new_Deva
panel2,B,vardial2018/train,bra,L1,train:10014,awa_Deva
panel2,B,vardial2018/train,bra,L1,train:10082,hin_Deva
panel2,B,vardial2018/train,bra,L1,train:10117,hin_Deva
panel2,B,vardial2018/train,bra,L1,train:10171,hin_Deva
panel2,B,vardial2018/train,bra,L1,train:10177,hin_Deva
panel2,B,vardial2018/train,bra,L1,train:10184,awa_Deva
panel2,B,vardial2018/train,bra,L1,train:10196,hin_Deva
panel2,B,vardial2018/train,bra,L1,train:10210,anp_Deva
panel2,B,vardial2018/train,bra,L1,train:10211,awa_Deva
panel2,B,vardial2018/train,bra,L1,train:10253,hin_Deva
panel2,B,vardial2018/train,bra,L1,train:10263,awa_Deva
panel2,B,vardial2018/train,bra,L1,train:10270,kru_Deva
panel2,B,vardial2018/train,bra,L1,train:10275,hin_Deva
panel2,B,vardial2018/train,bra,L1,train:10305,hin_Deva
panel2,B,vardial2018/train,bra,L1,train:10327,anp_Deva
panel2,B,vardial2018/train,bra,L1,train:10334,awa_Deva
panel2,B,vardial2018/train,bra,L1,train:10375,hin_Deva
panel2,B,vardial2018/train,bra,L1,train:10417,doi_Deva
panel2,B,vardial2018/train,bra,L1,train:10435,awa_Deva
panel2,B,vardial2018/train,bra,L1,train:10438,hin_Deva
panel2,B,vardial2018/train,bra,L1,train:10447,hin_Deva
panel2,B,vardial2018/train,bra,L1,train:10463,hin_Deva
panel2,B,vardial2018/train,bra,L1,train:10467,hin_Deva
panel2,B,vardial2018/train,bra,L1,train:10491,hin_Deva
panel2,B,vardial2018/train,bra,L1,train:10553,hin_Deva
panel2,B,vardial2018/train,bra,L1,train:10593,hin_Deva
panel2,B,vardial2018/train,bra,L1,train:10595,hin_Deva
panel2,B,vardial2018/train,bra,L1,train:10743,hin_Deva
panel2,B,vardial2018/train,bra,L1,train:10805,hin_Deva
panel2,B,vardial2018/train,bra,L1,train:10818,awa_Deva
panel2,B,vardial2018/train,bra,L1,train:10847,awa_Deva
panel2,B,vardial2018/train,bra,L1,train:10923,doi_Deva
panel2,B,vardial2018/train,bra,L1,train:10931,hin_Deva
panel2,B,vardial2018/train,bra,L1,train:10943,hin_Deva
panel2,B,vardial2018/train,bra,L1,train:10992,awa_Deva
panel2,B,vardial2018/train,bra,L1,train:11051,new_Deva
panel2,B,vardial2018/train,bra,L1,train:11056,hin_Deva
panel2,B,vardial2018/train,bra,L1,train:11066,awa_Deva
panel2,B,vardial2018/train,bra,L1,train:11078,awa_Deva
panel2,B,vardial2018/train,bra,L1,train:11083,hin_Deva
panel2,B,vardial2018/train,bra,L1,train:11089,mai_Deva
panel2,B,vardial2018/train,bra,L1,train:11162,hin_Deva
panel2,B,vardial2018/train,bra,L1,train:11189,hin_Deva
panel2,B,vardial2018/train,bra,L1,train:11221,hin_Deva
panel2,B,vardial2018/train,bra,L1,train:11253,hin_Deva
panel2,B,vardial2018/train,bra,L1,train:11301,hin_Deva
panel2,B,vardial2018/train,bra,L1,train:11315,hin_Deva
panel2,B,vardial2018/train,bra,L1,train:11343,hin_Deva
panel2,B,vardial2018/train,bra,L1,train:11374,awa_Deva
panel2,B,vardial2018/train,bra,L1,train:11390,hin_Deva
panel2,B,vardial2018/train,bra,L1,train:11427,hin_Deva
panel2,B,vardial2018/train,bra,L1,train:11435,hin_Deva
panel2,B,vardial2018/train,bra,L1,train:11439,bho_Deva
panel2,B,vardial2018/train,bra,L1,train:11463,awa_Deva
panel2,B,vardial2018/train,bra,L1,train:11476,hin_Deva
panel2,B,vardial2018/train,bra,L1,train:11481,hin_Deva
panel2,B,vardial2018/train,bra,L1,train:11495,bho_Deva
panel2,B,vardial2018/train,bra,L1,train:11501,hin_Deva
panel2,B,vardial2018/train,bra,L1,train:11525,anp_Deva
panel2,B,vardial2018/train,bra,L1,train:11545,hin_Deva
panel2,B,vardial2018/train,bra,L1,train:11551,awa_Deva
panel2,B,vardial2018/train,bra,L1,train:11559,hin_Deva
panel2,B,vardial2018/train,bra,L1,train:11577,hin_Deva
panel2,B,vardial2018/train,bra,L1,train:11604,awa_Deva
panel2,B,vardial2018/train,bra,L1,train:11607,doi_Deva
panel2,B,vardial2018/train,bra,L1,train:11640,hin_Deva
panel2,B,vardial2018/train,bra,L1,train:11644,hin_Deva
panel2,B,vardial2018/train,bra,L1,train:11660,hin_Deva
panel2,B,vardial2018/train,bra,L1,train:11685,awa_Deva
panel2,B,vardial2018/train,bra,L1,train:11689,anp_Deva
panel2,B,vardial2018/train,bra,L1,train:11722,hin_Deva
panel2,B,vardial2018/train,bra,L1,train:11727,hin_Deva
panel2,B,vardial2018/train,bra,L1,train:11754,hin_Deva
panel2,B,vardial2018/train,bra,L1,train:11879,awa_Deva
panel2,B,vardial2018/train,bra,L1,train:11923,hin_Deva
panel2,B,vardial2018/train,bra,L1,train:11928,hin_Deva
panel2,B,vardial2018/train,bra,L1,train:11935,hin_Deva
panel2,B,vardial2018/train,bra,L1,train:11963,awa_Deva
panel2,B,vardial2018/train,bra,L1,train:12058,bho_Deva
panel2,B,vardial2018/train,bra,L1,train:12222,hin_Deva
panel2,B,vardial2018/train,bra,L1,train:12251,kas_Deva
panel2,B,vardial2018/train,bra,L1,train:12262,hin_Deva
panel2,B,vardial2018/train,bra,L1,train:12336,awa_Deva
panel2,B,vardial2018/train,bra,L1,train:12364,new_Deva
panel2,B,vardial2018/train,bra,L1,train:12419,hin_Deva
panel2,B,vardial2018/train,bra,L1,train:12421,hin_Deva
panel2,B,vardial2018/train,bra,L1,train:12446,mar_Deva
panel2,B,vardial2018/train,bra,L1,train:12485,hin_Deva
panel2,B,vardial2018/train,bra,L1,train:12550,hin_Deva
panel2,B,vardial2018/train,bra,L1,train:12554,anp_Deva
panel2,B,vardial2018/train,bra,L1,train:12600,hin_Deva
panel2,B,vardial2018/train,bra,L1,train:12610,awa_Deva
panel2,B,vardial2018/train,bra,L1,train:12614,awa_Deva
panel2,B,vardial2018/train,bra,L1,train:12637,hin_Deva
panel2,B,vardial2018/train,bra,L1,train:12743,doi_Deva
panel2,B,vardial2018/train,bra,L1,train:12774,awa_Deva
panel2,B,vardial2018/train,bra,L1,train:12792,hne_Deva
panel2,B,vardial2018/train,bra,L1,train:12795,hin_Deva
panel2,B,vardial2018/train,bra,L1,train:12886,hin_Deva
panel2,B,vardial2018/train,bra,L1,train:13012,kas_Deva
panel2,B,vardial2018/train,bra,L1,train:13032,hin_Deva
panel2,B,vardial2018/train,bra,L1,train:13094,hin_Deva
panel2,B,vardial2018/train,bra,L1,train:13101,anp_Deva
panel2,B,vardial2018/train,bra,L1,train:13153,awa_Deva
panel2,B,vardial2018/train,bra,L1,train:13156,hin_Deva
panel2,B,vardial2018/train,bra,L1,train:13170,hin_Deva
panel2,B,vardial2018/train,bra,L1,train:13198,new_Deva
panel2,B,vardial2018/train,bra,L1,train:13199,awa_Deva
panel2,B,vardial2018/train,bra,L1,train:13208,hin_Deva
panel2,B,vardial2018/train,bra,L1,train:13261,hin_Deva
panel2,B,vardial2018/train,bra,L1,train:13301,bho_Deva
panel2,B,vardial2018/train,bra,L1,train:13344,awa_Deva
panel2,B,vardial2018/train,bra,L1,train:13422,anp_Deva
panel2,B,vardial2018/train,bra,L1,train:13451,awa_Deva
panel2,B,vardial2018/train,bra,L1,train:13509,kas_Deva
panel2,B,vardial2018/train,bra,L1,train:13518,ghe_Deva
panel2,B,vardial2018/train,bra,L1,train:13528,doi_Deva
panel2,B,vardial2018/train,bra,L1,train:13584,awa_Deva
panel2,B,vardial2018/train,bra,L1,train:13614,hin_Deva
panel2,B,vardial2018/train,bra,L1,train:13627,hin_Deva
panel2,B,vardial2018/train,bra,L1,train:13634,awa_Deva
panel2,B,vardial2018/train,bra,L1,train:13646,npi_Deva
panel2,B,vardial2018/train,bra,L1,train:13652,awa_Deva
panel2,B,vardial2018/train,bra,L1,train:13664,hin_Deva
panel2,B,vardial2018/train,bra,L1,train:13667,hin_Deva
panel2,B,vardial2018/train,bra,L1,train:13679,awa_Deva
panel2,B,vardial2018/train,bra,L1,train:13691,hin_Deva
panel2,B,vardial2018/train,bra,L1,train:13725,awa_Deva
panel2,B,vardial2018/train,bra,L1,train:13754,hin_Deva
panel2,B,vardial2018/train,bra,L1,train:13831,awa_Deva
panel2,B,vardial2018/train,bra,L1,train:13903,hin_Deva
panel2,B,vardial2018/train,bra,L1,train:13923,awa_Deva
panel2,B,vardial2018/train,bra,L1,train:13948,awa_Deva
panel2,B,vardial2018/train,bra,L1,train:14146,new_Deva
panel2,B,vardial2018/train,bra,L1,train:14175,awa_Deva
panel2,B,vardial2018/train,bra,L1,train:14181,hin_Deva
panel2,B,vardial2018/train,bra,L1,train:14224,hin_Deva
panel2,B,vardial2018/train,bra,L1,train:14233,ghe_Deva
panel2,B,vardial2018/train,bra,L1,train:14265,mup_Deva
panel2,B,vardial2018/train,bra,L1,train:14275,awa_Deva
panel2,B,vardial2018/train,bra,L1,train:14304,awa_Deva
panel2,B,vardial2018/train,bra,L1,train:14328,awa_Deva
panel2,B,vardial2018/train,bra,L1,train:14377,anp_Deva
panel2,B,vardial2018/train,bra,L1,train:14379,bho_Deva
panel2,B,vardial2018/train,bra,L1,train:14402,hin_Deva
panel2,B,vardial2018/train,bra,L1,train:14405,anp_Deva
panel2,B,vardial2018/train,bra,L1,train:14409,hin_Deva
panel2,B,vardial2018/train,bra,L1,train:14486,anp_Deva
panel2,B,vardial2018/train,bra,L1,train:14496,hin_Deva
panel2,B,vardial2018/train,bra,L1,train:14643,hin_Deva
panel2,B,vardial2018/train,bra,L1,train:14691,hin_Deva
panel2,B,vardial2018/train,bra,L1,train:14734,hin_Deva
panel2,B,vardial2018/train,bra,L1,train:14744,hin_Deva
panel2,B,vardial2018/train,bra,L1,train:14759,new_Deva
panel2,B,vardial2018/train,bra,L1,train:14772,kas_Deva
panel2,B,vardial2018/train,bra,L1,train:14844,mai_Deva
panel2,B,vardial2018/train,bra,L1,train:14853,awa_Deva
panel2,B,vardial2018/train,bra,L1,train:14859,mai_Deva
panel2,B,vardial2018/train,bra,L1,train:14865,hin_Deva
panel2,B,vardial2018/train,bra,L1,train:14891,bho_Deva
panel2,B,vardial2018/train,bra,L1,train:14956,awa_Deva
panel2,B,vardial2018/train,bra,L1,train:14997,hin_Deva
panel2,B,vardial2018/train,bra,L1,train:15012,hin_Deva
panel2,B,vardial2018/train,bra,L1,train:15088,mar_Deva
panel2,B,vardial2018/train,bra,L1,train:15090,hin_Deva
panel2,B,vardial2018/train,bra,L1,train:15200,doi_Deva
panel2,B,vardial2018/train,bra,L1,train:15230,doi_Deva
panel2,B,vardial2018/train,bra,L1,train:15266,npi_Deva
panel2,B,vardial2018/train,bra,L1,train:15304,mai_Deva
panel2,B,vardial2018/train,bra,L1,train:15352,anp_Deva
panel2,B,vardial2018/train,bra,L1,train:15404,doi_Deva
panel2,B,vardial2018/train,bra,L1,train:15437,anp_Deva
panel2,B,vardial2018/train,bra,L1,train:15565,awa_Deva
panel2,B,vardial2018/train,bra,L1,train:15580,hin_Deva
panel2,B,vardial2018/train,bra,L1,train:15610,anp_Deva
panel2,B,vardial2018/train,bra,L1,train:15652,hin_Deva
panel2,B,vardial2018/train,bra,L1,train:15697,hin_Deva
panel2,B,vardial2018/train,bra,L1,train:15719,hin_Deva
panel2,B,vardial2018/train,bra,L1,train:15754,awa_Deva
panel2,B,vardial2018/train,bra,L1,train:15805,hin_Deva
panel2,B,vardial2018/train,bra,L1,train:15883,hin_Deva
panel2,B,vardial2018/train,bra,L1,train:15893,hin_Deva
panel2,B,vardial2018/train,bra,L1,train:15919,new_Deva
panel2,B,vardial2018/train,bra,L1,train:15930,hin_Deva
panel2,B,vardial2018/train,bra,L1,train:15949,awa_Deva
panel2,B,vardial2018/train,bra,L1,train:15955,hin_Deva
panel2,B,vardial2018/train,bra,L1,train:15981,hin_Deva
panel2,B,vardial2018/train,bra,L1,train:16005,kas_Deva
panel2,B,vardial2018/train,bra,L1,train:16038,hin_Deva
panel2,B,vardial2018/train,bra,L1,train:16069,hin_Deva
panel2,B,vardial2018/train,bra,L1,train:16082,anp_Deva
panel2,B,vardial2018/train,bra,L1,train:16095,hin_Deva
panel2,B,vardial2018/train,bra,L1,train:16096,awa_Deva
panel2,B,vardial2018/train,bra,L1,train:16097,awa_Deva
panel2,B,vardial2018/train,bra,L1,train:16137,awa_Deva
panel2,B,vardial2018/train,bra,L1,train:16165,hin_Deva
panel2,B,vardial2018/train,bra,L1,train:16168,awa_Deva
panel2,B,vardial2018/train,bra,L1,train:16234,hin_Deva
panel2,B,vardial2018/train,bra,L1,train:16275,doi_Deva
panel2,B,vardial2018/train,bra,L1,train:16287,awa_Deva
panel2,B,vardial2018/train,bra,L1,train:16323,hin_Deva
panel2,B,vardial2018/train,bra,L1,train:16333,npi_Deva
panel2,B,vardial2018/train,bra,L1,train:16406,awa_Deva
panel2,B,vardial2018/train,bra,L1,train:16449,mai_Deva
panel2,B,vardial2018/train,bra,L1,train:16527,hin_Deva
panel2,B,vardial2018/train,bra,L1,train:16532,hin_Deva
panel2,B,vardial2018/train,bra,L1,train:16547,hin_Deva
panel2,B,vardial2018/train,bra,L1,train:16585,hin_Deva
panel2,B,vardial2018/train,bra,L1,train:16636,hin_Deva
panel2,B,vardial2018/train,bra,L1,train:16776,hin_Deva
panel2,B,vardial2018/train,bra,L1,train:16839,anp_Deva
panel2,B,vardial2018/train,bra,L1,train:16978,hin_Deva
panel2,B,vardial2018/train,bra,L1,train:16999,awa_Deva
panel2,B,vardial2018/train,bra,L1,train:17065,hin_Deva
panel2,B,vardial2018/train,bra,L1,train:17118,hin_Deva
panel2,B,vardial2018/train,bra,L1,train:17129,hin_Deva
panel2,B,vardial2018/train,bra,L1,train:17171,awa_Deva
panel2,B,vardial2018/train,bra,L1,train:17215,awa_Deva
panel2,B,vardial2018/train,bra,L1,train:17291,doi_Deva
panel2,B,vardial2018/train,bra,L1,train:17339,hin_Deva
panel2,B,vardial2018/train,bra,L1,train:17361,awa_Deva
panel2,B,vardial2018/train,bra,L1,train:17383,doi_Deva
panel2,B,vardial2018/train,bra,L1,train:17412,awa_Deva
panel2,B,vardial2018/train,bra,L1,train:17453,mai_Deva
panel2,B,vardial2018/train,bra,L1,train:17504,hne_Deva
panel2,B,vardial2018/train,bra,L1,train:17519,hin_Deva
panel2,B,vardial2018/train,bra,L1,train:17532,awa_Deva
panel2,B,vardial2018/train,bra,L1,train:17684,hin_Deva
panel2,B,vardial2018/train,bra,L1,train:17708,hin_Deva
panel2,B,vardial2018/train,bra,L1,train:17709,awa_Deva
panel2,B,vardial2018/train,bra,L1,train:17794,hin_Deva
panel2,B,vardial2018/train,bra,L1,train:17816,hin_Deva
panel2,B,vardial2018/train,bra,L1,train:17850,hin_Deva
panel2,B,vardial2018/train,bra,L1,train:17897,awa_Deva
panel2,B,vardial2018/train,bra,L1,train:17943,hin_Deva
panel2,B,vardial2018/train,bra,L1,train:17952,mar_Deva
panel2,B,vardial2018/train,bra,L1,train:18000,mai_Deva
panel2,B,vardial2018/train,bra,L1,train:18029,awa_Deva
panel2,B,vardial2018/train,bra,L1,train:18032,new_Deva
panel2,B,vardial2018/train,bra,L1,train:18046,hin_Deva
panel2,B,vardial2018/train,bra,L1,train:18053,hin_Deva
panel2,B,vardial2018/train,bra,L1,train:18110,npi_Deva
panel2,B,vardial2018/train,bra,L1,train:18124,anp_Deva
panel2,B,vardial2018/train,bra,L1,train:18148,awa_Deva
panel2,B,vardial2018/train,bra,L1,train:18163,hin_Deva
panel2,B,vardial2018/train,bra,L1,train:18164,hin_Deva
panel2,B,vardial2018/train,bra,L1,train:18227,hin_Deva
panel2,B,vardial2018/train,bra,L1,train:18244,awa_Deva
panel2,B,vardial2018/train,bra,L1,train:18332,mar_Deva
panel2,B,vardial2018/train,bra,L1,train:18417,hin_Deva
panel2,B,vardial2018/train,bra,L1,train:18437,hin_Deva
panel2,B,vardial2018/train,bra,L1,train:18442,hin_Deva
panel2,B,vardial2018/train,bra,L1,train:18451,hin_Deva
panel2,B,vardial2018/train,bra,L1,train:18471,hin_Deva
panel2,B,vardial2018/train,bra,L1,train:18489,hin_Deva
panel2,B,vardial2018/train,bra,L1,train:18501,hin_Deva
panel2,B,vardial2018/train,bra,L1,train:18518,awa_Deva
panel2,B,vardial2018/train,bra,L1,train:18599,hin_Deva
panel2,B,vardial2018/train,bra,L1,train:18602,hin_Deva
panel2,B,vardial2018/train,bra,L1,train:18626,hin_Deva
panel2,B,vardial2018/train,bra,L1,train:18628,awa_Deva
panel2,B,vardial2018/train,bra,L1,train:18667,anp_Deva
panel2,B,vardial2018/train,bra,L1,train:18677,hin_Deva
panel2,B,vardial2018/train,bra,L1,train:18692,hin_Deva
panel2,B,vardial2018/train,bra,L1,train:18693,hin_Deva
panel2,B,vardial2018/train,bra,L1,train:18876,hin_Deva
panel2,B,vardial2018/train,bra,L1,train:18887,hin_Deva
panel2,B,vardial2018/train,bra,L1,train:18896,new_Deva
panel2,B,vardial2018/train,bra,L1,train:18919,hin_Deva
panel2,B,vardial2018/train,bra,L1,train:18950,awa_Deva
panel2,B,vardial2018/train,bra,L1,train:18955,new_Deva
panel2,B,vardial2018/train,bra,L1,train:18996,awa_Deva
panel2,B,vardial2018/train,bra,L1,train:18997,hin_Deva
panel2,B,vardial2018/train,bra,L1,train:19047,anp_Deva
panel2,B,vardial2018/train,bra,L1,train:19064,hin_Deva
panel2,B,vardial2018/train,bra,L1,train:19065,awa_Deva
panel2,B,vardial2018/train,bra,L1,train:19134,hin_Deva
panel2,B,vardial2018/train,bra,L1,train:19142,hin_Deva
panel2,B,vardial2018/train,bra,L1,train:19150,hin_Deva
panel2,B,vardial2018/train,bra,L1,train:19161,awa_Deva
panel2,B,vardial2018/train,bra,L1,train:19292,hin_Deva
panel2,B,vardial2018/train,bra,L1,train:19320,hin_Deva
panel2,B,vardial2018/train,bra,L1,train:19340,hin_Deva
panel2,B,vardial2018/train,bra,L1,train:19400,hin_Deva
panel2,B,vardial2018/train,bra,L1,train:19404,hin_Deva
panel2,B,vardial2018/train,bra,L1,train:19441,awa_Deva
panel2,B,vardial2018/train,bra,L1,train:19455,hin_Deva
panel2,B,vardial2018/train,bra,L1,train:19519,awa_Deva
panel2,B,vardial2018/train,bra,L1,train:19521,hin_Deva
panel2,B,vardial2018/train,bra,L1,train:19537,hin_Deva
panel2,B,vardial2018/train,bra,L1,train:19589,hin_Deva
panel2,B,vardial2018/train,bra,L1,train:19595,hin_Deva
panel2,B,vardial2018/train,bra,L1,train:19609,hin_Deva
panel2,B,vardial2018/train,bra,L1,train:19618,new_Deva
panel2,B,vardial2018/train,bra,L1,train:19679,hin_Deva
panel2,B,vardial2018/train,bra,L1,train:19707,awa_Deva
panel2,B,vardial2018/train,bra,L1,train:19721,hin_Deva
panel2,B,vardial2018/train,bra,L1,train:19798,doi_Deva
panel2,B,vardial2018/train,bra,L1,train:19874,hin_Deva
panel2,B,vardial2018/train,bra,L1,train:19948,hin_Deva
panel2,B,vardial2018/train,bra,L1,train:19964,kas_Deva
panel2,B,vardial2018/train,bra,L1,train:20078,hin_Deva
panel2,B,vardial2018/train,bra,L1,train:20103,hin_Deva
panel2,B,vardial2018/train,bra,L1,train:20150,awa_Deva
panel2,B,vardial2018/train,bra,L1,train:20154,hin_Deva
panel2,B,vardial2018/train,bra,L1,train:20180,hin_Deva
panel2,B,vardial2018/train,bra,L1,train:20190,anp_Deva
panel2,B,vardial2018/train,bra,L1,train:20273,hin_Deva
panel2,B,vardial2018/train,bra,L1,train:20293,awa_Deva
panel2,B,vardial2018/train,bra,L1,train:20327,hin_Deva
panel2,B,vardial2018/train,bra,L1,train:20391,anp_Deva
panel2,B,vardial2018/train,bra,L1,train:20398,mai_Deva
panel2,B,vardial2018/train,bra,L1,train:20406,hin_Deva
panel2,B,vardial2018/train,bra,L1,train:20417,awa_Deva
panel2,B,vardial2018/train,bra,L1,train:20421,awa_Deva
panel2,B,vardial2018/train,bra,L1,train:20424,anp_Deva
panel2,B,vardial2018/train,bra,L1,train:20437,hin_Deva
panel2,B,vardial2018/train,bra,L1,train:20448,kas_Deva
panel2,B,vardial2018/train,bra,L1,train:20573,doi_Deva
panel2,B,vardial2018/train,bra,L1,train:20586,hin_Deva
panel2,B,vardial2018/train,bra,L1,train:20636,hin_Deva
panel2,B,vardial2018/train,bra,L1,train:20675,npi_Deva
panel2,B,vardial2018/train,bra,L1,train:20696,hin_Deva
panel2,B,vardial2018/train,bra,L1,train:20712,awa_Deva
panel2,B,vardial2018/train,bra,L1,train:20741,awa_Deva
panel2,B,vardial2018/train,bra,L1,train:20787,hin_Deva
panel2,B,vardial2018/train,bra,L1,train:20813,hin_Deva
panel2,B,vardial2018/train,bra,L1,train:20835,doi_Deva
panel2,B,vardial2018/train,bra,L1,train:20857,awa_Deva
panel2,B,vardial2018/train,bra,L1,train:20879,hin_Deva
panel2,B,vardial2018/train,bra,L1,train:20914,hin_Deva
panel2,B,vardial2018/train,bra,L1,train:20937,hin_Deva
panel2,B,vardial2018/train,bra,L1,train:20965,hin_Deva
panel2,B,vardial2018/train,bra,L1,train:21031,hin_Deva
panel2,B,vardial2018/train,bra,L1,train:21053,awa_Deva
panel2,B,vardial2018/train,bra,L1,train:21081,hin_Deva
panel2,B,vardial2018/train,bra,L1,train:21206,mai_Deva
panel2,B,vardial2018/train,bra,L1,train:21213,hin_Deva
panel2,B,vardial2018/train,bra,L1,train:21268,new_Deva
panel2,B,vardial2018/train,bra,L1,train:21361,kas_Deva
panel2,B,vardial2018/train,bra,L1,train:21395,awa_Deva
panel2,B,vardial2018/train,bra,L1,train:21473,hin_Deva
panel2,B,vardial2018/train,bra,L1,train:21484,hin_Deva
panel2,B,vardial2018/train,bra,L1,train:21524,bho_Deva
panel2,B,vardial2018/train,bra,L1,train:21530,hin_Deva
panel2,B,vardial2018/train,bra,L1,train:21548,hin_Deva
panel2,B,vardial2018/train,bra,L1,train:21552,awa_Deva
panel2,B,vardial2018/train,bra,L1,train:21587,hin_Deva
panel2,B,vardial2018/train,bra,L1,train:21634,hin_Deva
panel2,B,vardial2018/train,bra,L1,train:21673,hin_Deva
panel2,B,vardial2018/train,bra,L1,train:21694,mag_Deva
panel2,B,vardial2018/train,bra,L1,train:21815,npi_Deva
panel2,B,vardial2018/train,bra,L1,train:21843,bho_Deva
panel2,B,vardial2018/train,bra,L1,train:21848,hin_Deva
panel2,B,vardial2018/train,bra,L1,train:21850,doi_Deva
panel2,B,vardial2018/train,bra,L1,train:21858,hin_Deva
panel2,B,vardial2018/train,bra,L1,train:21872,hin_Deva
panel2,B,vardial2018/train,bra,L1,train:21890,hin_Deva
panel2,B,vardial2018/train,bra,L1,train:21927,awa_Deva
panel2,B,vardial2018/train,bra,L1,train:21969,npi_Deva
panel2,B,vardial2018/train,bra,L1,train:22180,hin_Deva
panel2,B,vardial2018/train,bra,L1,train:22203,kas_Deva
panel2,B,vardial2018/train,bra,L1,train:22218,awa_Deva
panel2,B,vardial2018/train,bra,L1,train:22231,hin_Deva
panel2,B,vardial2018/train,bra,L1,train:22233,mai_Deva
panel2,B,vardial2018/train,bra,L1,train:22305,mar_Deva
panel2,B,vardial2018/train,bra,L1,train:22326,awa_Deva
panel2,B,vardial2018/train,bra,L1,train:22333,awa_Deva
panel2,B,vardial2018/train,bra,L1,train:22343,awa_Deva
panel2,B,vardial2018/train,bra,L1,train:22357,hin_Deva
panel2,B,vardial2018/train,bra,L1,train:22369,bho_Deva
panel2,B,vardial2018/train,bra,L1,train:22382,hin_Deva
panel2,B,vardial2018/train,bra,L1,train:22455,hin_Deva
panel2,B,vardial2018/train,bra,L1,train:22481,hin_Deva
panel2,B,vardial2018/train,bra,L1,train:22638,awa_Deva
panel2,B,vardial2018/train,bra,L1,train:22659,new_Deva
panel2,B,vardial2018/train,bra,L1,train:22779,awa_Deva
panel2,B,vardial2018/train,bra,L1,train:22790,hin_Deva
panel2,B,vardial2018/train,bra,L1,train:22800,hin_Deva
panel2,B,vardial2018/train,bra,L1,train:22848,awa_Deva
panel2,B,vardial2018/train,bra,L1,train:22872,hin_Deva
panel2,B,vardial2018/train,bra,L1,train:22895,hin_Deva
panel2,B,vardial2018/train,bra,L1,train:22931,hin_Deva
panel2,B,vardial2018/train,bra,L1,train:22973,awa_Deva
panel2,B,vardial2018/train,bra,L1,train:23020,hin_Deva
panel2,B,vardial2018/train,bra,L1,train:23044,hin_Deva
panel2,B,vardial2018/train,bra,L1,train:23079,bho_Deva
panel2,B,vardial2018/train,bra,L1,train:23088,hin_Deva
panel2,B,vardial2018/train,bra,L1,train:23092,hin_Deva
panel2,B,vardial2018/train,bra,L1,train:23118,hin_Deva
panel2,B,vardial2018/train,bra,L1,train:23175,awa_Deva
panel2,B,vardial2018/train,bra,L1,train:23203,hne_Deva
panel2,B,vardial2018/train,bra,L1,train:23259,mai_Deva
panel2,B,vardial2018/train,bra,L1,train:23317,hin_Deva
panel2,B,vardial2018/train,bra,L1,train:23330,awa_Deva
panel2,B,vardial2018/train,bra,L1,train:23334,awa_Deva
panel2,B,vardial2018/train,bra,L1,train:23337,npi_Deva
panel2,B,vardial2018/train,bra,L1,train:23354,hin_Deva
panel2,B,vardial2018/train,bra,L1,train:23428,npi_Deva
panel2,B,vardial2018/train,bra,L1,train:23447,hin_Deva
panel2,B,vardial2018/train,bra,L1,train:23449,hin_Deva
panel2,B,vardial2018/train,bra,L1,train:23450,hin_Deva
panel2,B,vardial2018/train,bra,L1,train:23474,awa_Deva
panel2,B,vardial2018/train,bra,L1,train:23525,hin_Deva
panel2,B,vardial2018/train,bra,L1,train:23551,hin_Deva
panel2,B,vardial2018/train,bra,L1,train:23595,hin_Deva
panel2,B,vardial2018/train,bra,L1,train:23673,hin_Deva
panel2,B,vardial2018/train,bra,L1,train:23691,bho_Deva
panel2,B,vardial2018/train,bra,L1,train:23857,awa_Deva
panel2,B,vardial2018/train,bra,L1,train:23867,hin_Deva
panel2,B,vardial2018/train,bra,L1,train:23892,hin_Deva
panel2,B,vardial2018/train,bra,L1,train:23983,doi_Deva
panel2,B,vardial2018/train,bra,L1,train:24013,hin_Deva
panel2,B,vardial2018/train,bra,L1,train:24014,hin_Deva
panel2,B,vardial2018/train,bra,L1,train:24032,hin_Deva
panel2,B,vardial2018/train,bra,L1,train:24132,hin_Deva
panel2,B,vardial2018/train,bra,L1,train:24141,anp_Deva
panel2,B,vardial2018/train,bra,L1,train:24162,hin_Deva
panel2,B,vardial2018/train,bra,L1,train:24177,hin_Deva
panel2,B,vardial2018/train,bra,L1,train:24193,hin_Deva
panel2,B,vardial2018/train,bra,L1,train:24234,hin_Deva
panel2,B,vardial2018/train,bra,L1,train:24264,anp_Deva
panel2,B,vardial2018/train,bra,L1,train:24302,awa_Deva
panel2,B,vardial2018/train,bra,L1,train:24335,doi_Deva
panel2,B,vardial2018/train,bra,L1,train:24402,hin_Deva
panel2,B,vardial2018/train,bra,L1,train:24414,san_Deva
panel2,B,vardial2018/train,bra,L1,train:24425,awa_Deva
panel2,B,vardial2018/train,bra,L1,train:24430,awa_Deva
panel2,B,vardial2018/train,bra,L1,train:24434,hin_Deva
panel2,B,vardial2018/train,bra,L1,train:24448,hin_Deva
panel2,B,vardial2018/train,bra,L1,train:24457,mai_Deva
panel2,B,vardial2018/train,bra,L1,train:24480,hin_Deva
panel2,B,vardial2018/train,bra,L1,train:24497,anp_Deva
panel2,B,vardial2018/train,bra,L1,train:24501,hin_Deva
panel2,B,vardial2018/train,bra,L1,train:24541,npi_Deva
panel2,B,vardial2018/train,bra,L1,train:24574,awa_Deva
panel2,B,vardial2018/train,bra,L1,train:24593,doi_Deva
panel2,B,vardial2018/train,bra,L1,train:24609,hin_Deva
panel2,B,vardial2018/train,bra,L1,train:24683,awa_Deva
panel2,B,vardial2018/train,bra,L1,train:24721,hin_Deva
panel2,B,vardial2018/train,bra,L1,train:24813,anp_Deva
panel2,B,vardial2018/train,bra,L1,train:24835,bho_Deva
panel2,B,vardial2018/train,bra,L1,train:24958,anp_Deva
panel2,B,vardial2018/train,bra,L1,train:24981,hin_Deva
panel2,B,vardial2018/train,bra,L1,train:25008,hin_Deva
panel2,B,vardial2018/train,bra,L1,train:25126,hin_Deva
panel2,B,vardial2018/train,bra,L1,train:25186,hin_Deva
panel2,B,vardial2018/train,bra,L1,train:25202,hin_Deva
panel2,B,vardial2018/train,bra,L1,train:25231,anp_Deva
panel2,B,vardial2018/train,bra,L1,train:25262,hin_Deva
panel2,B,vardial2018/train,bra,L1,train:25285,awa_Deva
panel2,B,vardial2018/train,bra,L1,train:25391,anp_Deva
panel2,B,vardial2018/train,bra,L1,train:25401,hin_Deva
panel2,B,vardial2018/train,bra,L1,train:25415,awa_Deva
panel2,B,vardial2018/train,bra,L1,train:25464,npi_Deva
panel2,B,vardial2018/train,bra,L1,train:25466,awa_Deva
panel2,B,vardial2018/train,bra,L1,train:25491,hin_Deva
panel2,B,vardial2018/train,bra,L1,train:25524,hin_Deva
panel2,B,vardial2018/train,bra,L1,train:25529,bho_Deva
panel2,B,vardial2018/train,bra,L1,train:25605,anp_Deva
panel2,B,vardial2018/train,bra,L1,train:25621,hin_Deva
panel2,B,vardial2018/train,bra,L1,train:25635,awa_Deva
panel2,B,vardial2018/train,bra,L1,train:25687,hin_Deva
panel2,B,vardial2018/train,bra,L1,train:25806,doi_Deva
panel2,B,vardial2018/train,bra,L1,train:25828,hin_Deva
panel2,B,vardial2018/train,bra,L1,train:25868,hin_Deva
panel2,B,vardial2018/train,bra,L1,train:25892,anp_Deva
panel2,B,vardial2018/train,bra,L1,train:25893,mai_Deva
panel2,B,vardial2018/train,bra,L1,train:25973,hin_Deva
panel2,B,vardial2018/train,bra,L1,train:25998,hin_Deva
panel2,B,vardial2018/train,bra,L1,train:26084,hin_Deva
panel2,B,vardial2018/train,bra,L1,train:26094,hin_Deva
panel2,B,vardial2018/train,bra,L1,train:26116,mai_Deva
panel2,B,vardial2018/train,bra,L1,train:26130,awa_Deva
panel2,B,vardial2018/train,bra,L1,train:26137,hin_Deva
panel2,B,vardial2018/train,bra,L1,train:26188,hin_Deva
panel2,B,vardial2018/train,bra,L1,train:26243,doi_Deva
panel2,B,vardial2018/train,bra,L1,train:26302,hin_Deva
panel2,B,vardial2018/train,bra,L1,train:26343,mai_Deva
panel2,B,vardial2018/train,bra,L1,train:26360,hin_Deva
panel2,B,vardial2018/train,bra,L1,train:26377,hin_Deva
panel2,B,vardial2018/train,bra,L1,train:26426,awa_Deva
panel2,B,vardial2018/train,bra,L1,train:26499,hin_Deva
panel2,B,vardial2018/train,bra,L1,train:26548,hin_Deva
panel2,B,vardial2018/train,bra,L1,train:26559,hin_Deva
panel2,B,vardial2018/train,bra,L1,train:26581,anp_Deva
panel2,B,vardial2018/train,bra,L1,train:26742,hin_Deva
panel2,B,vardial2018/train,bra,L1,train:26833,npi_Deva
panel2,B,vardial2018/train,bra,L1,train:26877,hin_Deva
panel2,B,vardial2018/train,bra,L1,train:26919,awa_Deva
panel2,B,vardial2018/train,bra,L1,train:26943,hin_Deva
panel2,B,vardial2018/train,bra,L1,train:26960,hin_Deva
panel2,B,vardial2018/train,bra,L1,train:27078,npi_Deva
panel2,B,vardial2018/train,bra,L1,train:27102,hin_Deva
panel2,B,vardial2018/train,bra,L1,train:27164,hin_Deva
panel2,B,vardial2018/train,bra,L1,train:27175,awa_Deva
panel2,B,vardial2018/train,bra,L1,train:27215,bho_Deva
panel2,B,vardial2018/train,bra,L1,train:27303,anp_Deva
panel2,B,vardial2018/train,bra,L1,train:27306,hin_Deva
panel2,B,vardial2018/train,bra,L1,train:27461,new_Deva
panel2,B,vardial2018/train,bra,L1,train:27503,hin_Deva
panel2,B,vardial2018/train,bra,L1,train:27531,hin_Deva
panel2,B,vardial2018/train,bra,L1,train:27538,hin_Deva
panel2,B,vardial2018/train,bra,L1,train:27654,hin_Deva
panel2,B,vardial2018/train,bra,L1,train:27719,hin_Deva
panel2,B,vardial2018/train,bra,L1,train:27769,awa_Deva
panel2,B,vardial2018/train,bra,L1,train:27826,awa_Deva
panel2,B,vardial2018/train,bra,L1,train:27955,hin_Deva
panel2,B,vardial2018/train,bra,L1,train:27988,hin_Deva
panel2,B,vardial2018/train,bra,L1,train:27989,kas_Deva
panel2,B,vardial2018/train,bra,L1,train:28013,awa_Deva
panel2,B,vardial2018/train,bra,L1,train:28083,hin_Deva
panel2,B,vardial2018/train,bra,L1,train:28138,hin_Deva
panel2,B,vardial2018/train,bra,L1,train:28150,hin_Deva
panel2,B,vardial2018/train,bra,L1,train:28163,awa_Deva
panel2,B,vardial2018/train,bra,L1,train:28174,awa_Deva
panel2,B,vardial2018/train,bra,L1,train:28190,awa_Deva
panel2,B,vardial2018/train,bra,L1,train:28219,hin_Deva
panel2,B,vardial2018/train,bra,L1,train:28232,anp_Deva
panel2,B,vardial2018/train,bra,L1,train:28252,hin_Deva
panel2,B,vardial2018/train,bra,L1,train:28261,awa_Deva
panel2,B,vardial2018/train,bra,L1,train:28278,awa_Deva
panel2,B,vardial2018/train,bra,L1,train:28335,hin_Deva
panel2,B,vardial2018/train,bra,L1,train:28354,awa_Deva
panel2,B,vardial2018/train,bra,L1,train:28357,awa_Deva
panel2,B,vardial2018/train,bra,L1,train:28379,hin_Deva
panel2,B,vardial2018/train,bra,L1,train:28479,anp_Deva
panel2,B,vardial2018/train,bra,L1,train:28528,anp_Deva
panel2,B,vardial2018/train,bra,L1,train:28550,anp_Deva
panel2,B,vardial2018/train,bra,L1,train:28589,hin_Deva
panel2,B,vardial2018/train,bra,L1,train:28608,awa_Deva
panel2,B,vardial2018/train,bra,L1,train:28615,hin_Deva
panel2,B,vardial2018/train,bra,L1,train:28616,awa_Deva
panel2,B,vardial2018/train,bra,L1,train:28805,hin_Deva
panel2,B,vardial2018/train,bra,L1,train:28858,kas_Deva
panel2,B,vardial2018/train,bra,L1,train:28863,new_Deva
panel2,B,vardial2018/train,bra,L1,train:28967,anp_Deva
panel2,B,vardial2018/train,bra,L1,train:28975,hin_Deva
panel2,B,vardial2018/train,bra,L1,train:28983,anp_Deva
panel2,B,vardial2018/train,bra,L1,train:28989,hin_Deva
panel2,B,vardial2018/train,bra,L1,train:28997,hin_Deva
panel2,B,vardial2018/train,bra,L1,train:29122,awa_Deva
panel2,B,vardial2018/train,bra,L1,train:29140,hin_Deva
panel2,B,vardial2018/train,bra,L1,train:29229,hin_Deva
panel2,B,vardial2018/train,bra,L1,train:29243,hin_Deva
panel2,B,vardial2018/train,bra,L1,train:29306,awa_Deva
panel2,B,vardial2018/train,bra,L1,train:29322,hin_Deva
panel2,B,vardial2018/train,bra,L1,train:29331,hin_Deva
panel2,B,vardial2018/train,bra,L1,train:29333,hin_Deva
panel2,B,vardial2018/train,bra,L1,train:29345,hin_Deva
panel2,B,vardial2018/train,bra,L1,train:29389,awa_Deva
panel2,B,vardial2018/train,bra,L1,train:29395,hin_Deva
panel2,B,vardial2018/train,bra,L1,train:29408,hin_Deva
panel2,B,vardial2018/train,bra,L1,train:29491,awa_Deva
panel2,B,vardial2018/train,bra,L1,train:29527,new_Deva
panel2,B,vardial2018/train,bra,L1,train:29534,hin_Deva
panel2,B,vardial2018/train,bra,L1,train:29561,hin_Deva
panel2,B,vardial2018/train,bra,L1,train:29562,awa_Deva
panel2,B,vardial2018/train,bra,L1,train:29599,awa_Deva
panel2,B,vardial2018/train,bra,L1,train:29602,hin_Deva
panel2,B,vardial2018/train,bra,L1,train:29614,awa_Deva
panel2,B,vardial2018/train,bra,L1,train:29615,hin_Deva
panel2,B,vardial2018/train,bra,L1,train:29631,awa_Deva
panel2,B,vardial2018/train,bra,L1,train:29643,awa_Deva
panel2,B,vardial2018/train,bra,L1,train:29645,awa_Deva
panel2,B,vardial2018/train,bra,L1,train:29700,anp_Deva
panel2,B,vardial2018/train,bra,L1,train:29744,awa_Deva
panel2,B,vardial2018/train,bra,L1,train:29765,awa_Deva
panel2,B,vardial2018/train,bra,L1,train:29846,hin_Deva
panel2,B,vardial2018/train,bra,L1,train:29852,hin_Deva
panel2,B,vardial2018/train,bra,L1,train:29981,hin_Deva
panel2,B,vardial2018/train,bra,L1,train:30007,anp_Deva
panel2,B,vardial2018/train,bra,L1,train:30024,awa_Deva
panel2,B,vardial2018/train,bra,L1,train:30068,mai_Deva
panel2,B,vardial2018/train,bra,L1,train:30154,hin_Deva
panel2,B,vardial2018/train,bra,L1,train:30269,hin_Deva
panel2,B,vardial2018/train,bra,L1,train:30480,awa_Deva
panel2,B,vardial2018/train,bra,L1,train:30518,hin_Deva
panel2,B,vardial2018/train,bra,L1,train:30577,mai_Deva
panel2,B,vardial2018/train,bra,L1,train:30660,bho_Deva
panel2,B,vardial2018/train,bra,L1,train:30698,hin_Deva
panel2,B,vardial2018/train,bra,L1,train:30738,hin_Deva
panel2,B,vardial2018/train,bra,L1,train:30773,anp_Deva
panel2,B,vardial2018/train,bra,L1,train:30785,hin_Deva
panel2,B,vardial2018/train,bra,L1,train:30786,hin_Deva
panel2,B,vardial2018/train,bra,L1,train:30878,awa_Deva
panel2,B,vardial2018/train,bra,L1,train:31031,awa_Deva
panel2,B,vardial2018/train,bra,L1,train:31078,hin_Deva
panel2,B,vardial2018/train,bra,L1,train:31119,doi_Deva
panel2,B,vardial2018/train,bra,L1,train:31176,hin_Deva
panel2,B,vardial2018/train,bra,L1,train:31269,hin_Deva
panel2,B,vardial2018/train,bra,L1,train:31292,mai_Deva
panel2,B,vardial2018/train,bra,L1,train:31293,hin_Deva
panel2,B,vardial2018/train,bra,L1,train:31338,hin_Deva
panel2,B,vardial2018/train,bra,L1,train:31357,hin_Deva
panel2,B,vardial2018/train,bra,L1,train:31360,kas_Deva
panel2,B,vardial2018/train,bra,L1,train:31380,anp_Deva
panel2,B,vardial2018/train,bra,L1,train:31516,doi_Deva
panel2,B,vardial2018/train,bra,L1,train:31536,awa_Deva
panel2,B,vardial2018/train,bra,L1,train:31549,awa_Deva
panel2,B,vardial2018/train,bra,L1,train:31618,awa_Deva
panel2,B,vardial2018/train,bra,L1,train:31657,npi_Deva
panel2,B,vardial2018/train,bra,L1,train:31679,awa_Deva
panel2,B,vardial2018/train,bra,L1,train:31691,awa_Deva
panel2,B,vardial2018/train,bra,L1,train:31702,doi_Deva
panel2,B,vardial2018/train,bra,L1,train:31720,hin_Deva
panel2,B,vardial2018/train,bra,L1,train:31733,awa_Deva
panel2,B,vardial2018/train,bra,L1,train:31757,hin_Deva
panel2,B,vardial2018/train,bra,L1,train:31768,hin_Deva
panel2,B,vardial2018/train,bra,L1,train:31835,hin_Deva
panel2,B,vardial2018/train,bra,L1,train:31850,hin_Deva
panel2,B,vardial2018/train,bra,L1,train:31855,anp_Deva
panel2,B,vardial2018/train,bra,L1,train:31871,doi_Deva
panel2,B,vardial2018/train,bra,L1,train:31940,anp_Deva
panel2,B,vardial2018/train,bra,L1,train:31945,hin_Deva
panel2,B,vardial2018/train,bra,L1,train:32032,kas_Deva
panel2,B,vardial2018/train,bra,L1,train:32122,hin_Deva
panel2,B,vardial2018/train,bra,L1,train:32125,hin_Deva
panel2,B,vardial2018/train,bra,L1,train:32139,bho_Deva
panel2,B,vardial2018/train,bra,L1,train:32143,hin_Deva
panel2,B,vardial2018/train,bra,L1,train:32243,awa_Deva
panel2,B,vardial2018/train,bra,L1,train:32246,hin_Deva
panel2,B,vardial2018/train,bra,L1,train:32315,mai_Deva
panel2,B,vardial2018/train,bra,L1,train:32391,hin_Deva
panel2,B,vardial2018/train,bra,L1,train:32392,hin_Deva
panel2,B,vardial2018/train,bra,L1,train:32437,awa_Deva
panel2,B,vardial2018/train,bra,L1,train:32445,suz_Deva
panel2,B,vardial2018/train,bra,L1,train:32465,awa_Deva
panel2,B,vardial2018/train,bra,L1,train:32477,hin_Deva
panel2,B,vardial2018/train,bra,L1,train:32556,anp_Deva
panel2,B,vardial2018/train,bra,L1,train:32612,hin_Deva
panel2,B,vardial2018/train,bra,L1,train:32636,awa_Deva
panel2,B,vardial2018/train,bra,L1,train:32731,mag_Deva
panel2,B,vardial2018/train,bra,L1,train:32733,hin_Deva
panel2,B,vardial2018/train,bra,L1,train:32869,hin_Deva
panel2,B,vardial2018/train,bra,L1,train:32902,hin_Deva
panel2,B,vardial2018/train,bra,L1,train:32923,awa_Deva
panel2,B,vardial2018/train,bra,L1,train:32950,hin_Deva
panel2,B,vardial2018/train,bra,L1,train:33169,mai_Deva
panel2,B,vardial2018/train,bra,L1,train:33199,mai_Deva
panel2,B,vardial2018/train,bra,L1,train:33266,hin_Deva
panel2,B,vardial2018/train,bra,L1,train:33292,bho_Deva
panel2,B,vardial2018/train,bra,L1,train:33313,bho_Deva
panel2,B,vardial2018/train,bra,L1,train:33333,mai_Deva
panel2,B,vardial2018/train,bra,L1,train:33371,hin_Deva
panel2,B,vardial2018/train,bra,L1,train:33468,hin_Deva
panel2,B,vardial2018/train,bra,L1,train:33494,anp_Deva
panel2,B,vardial2018/train,bra,L1,train:33501,awa_Deva
panel2,B,vardial2018/train,bra,L1,train:33555,hin_Deva
panel2,B,vardial2018/train,bra,L1,train:33600,awa_Deva
panel2,B,vardial2018/train,bra,L1,train:33608,hin_Deva
panel2,B,vardial2018/train,bra,L1,train:33613,awa_Deva
panel2,B,vardial2018/train,bra,L1,train:33641,hin_Deva
panel2,B,vardial2018/train,bra,L1,train:33649,hin_Deva
panel2,B,vardial2018/train,bra,L1,train:33651,hin_Deva
panel2,B,vardial2018/train,bra,L1,train:33654,hin_Deva
panel2,B,vardial2018/train,bra,L1,train:33675,awa_Deva
panel2,B,vardial2018/train,bra,L1,train:33698,hin_Deva
panel2,B,vardial2018/train,bra,L1,train:33712,hin_Deva
panel2,B,vardial2018/train,bra,L1,train:33749,hin_Deva
panel2,B,vardial2018/train,bra,L1,train:33755,doi_Deva
panel2,B,vardial2018/train,bra,L1,train:33796,hin_Deva
panel2,B,vardial2018/train,bra,L1,train:33839,kru_Deva
panel2,B,vardial2018/train,bra,L1,train:33851,hin_Deva
panel2,B,vardial2018/train,bra,L1,train:33863,hin_Deva
panel2,B,vardial2018/train,bra,L1,train:33875,hin_Deva
panel2,B,vardial2018/train,bra,L1,train:33896,awa_Deva
panel2,B,vardial2018/train,bra,L1,train:33936,hin_Deva
panel2,B,vardial2018/train,bra,L1,train:33945,mai_Deva
panel2,B,vardial2018/train,bra,L1,train:33966,hin_Deva
panel2,B,vardial2018/train,bra,L1,train:33981,awa_Deva
panel2,B,vardial2018/train,bra,L1,train:34004,npi_Deva
panel2,B,vardial2018/train,bra,L1,train:34030,awa_Deva
panel2,B,vardial2018/train,bra,L1,train:34112,awa_Deva
panel2,B,vardial2018/train,bra,L1,train:34159,awa_Deva
panel2,B,vardial2018/train,bra,L1,train:34173,bho_Deva
panel2,B,vardial2018/train,bra,L1,train:34185,awa_Deva
panel2,B,vardial2018/train,bra,L1,train:34211,kru_Deva
panel2,B,vardial2018/train,bra,L1,train:34237,hin_Deva
panel2,B,vardial2018/train,bra,L1,train:34287,awa_Deva
panel2,B,vardial2018/train,bra,L1,train:34434,new_Deva
panel2,B,vardial2018/train,bra,L1,train:34523,awa_Deva
panel2,B,vardial2018/train,bra,L1,train:34550,awa_Deva
panel2,B,vardial2018/train,bra,L1,train:34562,hin_Deva
panel2,B,vardial2018/train,bra,L1,train:34581,anp_Deva
panel2,B,vardial2018/train,bra,L1,train:34624,hin_Deva
panel2,B,vardial2018/train,bra,L1,train:34679,hin_Deva
panel2,B,vardial2018/train,bra,L1,train:34730,mai_Deva
panel2,B,vardial2018/train,bra,L1,train:34746,anp_Deva
panel2,B,vardial2018/train,bra,L1,train:34768,awa_Deva
panel2,B,vardial2018/train,bra,L1,train:34885,anp_Deva
panel2,B,vardial2018/train,bra,L1,train:34906,hin_Deva
panel2,B,vardial2018/train,bra,L1,train:34917,awa_Deva
panel2,B,vardial2018/train,bra,L1,train:34944,awa_Deva
panel2,B,vardial2018/train,bra,L1,train:34951,anp_Deva
panel2,B,vardial2018/train,bra,L1,train:35016,hin_Deva
panel2,B,vardial2018/train,bra,L1,train:35046,hin_Deva
panel2,B,vardial2018/train,bra,L1,train:35051,awa_Deva
panel2,B,vardial2018/train,bra,L1,train:35059,anp_Deva
panel2,B,vardial2018/train,bra,L1,train:35106,awa_Deva
panel2,B,vardial2018/train,bra,L1,train:35120,hin_Deva
panel2,B,vardial2018/train,bra,L1,train:35130,hin_Deva
panel2,B,vardial2018/train,bra,L1,train:35145,hin_Deva
panel2,B,vardial2018/train,bra,L1,train:35187,hin_Deva
panel2,B,vardial2018/train,bra,L1,train:35214,mag_Deva
panel2,B,vardial2018/train,bra,L1,train:35275,npi_Deva
panel2,B,vardial2018/train,bra,L1,train:35294,hin_Deva
panel2,B,vardial2018/train,bra,L1,train:35311,kas_Deva
panel2,B,vardial2018/train,bra,L1,train:35330,awa_Deva
panel2,B,vardial2018/train,bra,L1,train:35354,awa_Deva
panel2,B,vardial2018/train,bra,L1,train:35356,new_Deva
panel2,B,vardial2018/train,bra,L1,train:35453,hin_Deva
panel2,B,vardial2018/train,bra,L1,train:35463,mai_Deva
panel2,B,vardial2018/train,bra,L1,train:35486,hin_Deva
panel2,B,vardial2018/train,bra,L1,train:35508,hin_Deva
panel2,B,vardial2018/train,bra,L1,train:35528,kas_Deva
panel2,B,vardial2018/train,bra,L1,train:35550,hin_Deva
panel2,B,vardial2018/train,bra,L1,train:35551,hin_Deva
panel2,B,vardial2018/train,bra,L1,train:35615,hin_Deva
panel2,B,vardial2018/train,bra,L1,train:35622,hin_Deva
panel2,B,vardial2018/train,bra,L1,train:35697,hin_Deva
panel2,B,vardial2018/train,bra,L1,train:35703,bho_Deva
panel2,B,vardial2018/train,bra,L1,train:35806,hin_Deva
panel2,B,vardial2018/train,bra,L1,train:35827,hin_Deva
panel2,B,vardial2018/train,bra,L1,train:35832,npi_Deva
panel2,B,vardial2018/train,bra,L1,train:35835,hin_Deva
panel2,B,vardial2018/train,bra,L1,train:35863,anp_Deva
panel2,B,vardial2018/train,bra,L1,train:35864,doi_Deva
panel2,B,vardial2018/train,bra,L1,train:35911,awa_Deva
panel2,B,vardial2018/train,bra,L1,train:35920,hin_Deva
panel2,B,vardial2018/train,bra,L1,train:35933,hin_Deva
panel2,B,vardial2018/train,bra,L1,train:35954,hin_Deva
panel2,B,vardial2018/train,bra,L1,train:36014,hin_Deva
panel2,B,vardial2018/train,bra,L1,train:36015,awa_Deva
panel2,B,vardial2018/train,bra,L1,train:36058,hin_Deva
panel2,B,vardial2018/train,bra,L1,train:36102,kas_Deva
panel2,B,vardial2018/train,bra,L1,train:36112,hin_Deva
panel2,B,vardial2018/train,bra,L1,train:36140,hin_Deva
panel2,B,vardial2018/train,bra,L1,train:36141,hin_Deva
panel2,B,vardial2018/train,bra,L1,train:36151,hin_Deva
panel2,B,vardial2018/train,bra,L1,train:36177,kas_Deva
panel2,B,vardial2018/train,bra,L1,train:36181,anp_Deva
panel2,B,vardial2018/train,bra,L1,train:36291,hin_Deva
panel2,B,vardial2018/train,bra,L1,train:36337,new_Deva
panel2,B,vardial2018/train,bra,L1,train:36348,awa_Deva
panel2,B,vardial2018/train,bra,L1,train:36453,mai_Deva
panel2,B,vardial2018/train,bra,L1,train:36474,hin_Deva
panel2,B,vardial2018/train,bra,L1,train:36540,hin_Deva
panel2,B,vardial2018/train,bra,L1,train:36678,awa_Deva
panel2,B,vardial2018/train,bra,L1,train:36708,hin_Deva
panel2,B,vardial2018/train,bra,L1,train:36725,anp_Deva
panel2,B,vardial2018/train,bra,L1,train:36750,hin_Deva
panel2,B,vardial2018/train,bra,L1,train:36762,awa_Deva
panel2,B,vardial2018/train,bra,L1,train:36807,hin_Deva
panel2,B,vardial2018/train,bra,L1,train:36862,anp_Deva
panel2,B,vardial2018/train,bra,L1,train:37052,hin_Deva
panel2,B,vardial2018/train,bra,L1,train:37096,bho_Deva
panel2,B,vardial2018/train,bra,L1,train:37144,awa_Deva
panel2,B,vardial2018/train,bra,L1,train:37217,anp_Deva
panel2,B,vardial2018/train,bra,L1,train:37222,doi_Deva
panel2,B,vardial2018/train,bra,L1,train:37249,hin_Deva
panel2,B,vardial2018/train,bra,L1,train:37272,hin_Deva
panel2,B,vardial2018/train,bra,L1,train:37335,hin_Deva
panel2,B,vardial2018/train,bra,L1,train:37370,awa_Deva
panel2,B,vardial2018/train,bra,L1,train:37379,hin_Deva
panel2,B,vardial2018/train,bra,L1,train:37387,awa_Deva
panel2,B,vardial2018/train,bra,L1,train:37453,mar_Deva
panel2,B,vardial2018/train,bra,L1,train:37613,hin_Deva
panel2,B,vardial2018/train,bra,L1,train:37620,hin_Deva
panel2,B,vardial2018/train,bra,L1,train:37711,hin_Deva
panel2,B,vardial2018/train,bra,L1,train:37728,mai_Deva
panel2,B,vardial2018/train,bra,L1,train:37768,new_Deva
panel2,B,vardial2018/train,bra,L1,train:37790,hin_Deva
panel2,B,vardial2018/train,bra,L1,train:37808,hin_Deva
panel2,B,vardial2018/train,bra,L1,train:37919,hin_Deva
panel2,B,vardial2018/train,bra,L1,train:37954,awa_Deva
panel2,B,vardial2018/train,bra,L1,train:38060,awa_Deva
panel2,B,vardial2018/train,bra,L1,train:38095,new_Deva
panel2,B,vardial2018/train,bra,L1,train:38135,awa_Deva
panel2,B,vardial2018/train,bra,L1,train:38138,awa_Deva
panel2,B,vardial2018/train,bra,L1,train:38163,hin_Deva
panel2,B,vardial2018/train,bra,L1,train:38171,hin_Deva
panel2,B,vardial2018/train,bra,L1,train:38181,hin_Deva
panel2,B,vardial2018/train,bra,L1,train:38208,awa_Deva
panel2,B,vardial2018/train,bra,L1,train:38272,new_Deva
panel2,B,vardial2018/train,bra,L1,train:38336,doi_Deva
panel2,B,vardial2018/train,bra,L1,train:38356,mai_Deva
panel2,B,vardial2018/train,bra,L1,train:38409,hin_Deva
panel2,B,vardial2018/train,bra,L1,train:38427,hin_Deva
panel2,B,vardial2018/train,bra,L1,train:38458,hin_Deva
panel2,B,vardial2018/train,bra,L1,train:38473,mai_Deva
panel2,B,vardial2018/train,bra,L1,train:38500,hin_Deva
panel2,B,vardial2018/train,bra,L1,train:38506,hin_Deva
panel2,B,vardial2018/train,bra,L1,train:38516,awa_Deva
panel2,B,vardial2018/train,bra,L1,train:38628,ghe_Deva
panel2,B,vardial2018/train,bra,L1,train:38643,hin_Deva
panel2,B,vardial2018/train,bra,L1,train:38711,hin_Deva
panel2,B,vardial2018/train,bra,L1,train:38728,awa_Deva
panel2,B,vardial2018/train,bra,L1,train:38741,mai_Deva
panel2,B,vardial2018/train,bra,L1,train:38744,hin_Deva
panel2,B,vardial2018/train,bra,L1,train:38862,hin_Deva
panel2,B,vardial2018/train,bra,L1,train:38886,hin_Deva
panel2,B,vardial2018/train,bra,L1,train:38909,hin_Deva
panel2,B,vardial2018/train,bra,L1,train:38925,awa_Deva
panel2,B,vardial2018/train,bra,L1,train:38955,hin_Deva
panel2,B,vardial2018/train,bra,L1,train:38979,awa_Deva
panel2,B,vardial2018/train,bra,L1,train:39089,anp_Deva
panel2,B,vardial2018/train,bra,L1,train:39090,hin_Deva
panel2,B,vardial2018/train,bra,L1,train:39178,hin_Deva
panel2,B,vardial2018/train,bra,L1,train:39238,mai_Deva
panel2,B,vardial2018/train,bra,L1,train:39264,snd_Deva
panel2,B,vardial2018/train,bra,L1,train:39322,hin_Deva
panel2,B,vardial2018/train,bra,L1,train:39370,awa_Deva
panel2,B,vardial2018/train,bra,L1,train:39400,hin_Deva
panel2,B,vardial2018/train,bra,L1,train:39414,hin_Deva
panel2,B,vardial2018/train,bra,L1,train:39446,hin_Deva
panel2,B,vardial2018/train,bra,L1,train:39473,bho_Deva
panel2,B,vardial2018/train,bra,L1,train:39478,awa_Deva
panel2,B,vardial2018/train,bra,L1,train:39486,mai_Deva
panel2,B,vardial2018/train,bra,L1,train:39497,hin_Deva
panel2,B,vardial2018/train,bra,L1,train:39504,hin_Deva
panel2,B,vardial2018/train,bra,L1,train:39529,awa_Deva
panel2,B,vardial2018/train,bra,L1,train:39537,hin_Deva
panel2,B,vardial2018/train,bra,L1,train:39554,hin_Deva
panel2,B,vardial2018/train,bra,L1,train:39604,hin_Deva
panel2,B,vardial2018/train,bra,L1,train:39686,doi_Deva
panel2,B,vardial2018/train,bra,L1,train:39687,awa_Deva
panel2,B,vardial2018/train,bra,L1,train:39720,mai_Deva
panel2,B,vardial2018/train,bra,L1,train:39851,awa_Deva
panel2,B,vardial2018/train,bra,L1,train:39894,bho_Deva
panel2,B,vardial2018/train,bra,L1,train:39900,hin_Deva
panel2,B,vardial2018/train,bra,L1,train:39923,hin_Deva
panel2,B,vardial2018/train,bra,L1,train:39976,awa_Deva
panel2,B,vardial2018/train,bra,L1,train:39977,hin_Deva
panel2,B,vardial2018/train,bra,L1,train:39986,awa_Deva
panel2,B,vardial2018/train,bra,L1,train:40003,mai_Deva
panel2,B,vardial2018/train,bra,L1,train:40020,taj_Deva
panel2,B,vardial2018/train,bra,L1,train:40082,hin_Deva
panel2,B,vardial2018/train,bra,L1,train:40098,new_Deva
panel2,B,vardial2018/train,bra,L1,train:40104,hin_Deva
panel2,B,vardial2018/train,bra,L1,train:40107,hin_Deva
panel2,B,vardial2018/train,bra,L1,train:40258,hin_Deva
panel2,B,vardial2018/train,bra,L1,train:40300,awa_Deva
panel2,B,vardial2018/train,bra,L1,train:40318,hin_Deva
panel2,B,vardial2018/train,bra,L1,train:40354,anp_Deva
panel2,B,vardial2018/train,bra,L1,train:40465,hin_Deva
panel2,B,vardial2018/train,bra,L1,train:40487,awa_Deva
panel2,B,vardial2018/train,bra,L1,train:40505,awa_Deva
panel2,B,vardial2018/train,bra,L1,train:40509,hin_Deva
panel2,B,vardial2018/train,bra,L1,train:40528,hin_Deva
panel2,B,vardial2018/train,bra,L1,train:40537,awa_Deva
panel2,B,vardial2018/train,bra,L1,train:40544,awa_Deva
panel2,B,vardial2018/train,bra,L1,train:40559,npi_Deva
panel2,B,vardial2018/train,bra,L1,train:40570,awa_Deva
panel2,B,vardial2018/train,bra,L1,train:40654,npi_Deva
panel2,B,vardial2018/train,bra,L1,train:40657,hin_Deva
panel2,B,vardial2018/train,bra,L1,train:40703,awa_Deva
panel2,B,vardial2018/train,bra,L1,train:40706,awa_Deva
panel2,B,vardial2018/train,bra,L1,train:40778,mag_Deva
panel2,B,vardial2018/train,bra,L1,train:40804,mai_Deva
panel2,B,vardial2018/train,bra,L1,train:40927,hin_Deva
panel2,B,vardial2018/train,bra,L1,train:40977,hin_Deva
panel2,B,vardial2018/train,bra,L1,train:40985,awa_Deva
panel2,B,vardial2018/train,bra,L1,train:41017,hin_Deva
panel2,B,vardial2018/train,bra,L1,train:41029,awa_Deva
panel2,B,vardial2018/train,bra,L1,train:41034,hin_Deva
panel2,B,vardial2018/train,bra,L1,train:41046,awa_Deva
panel2,B,vardial2018/train,bra,L1,train:41068,hin_Deva
panel2,B,vardial2018/train,bra,L1,train:41083,hin_Deva
panel2,B,vardial2018/train,bra,L1,train:41224,awa_Deva
panel2,B,vardial2018/train,bra,L1,train:41236,hin_Deva
panel2,B,vardial2018/train,bra,L1,train:41316,hin_Deva
panel2,B,vardial2018/train,bra,L1,train:41338,anp_Deva
panel2,B,vardial2018/train,bra,L1,train:41340,hin_Deva
panel2,B,vardial2018/train,bra,L1,train:41359,hin_Deva
panel2,B,vardial2018/train,bra,L1,train:41428,awa_Deva
panel2,B,vardial2018/train,bra,L1,train:41504,hin_Deva
panel2,B,vardial2018/train,bra,L1,train:41554,hin_Deva
panel2,B,vardial2018/train,bra,L1,train:41656,hin_Deva
panel2,B,vardial2018/train,bra,L1,train:41663,hin_Deva
panel2,B,vardial2018/train,bra,L1,train:41717,hin_Deva
panel2,B,vardial2018/train,bra,L1,train:41749,hin_Deva
panel2,B,vardial2018/train,bra,L1,train:41795,hin_Deva
panel2,B,vardial2018/train,bra,L1,train:41796,hin_Deva
panel2,B,vardial2018/train,bra,L1,train:41859,hin_Deva
panel2,B,vardial2018/train,bra,L1,train:41872,hin_Deva
panel2,B,vardial2018/train,bra,L1,train:41909,mai_Deva
panel2,B,vardial2018/train,bra,L1,train:41915,hin_Deva
panel2,B,vardial2018/train,bra,L1,train:41959,awa_Deva
panel2,B,vardial2018/train,bra,L1,train:41965,awa_Deva
panel2,B,vardial2018/train,bra,L1,train:42014,hin_Deva
panel2,B,vardial2018/train,bra,L1,train:42019,hin_Deva
panel2,B,vardial2018/train,bra,L1,train:42022,mai_Deva
panel2,B,vardial2018/train,bra,L1,train:42033,hin_Deva
panel2,B,vardial2018/train,bra,L1,train:42035,hin_Deva
panel2,B,vardial2018/train,bra,L1,train:42036,hin_Deva
panel2,B,vardial2018/train,bra,L1,train:42128,hin_Deva
panel2,B,vardial2018/train,bra,L1,train:42158,anp_Deva
panel2,B,vardial2018/train,bra,L1,train:42201,awa_Deva
panel2,B,vardial2018/train,bra,L1,train:42232,bho_Deva
panel2,B,vardial2018/train,bra,L1,train:42252,hin_Deva
panel2,B,vardial2018/train,bra,L1,train:42287,hin_Deva
panel2,B,vardial2018/train,bra,L1,train:42300,hin_Deva
panel2,B,vardial2018/train,bra,L1,train:42337,hin_Deva
panel2,B,vardial2018/train,bra,L1,train:42355,hin_Deva
panel2,B,vardial2018/train,bra,L1,train:42356,hin_Deva
panel2,B,vardial2018/train,bra,L1,train:42407,hin_Deva
panel2,B,vardial2018/train,bra,L1,train:42430,hin_Deva
panel2,B,vardial2018/train,bra,L1,train:42445,hin_Deva
panel2,B,vardial2018/train,bra,L1,train:42463,awa_Deva
panel2,B,vardial2018/train,bra,L1,train:42482,anp_Deva
panel2,B,vardial2018/train,bra,L1,train:42530,hin_Deva
panel2,B,vardial2018/train,bra,L1,train:42536,bho_Deva
panel2,B,vardial2018/train,bra,L1,train:42572,mai_Deva
panel2,B,vardial2018/train,bra,L1,train:42599,awa_Deva
panel2,B,vardial2018/train,bra,L1,train:42612,hin_Deva
panel2,B,vardial2018/train,bra,L1,train:42642,hin_Deva
panel2,B,vardial2018/train,bra,L1,train:42815,hin_Deva
panel2,B,vardial2018/train,bra,L1,train:42899,doi_Deva
panel2,B,vardial2018/train,bra,L1,train:42912,hin_Deva
panel2,B,vardial2018/train,bra,L1,train:42914,hin_Deva
panel2,B,vardial2018/train,bra,L1,train:42920,mai_Deva
panel2,B,vardial2018/train,bra,L1,train:42922,mai_Deva
panel2,B,vardial2018/train,bra,L1,train:42947,hin_Deva
panel2,B,vardial2018/train,bra,L1,train:42963,hin_Deva
panel2,B,vardial2018/train,bra,L1,train:43006,hin_Deva
panel2,B,vardial2018/train,bra,L1,train:43021,hin_Deva
panel2,B,vardial2018/train,bra,L1,train:43090,hin_Deva
panel2,B,vardial2018/train,bra,L1,train:43101,awa_Deva
panel2,B,vardial2018/train,bra,L1,train:43130,anp_Deva
panel2,B,vardial2018/train,bra,L1,train:43176,anp_Deva
panel2,B,vardial2018/train,bra,L1,train:43315,anp_Deva
panel2,B,vardial2018/train,bra,L1,train:43362,hin_Deva
panel2,B,vardial2018/train,bra,L1,train:43419,hin_Deva
panel2,B,vardial2018/train,bra,L1,train:43441,mai_Deva
panel2,B,vardial2018/train,bra,L1,train:43507,hin_Deva
panel2,B,vardial2018/train,bra,L1,train:43566,hin_Deva
panel2,B,vardial2018/train,bra,L1,train:43581,awa_Deva
panel2,B,vardial2018/train,bra,L1,train:43629,hin_Deva
panel2,B,vardial2018/train,bra,L1,train:43648,hin_Deva
panel2,B,vardial2018/train,bra,L1,train:43678,hin_Deva
panel2,B,vardial2018/train,bra,L1,train:43739,awa_Deva
panel2,B,vardial2018/train,bra,L1,train:43805,awa_Deva
panel2,B,vardial2018/train,bra,L1,train:43861,mai_Deva
panel2,B,vardial2018/train,bra,L1,train:43894,hin_Deva
panel2,B,vardial2018/train,bra,L1,train:43953,anp_Deva
panel2,B,vardial2018/train,bra,L1,train:44043,hin_Deva
panel2,B,vardial2018/train,bra,L1,train:44051,awa_Deva
panel2,B,vardial2018/train,bra,L1,train:44094,hin_Deva
panel2,B,vardial2018/train,bra,L1,train:44129,anp_Deva
panel2,B,vardial2018/train,bra,L1,train:44152,anp_Deva
panel2,B,vardial2018/train,bra,L1,train:44325,hin_Deva
panel2,B,vardial2018/train,bra,L1,train:44327,mai_Deva
panel2,B,vardial2018/train,bra,L1,train:44331,npi_Deva
panel2,B,vardial2018/train,bra,L1,train:44400,new_Deva
panel2,B,vardial2018/train,bra,L1,train:44402,hin_Deva
panel2,B,vardial2018/train,bra,L1,train:44480,hin_Deva
panel2,B,vardial2018/train,bra,L1,train:44498,hin_Deva
panel2,B,vardial2018/train,bra,L1,train:44509,hin_Deva
panel2,B,vardial2018/train,bra,L1,train:44517,hin_Deva
panel2,B,vardial2018/train,bra,L1,train:44614,hin_Deva
panel2,B,vardial2018/train,bra,L1,train:44681,hin_Deva
panel2,B,vardial2018/train,bra,L1,train:44758,hin_Deva
panel2,B,vardial2018/train,bra,L1,train:44769,anp_Deva
panel2,B,vardial2018/train,bra,L1,train:44807,awa_Deva
panel2,B,vardial2018/train,bra,L1,train:44945,hin_Deva
panel2,B,vardial2018/train,bra,L1,train:44978,npi_Deva
panel2,B,vardial2018/train,bra,L1,train:45016,awa_Deva
panel2,B,vardial2018/train,bra,L1,train:45070,hin_Deva
panel2,B,vardial2018/train,bra,L1,train:45122,hin_Deva
panel2,B,vardial2018/train,bra,L1,train:45138,hin_Deva
panel2,B,vardial2018/train,bra,L1,train:45210,hin_Deva
panel2,B,vardial2018/train,bra,L1,train:45317,new_Deva
panel2,B,vardial2018/train,bra,L1,train:45334,san_Deva
panel2,B,vardial2018/train,bra,L1,train:45356,mai_Deva
panel2,B,vardial2018/train,bra,L1,train:45411,awa_Deva
panel2,B,vardial2018/train,bra,L1,train:45420,awa_Deva
panel2,B,vardial2018/train,bra,L1,train:45532,bho_Deva
panel2,B,vardial2018/train,bra,L1,train:45540,hin_Deva
panel2,B,vardial2018/train,bra,L1,train:45544,awa_Deva
panel2,B,vardial2018/train,bra,L1,train:45554,awa_Deva
panel2,B,vardial2018/train,bra,L1,train:45584,awa_Deva
panel2,B,vardial2018/train,bra,L1,train:45604,kas_Deva
panel2,B,vardial2018/train,bra,L1,train:45797,bho_Deva
panel2,B,vardial2018/train,bra,L1,train:45810,hin_Deva
panel2,B,vardial2018/train,bra,L1,train:45819,new_Deva
panel2,B,vardial2018/train,bra,L1,train:45855,hin_Deva
panel2,B,vardial2018/train,bra,L1,train:45890,hin_Deva
panel2,B,vardial2018/train,bra,L1,train:45902,hin_Deva
panel2,B,vardial2018/train,bra,L1,train:45949,hin_Deva
panel2,B,vardial2018/train,bra,L1,train:46104,awa_Deva
panel2,B,vardial2018/train,bra,L1,train:46137,mai_Deva
panel2,B,vardial2018/train,bra,L1,train:46162,awa_Deva
panel2,B,vardial2018/train,bra,L1,train:46179,hin_Deva
panel2,B,vardial2018/train,bra,L1,train:46205,hin_Deva
panel2,B,vardial2018/train,bra,L1,train:46259,hin_Deva
panel2,B,vardial2018/train,bra,L1,train:46265,hin_Deva
panel2,B,vardial2018/train,bra,L1,train:46281,hin_Deva
panel2,B,vardial2018/train,bra,L1,train:46386,awa_Deva
panel2,B,vardial2018/train,bra,L1,train:46416,awa_Deva
panel2,B,vardial2018/train,bra,L1,train:46418,hin_Deva
panel2,B,vardial2018/train,bra,L1,train:46421,hin_Deva
panel2,B,vardial2018/train,bra,L1,train:46431,hin_Deva
panel2,B,vardial2018/train,bra,L1,train:46497,hin_Deva
panel2,B,vardial2018/train,bra,L1,train:46546,awa_Deva
panel2,B,vardial2018/train,bra,L1,train:46585,anp_Deva
panel2,B,vardial2018/train,bra,L1,train:46629,hin_Deva
panel2,B,vardial2018/train,bra,L1,train:46830,awa_Deva
panel2,B,vardial2018/train,bra,L1,train:46852,hin_Deva
panel2,B,vardial2018/train,bra,L1,train:46887,awa_Deva
panel2,B,vardial2018/train,bra,L1,train:46898,hin_Deva
panel2,B,vardial2018/train,bra,L1,train:46925,anp_Deva
panel2,B,vardial2018/train,bra,L1,train:46931,awa_Deva
panel2,B,vardial2018/train,bra,L1,train:46962,anp_Deva
panel2,B,vardial2018/train,bra,L1,train:46973,hin_Deva
panel2,B,vardial2018/train,bra,L1,train:46979,hin_Deva
panel2,B,vardial2018/train,bra,L1,train:47030,hin_Deva
panel2,B,vardial2018/train,bra,L1,train:47070,anp_Deva
panel2,B,vardial2018/train,bra,L1,train:47079,hin_Deva
panel2,B,vardial2018/train,bra,L1,train:47087,awa_Deva
panel2,B,vardial2018/train,bra,L1,train:47100,hin_Deva
panel2,B,vardial2018/train,bra,L1,train:47119,kas_Deva
panel2,B,vardial2018/train,bra,L1,train:47166,hin_Deva
panel2,B,vardial2018/train,bra,L1,train:47171,awa_Deva
panel2,B,vardial2018/train,bra,L1,train:47183,hin_Deva
panel2,B,vardial2018/train,bra,L1,train:47203,hin_Deva
panel2,B,vardial2018/train,bra,L1,train:47217,mai_Deva
panel2,B,vardial2018/train,bra,L1,train:47310,bho_Deva
panel2,B,vardial2018/train,bra,L1,train:47465,hin_Deva
panel2,B,vardial2018/train,bra,L1,train:47547,awa_Deva
panel2,B,vardial2018/train,bra,L1,train:47560,awa_Deva
panel2,B,vardial2018/train,bra,L1,train:47627,awa_Deva
panel2,B,vardial2018/train,bra,L1,train:47740,kas_Deva
panel2,B,vardial2018/train,bra,L1,train:47779,anp_Deva
panel2,B,vardial2018/train,bra,L1,train:47781,hin_Deva
panel2,B,vardial2018/train,bra,L1,train:47812,awa_Deva
panel2,B,vardial2018/train,bra,L1,train:47836,awa_Deva
panel2,B,vardial2018/train,bra,L1,train:47850,hin_Deva
panel2,B,vardial2018/train,bra,L1,train:47863,hin_Deva
panel2,B,vardial2018/train,bra,L1,train:47874,doi_Deva
panel2,B,vardial2018/train,bra,L1,train:47918,hin_Deva
panel2,B,vardial2018/train,bra,L1,train:47981,hin_Deva
panel2,B,vardial2018/train,bra,L1,train:48003,anp_Deva
panel2,B,vardial2018/train,bra,L1,train:48017,anp_Deva
panel2,B,vardial2018/train,bra,L1,train:48038,hin_Deva
panel2,B,vardial2018/train,bra,L1,train:48040,hin_Deva
panel2,B,vardial2018/train,bra,L1,train:48048,hin_Deva
panel2,B,vardial2018/train,bra,L1,train:48082,awa_Deva
panel2,B,vardial2018/train,bra,L1,train:48087,hin_Deva
panel2,B,vardial2018/train,bra,L1,train:48097,hin_Deva
panel2,B,vardial2018/train,bra,L1,train:48157,hin_Deva
panel2,B,vardial2018/train,bra,L1,train:48197,hin_Deva
panel2,B,vardial2018/train,bra,L1,train:48211,awa_Deva
panel2,B,vardial2018/train,bra,L1,train:48224,hin_Deva
panel2,B,vardial2018/train,bra,L1,train:48268,hin_Deva
panel2,B,vardial2018/train,bra,L1,train:48347,mag_Deva
panel2,B,vardial2018/train,bra,L1,train:48352,hin_Deva
panel2,B,vardial2018/train,bra,L1,train:48353,hin_Deva
panel2,B,vardial2018/train,bra,L1,train:48360,anp_Deva
panel2,B,vardial2018/train,bra,L1,train:48361,doi_Deva
panel2,B,vardial2018/train,bra,L1,train:48366,hin_Deva
panel2,B,vardial2018/train,bra,L1,train:48369,hin_Deva
panel2,B,vardial2018/train,bra,L1,train:48375,anp_Deva
panel2,B,vardial2018/train,bra,L1,train:48383,hin_Deva
panel2,B,vardial2018/train,bra,L1,train:48446,hin_Deva
panel2,B,vardial2018/train,bra,L1,train:48463,mar_Deva
panel2,B,vardial2018/train,bra,L1,train:48503,hin_Deva
panel2,B,vardial2018/train,bra,L1,train:48517,hin_Deva
panel2,B,vardial2018/train,bra,L1,train:48553,bho_Deva
panel2,B,vardial2018/train,bra,L1,train:48593,hin_Deva
panel2,B,vardial2018/train,bra,L1,train:48617,mai_Deva
panel2,B,vardial2018/train,bra,L1,train:48653,hin_Deva
panel2,B,vardial2018/train,bra,L1,train:48708,hin_Deva
panel2,B,vardial2018/train,bra,L1,train:48713,hin_Deva
panel2,B,vardial2018/train,bra,L1,train:48714,hin_Deva
panel2,B,vardial2018/train,bra,L1,train:48728,hin_Deva
panel2,B,vardial2018/train,bra,L1,train:48814,hin_Deva
panel2,B,vardial2018/train,bra,L1,train:48835,hin_Deva
panel2,B,vardial2018/train,bra,L1,train:48842,hin_Deva
panel2,B,vardial2018/train,bra,L1,train:48859,awa_Deva
panel2,B,vardial2018/train,bra,L1,train:48938,awa_Deva
panel2,B,vardial2018/train,bra,L1,train:48940,hin_Deva
panel2,B,vardial2018/train,bra,L1,train:48960,hin_Deva
panel2,B,vardial2018/train,bra,L1,train:48961,doi_Deva
panel2,B,vardial2018/train,bra,L1,train:48991,hin_Deva
panel2,B,vardial2018/train,bra,L1,train:49025,awa_Deva
panel2,B,vardial2018/train,bra,L1,train:49047,hin_Deva
panel2,B,vardial2018/train,bra,L1,train:49103,awa_Deva
panel2,B,vardial2018/train,bra,L1,train:49183,hin_Deva
panel2,B,vardial2018/train,bra,L1,train:49239,anp_Deva
panel2,B,vardial2018/train,bra,L1,train:49293,hin_Deva
panel2,B,vardial2018/train,bra,L1,train:49318,hin_Deva
panel2,B,vardial2018/train,bra,L1,train:49320,hin_Deva
panel2,B,vardial2018/train,bra,L1,train:49346,new_Deva
panel2,B,vardial2018/train,bra,L1,train:49355,anp_Deva
panel2,B,vardial2018/train,bra,L1,train:49387,mar_Deva
panel2,B,vardial2018/train,bra,L1,train:49495,hin_Deva
panel2,B,vardial2018/train,bra,L1,train:49566,hin_Deva
panel2,B,vardial2018/train,bra,L1,train:49642,awa_Deva
panel2,B,vardial2018/train,bra,L1,train:49665,hin_Deva
panel2,B,vardial2018/train,bra,L1,train:49726,hin_Deva
panel2,B,vardial2018/train,bra,L1,train:49730,hin_Deva
panel2,B,vardial2018/train,bra,L1,train:49759,hin_Deva
panel2,B,vardial2018/train,bra,L1,train:49768,hin_Deva
panel2,B,vardial2018/train,bra,L1,train:49788,doi_Deva
panel2,B,vardial2018/train,bra,L1,train:49839,doi_Deva
panel2,B,vardial2018/train,bra,L1,train:49852,hin_Deva
panel2,B,vardial2018/train,bra,L1,train:49879,anp_Deva
panel2,B,vardial2018/train,bra,L1,train:49895,hin_Deva
panel2,B,vardial2018/train,bra,L1,train:49929,hin_Deva
panel2,B,vardial2018/train,bra,L1,train:49959,awa_Deva
panel2,B,vardial2018/train,bra,L1,train:49962,doi_Deva
panel2,B,vardial2018/train,bra,L1,train:49966,hin_Deva
panel2,B,vardial2018/train,bra,L1,train:49973,hin_Deva
panel2,B,vardial2018/train,bra,L1,train:50013,hin_Deva
panel2,B,vardial2018/train,bra,L1,train:50028,hin_Deva
panel2,B,vardial2018/train,bra,L1,train:50038,awa_Deva
panel2,B,vardial2018/train,bra,L1,train:50044,hin_Deva
panel2,B,vardial2018/train,bra,L1,train:50062,hin_Deva
panel2,B,vardial2018/train,bra,L1,train:50105,anp_Deva
panel2,B,vardial2018/train,bra,L1,train:50108,hin_Deva
panel2,B,vardial2018/train,bra,L1,train:50137,new_Deva
panel2,B,vardial2018/train,bra,L1,train:50155,hin_Deva
panel2,B,vardial2018/train,bra,L1,train:50175,anp_Deva
panel2,B,vardial2018/train,bra,L1,train:50225,hin_Deva
panel2,B,vardial2018/train,bra,L1,train:50233,hin_Deva
panel2,B,vardial2018/train,bra,L1,train:50258,mai_Deva
panel2,B,vardial2018/train,bra,L1,train:50354,hin_Deva
panel2,B,vardial2018/train,bra,L1,train:50370,hin_Deva
panel2,B,vardial2018/train,bra,L1,train:50441,hin_Deva
panel2,B,vardial2018/train,bra,L1,train:50581,awa_Deva
panel2,B,vardial2018/train,bra,L1,train:50593,anp_Deva
panel2,B,vardial2018/train,bra,L1,train:50598,hin_Deva
panel2,B,vardial2018/train,bra,L1,train:50604,new_Deva
panel2,B,vardial2018/train,bra,L1,train:50605,hin_Deva
panel2,B,vardial2018/train,bra,L1,train:50681,awa_Deva
panel2,B,vardial2018/train,bra,L1,train:50753,awa_Deva
panel2,B,vardial2018/train,bra,L1,train:50769,npi_Deva
panel2,B,vardial2018/train,bra,L1,train:50866,awa_Deva
panel2,B,vardial2018/train,bra,L1,train:50940,mai_Deva
panel2,B,vardial2018/train,bra,L1,train:50944,hin_Deva
panel2,B,vardial2018/train,bra,L1,train:50956,hin_Deva
panel2,B,vardial2018/train,bra,L1,train:51012,awa_Deva
panel2,B,vardial2018/train,bra,L1,train:51018,hin_Deva
panel2,B,vardial2018/train,bra,L1,train:51050,hin_Deva
panel2,B,vardial2018/train,bra,L1,train:51093,anp_Deva
panel2,B,vardial2018/train,bra,L1,train:51119,anp_Deva
panel2,B,vardial2018/train,bra,L1,train:51137,bho_Deva
panel2,B,vardial2018/train,bra,L1,train:51148,awa_Deva
panel2,B,vardial2018/train,bra,L1,train:51184,hin_Deva
panel2,B,vardial2018/train,bra,L1,train:51197,hin_Deva
panel2,B,vardial2018/train,bra,L1,train:51206,mai_Deva
panel2,B,vardial2018/train,bra,L1,train:51224,awa_Deva
panel2,B,vardial2018/train,bra,L1,train:51251,hin_Deva
panel2,B,vardial2018/train,bra,L1,train:51261,hin_Deva
panel2,B,vardial2018/train,bra,L1,train:51364,awa_Deva
panel2,B,vardial2018/train,bra,L1,train:51375,awa_Deva
panel2,B,vardial2018/train,bra,L1,train:51395,awa_Deva
panel2,B,vardial2018/train,bra,L1,train:51414,anp_Deva
panel2,B,vardial2018/train,bra,L1,train:51429,doi_Deva
panel2,B,vardial2018/train,bra,L1,train:51440,hin_Deva
panel2,B,vardial2018/train,bra,L1,train:51476,hin_Deva
panel2,B,vardial2018/train,bra,L1,train:51480,hin_Deva
panel2,B,vardial2018/train,bra,L1,train:51481,awa_Deva
panel2,B,vardial2018/train,bra,L1,train:51530,hin_Deva
panel2,B,vardial2018/train,bra,L1,train:51633,hin_Deva
panel2,B,vardial2018/train,bra,L1,train:51659,doi_Deva
panel2,B,vardial2018/train,bra,L1,train:51669,bho_Deva
panel2,B,vardial2018/train,bra,L1,train:51701,hin_Deva
panel2,B,vardial2018/train,bra,L1,train:51753,hin_Deva
panel2,B,vardial2018/train,bra,L1,train:51780,bho_Deva
panel2,B,vardial2018/train,bra,L1,train:51821,hin_Deva
panel2,B,vardial2018/train,bra,L1,train:51835,hin_Deva
panel2,B,vardial2018/train,bra,L1,train:51870,anp_Deva
panel2,B,vardial2018/train,bra,L1,train:51872,awa_Deva
panel2,B,vardial2018/train,bra,L1,train:51916,new_Deva
panel2,B,vardial2018/train,bra,L1,train:52015,hin_Deva
panel2,B,vardial2018/train,bra,L1,train:52062,anp_Deva
panel2,B,vardial2018/train,bra,L1,train:52067,awa_Deva
panel2,B,vardial2018/train,bra,L1,train:52086,awa_Deva
panel2,B,vardial2018/train,bra,L1,train:52102,hin_Deva
panel2,B,vardial2018/train,bra,L1,train:52206,hin_Deva
panel2,B,vardial2018/train,bra,L1,train:52222,hin_Deva
panel2,B,vardial2018/train,bra,L1,train:52258,hin_Deva
panel2,B,vardial2018/train,bra,L1,train:52362,hin_Deva
panel2,B,vardial2018/train,bra,L1,train:52363,hin_Deva
panel2,B,vardial2018/train,bra,L1,train:52407,awa_Deva
panel2,B,vardial2018/train,bra,L1,train:52456,hin_Deva
panel2,B,vardial2018/train,bra,L1,train:52461,bho_Deva
panel2,B,vardial2018/train,bra,L1,train:52485,anp_Deva
panel2,B,vardial2018/train,bra,L1,train:52525,awa_Deva
panel2,B,vardial2018/train,bra,L1,train:52576,hin_Deva
panel2,B,vardial2018/train,bra,L1,train:52577,mai_Deva
panel2,B,vardial2018/train,bra,L1,train:52621,hin_Deva
panel2,B,vardial2018/train,bra,L1,train:52623,awa_Deva
panel2,B,vardial2018/train,bra,L1,train:52627,hin_Deva
panel2,B,vardial2018/train,bra,L1,train:52642,anp_Deva
panel2,B,vardial2018/train,bra,L1,train:52676,awa_Deva
panel2,B,vardial2018/train,bra,L1,train:52682,anp_Deva
panel2,B,vardial2018/train,bra,L1,train:52784,hin_Deva
panel2,B,vardial2018/train,bra,L1,train:52808,awa_Deva
panel2,B,vardial2018/train,bra,L1,train:52816,hin_Deva
panel2,B,vardial2018/train,bra,L1,train:52817,awa_Deva
panel2,B,vardial2018/train,bra,L1,train:52833,bho_Deva
panel2,B,vardial2018/train,bra,L1,train:52856,awa_Deva
panel2,B,vardial2018/train,bra,L1,train:52883,anp_Deva
panel2,B,vardial2018/train,bra,L1,train:52899,hin_Deva
panel2,B,vardial2018/train,bra,L1,train:52940,anp_Deva
panel2,B,vardial2018/train,bra,L1,train:52971,mai_Deva
panel2,B,vardial2018/train,bra,L1,train:53018,hin_Deva
panel2,B,vardial2018/train,bra,L1,train:53033,awa_Deva
panel2,B,vardial2018/train,bra,L1,train:53129,mai_Deva
panel2,B,vardial2018/train,bra,L1,train:53298,hin_Deva
panel2,B,vardial2018/train,bra,L1,train:53385,anp_Deva
panel2,B,vardial2018/train,bra,L1,train:53412,hin_Deva
panel2,B,vardial2018/train,bra,L1,train:53463,hin_Deva
panel2,B,vardial2018/train,bra,L1,train:53542,awa_Deva
panel2,B,vardial2018/train,bra,L1,train:53595,hin_Deva
panel2,B,vardial2018/train,bra,L1,train:53610,awa_Deva
panel2,B,vardial2018/train,bra,L1,train:53618,awa_Deva
panel2,B,vardial2018/train,bra,L1,train:53629,hin_Deva
panel2,B,vardial2018/train,bra,L1,train:53637,hin_Deva
panel2,B,vardial2018/train,bra,L1,train:53664,anp_Deva
panel2,B,vardial2018/train,bra,L1,train:53666,bho_Deva
panel2,B,vardial2018/train,bra,L1,train:53681,anp_Deva
panel2,B,vardial2018/train,bra,L1,train:53693,hin_Deva
panel2,B,vardial2018/train,bra,L1,train:53715,hin_Deva
panel2,B,vardial2018/train,bra,L1,train:53740,mai_Deva
panel2,B,vardial2018/train,bra,L1,train:53757,hin_Deva
panel2,B,vardial2018/train,bra,L1,train:53820,bho_Deva
panel2,B,vardial2018/train,bra,L1,train:53835,hin_Deva
panel2,B,vardial2018/train,bra,L1,train:53893,awa_Deva
panel2,B,vardial2018/train,bra,L1,train:53904,hin_Deva
panel2,B,vardial2018/train,bra,L1,train:53940,awa_Deva
panel2,B,vardial2018/train,bra,L1,train:53943,hin_Deva
panel2,B,vardial2018/train,bra,L1,train:53944,hin_Deva
panel2,B,vardial2018/train,bra,L1,train:53957,hin_Deva
panel2,B,vardial2018/train,bra,L1,train:54014,anp_Deva
panel2,B,vardial2018/train,bra,L1,train:54082,mai_Deva
panel2,B,vardial2018/train,bra,L1,train:54192,hin_Deva
panel2,B,vardial2018/train,bra,L1,train:54297,doi_Deva
panel2,B,vardial2018/train,bra,L1,train:54339,hin_Deva
panel2,B,vardial2018/train,bra,L1,train:54389,hin_Deva
panel2,B,vardial2018/train,bra,L1,train:54394,hin_Deva
panel2,B,vardial2018/train,bra,L1,train:54396,hin_Deva
panel2,B,vardial2018/train,bra,L1,train:54398,hin_Deva
panel2,B,vardial2018/train,bra,L1,train:54400,hin_Deva
panel2,B,vardial2018/train,bra,L1,train:54417,hin_Deva
panel2,B,vardial2018/train,bra,L1,train:54449,hin_Deva
panel2,B,vardial2018/train,bra,L1,train:54454,hin_Deva
panel2,B,vardial2018/train,bra,L1,train:54533,mai_Deva
panel2,B,vardial2018/train,bra,L1,train:54549,hin_Deva
panel2,B,vardial2018/train,bra,L1,train:54550,hin_Deva
panel2,B,vardial2018/train,bra,L1,train:54747,hin_Deva
panel2,B,vardial2018/train,bra,L1,train:54752,awa_Deva
panel2,B,vardial2018/train,bra,L1,train:54810,awa_Deva
panel2,B,vardial2018/train,bra,L1,train:54816,awa_Deva
panel2,B,vardial2018/train,bra,L1,train:54835,awa_Deva
panel2,B,vardial2018/train,bra,L1,train:54853,awa_Deva
panel2,B,vardial2018/train,bra,L1,train:54858,hin_Deva
panel2,B,vardial2018/train,bra,L1,train:54909,awa_Deva
panel2,B,vardial2018/train,bra,L1,train:54947,doi_Deva
panel2,B,vardial2018/train,bra,L1,train:54988,hin_Deva
panel2,B,vardial2018/train,bra,L1,train:55021,hin_Deva
panel2,B,vardial2018/train,bra,L1,train:55033,new_Deva
panel2,B,vardial2018/train,bra,L1,train:55036,bho_Deva
panel2,B,vardial2018/train,bra,L1,train:55054,awa_Deva
panel2,B,vardial2018/train,bra,L1,train:55084,hin_Deva
panel2,B,vardial2018/train,bra,L1,train:55085,awa_Deva
panel2,B,vardial2018/train,bra,L1,train:55097,hin_Deva
panel2,B,vardial2018/train,bra,L1,train:55179,doi_Deva
panel2,B,vardial2018/train,bra,L1,train:55183,bho_Deva
panel2,B,vardial2018/train,bra,L1,train:55287,awa_Deva
panel2,B,vardial2018/train,bra,L1,train:55289,awa_Deva
panel2,B,vardial2018/train,bra,L1,train:55342,awa_Deva
panel2,B,vardial2018/train,bra,L1,train:55402,anp_Deva
panel2,B,vardial2018/train,bra,L1,train:55403,hin_Deva
panel2,B,vardial2018/train,bra,L1,train:55421,doi_Deva
panel2,B,vardial2018/train,bra,L1,train:55475,hin_Deva
panel2,B,vardial2018/train,bra,L1,train:55562,hin_Deva
panel2,B,vardial2018/train,bra,L1,train:55605,awa_Deva
panel2,B,vardial2018/train,bra,L1,train:55676,hin_Deva
panel2,B,vardial2018/train,bra,L1,train:55687,hin_Deva
panel2,B,vardial2018/train,bra,L1,train:55700,hin_Deva
panel2,B,vardial2018/train,bra,L1,train:55735,hin_Deva
panel2,B,vardial2018/train,bra,L1,train:55763,hin_Deva
panel2,B,vardial2018/train,bra,L1,train:55794,npi_Deva
panel2,B,vardial2018/train,bra,L1,train:55795,hin_Deva
panel2,B,vardial2018/train,bra,L1,train:55862,hin_Deva
panel2,B,vardial2018/train,bra,L1,train:55872,hin_Deva
panel2,B,vardial2018/train,bra,L1,train:55885,hin_Deva
panel2,B,vardial2018/train,bra,L1,train:55986,hin_Deva
panel2,B,vardial2018/train,bra,L1,train:56013,hin_Deva
panel2,B,vardial2018/train,bra,L1,train:56077,awa_Deva
panel2,B,vardial2018/train,bra,L1,train:56085,hin_Deva
panel2,B,vardial2018/train,bra,L1,train:56118,hin_Deva
panel2,B,vardial2018/train,bra,L1,train:56123,hin_Deva
panel2,B,vardial2018/train,bra,L1,train:56209,hin_Deva
panel2,B,vardial2018/train,bra,L1,train:56355,hin_Deva
panel2,B,vardial2018/train,bra,L1,train:56372,awa_Deva
panel2,B,vardial2018/train,bra,L1,train:56513,hin_Deva
panel2,B,vardial2018/train,bra,L1,train:56565,awa_Deva
panel2,B,vardial2018/train,bra,L1,train:56579,hin_Deva
panel2,B,vardial2018/train,bra,L1,train:56676,bho_Deva
panel2,B,vardial2018/train,bra,L1,train:56708,hin_Deva
panel2,B,vardial2018/train,bra,L1,train:56774,anp_Deva
panel2,B,vardial2018/train,bra,L1,train:56789,bho_Deva
panel2,B,vardial2018/train,bra,L1,train:56813,mai_Deva
panel2,B,vardial2018/train,bra,L1,train:56883,hin_Deva
panel2,B,vardial2018/train,bra,L1,train:56926,bho_Deva
panel2,B,vardial2018/train,bra,L1,train:56935,hin_Deva
panel2,B,vardial2018/train,bra,L1,train:56944,bho_Deva
panel2,B,vardial2018/train,bra,L1,train:56964,hin_Deva
panel2,B,vardial2018/train,bra,L1,train:56980,hin_Deva
panel2,B,vardial2018/train,bra,L1,train:57031,hin_Deva
panel2,B,vardial2018/train,bra,L1,train:57063,bho_Deva
panel2,B,vardial2018/train,bra,L1,train:57070,hin_Deva
panel2,B,vardial2018/train,bra,L1,train:57073,hin_Deva
panel2,B,vardial2018/train,bra,L1,train:57078,mai_Deva
panel2,B,vardial2018/train,bra,L1,train:57099,anp_Deva
panel2,B,vardial2018/train,bra,L1,train:57178,mai_Deva
panel2,B,vardial2018/train,bra,L1,train:57190,hin_Deva
panel2,B,vardial2018/train,bra,L1,train:57199,anp_Deva
panel2,B,vardial2018/train,bra,L1,train:57242,hin_Deva
panel2,B,vardial2018/train,bra,L1,train:57301,awa_Deva
panel2,B,vardial2018/train,bra,L1,train:57420,hin_Deva
panel2,B,vardial2018/train,bra,L1,train:57424,hin_Deva
panel2,B,vardial2018/train,bra,L1,train:57453,awa_Deva
panel2,B,vardial2018/train,bra,L1,train:57461,awa_Deva
panel2,B,vardial2018/train,bra,L1,train:57551,hin_Deva
panel2,B,vardial2018/train,bra,L1,train:57577,hin_Deva
panel2,B,vardial2018/train,bra,L1,train:57590,hin_Deva
panel2,B,vardial2018/train,bra,L1,train:57600,hin_Deva
panel2,B,vardial2018/train,bra,L1,train:57662,npi_Deva
panel2,B,vardial2018/train,bra,L1,train:57712,new_Deva
panel2,B,vardial2018/train,bra,L1,train:57714,hin_Deva
panel2,B,vardial2018/train,bra,L1,train:57758,awa_Deva
panel2,B,vardial2018/train,bra,L1,train:57774,awa_Deva
panel2,B,vardial2018/train,bra,L1,train:57804,awa_Deva
panel2,B,vardial2018/train,bra,L1,train:57815,hin_Deva
panel2,B,vardial2018/train,bra,L1,train:57883,hin_Deva
panel2,B,vardial2018/train,bra,L1,train:57903,hin_Deva
panel2,B,vardial2018/train,bra,L1,train:57909,hin_Deva
panel2,B,vardial2018/train,bra,L1,train:58008,hin_Deva
panel2,B,vardial2018/train,bra,L1,train:58074,hin_Deva
panel2,B,vardial2018/train,bra,L1,train:58080,hin_Deva
panel2,B,vardial2018/train,bra,L1,train:58110,mai_Deva
panel2,B,vardial2018/train,bra,L1,train:58122,doi_Deva
panel2,B,vardial2018/train,bra,L1,train:58124,hin_Deva
panel2,B,vardial2018/train,bra,L1,train:58182,anp_Deva
panel2,B,vardial2018/train,bra,L1,train:58229,hin_Deva
panel2,B,vardial2018/train,bra,L1,train:58244,hin_Deva
panel2,B,vardial2018/train,bra,L1,train:58248,hin_Deva
panel2,B,vardial2018/train,bra,L1,train:58261,hin_Deva
panel2,B,vardial2018/train,bra,L1,train:58310,bho_Deva
panel2,B,vardial2018/train,bra,L1,train:58316,anp_Deva
panel2,B,vardial2018/train,bra,L1,train:58330,hin_Deva
panel2,B,vardial2018/train,bra,L1,train:58370,hin_Deva
panel2,B,vardial2018/train,bra,L1,train:58392,new_Deva
panel2,B,vardial2018/train,bra,L1,train:58408,awa_Deva
panel2,B,vardial2018/train,bra,L1,train:58413,awa_Deva
panel2,B,vardial2018/train,bra,L1,train:58440,hin_Deva
panel2,B,vardial2018/train,bra,L1,train:58500,hin_Deva
panel2,B,vardial2018/train,bra,L1,train:58518,anp_Deva
panel2,B,vardial2018/train,bra,L1,train:58538,doi_Deva
panel2,B,vardial2018/train,bra,L1,train:58541,new_Deva
panel2,B,vardial2018/train,bra,L1,train:58548,awa_Deva
panel2,B,vardial2018/train,bra,L1,train:58570,awa_Deva
panel2,B,vardial2018/train,bra,L1,train:58636,hin_Deva
panel2,B,vardial2018/train,bra,L1,train:58649,bho_Deva
panel2,B,vardial2018/train,bra,L1,train:58668,hin_Deva
panel2,B,vardial2018/train,bra,L1,train:58697,hin_Deva
panel2,B,vardial2018/train,bra,L1,train:58737,awa_Deva
panel2,B,vardial2018/train,bra,L1,train:58741,hin_Deva
panel2,B,vardial2018/train,bra,L1,train:58749,hin_Deva
panel2,B,vardial2018/train,bra,L1,train:58777,suz_Deva
panel2,B,vardial2018/train,bra,L1,train:58786,anp_Deva
panel2,B,vardial2018/train,bra,L1,train:58901,awa_Deva
panel2,B,vardial2018/train,bra,L1,train:58957,awa_Deva
panel2,B,vardial2018/train,bra,L1,train:58969,hin_Deva
panel2,B,vardial2018/train,bra,L1,train:59041,hin_Deva
panel2,B,vardial2018/train,bra,L1,train:59042,hin_Deva
panel2,B,vardial2018/train,bra,L1,train:59164,awa_Deva
panel2,B,vardial2018/train,bra,L1,train:59223,hin_Deva
panel2,B,vardial2018/train,bra,L1,train:59341,hin_Deva
panel2,B,vardial2018/train,bra,L1,train:59348,hin_Deva
panel2,B,vardial2018/train,bra,L1,train:59426,mai_Deva
panel2,B,vardial2018/train,bra,L1,train:59490,hin_Deva
panel2,B,vardial2018/train,bra,L1,train:59492,hin_Deva
panel2,B,vardial2018/train,bra,L1,train:59511,awa_Deva
panel2,B,vardial2018/train,bra,L1,train:59540,awa_Deva
panel2,B,vardial2018/train,bra,L1,train:59598,awa_Deva
panel2,B,vardial2018/train,bra,L1,train:59669,mai_Deva
panel2,B,vardial2018/train,bra,L1,train:59675,hin_Deva
panel2,B,vardial2018/train,bra,L1,train:59731,hin_Deva
panel2,B,vardial2018/train,bra,L1,train:59745,mai_Deva
panel2,B,vardial2018/train,bra,L1,train:59793,hin_Deva
panel2,B,vardial2018/train,bra,L1,train:59895,doi_Deva
panel2,B,vardial2018/train,bra,L1,train:60027,anp_Deva
panel2,B,vardial2018/train,bra,L1,train:60038,awa_Deva
panel2,B,vardial2018/train,bra,L1,train:60100,hin_Deva
panel2,B,vardial2018/train,bra,L1,train:60157,hin_Deva
panel2,B,vardial2018/train,bra,L1,train:60180,hin_Deva
panel2,B,vardial2018/train,bra,L1,train:60353,mai_Deva
panel2,B,vardial2018/train,bra,L1,train:60458,kle_Deva
panel2,B,vardial2018/train,bra,L1,train:60462,hin_Deva
panel2,B,vardial2018/train,bra,L1,train:60498,kas_Deva
panel2,B,vardial2018/train,bra,L1,train:60556,doi_Deva
panel2,B,vardial2018/train,bra,L1,train:60557,hin_Deva
panel2,B,vardial2018/train,bra,L1,train:60603,hin_Deva
panel2,B,vardial2018/train,bra,L1,train:60663,anp_Deva
panel2,B,vardial2018/train,bra,L1,train:60665,awa_Deva
panel2,B,vardial2018/train,bra,L1,train:60703,hin_Deva
panel2,B,vardial2018/train,bra,L1,train:60742,kas_Deva
panel2,B,vardial2018/train,bra,L1,train:60823,hin_Deva
panel2,B,vardial2018/train,bra,L1,train:60828,awa_Deva
panel2,B,vardial2018/train,bra,L1,train:60992,hin_Deva
panel2,B,vardial2018/train,bra,L1,train:61028,hin_Deva
panel2,B,vardial2018/train,bra,L1,train:61052,awa_Deva
panel2,B,vardial2018/train,bra,L1,train:61065,hin_Deva
panel2,B,vardial2018/train,bra,L1,train:61105,bho_Deva
panel2,B,vardial2018/train,bra,L1,train:61126,awa_Deva
panel2,B,vardial2018/train,bra,L1,train:61195,hin_Deva
panel2,B,vardial2018/train,bra,L1,train:61226,anp_Deva
panel2,B,vardial2018/train,bra,L1,train:61292,hin_Deva
panel2,B,vardial2018/train,bra,L1,train:61293,awa_Deva
panel2,B,vardial2018/train,bra,L1,train:61296,awa_Deva
panel2,B,vardial2018/train,bra,L1,train:61309,hin_Deva
panel2,B,vardial2018/train,bra,L1,train:61394,hin_Deva
panel2,B,vardial2018/train,bra,L1,train:61407,hin_Deva
panel2,B,vardial2018/train,bra,L1,train:61431,anp_Deva
panel2,B,vardial2018/train,bra,L1,train:61441,hin_Deva
panel2,B,vardial2018/train,bra,L1,train:61449,awa_Deva
panel2,B,vardial2018/train,bra,L1,train:61458,mai_Deva
panel2,B,vardial2018/train,bra,L1,train:61466,awa_Deva
panel2,B,vardial2018/train,bra,L1,train:61471,hin_Deva
panel2,B,vardial2018/train,bra,L1,train:61483,anp_Deva
panel2,B,vardial2018/train,bra,L1,train:61545,hin_Deva
panel2,B,vardial2018/train,bra,L1,train:61569,awa_Deva
panel2,B,vardial2018/train,bra,L1,train:61577,hin_Deva
panel2,B,vardial2018/train,bra,L1,train:61598,hin_Deva
panel2,B,vardial2018/train,bra,L1,train:61614,hin_Deva
panel2,B,vardial2018/train,bra,L1,train:61629,awa_Deva
panel2,B,vardial2018/train,bra,L1,train:61648,doi_Deva
panel2,B,vardial2018/train,bra,L1,train:61689,hin_Deva
panel2,B,vardial2018/train,bra,L1,train:61735,hin_Deva
panel2,B,vardial2018/train,bra,L1,train:61767,hin_Deva
panel2,B,vardial2018/train,bra,L1,train:61772,hin_Deva
panel2,B,vardial2018/train,bra,L1,train:61802,mai_Deva
panel2,B,vardial2018/train,bra,L1,train:61858,hin_Deva
panel2,B,vardial2018/train,bra,L1,train:61880,hin_Deva
panel2,B,vardial2018/train,bra,L1,train:61883,hin_Deva
panel2,B,vardial2018/train,bra,L1,train:61934,hin_Deva
panel2,B,vardial2018/train,bra,L1,train:61939,hin_Deva
panel2,B,vardial2018/train,bra,L1,train:62071,mai_Deva
panel2,B,vardial2018/train,bra,L1,train:62106,hin_Deva
panel2,B,vardial2018/train,bra,L1,train:62148,awa_Deva
panel2,B,vardial2018/train,bra,L1,train:62178,hin_Deva
panel2,B,vardial2018/train,bra,L1,train:62230,hin_Deva
panel2,B,vardial2018/train,bra,L1,train:62303,mag_Deva
panel2,B,vardial2018/train,bra,L1,train:62314,hin_Deva
panel2,B,vardial2018/train,bra,L1,train:62328,anp_Deva
panel2,B,vardial2018/train,bra,L1,train:62350,kas_Deva
panel2,B,vardial2018/train,bra,L1,train:62361,awa_Deva
panel2,B,vardial2018/train,bra,L1,train:62451,mai_Deva
panel2,B,vardial2018/train,bra,L1,train:62498,awa_Deva
panel2,B,vardial2018/train,bra,L1,train:62501,hin_Deva
panel2,B,vardial2018/train,bra,L1,train:62528,mai_Deva
panel2,B,vardial2018/train,bra,L1,train:62555,mai_Deva
panel2,B,vardial2018/train,bra,L1,train:62585,hin_Deva
panel2,B,vardial2018/train,bra,L1,train:62631,awa_Deva
panel2,B,vardial2018/train,bra,L1,train:62710,awa_Deva
panel2,B,vardial2018/train,bra,L1,train:62813,mai_Deva
panel2,B,vardial2018/train,bra,L1,train:62815,anp_Deva
panel2,B,vardial2018/train,bra,L1,train:62820,hin_Deva
panel2,B,vardial2018/train,bra,L1,train:62823,hin_Deva
panel2,B,vardial2018/train,bra,L1,train:62829,hin_Deva
panel2,B,vardial2018/train,bra,L1,train:62950,brx_Deva
panel2,B,vardial2018/train,bra,L1,train:62960,hin_Deva
panel2,B,vardial2018/train,bra,L1,train:62982,hin_Deva
panel2,B,vardial2018/train,bra,L1,train:62986,hin_Deva
panel2,B,vardial2018/train,bra,L1,train:63138,hin_Deva
panel2,B,vardial2018/train,bra,L1,train:63145,hin_Deva
panel2,B,vardial2018/train,bra,L1,train:63148,npi_Deva
panel2,B,vardial2018/train,bra,L1,train:63184,awa_Deva
panel2,B,vardial2018/train,bra,L1,train:63185,hin_Deva
panel2,B,vardial2018/train,bra,L1,train:63210,hin_Deva
panel2,B,vardial2018/train,bra,L1,train:63240,awa_Deva
panel2,B,vardial2018/train,bra,L1,train:63288,hin_Deva
panel2,B,vardial2018/train,bra,L1,train:63351,hin_Deva
panel2,B,vardial2018/train,bra,L1,train:63362,npi_Deva
panel2,B,vardial2018/train,bra,L1,train:63364,hin_Deva
panel2,B,vardial2018/train,bra,L1,train:63369,hin_Deva
panel2,B,vardial2018/train,bra,L1,train:63461,hin_Deva
panel2,B,vardial2018/train,bra,L1,train:63585,nwx_Deva
panel2,B,vardial2018/train,bra,L1,train:63593,awa_Deva
panel2,B,vardial2018/train,bra,L1,train:63615,hin_Deva
panel2,B,vardial2018/train,bra,L1,train:63632,hin_Deva
panel2,B,vardial2018/train,bra,L1,train:63635,hin_Deva
panel2,B,vardial2018/train,bra,L1,train:63657,awa_Deva
panel2,B,vardial2018/train,bra,L1,train:63696,hin_Deva
panel2,B,vardial2018/train,bra,L1,train:63729,hin_Deva
panel2,B,vardial2018/train,bra,L1,train:63746,anp_Deva
panel2,B,vardial2018/train,bra,L1,train:63898,bho_Deva
panel2,B,vardial2018/train,bra,L1,train:63958,hin_Deva
panel2,B,vardial2018/train,bra,L1,train:63960,hin_Deva
panel2,B,vardial2018/train,bra,L1,train:63979,anp_Deva
panel2,B,vardial2018/train,bra,L1,train:63988,hin_Deva
panel2,B,vardial2018/train,bra,L1,train:64015,hin_Deva
panel2,B,vardial2018/train,bra,L1,train:64028,hin_Deva
panel2,B,vardial2018/train,bra,L1,train:64059,hin_Deva
panel2,B,vardial2018/train,bra,L1,train:64114,mag_Deva
panel2,B,vardial2018/train,bra,L1,train:64117,hin_Deva
panel2,B,vardial2018/train,bra,L1,train:64134,bho_Deva
panel2,B,vardial2018/train,bra,L1,train:64168,hin_Deva
panel2,B,vardial2018/train,bra,L1,train:64196,hin_Deva
panel2,B,vardial2018/train,bra,L1,train:64240,hin_Deva
panel2,B,vardial2018/train,bra,L1,train:64254,new_Deva
panel2,B,vardial2018/train,bra,L1,train:64258,anp_Deva
panel2,B,vardial2018/train,bra,L1,train:64273,kas_Deva
panel2,B,vardial2018/train,bra,L1,train:64277,awa_Deva
panel2,B,vardial2018/train,bra,L1,train:64306,awa_Deva
panel2,B,vardial2018/train,bra,L1,train:64363,awa_Deva
panel2,B,vardial2018/train,bra,L1,train:64451,san_Deva
panel2,B,vardial2018/train,bra,L1,train:64483,hin_Deva
panel2,B,vardial2018/train,bra,L1,train:64487,hin_Deva
panel2,B,vardial2018/train,bra,L1,train:64491,hin_Deva
panel2,B,vardial2018/train,bra,L1,train:64612,hin_Deva
panel2,B,vardial2018/train,bra,L1,train:64636,hin_Deva
panel2,B,vardial2018/train,bra,L1,train:64702,hin_Deva
panel2,B,vardial2018/train,bra,L1,train:64709,hin_Deva
panel2,B,vardial2018/train,bra,L1,train:64729,anp_Deva
panel2,B,vardial2018/train,bra,L1,train:64738,hin_Deva
panel2,B,vardial2018/train,bra,L1,train:64768,hin_Deva
panel2,B,vardial2018/train,bra,L1,train:64820,awa_Deva
panel2,B,vardial2018/train,bra,L1,train:64908,hin_Deva
panel2,B,vardial2018/train,bra,L1,train:64966,doi_Deva
panel2,B,vardial2018/train,bra,L1,train:64973,awa_Deva
panel2,B,vardial2018/train,bra,L1,train:65021,hin_Deva
panel2,B,vardial2018/train,bra,L1,train:65050,mar_Deva
panel2,B,vardial2018/train,bra,L1,train:65051,awa_Deva
panel2,B,vardial2018/train,bra,L1,train:65065,awa_Deva
panel2,B,vardial2018/train,bra,L1,train:65235,ghe_Deva
panel2,B,vardial2018/train,bra,L1,train:65238,hin_Deva
panel2,B,vardial2018/train,bra,L1,train:65258,awa_Deva
panel2,B,vardial2018/train,bra,L1,train:65269,awa_Deva
panel2,B,vardial2018/train,bra,L1,train:65297,hin_Deva
panel2,B,vardial2018/train,bra,L1,train:65409,hin_Deva
panel2,B,vardial2018/train,bra,L1,train:65425,hin_Deva
panel2,B,vardial2018/train,bra,L1,train:65440,hin_Deva
panel2,B,vardial2018/train,bra,L1,train:65446,hin_Deva
panel2,B,vardial2018/train,bra,L1,train:65539,doi_Deva
panel2,B,vardial2018/train,bra,L1,train:65557,awa_Deva
panel2,B,vardial2018/train,bra,L1,train:65570,hin_Deva
panel2,B,vardial2018/train,bra,L1,train:65668,awa_Deva
panel2,B,vardial2018/train,bra,L1,train:65685,anp_Deva
panel2,B,vardial2018/train,bra,L1,train:65701,hin_Deva
panel2,B,vardial2018/train,bra,L1,train:65725,hin_Deva
panel2,B,vardial2018/train,bra,L1,train:65727,doi_Deva
panel2,B,vardial2018/train,bra,L1,train:65728,hin_Deva
panel2,B,vardial2018/train,bra,L1,train:65743,hin_Deva
panel2,B,vardial2018/train,bra,L1,train:65801,new_Deva
panel2,B,vardial2018/train,bra,L1,train:65816,hin_Deva
panel2,B,vardial2018/train,bra,L1,train:65867,hin_Deva
panel2,B,vardial2018/train,bra,L1,train:65930,hin_Deva
panel2,B,vardial2018/train,bra,L1,train:65975,hin_Deva
panel2,B,vardial2018/train,bra,L1,train:65983,anp_Deva
panel2,B,vardial2018/train,bra,L1,train:66013,mai_Deva
panel2,B,vardial2018/train,bra,L1,train:66061,hin_Deva
panel2,B,vardial2018/train,bra,L1,train:66070,hin_Deva
panel2,B,vardial2018/train,bra,L1,train:66095,awa_Deva
panel2,B,vardial2018/train,bra,L1,train:66100,hin_Deva
panel2,B,vardial2018/train,bra,L1,train:66121,bho_Deva
panel2,B,vardial2018/train,bra,L1,train:66124,hin_Deva
panel2,B,vardial2018/train,bra,L1,train:66133,hin_Deva
panel2,B,vardial2018/train,bra,L1,train:66222,hin_Deva
panel2,B,vardial2018/train,bra,L1,train:66226,hin_Deva
panel2,B,vardial2018/train,bra,L1,train:66243,awa_Deva
panel2,B,vardial2018/train,bra,L1,train:66255,hin_Deva
panel2,B,vardial2018/train,bra,L1,train:66297,hin_Deva
panel2,B,vardial2018/train,bra,L1,train:66321,anp_Deva
panel2,B,vardial2018/train,bra,L1,train:66396,hin_Deva
panel2,B,vardial2018/train,bra,L1,train:66399,anp_Deva
panel2,B,vardial2018/train,bra,L1,train:66444,awa_Deva
panel2,B,vardial2018/train,bra,L1,train:66499,anp_Deva
panel2,B,vardial2018/train,bra,L1,train:66508,hin_Deva
panel2,B,vardial2018/train,bra,L1,train:66534,awa_Deva
panel2,B,vardial2018/train,bra,L1,train:66559,mai_Deva
panel2,B,vardial2018/train,bra,L1,train:66588,doi_Deva
panel2,B,vardial2018/train,bra,L1,train:66613,hin_Deva
panel2,B,vardial2018/train,bra,L1,train:66669,hin_Deva
panel2,B,vardial2018/train,bra,L1,train:66676,hin_Deva
panel2,B,vardial2018/train,bra,L1,train:66715,hin_Deva
panel2,B,vardial2018/train,bra,L1,train:66734,hin_Deva
panel2,B,vardial2018/train,bra,L1,train:66747,hin_Deva
panel2,B,vardial2018/train,bra,L1,train:66758,hin_Deva
panel2,B,vardial2018/train,bra,L1,train:66813,anp_Deva
panel2,B,vardial2018/train,bra,L1,train:66823,awa_Deva
panel2,B,vardial2018/train,bra,L1,train:66835,awa_Deva
panel2,B,vardial2018/train,bra,L1,train:66875,anp_Deva
panel2,B,vardial2018/train,bra,L1,train:66897,hin_Deva
panel2,B,vardial2018/train,bra,L1,train:66909,hin_Deva
panel2,B,vardial2018/train,bra,L1,train:67022,awa_Deva
panel2,B,vardial2018/train,bra,L1,train:67069,anp_Deva
panel2,B,vardial2018/train,bra,L1,train:67129,awa_Deva
panel2,B,vardial2018/train,bra,L1,train:67148,awa_Deva
panel2,B,vardial2018/train,bra,L1,train:67229,hin_Deva
panel2,B,vardial2018/train,bra,L1,train:67252,hin_Deva
panel2,B,vardial2018/train,bra,L1,train:67256,hin_Deva
panel2,B,vardial2018/train,bra,L1,train:67279,awa_Deva
panel2,B,vardial2018/train,bra,L1,train:67289,anp_Deva
panel2,B,vardial2018/train,bra,L1,train:67355,hin_Deva
panel2,B,vardial2018/train,bra,L1,train:67414,mai_Deva
panel2,B,vardial2018/train,bra,L1,train:67423,awa_Deva
panel2,B,vardial2018/train,bra,L1,train:67469,hin_Deva
panel2,B,vardial2018/train,bra,L1,train:67544,hin_Deva
panel2,B,vardial2018/train,bra,L1,train:67611,awa_Deva
panel2,B,vardial2018/train,bra,L1,train:67656,hin_Deva
panel2,B,vardial2018/train,bra,L1,train:67715,hin_Deva
panel2,B,vardial2018/train,bra,L1,train:67755,hin_Deva
panel2,B,vardial2018/train,bra,L1,train:67825,hin_Deva
panel2,B,vardial2018/train,bra,L1,train:67866,awa_Deva
panel2,B,vardial2018/train,bra,L1,train:67884,awa_Deva
panel2,B,vardial2018/train,bra,L1,train:67890,hin_Deva
panel2,B,vardial2018/train,bra,L1,train:67892,awa_Deva
panel2,B,vardial2018/train,bra,L1,train:67894,hin_Deva
panel2,B,vardial2018/train,bra,L1,train:67897,hin_Deva
panel2,B,vardial2018/train,bra,L1,train:67921,hin_Deva
panel2,B,vardial2018/train,bra,L1,train:68014,hin_Deva
panel2,B,vardial2018/train,bra,L1,train:68031,suz_Deva
panel2,B,vardial2018/train,bra,L1,train:68045,anp_Deva
panel2,B,vardial2018/train,bra,L1,train:68091,hin_Deva
panel2,B,vardial2018/train,bra,L1,train:68110,hin_Deva
panel2,B,vardial2018/train,bra,L1,train:68140,doi_Deva
panel2,B,vardial2018/train,bra,L1,train:68156,hin_Deva
panel2,B,vardial2018/train,bra,L1,train:68180,hin_Deva
panel2,B,vardial2018/train,bra,L1,train:68197,hin_Deva
panel2,B,vardial2018/train,bra,L1,train:68210,hin_Deva
panel2,B,vardial2018/train,bra,L1,train:68234,bho_Deva
panel2,B,vardial2018/train,bra,L1,train:68278,mai_Deva
panel2,B,vardial2018/train,bra,L1,train:68324,awa_Deva
panel2,B,vardial2018/train,bra,L1,train:68344,hin_Deva
panel2,B,vardial2018/train,bra,L1,train:68384,awa_Deva
panel2,B,vardial2018/train,bra,L1,train:68388,awa_Deva
panel2,B,vardial2018/train,bra,L1,train:68418,new_Deva
panel2,B,vardial2018/train,bra,L1,train:68455,awa_Deva
panel2,B,vardial2018/train,bra,L1,train:68492,hin_Deva
panel2,B,vardial2018/train,bra,L1,train:68501,anp_Deva
panel2,B,vardial2018/train,bra,L1,train:68505,awa_Deva
panel2,B,vardial2018/train,bra,L1,train:68518,doi_Deva
panel2,B,vardial2018/train,bra,L1,train:68530,hin_Deva
panel2,B,vardial2018/train,bra,L1,train:68567,hin_Deva
panel2,B,vardial2018/train,bra,L1,train:68581,hin_Deva
panel2,B,vardial2018/train,bra,L1,train:68638,awa_Deva
panel2,B,vardial2018/train,bra,L1,train:68661,hin_Deva
panel2,B,vardial2018/train,bra,L1,train:68691,hin_Deva
panel2,B,vardial2018/train,bra,L1,train:68708,hin_Deva
panel2,B,vardial2018/train,bra,L1,train:68740,hin_Deva
panel2,B,vardial2018/train,bra,L1,train:68825,hin_Deva
panel2,B,vardial2018/train,bra,L1,train:68832,bho_Deva
panel2,B,vardial2018/train,bra,L1,train:68895,mar_Deva
panel2,B,vardial2018/train,bra,L1,train:68904,mai_Deva
panel2,B,vardial2018/train,bra,L1,train:68944,hin_Deva
panel2,B,vardial2018/train,bra,L1,train:68960,hin_Deva
panel2,B,vardial2018/train,bra,L1,train:69059,hin_Deva
panel2,B,vardial2018/train,bra,L1,train:69087,hin_Deva
panel2,B,vardial2018/train,bra,L1,train:69159,anp_Deva
panel2,B,vardial2018/train,bra,L1,train:69180,hin_Deva
panel2,B,vardial2018/train,bra,L1,train:69198,awa_Deva
panel2,B,vardial2018/train,bra,L1,train:69212,anp_Deva
panel2,B,vardial2018/train,bra,L1,train:69224,new_Deva
panel2,B,vardial2018/train,bra,L1,train:69241,awa_Deva
panel2,B,vardial2018/train,bra,L1,train:69246,hin_Deva
panel2,B,vardial2018/train,bra,L1,train:69320,hin_Deva
panel2,B,vardial2018/train,bra,L1,train:69455,hin_Deva
panel2,B,vardial2018/train,bra,L1,train:69500,hin_Deva
panel2,B,vardial2018/train,bra,L1,train:69515,awa_Deva
panel2,B,vardial2018/train,bra,L1,train:69591,anp_Deva
panel2,B,vardial2018/train,bra,L1,train:69592,hin_Deva
panel2,B,vardial2018/train,bra,L1,train:69636,hin_Deva
panel2,B,vardial2018/train,bra,L1,train:69642,awa_Deva
panel2,B,vardial2018/train,bra,L1,train:69702,new_Deva
panel2,B,vardial2018/train,bra,L1,train:69723,gom_Deva
panel2,B,vardial2018/train,bra,L1,train:69740,hin_Deva
panel2,B,vardial2018/train,bra,L1,train:69750,hin_Deva
panel2,B,vardial2018/train,bra,L1,train:69833,hin_Deva
panel2,B,vardial2018/train,bra,L1,train:69875,anp_Deva
panel2,B,vardial2018/train,bra,L1,train:69914,hin_Deva
panel2,B,vardial2018/train,bra,L1,train:69930,hin_Deva
panel2,B,vardial2018/train,bra,L1,train:69944,awa_Deva
panel2,B,vardial2018/train,bra,L1,train:69946,anp_Deva
panel2,B,vardial2018/train,bra,L1,train:69980,bho_Deva
panel2,B,vardial2018/train,bra,L1,train:69981,hin_Deva
panel2,B,vardial2018/train,bra,L1,train:70006,anp_Deva
panel2,B,vardial2018/train,bra,L1,train:70077,hin_Deva
panel2,B,vardial2018/train,bra,L1,train:70105,bho_Deva
panel2,B,vardial2018/train,bra,L1,train:70179,hin_Deva
panel2,B,vardial2018/train,bra,L1,train:70192,hin_Deva
panel2,B,vardial2018/train,bra,L1,train:70241,hin_Deva
panel2,B,vardial2018/train,bra,L1,train:70253,awa_Deva
panel2,B,vardial2018/train,bra,L1,train:70281,awa_Deva
panel2,B,vardial2018/train,bra,L1,train:70303,hin_Deva
panel2,B,vardial2018/train,bra,L1,train:70316,hin_Deva
panel2,B,vardial2018/train,bra,L1,train:70321,awa_Deva
panel2,B,vardial2018/train,bra,L1,train:70344,kas_Deva
panel2,B,vardial2018/dev,hin,L1,dev:27,hin_Deva
panel2,B,vardial2018/dev,hin,L1,dev:28,hin_Deva
panel2,B,vardial2018/dev,hin,L1,dev:32,doi_Deva
panel2,B,vardial2018/dev,hin,L1,dev:39,hin_Deva
panel2,B,vardial2018/dev,hin,L1,dev:44,hin_Deva
panel2,B,vardial2018/dev,hin,L1,dev:46,hin_Deva
panel2,B,vardial2018/dev,hin,L1,dev:47,hin_Deva
panel2,B,vardial2018/dev,hin,L1,dev:48,hin_Deva
panel2,B,vardial2018/dev,hin,L1,dev:51,hin_Deva
panel2,B,vardial2018/dev,hin,L1,dev:56,hin_Deva
panel2,B,vardial2018/dev,hin,L1,dev:58,hin_Deva
panel2,B,vardial2018/dev,hin,L1,dev:61,hin_Deva
panel2,B,vardial2018/dev,hin,L1,dev:72,hin_Deva
panel2,B,vardial2018/dev,hin,L1,dev:74,hin_Deva
panel2,B,vardial2018/dev,hin,L1,dev:76,hin_Deva
panel2,B,vardial2018/dev,hin,L1,dev:77,hin_Deva
panel2,B,vardial2018/dev,hin,L1,dev:86,hin_Deva
panel2,B,vardial2018/dev,hin,L1,dev:93,hin_Deva
panel2,B,vardial2018/dev,hin,L1,dev:102,hin_Deva
panel2,B,vardial2018/dev,hin,L1,dev:110,hin_Deva
panel2,B,vardial2018/dev,hin,L1,dev:112,hin_Deva
panel2,B,vardial2018/dev,hin,L1,dev:114,hin_Deva
panel2,B,vardial2018/dev,hin,L1,dev:116,hin_Deva
panel2,B,vardial2018/dev,hin,L1,dev:123,hin_Deva
panel2,B,vardial2018/dev,hin,L1,dev:124,anp_Deva
panel2,B,vardial2018/dev,hin,L1,dev:131,gom_Deva
panel2,B,vardial2018/dev,hin,L1,dev:133,hin_Deva
panel2,B,vardial2018/dev,hin,L1,dev:144,hin_Deva
panel2,B,vardial2018/dev,hin,L1,dev:149,hin_Deva
panel2,B,vardial2018/dev,hin,L1,dev:168,hin_Deva
panel2,B,vardial2018/dev,hin,L1,dev:170,hin_Deva
panel2,B,vardial2018/dev,hin,L1,dev:181,hin_Deva
panel2,B,vardial2018/dev,hin,L1,dev:203,hin_Deva
panel2,B,vardial2018/dev,hin,L1,dev:211,hin_Deva
panel2,B,vardial2018/dev,hin,L1,dev:212,hin_Deva
panel2,B,vardial2018/dev,hin,L1,dev:220,hin_Deva
panel2,B,vardial2018/dev,hin,L1,dev:223,hin_Deva
panel2,B,vardial2018/dev,hin,L1,dev:230,hin_Deva
panel2,B,vardial2018/dev,hin,L1,dev:233,anp_Deva
panel2,B,vardial2018/dev,hin,L1,dev:239,hin_Deva
panel2,B,vardial2018/dev,hin,L1,dev:241,hin_Deva
panel2,B,vardial2018/dev,hin,L1,dev:256,anp_Deva
panel2,B,vardial2018/dev,hin,L1,dev:259,hin_Deva
panel2,B,vardial2018/dev,hin,L1,dev:260,anp_Deva
panel2,B,vardial2018/dev,hin,L1,dev:262,hin_Deva
panel2,B,vardial2018/dev,hin,L1,dev:264,hin_Deva
panel2,B,vardial2018/dev,hin,L1,dev:267,hin_Deva
panel2,B,vardial2018/dev,hin,L1,dev:268,anp_Deva
panel2,B,vardial2018/dev,hin,L1,dev:269,hin_Deva
panel2,B,vardial2018/dev,hin,L1,dev:276,hin_Deva
panel2,B,vardial2018/dev,hin,L1,dev:277,hin_Deva
panel2,B,vardial2018/dev,hin,L1,dev:279,hin_Deva
panel2,B,vardial2018/dev,hin,L1,dev:281,hin_Deva
panel2,B,vardial2018/dev,hin,L1,dev:285,awa_Deva
panel2,B,vardial2018/dev,hin,L1,dev:286,hin_Deva
panel2,B,vardial2018/dev,hin,L1,dev:287,hin_Deva
panel2,B,vardial2018/dev,hin,L1,dev:288,hin_Deva
panel2,B,vardial2018/dev,hin,L1,dev:290,hin_Deva
panel2,B,vardial2018/dev,hin,L1,dev:293,hin_Deva
panel2,B,vardial2018/dev,hin,L1,dev:296,hin_Deva
panel2,B,vardial2018/dev,hin,L1,dev:313,hin_Deva
panel2,B,vardial2018/dev,hin,L1,dev:314,anp_Deva
panel2,B,vardial2018/dev,hin,L1,dev:316,hin_Deva
panel2,B,vardial2018/dev,hin,L1,dev:318,hin_Deva
panel2,B,vardial2018/dev,hin,L1,dev:320,hin_Deva
panel2,B,vardial2018/dev,hin,L1,dev:323,hin_Deva
panel2,B,vardial2018/dev,hin,L1,dev:329,hin_Deva
panel2,B,vardial2018/dev,hin,L1,dev:333,hin_Deva
panel2,B,vardial2018/dev,hin,L1,dev:336,hin_Deva
panel2,B,vardial2018/dev,hin,L1,dev:337,hin_Deva
panel2,B,vardial2018/dev,hin,L1,dev:338,hin_Deva
panel2,B,vardial2018/dev,hin,L1,dev:343,hin_Deva
panel2,B,vardial2018/dev,hin,L1,dev:347,hin_Deva
panel2,B,vardial2018/dev,hin,L1,dev:351,hin_Deva
panel2,B,vardial2018/dev,hin,L1,dev:352,hin_Deva
panel2,B,vardial2018/dev,hin,L1,dev:357,hin_Deva
panel2,B,vardial2018/dev,hin,L1,dev:365,hin_Deva
panel2,B,vardial2018/dev,hin,L1,dev:372,hin_Deva
panel2,B,vardial2018/dev,hin,L1,dev:373,hin_Deva
panel2,B,vardial2018/dev,hin,L1,dev:374,hin_Deva
panel2,B,vardial2018/dev,hin,L1,dev:375,hin_Deva
panel2,B,vardial2018/dev,hin,L1,dev:383,hin_Deva
panel2,B,vardial2018/dev,hin,L1,dev:392,hin_Deva
panel2,B,vardial2018/dev,hin,L1,dev:402,anp_Deva
panel2,B,vardial2018/dev,hin,L1,dev:409,hin_Deva
panel2,B,vardial2018/dev,hin,L1,dev:410,hin_Deva
panel2,B,vardial2018/dev,hin,L1,dev:413,anp_Deva
panel2,B,vardial2018/dev,hin,L1,dev:435,hin_Deva
panel2,B,vardial2018/dev,hin,L1,dev:436,new_Deva
panel2,B,vardial2018/dev,hin,L1,dev:441,hin_Deva
panel2,B,vardial2018/dev,hin,L1,dev:443,hin_Deva
panel2,B,vardial2018/dev,hin,L1,dev:449,hin_Deva
panel2,B,vardial2018/dev,hin,L1,dev:450,hin_Deva
panel2,B,vardial2018/dev,hin,L1,dev:455,hin_Deva
panel2,B,vardial2018/dev,hin,L1,dev:460,hin_Deva
panel2,B,vardial2018/dev,hin,L1,dev:461,kru_Deva
panel2,B,vardial2018/dev,hin,L1,dev:462,hin_Deva
panel2,B,vardial2018/dev,hin,L1,dev:471,hin_Deva
panel2,B,vardial2018/dev,hin,L1,dev:475,anp_Deva
panel2,B,vardial2018/dev,hin,L1,dev:484,anp_Deva
panel2,B,vardial2018/dev,hin,L1,dev:491,hin_Deva
panel2,B,vardial2018/dev,hin,L1,dev:495,hin_Deva
panel2,B,vardial2018/dev,hin,L1,dev:496,hin_Deva
panel2,B,vardial2018/dev,hin,L1,dev:509,hin_Deva
panel2,B,vardial2018/dev,hin,L1,dev:512,hin_Deva
panel2,B,vardial2018/dev,hin,L1,dev:523,hin_Deva
panel2,B,vardial2018/dev,hin,L1,dev:524,hin_Deva
panel2,B,vardial2018/dev,hin,L1,dev:526,hin_Deva
panel2,B,vardial2018/dev,hin,L1,dev:538,hin_Deva
panel2,B,vardial2018/dev,hin,L1,dev:541,hin_Deva
panel2,B,vardial2018/dev,hin,L1,dev:544,awa_Deva
panel2,B,vardial2018/dev,hin,L1,dev:547,hin_Deva
panel2,B,vardial2018/dev,hin,L1,dev:550,hin_Deva
panel2,B,vardial2018/dev,hin,L1,dev:569,hin_Deva
panel2,B,vardial2018/dev,hin,L1,dev:570,hin_Deva
panel2,B,vardial2018/dev,hin,L1,dev:571,hin_Deva
panel2,B,vardial2018/dev,hin,L1,dev:578,hin_Deva
panel2,B,vardial2018/dev,hin,L1,dev:579,anp_Deva
panel2,B,vardial2018/dev,hin,L1,dev:586,hin_Deva
panel2,B,vardial2018/dev,hin,L1,dev:594,anp_Deva
panel2,B,vardial2018/dev,hin,L1,dev:597,hin_Deva
panel2,B,vardial2018/dev,hin,L1,dev:599,hin_Deva
panel2,B,vardial2018/dev,hin,L1,dev:602,hin_Deva
panel2,B,vardial2018/dev,hin,L1,dev:603,hin_Deva
panel2,B,vardial2018/dev,hin,L1,dev:604,hin_Deva
panel2,B,vardial2018/dev,hin,L1,dev:607,hin_Deva
panel2,B,vardial2018/dev,hin,L1,dev:608,hin_Deva
panel2,B,vardial2018/dev,hin,L1,dev:609,sck_Deva
panel2,B,vardial2018/dev,hin,L1,dev:610,hin_Deva
panel2,B,vardial2018/dev,hin,L1,dev:618,hin_Deva
panel2,B,vardial2018/dev,hin,L1,dev:621,hin_Deva
panel2,B,vardial2018/dev,hin,L1,dev:630,hin_Deva
panel2,B,vardial2018/dev,hin,L1,dev:636,hin_Deva
panel2,B,vardial2018/dev,hin,L1,dev:637,hin_Deva
panel2,B,vardial2018/dev,hin,L1,dev:643,hin_Deva
panel2,B,vardial2018/dev,hin,L1,dev:644,kru_Deva
panel2,B,vardial2018/dev,hin,L1,dev:654,hin_Deva
panel2,B,vardial2018/dev,hin,L1,dev:657,hin_Deva
panel2,B,vardial2018/dev,hin,L1,dev:658,hin_Deva
panel2,B,vardial2018/dev,hin,L1,dev:667,hin_Deva
panel2,B,vardial2018/dev,hin,L1,dev:675,hin_Deva
panel2,B,vardial2018/dev,hin,L1,dev:684,hin_Deva
panel2,B,vardial2018/dev,hin,L1,dev:686,anp_Deva
panel2,B,vardial2018/dev,hin,L1,dev:695,hin_Deva
panel2,B,vardial2018/dev,hin,L1,dev:697,hin_Deva
panel2,B,vardial2018/dev,hin,L1,dev:698,hin_Deva
panel2,B,vardial2018/dev,hin,L1,dev:706,hin_Deva
panel2,B,vardial2018/dev,hin,L1,dev:709,hin_Deva
panel2,B,vardial2018/dev,hin,L1,dev:712,hin_Deva
panel2,B,vardial2018/dev,hin,L1,dev:713,hin_Deva
panel2,B,vardial2018/dev,hin,L1,dev:714,hin_Deva
panel2,B,vardial2018/dev,hin,L1,dev:736,hin_Deva
panel2,B,vardial2018/dev,hin,L1,dev:745,hin_Deva
panel2,B,vardial2018/dev,hin,L1,dev:748,hin_Deva
panel2,B,vardial2018/dev,hin,L1,dev:751,hin_Deva
panel2,B,vardial2018/dev,hin,L1,dev:756,hin_Deva
panel2,B,vardial2018/dev,hin,L1,dev:757,anp_Deva
panel2,B,vardial2018/dev,hin,L1,dev:772,hin_Deva
panel2,B,vardial2018/dev,hin,L1,dev:783,hin_Deva
panel2,B,vardial2018/dev,hin,L1,dev:787,hin_Deva
panel2,B,vardial2018/dev,hin,L1,dev:792,hin_Deva
panel2,B,vardial2018/dev,hin,L1,dev:797,hin_Deva
panel2,B,vardial2018/dev,hin,L1,dev:800,hin_Deva
panel2,B,vardial2018/dev,hin,L1,dev:818,hin_Deva
panel2,B,vardial2018/dev,hin,L1,dev:831,hin_Deva
panel2,B,vardial2018/dev,hin,L1,dev:832,hin_Deva
panel2,B,vardial2018/dev,hin,L1,dev:834,awa_Deva
panel2,B,vardial2018/dev,hin,L1,dev:837,hin_Deva
panel2,B,vardial2018/dev,hin,L1,dev:840,hin_Deva
panel2,B,vardial2018/dev,hin,L1,dev:852,awa_Deva
panel2,B,vardial2018/dev,hin,L1,dev:854,hin_Deva
panel2,B,vardial2018/dev,hin,L1,dev:857,hin_Deva
panel2,B,vardial2018/dev,hin,L1,dev:860,hin_Deva
panel2,B,vardial2018/dev,hin,L1,dev:862,hin_Deva
panel2,B,vardial2018/dev,hin,L1,dev:863,hin_Deva
panel2,B,vardial2018/dev,hin,L1,dev:864,anp_Deva
panel2,B,vardial2018/dev,hin,L1,dev:865,anp_Deva
panel2,B,vardial2018/dev,hin,L1,dev:867,hin_Deva
panel2,B,vardial2018/dev,hin,L1,dev:874,hin_Deva
panel2,B,vardial2018/dev,hin,L1,dev:876,hin_Deva
panel2,B,vardial2018/dev,hin,L1,dev:879,hin_Deva
panel2,B,vardial2018/dev,hin,L1,dev:880,hin_Deva
panel2,B,vardial2018/dev,hin,L1,dev:883,hin_Deva
panel2,B,vardial2018/dev,hin,L1,dev:885,hin_Deva
panel2,B,vardial2018/dev,hin,L1,dev:890,hin_Deva
panel2,B,vardial2018/dev,hin,L1,dev:898,hin_Deva
panel2,B,vardial2018/dev,hin,L1,dev:900,hin_Deva
panel2,B,vardial2018/dev,hin,L1,dev:902,hin_Deva
panel2,B,vardial2018/dev,hin,L1,dev:905,hin_Deva
panel2,B,vardial2018/dev,hin,L1,dev:908,hin_Deva
panel2,B,vardial2018/dev,hin,L1,dev:911,hin_Deva
panel2,B,vardial2018/dev,hin,L1,dev:913,hin_Deva
panel2,B,vardial2018/dev,hin,L1,dev:917,hin_Deva
panel2,B,vardial2018/dev,hin,L1,dev:921,hin_Deva
panel2,B,vardial2018/dev,hin,L1,dev:922,hin_Deva
panel2,B,vardial2018/dev,hin,L1,dev:944,hin_Deva
panel2,B,vardial2018/dev,hin,L1,dev:947,anp_Deva
panel2,B,vardial2018/dev,hin,L1,dev:948,hin_Deva
panel2,B,vardial2018/dev,hin,L1,dev:956,hin_Deva
panel2,B,vardial2018/dev,hin,L1,dev:965,kas_Deva
panel2,B,vardial2018/dev,hin,L1,dev:967,hin_Deva
panel2,B,vardial2018/dev,hin,L1,dev:968,hin_Deva
panel2,B,vardial2018/dev,hin,L1,dev:970,hin_Deva
panel2,B,vardial2018/dev,hin,L1,dev:971,hin_Deva
panel2,B,vardial2018/dev,hin,L1,dev:972,hin_Deva
panel2,B,vardial2018/dev,hin,L1,dev:973,hin_Deva
panel2,B,vardial2018/dev,hin,L1,dev:981,hin_Deva
panel2,B,vardial2018/dev,hin,L1,dev:987,doi_Deva
panel2,B,vardial2018/dev,hin,L1,dev:988,hin_Deva
panel2,B,vardial2018/dev,hin,L1,dev:991,hin_Deva
panel2,B,vardial2018/dev,hin,L1,dev:992,anp_Deva
panel2,B,vardial2018/dev,hin,L1,dev:995,hin_Deva
panel2,B,vardial2018/dev,hin,L1,dev:1002,hin_Deva
panel2,B,vardial2018/dev,hin,L1,dev:1007,hin_Deva
panel2,B,vardial2018/dev,hin,L1,dev:1008,hin_Deva
panel2,B,vardial2018/dev,hin,L1,dev:1009,hin_Deva
panel2,B,vardial2018/dev,hin,L1,dev:1011,hin_Deva
panel2,B,vardial2018/dev,hin,L1,dev:1018,hin_Deva
panel2,B,vardial2018/dev,hin,L1,dev:1022,hin_Deva
panel2,B,vardial2018/dev,hin,L1,dev:1028,anp_Deva
panel2,B,vardial2018/dev,hin,L1,dev:1039,hin_Deva
panel2,B,vardial2018/dev,hin,L1,dev:1042,hin_Deva
panel2,B,vardial2018/dev,hin,L1,dev:1046,hin_Deva
panel2,B,vardial2018/dev,hin,L1,dev:1048,hin_Deva
panel2,B,vardial2018/dev,hin,L1,dev:1050,hin_Deva
panel2,B,vardial2018/dev,hin,L1,dev:1053,hin_Deva
panel2,B,vardial2018/dev,hin,L1,dev:1061,hin_Deva
panel2,B,vardial2018/dev,hin,L1,dev:1063,hin_Deva
panel2,B,vardial2018/dev,hin,L1,dev:1065,hin_Deva
panel2,B,vardial2018/dev,hin,L1,dev:1068,hin_Deva
panel2,B,vardial2018/dev,hin,L1,dev:1078,hin_Deva
panel2,B,vardial2018/dev,hin,L1,dev:1080,hin_Deva
panel2,B,vardial2018/dev,hin,L1,dev:1081,awa_Deva
panel2,B,vardial2018/dev,hin,L1,dev:1085,hin_Deva
panel2,B,vardial2018/dev,hin,L1,dev:1089,hin_Deva
panel2,B,vardial2018/dev,hin,L1,dev:1097,anp_Deva
panel2,B,vardial2018/dev,hin,L1,dev:1100,hin_Deva
panel2,B,vardial2018/dev,hin,L1,dev:1107,hin_Deva
panel2,B,vardial2018/dev,hin,L1,dev:1108,hin_Deva
panel2,B,vardial2018/dev,hin,L1,dev:1110,hin_Deva
panel2,B,vardial2018/dev,hin,L1,dev:1116,hin_Deva
panel2,B,vardial2018/dev,hin,L1,dev:1125,hin_Deva
panel2,B,vardial2018/dev,hin,L1,dev:1127,hin_Deva
panel2,B,vardial2018/dev,hin,L1,dev:1137,hin_Deva
panel2,B,vardial2018/dev,hin,L1,dev:1140,hin_Deva
panel2,B,vardial2018/dev,hin,L1,dev:1145,hin_Deva
panel2,B,vardial2018/dev,hin,L1,dev:1152,hin_Deva
panel2,B,vardial2018/dev,hin,L1,dev:1169,hin_Deva
panel2,B,vardial2018/dev,hin,L1,dev:1170,hin_Deva
panel2,B,vardial2018/dev,hin,L1,dev:1171,hin_Deva
panel2,B,vardial2018/dev,hin,L1,dev:1186,hin_Deva
panel2,B,vardial2018/dev,hin,L1,dev:1195,hin_Deva
panel2,B,vardial2018/dev,hin,L1,dev:1203,hin_Deva
panel2,B,vardial2018/dev,hin,L1,dev:1206,hin_Deva
panel2,B,vardial2018/dev,hin,L1,dev:1211,hin_Deva
panel2,B,vardial2018/dev,hin,L1,dev:1223,hin_Deva
panel2,B,vardial2018/dev,hin,L1,dev:1226,hin_Deva
panel2,B,vardial2018/dev,hin,L1,dev:1229,hin_Deva
panel2,B,vardial2018/dev,hin,L1,dev:1235,bho_Deva
panel2,B,vardial2018/dev,hin,L1,dev:1238,hin_Deva
panel2,B,vardial2018/dev,hin,L1,dev:1248,hin_Deva
panel2,B,vardial2018/dev,hin,L1,dev:1256,hin_Deva
panel2,B,vardial2018/dev,hin,L1,dev:1257,hin_Deva
panel2,B,vardial2018/dev,hin,L1,dev:1265,anp_Deva
panel2,B,vardial2018/dev,hin,L1,dev:1267,hin_Deva
panel2,B,vardial2018/dev,hin,L1,dev:1289,hin_Deva
panel2,B,vardial2018/dev,hin,L1,dev:1301,hin_Deva
panel2,B,vardial2018/dev,hin,L1,dev:1304,hin_Deva
panel2,B,vardial2018/dev,hin,L1,dev:1306,hin_Deva
panel2,B,vardial2018/dev,hin,L1,dev:1309,anp_Deva
panel2,B,vardial2018/dev,hin,L1,dev:1311,hin_Deva
panel2,B,vardial2018/dev,hin,L1,dev:1317,hin_Deva
panel2,B,vardial2018/dev,hin,L1,dev:1318,hin_Deva
panel2,B,vardial2018/dev,hin,L1,dev:1324,hin_Deva
panel2,B,vardial2018/dev,hin,L1,dev:1325,hin_Deva
panel2,B,vardial2018/dev,hin,L1,dev:1327,hin_Deva
panel2,B,vardial2018/dev,hin,L1,dev:1331,hin_Deva
panel2,B,vardial2018/dev,hin,L1,dev:1334,hin_Deva
panel2,B,vardial2018/dev,hin,L1,dev:1335,hin_Deva
panel2,B,vardial2018/dev,hin,L1,dev:1338,hin_Deva
panel2,B,vardial2018/dev,hin,L1,dev:1340,hin_Deva
panel2,B,vardial2018/dev,hin,L1,dev:1347,hin_Deva
panel2,B,vardial2018/dev,hin,L1,dev:1353,anp_Deva
panel2,B,vardial2018/dev,hin,L1,dev:1357,hin_Deva
panel2,B,vardial2018/dev,hin,L1,dev:1362,hin_Deva
panel2,B,vardial2018/dev,hin,L1,dev:1365,hin_Deva
panel2,B,vardial2018/dev,hin,L1,dev:1368,anp_Deva
panel2,B,vardial2018/dev,hin,L1,dev:1370,hin_Deva
panel2,B,vardial2018/dev,hin,L1,dev:1371,hin_Deva
panel2,B,vardial2018/dev,hin,L1,dev:1374,hin_Deva
panel2,B,vardial2018/dev,hin,L1,dev:1375,hin_Deva
panel2,B,vardial2018/dev,hin,L1,dev:1376,hin_Deva
panel2,B,vardial2018/dev,hin,L1,dev:1377,hin_Deva
panel2,B,vardial2018/dev,hin,L1,dev:1378,hin_Deva
panel2,B,vardial2018/dev,hin,L1,dev:1379,hin_Deva
panel2,B,vardial2018/dev,hin,L1,dev:1385,hin_Deva
panel2,B,vardial2018/dev,hin,L1,dev:1386,hin_Deva
panel2,B,vardial2018/dev,hin,L1,dev:1397,hin_Deva
panel2,B,vardial2018/dev,hin,L1,dev:1398,hin_Deva
panel2,B,vardial2018/dev,hin,L1,dev:1403,hin_Deva
panel2,B,vardial2018/dev,hin,L1,dev:1405,awa_Deva
panel2,B,vardial2018/dev,hin,L1,dev:1417,hin_Deva
panel2,B,vardial2018/dev,hin,L1,dev:1420,hin_Deva
panel2,B,vardial2018/dev,hin,L1,dev:1424,hin_Deva
panel2,B,vardial2018/dev,hin,L1,dev:1437,hin_Deva
panel2,B,vardial2018/dev,hin,L1,dev:1438,hin_Deva
panel2,B,vardial2018/dev,hin,L1,dev:1441,hin_Deva
panel2,B,vardial2018/dev,hin,L1,dev:1468,hin_Deva
panel2,B,vardial2018/dev,hin,L1,dev:1475,hin_Deva
panel2,B,vardial2018/dev,hin,L1,dev:1480,hin_Deva
panel2,B,vardial2018/dev,hin,L1,dev:1482,hin_Deva
panel2,B,vardial2018/dev,hin,L1,dev:1483,hin_Deva
panel2,B,vardial2018/dev,hin,L1,dev:1497,hin_Deva
panel2,B,vardial2018/dev,hin,L1,dev:1498,hin_Deva
panel2,B,vardial2018/dev,hin,L1,dev:1503,bho_Deva
panel2,B,vardial2018/dev,hin,L1,dev:1530,hin_Deva
panel2,B,vardial2018/dev,hin,L1,dev:1532,hin_Deva
panel2,B,vardial2018/dev,hin,L1,dev:1534,hin_Deva
panel2,B,vardial2018/dev,hin,L1,dev:1554,hin_Deva
panel2,B,vardial2018/dev,hin,L1,dev:1556,anp_Deva
panel2,B,vardial2018/dev,hin,L1,dev:1575,hin_Deva
panel2,B,vardial2018/dev,hin,L1,dev:1580,hin_Deva
panel2,B,vardial2018/dev,hin,L1,dev:1583,hin_Deva
panel2,B,vardial2018/dev,hin,L1,dev:1588,hin_Deva
panel2,B,vardial2018/dev,hin,L1,dev:1592,hin_Deva
panel2,B,vardial2018/dev,hin,L1,dev:1599,hin_Deva
panel2,B,vardial2018/dev,hin,L1,dev:1602,hin_Deva
panel2,B,vardial2018/dev,hin,L1,dev:1614,hin_Deva
panel2,B,vardial2018/dev,hin,L1,dev:1621,hin_Deva
panel2,B,vardial2018/dev,hin,L1,dev:1625,hin_Deva
panel2,B,vardial2018/dev,hin,L1,dev:1626,hin_Deva
panel2,B,vardial2018/dev,hin,L1,dev:1635,hin_Deva
panel2,B,vardial2018/dev,hin,L1,dev:1647,hin_Deva
panel2,B,vardial2018/dev,hin,L1,dev:1650,hin_Deva
panel2,B,vardial2018/dev,hin,L1,dev:1652,hin_Deva
panel2,B,vardial2018/dev,hin,L1,dev:1653,anp_Deva
panel2,B,vardial2018/dev,hin,L1,dev:1656,hin_Deva
panel2,B,vardial2018/dev,hin,L1,dev:1662,hin_Deva
panel2,B,vardial2018/dev,hin,L1,dev:1664,hin_Deva
panel2,B,vardial2018/dev,hin,L1,dev:1667,hin_Deva
panel2,B,vardial2018/dev,hin,L1,dev:1676,hin_Deva
panel2,B,vardial2018/dev,hin,L1,dev:1685,hin_Deva
panel2,B,vardial2018/dev,hin,L1,dev:1693,hin_Deva
panel2,B,vardial2018/dev,hin,L1,dev:1695,hin_Deva
panel2,B,vardial2018/dev,hin,L1,dev:1696,doi_Deva
panel2,B,vardial2018/dev,hin,L1,dev:1700,hin_Deva
panel2,B,vardial2018/dev,hin,L1,dev:1707,hin_Deva
panel2,B,vardial2018/dev,hin,L1,dev:1711,hin_Deva
panel2,B,vardial2018/dev,hin,L1,dev:1715,hin_Deva
panel2,B,vardial2018/dev,hin,L1,dev:1727,hin_Deva
panel2,B,vardial2018/dev,hin,L1,dev:1729,hin_Deva
panel2,B,vardial2018/dev,hin,L1,dev:1733,hin_Deva
panel2,B,vardial2018/dev,hin,L1,dev:1734,hin_Deva
panel2,B,vardial2018/dev,hin,L1,dev:1735,hin_Deva
panel2,B,vardial2018/dev,hin,L1,dev:1749,hin_Deva
panel2,B,vardial2018/dev,hin,L1,dev:1755,mup_Deva
panel2,B,vardial2018/dev,hin,L1,dev:1757,hin_Deva
panel2,B,vardial2018/dev,hin,L1,dev:1758,hin_Deva
panel2,B,vardial2018/dev,hin,L1,dev:1759,hin_Deva
panel2,B,vardial2018/dev,hin,L1,dev:1763,doi_Deva
panel2,B,vardial2018/dev,hin,L1,dev:1765,awa_Deva
panel2,B,vardial2018/dev,hin,L1,dev:1769,hin_Deva
panel2,B,vardial2018/dev,hin,L1,dev:1771,hin_Deva
panel2,B,vardial2018/dev,hin,L1,dev:1788,hin_Deva
panel2,B,vardial2018/dev,hin,L1,dev:1789,mai_Deva
panel2,B,vardial2018/dev,hin,L1,dev:1798,bho_Deva
panel2,B,vardial2018/dev,hin,L1,dev:1806,hin_Deva
panel2,B,vardial2018/dev,hin,L1,dev:1815,hin_Deva
panel2,B,vardial2018/dev,hin,L1,dev:1818,hin_Deva
panel2,B,vardial2018/dev,hin,L1,dev:1824,anp_Deva
panel2,B,vardial2018/dev,hin,L1,dev:1831,anp_Deva
panel2,B,vardial2018/dev,hin,L1,dev:1834,hin_Deva
panel2,B,vardial2018/dev,hin,L1,dev:1837,doi_Deva
panel2,B,vardial2018/dev,hin,L1,dev:1838,hin_Deva
panel2,B,vardial2018/dev,hin,L1,dev:1847,hin_Deva
panel2,B,vardial2018/dev,hin,L1,dev:1851,hin_Deva
panel2,B,vardial2018/dev,hin,L1,dev:1852,hin_Deva
panel2,B,vardial2018/dev,hin,L1,dev:1870,anp_Deva
panel2,B,vardial2018/dev,hin,L1,dev:1871,anp_Deva
panel2,B,vardial2018/dev,hin,L1,dev:1876,hin_Deva
panel2,B,vardial2018/dev,hin,L1,dev:1877,hin_Deva
panel2,B,vardial2018/dev,hin,L1,dev:1878,hin_Deva
panel2,B,vardial2018/dev,hin,L1,dev:1879,hin_Deva
panel2,B,vardial2018/dev,hin,L1,dev:1887,hin_Deva
panel2,B,vardial2018/dev,hin,L1,dev:1890,hin_Deva
panel2,B,vardial2018/dev,hin,L1,dev:1893,hin_Deva
panel2,B,vardial2018/dev,hin,L1,dev:1909,hin_Deva
panel2,B,vardial2018/dev,hin,L1,dev:1910,hin_Deva
panel2,B,vardial2018/dev,hin,L1,dev:1911,anp_Deva
panel2,B,vardial2018/dev,hin,L1,dev:1913,hin_Deva
panel2,B,vardial2018/dev,hin,L1,dev:1929,hin_Deva
panel2,B,vardial2018/dev,hin,L1,dev:1933,hin_Deva
panel2,B,vardial2018/dev,hin,L1,dev:1936,hin_Deva
panel2,B,vardial2018/dev,hin,L1,dev:1942,hin_Deva
panel2,B,vardial2018/dev,hin,L1,dev:1945,hin_Deva
panel2,B,vardial2018/dev,hin,L1,dev:1953,hin_Deva
panel2,B,vardial2018/dev,hin,L1,dev:1963,hin_Deva
panel2,B,vardial2018/dev,hin,L1,dev:1967,hin_Deva
panel2,B,vardial2018/dev,hin,L1,dev:1973,hin_Deva
panel2,B,vardial2018/dev,hin,L1,dev:1987,anp_Deva
panel2,B,vardial2018/dev,hin,L1,dev:1995,hin_Deva
panel2,B,vardial2018/dev,hin,L1,dev:2001,hin_Deva
panel2,B,vardial2018/dev,hin,L1,dev:2004,hin_Deva
panel2,B,vardial2018/dev,hin,L1,dev:2008,hin_Deva
panel2,B,vardial2018/dev,hin,L1,dev:2009,hin_Deva
panel2,B,vardial2018/dev,hin,L1,dev:2011,hin_Deva
panel2,B,vardial2018/dev,hin,L1,dev:2025,hin_Deva
panel2,B,vardial2018/dev,hin,L1,dev:2028,hin_Deva
panel2,B,vardial2018/dev,hin,L1,dev:2031,hin_Deva
panel2,B,vardial2018/dev,hin,L1,dev:2035,hin_Deva
panel2,B,vardial2018/dev,hin,L1,dev:2036,hin_Deva
panel2,B,vardial2018/dev,hin,L1,dev:2039,hin_Deva
panel2,B,vardial2018/dev,hin,L1,dev:2077,hin_Deva
panel2,B,vardial2018/dev,hin,L1,dev:2082,hin_Deva
panel2,B,vardial2018/dev,hin,L1,dev:2088,hin_Deva
panel2,B,vardial2018/dev,hin,L1,dev:2089,hin_Deva
panel2,B,vardial2018/dev,hin,L1,dev:2096,hin_Deva
panel2,B,vardial2018/dev,hin,L1,dev:2103,hin_Deva
panel2,B,vardial2018/dev,hin,L1,dev:2106,hin_Deva
panel2,B,vardial2018/dev,hin,L1,dev:2107,hin_Deva
panel2,B,vardial2018/dev,hin,L1,dev:2117,hin_Deva
panel2,B,vardial2018/dev,hin,L1,dev:2118,hin_Deva
panel2,B,vardial2018/dev,hin,L1,dev:2132,hin_Deva
panel2,B,vardial2018/dev,hin,L1,dev:2135,anp_Deva
panel2,B,vardial2018/dev,hin,L1,dev:2142,hin_Deva
panel2,B,vardial2018/dev,hin,L1,dev:2159,hin_Deva
panel2,B,vardial2018/dev,hin,L1,dev:2165,hin_Deva
panel2,B,vardial2018/dev,hin,L1,dev:2166,hin_Deva
panel2,B,vardial2018/dev,hin,L1,dev:2173,hin_Deva
panel2,B,vardial2018/dev,hin,L1,dev:2174,hin_Deva
panel2,B,vardial2018/dev,hin,L1,dev:2176,hin_Deva
panel2,B,vardial2018/dev,hin,L1,dev:2180,hin_Deva
panel2,B,vardial2018/dev,hin,L1,dev:2186,hin_Deva
panel2,B,vardial2018/dev,hin,L1,dev:2208,hin_Deva
panel2,B,vardial2018/dev,hin,L1,dev:2214,anp_Deva
panel2,B,vardial2018/dev,hin,L1,dev:2222,anp_Deva
panel2,B,vardial2018/dev,hin,L1,dev:2238,new_Deva
panel2,B,vardial2018/dev,hin,L1,dev:2242,hin_Deva
panel2,B,vardial2018/dev,hin,L1,dev:2247,hin_Deva
panel2,B,vardial2018/dev,hin,L1,dev:2253,hin_Deva
panel2,B,vardial2018/dev,hin,L1,dev:2258,hin_Deva
panel2,B,vardial2018/dev,hin,L1,dev:2267,hin_Deva
panel2,B,vardial2018/dev,hin,L1,dev:2268,hin_Deva
panel2,B,vardial2018/dev,hin,L1,dev:2276,hin_Deva
panel2,B,vardial2018/dev,hin,L1,dev:2285,hin_Deva
panel2,B,vardial2018/dev,hin,L1,dev:2297,hin_Deva
panel2,B,vardial2018/dev,hin,L1,dev:2300,hin_Deva
panel2,B,vardial2018/dev,hin,L1,dev:2301,hin_Deva
panel2,B,vardial2018/dev,hin,L1,dev:2310,hin_Deva
panel2,B,vardial2018/dev,hin,L1,dev:2319,hin_Deva
panel2,B,vardial2018/dev,hin,L1,dev:2322,hin_Deva
panel2,B,vardial2018/dev,hin,L1,dev:2326,hin_Deva
panel2,B,vardial2018/dev,hin,L1,dev:2332,hin_Deva
panel2,B,vardial2018/dev,hin,L1,dev:2339,mai_Deva
panel2,B,vardial2018/dev,hin,L1,dev:2340,hin_Deva
panel2,B,vardial2018/dev,hin,L1,dev:2342,hin_Deva
panel2,B,vardial2018/dev,hin,L1,dev:2346,hin_Deva
panel2,B,vardial2018/dev,hin,L1,dev:2359,hin_Deva
panel2,B,vardial2018/dev,hin,L1,dev:2364,hin_Deva
panel2,B,vardial2018/dev,hin,L1,dev:2368,hin_Deva
panel2,B,vardial2018/dev,hin,L1,dev:2375,hin_Deva
panel2,B,vardial2018/dev,hin,L1,dev:2376,hin_Deva
panel2,B,vardial2018/dev,hin,L1,dev:2383,hin_Deva
panel2,B,vardial2018/dev,hin,L1,dev:2388,hin_Deva
panel2,B,vardial2018/dev,hin,L1,dev:2389,hin_Deva
panel2,B,vardial2018/dev,hin,L1,dev:2391,hin_Deva
panel2,B,vardial2018/dev,hin,L1,dev:2397,hin_Deva
panel2,B,vardial2018/dev,hin,L1,dev:2401,hin_Deva
panel2,B,vardial2018/dev,hin,L1,dev:2406,mai_Deva
panel2,B,vardial2018/dev,hin,L1,dev:2407,hin_Deva
panel2,B,vardial2018/dev,hin,L1,dev:2413,hin_Deva
panel2,B,vardial2018/dev,hin,L1,dev:2415,hin_Deva
panel2,B,vardial2018/dev,hin,L1,dev:2417,anp_Deva
panel2,B,vardial2018/dev,hin,L1,dev:2419,hin_Deva
panel2,B,vardial2018/dev,hin,L1,dev:2431,hin_Deva
panel2,B,vardial2018/dev,hin,L1,dev:2433,hin_Deva
panel2,B,vardial2018/dev,hin,L1,dev:2436,hin_Deva
panel2,B,vardial2018/dev,hin,L1,dev:2437,hin_Deva
panel2,B,vardial2018/dev,hin,L1,dev:2444,hin_Deva
panel2,B,vardial2018/dev,hin,L1,dev:2445,hin_Deva
panel2,B,vardial2018/dev,hin,L1,dev:2454,hin_Deva
panel2,B,vardial2018/dev,hin,L1,dev:2458,hin_Deva
panel2,B,vardial2018/dev,hin,L1,dev:2461,hin_Deva
panel2,B,vardial2018/dev,hin,L1,dev:2464,hin_Deva
panel2,B,vardial2018/dev,hin,L1,dev:2470,hin_Deva
panel2,B,vardial2018/dev,hin,L1,dev:2471,hin_Deva
panel2,B,vardial2018/dev,hin,L1,dev:2480,hin_Deva
panel2,B,vardial2018/dev,hin,L1,dev:2496,hin_Deva
panel2,B,vardial2018/dev,hin,L1,dev:2497,hin_Deva
panel2,B,vardial2018/dev,hin,L1,dev:2503,mag_Deva
panel2,B,vardial2018/dev,hin,L1,dev:2511,hin_Deva
panel2,B,vardial2018/dev,hin,L1,dev:2521,mag_Deva
panel2,B,vardial2018/dev,hin,L1,dev:2522,hin_Deva
panel2,B,vardial2018/dev,hin,L1,dev:2526,hin_Deva
panel2,B,vardial2018/dev,hin,L1,dev:2540,hin_Deva
panel2,B,vardial2018/dev,hin,L1,dev:2545,anp_Deva
panel2,B,vardial2018/dev,hin,L1,dev:2547,hin_Deva
panel2,B,vardial2018/dev,hin,L1,dev:2549,kas_Deva
panel2,B,vardial2018/dev,hin,L1,dev:2557,bho_Deva
panel2,B,vardial2018/dev,hin,L1,dev:2561,hin_Deva
panel2,B,vardial2018/dev,hin,L1,dev:2567,hin_Deva
panel2,B,vardial2018/dev,hin,L1,dev:2568,hin_Deva
panel2,B,vardial2018/dev,hin,L1,dev:2570,hin_Deva
panel2,B,vardial2018/dev,hin,L1,dev:2576,hin_Deva
panel2,B,vardial2018/dev,hin,L1,dev:2586,hin_Deva
panel2,B,vardial2018/dev,hin,L1,dev:2589,hin_Deva
panel2,B,vardial2018/dev,hin,L1,dev:2592,hin_Deva
panel2,B,vardial2018/dev,hin,L1,dev:2594,hin_Deva
panel2,B,vardial2018/dev,hin,L1,dev:2595,anp_Deva
panel2,B,vardial2018/dev,hin,L1,dev:2611,hin_Deva
panel2,B,vardial2018/dev,hin,L1,dev:2616,doi_Deva
panel2,B,vardial2018/dev,hin,L1,dev:2623,hin_Deva
panel2,B,vardial2018/dev,hin,L1,dev:2624,hin_Deva
panel2,B,vardial2018/dev,hin,L1,dev:2630,hin_Deva
panel2,B,vardial2018/dev,hin,L1,dev:2631,hin_Deva
panel2,B,vardial2018/dev,hin,L1,dev:2635,anp_Deva
panel2,B,vardial2018/dev,hin,L1,dev:2636,hin_Deva
panel2,B,vardial2018/dev,hin,L1,dev:2649,hin_Deva
panel2,B,vardial2018/dev,hin,L1,dev:2667,hin_Deva
panel2,B,vardial2018/dev,hin,L1,dev:2672,anp_Deva
panel2,B,vardial2018/dev,hin,L1,dev:2673,hin_Deva
panel2,B,vardial2018/dev,hin,L1,dev:2679,hin_Deva
panel2,B,vardial2018/dev,hin,L1,dev:2680,hin_Deva
panel2,B,vardial2018/dev,hin,L1,dev:2681,hin_Deva
panel2,B,vardial2018/dev,hin,L1,dev:2690,hin_Deva
panel2,B,vardial2018/dev,hin,L1,dev:2694,hin_Deva
panel2,B,vardial2018/dev,hin,L1,dev:2701,hin_Deva
panel2,B,vardial2018/dev,hin,L1,dev:2703,hin_Deva
panel2,B,vardial2018/dev,hin,L1,dev:2705,hin_Deva
panel2,B,vardial2018/dev,hin,L1,dev:2729,hin_Deva
panel2,B,vardial2018/dev,hin,L1,dev:2733,awa_Deva
panel2,B,vardial2018/dev,hin,L1,dev:2735,hin_Deva
panel2,B,vardial2018/dev,hin,L1,dev:2763,anp_Deva
panel2,B,vardial2018/dev,hin,L1,dev:2765,hin_Deva
panel2,B,vardial2018/dev,hin,L1,dev:2768,hin_Deva
panel2,B,vardial2018/dev,hin,L1,dev:2772,hin_Deva
panel2,B,vardial2018/dev,hin,L1,dev:2775,anp_Deva
panel2,B,vardial2018/dev,hin,L1,dev:2788,hin_Deva
panel2,B,vardial2018/dev,hin,L1,dev:2795,anp_Deva
panel2,B,vardial2018/dev,hin,L1,dev:2797,hin_Deva
panel2,B,vardial2018/dev,hin,L1,dev:2802,hin_Deva
panel2,B,vardial2018/dev,hin,L1,dev:2808,hin_Deva
panel2,B,vardial2018/dev,hin,L1,dev:2809,hin_Deva
panel2,B,vardial2018/dev,hin,L1,dev:2812,hin_Deva
panel2,B,vardial2018/dev,hin,L1,dev:2815,hin_Deva
panel2,B,vardial2018/dev,hin,L1,dev:2816,hin_Deva
panel2,B,vardial2018/dev,hin,L1,dev:2822,hin_Deva
panel2,B,vardial2018/dev,hin,L1,dev:2830,hin_Deva
panel2,B,vardial2018/dev,hin,L1,dev:2836,awa_Deva
panel2,B,vardial2018/dev,hin,L1,dev:2838,hin_Deva
panel2,B,vardial2018/dev,hin,L1,dev:2842,hin_Deva
panel2,B,vardial2018/dev,hin,L1,dev:2843,hin_Deva
panel2,B,vardial2018/dev,hin,L1,dev:2845,hin_Deva
panel2,B,vardial2018/dev,hin,L1,dev:2848,hin_Deva
panel2,B,vardial2018/dev,hin,L1,dev:2850,hin_Deva
panel2,B,vardial2018/dev,hin,L1,dev:2852,hin_Deva
panel2,B,vardial2018/dev,hin,L1,dev:2853,hin_Deva
panel2,B,vardial2018/dev,hin,L1,dev:2856,hin_Deva
panel2,B,vardial2018/dev,hin,L1,dev:2869,doi_Deva
panel2,B,vardial2018/dev,hin,L1,dev:2872,hin_Deva
panel2,B,vardial2018/dev,hin,L1,dev:2876,hin_Deva
panel2,B,vardial2018/dev,hin,L1,dev:2878,hin_Deva
panel2,B,vardial2018/dev,hin,L1,dev:2882,hin_Deva
panel2,B,vardial2018/dev,hin,L1,dev:2891,hin_Deva
panel2,B,vardial2018/dev,hin,L1,dev:2895,anp_Deva
panel2,B,vardial2018/dev,hin,L1,dev:2901,hin_Deva
panel2,B,vardial2018/dev,hin,L1,dev:2902,hin_Deva
panel2,B,vardial2018/dev,hin,L1,dev:2905,hin_Deva
panel2,B,vardial2018/dev,hin,L1,dev:2908,hin_Deva
panel2,B,vardial2018/dev,hin,L1,dev:2913,hin_Deva
panel2,B,vardial2018/dev,hin,L1,dev:2914,anp_Deva
panel2,B,vardial2018/dev,hin,L1,dev:2915,hin_Deva
panel2,B,vardial2018/dev,hin,L1,dev:2921,hin_Deva
panel2,B,vardial2018/dev,hin,L1,dev:2940,hin_Deva
panel2,B,vardial2018/dev,hin,L1,dev:2942,hin_Deva
panel2,B,vardial2018/dev,hin,L1,dev:2954,hin_Deva
panel2,B,vardial2018/dev,hin,L1,dev:2959,hin_Deva
panel2,B,vardial2018/dev,hin,L1,dev:2964,hin_Deva
panel2,B,vardial2018/dev,hin,L1,dev:2968,hin_Deva
panel2,B,vardial2018/dev,hin,L1,dev:2984,hin_Deva
panel2,B,vardial2018/dev,hin,L1,dev:2991,hin_Deva
panel2,B,vardial2018/dev,hin,L1,dev:2997,doi_Deva
panel2,B,vardial2018/dev,hin,L1,dev:2998,doi_Deva
panel2,B,vardial2018/dev,hin,L1,dev:3004,hin_Deva
panel2,B,vardial2018/dev,hin,L1,dev:3014,hin_Deva
panel2,B,vardial2018/dev,hin,L1,dev:3016,hin_Deva
panel2,B,vardial2018/dev,hin,L1,dev:3024,hin_Deva
panel2,B,vardial2018/dev,hin,L1,dev:3030,hin_Deva
panel2,B,vardial2018/dev,hin,L1,dev:3031,hin_Deva
panel2,B,vardial2018/dev,hin,L1,dev:3037,hin_Deva
panel2,B,vardial2018/dev,hin,L1,dev:3038,hin_Deva
panel2,B,vardial2018/dev,hin,L1,dev:3049,hin_Deva
panel2,B,vardial2018/dev,hin,L1,dev:3064,hin_Deva
panel2,B,vardial2018/dev,hin,L1,dev:3067,hin_Deva
panel2,B,vardial2018/dev,hin,L1,dev:3069,hin_Deva
panel2,B,vardial2018/dev,hin,L1,dev:3075,hin_Deva
panel2,B,vardial2018/dev,hin,L1,dev:3076,hin_Deva
panel2,B,vardial2018/dev,hin,L1,dev:3081,hin_Deva
panel2,B,vardial2018/dev,hin,L1,dev:3086,hin_Deva
panel2,B,vardial2018/dev,hin,L1,dev:3091,hin_Deva
panel2,B,vardial2018/dev,hin,L1,dev:3099,hin_Deva
panel2,B,vardial2018/dev,hin,L1,dev:3123,hin_Deva
panel2,B,vardial2018/dev,hin,L1,dev:3125,hin_Deva
panel2,B,vardial2018/dev,hin,L1,dev:3126,hin_Deva
panel2,B,vardial2018/dev,hin,L1,dev:3128,hin_Deva
panel2,B,vardial2018/dev,hin,L1,dev:3131,anp_Deva
panel2,B,vardial2018/dev,hin,L1,dev:3135,hin_Deva
panel2,B,vardial2018/dev,hin,L1,dev:3136,awa_Deva
panel2,B,vardial2018/dev,hin,L1,dev:3152,awa_Deva
panel2,B,vardial2018/dev,hin,L1,dev:3156,hin_Deva
panel2,B,vardial2018/dev,hin,L1,dev:3158,hin_Deva
panel2,B,vardial2018/dev,hin,L1,dev:3161,hin_Deva
panel2,B,vardial2018/dev,hin,L1,dev:3162,anp_Deva
panel2,B,vardial2018/dev,hin,L1,dev:3164,hin_Deva
panel2,B,vardial2018/dev,hin,L1,dev:3174,hin_Deva
panel2,B,vardial2018/dev,hin,L1,dev:3182,hin_Deva
panel2,B,vardial2018/dev,hin,L1,dev:3188,hin_Deva
panel2,B,vardial2018/dev,hin,L1,dev:3191,hin_Deva
panel2,B,vardial2018/dev,hin,L1,dev:3200,hin_Deva
panel2,B,vardial2018/dev,hin,L1,dev:3204,hin_Deva
panel2,B,vardial2018/dev,hin,L1,dev:3206,anp_Deva
panel2,B,vardial2018/dev,hin,L1,dev:3208,hin_Deva
panel2,B,vardial2018/dev,hin,L1,dev:3209,hin_Deva
panel2,B,vardial2018/dev,hin,L1,dev:3211,hin_Deva
panel2,B,vardial2018/dev,hin,L1,dev:3212,hin_Deva
panel2,B,vardial2018/dev,hin,L1,dev:3213,hin_Deva
panel2,B,vardial2018/dev,hin,L1,dev:3217,hin_Deva
panel2,B,vardial2018/dev,hin,L1,dev:3234,hin_Deva
panel2,B,vardial2018/dev,hin,L1,dev:3240,hin_Deva
panel2,B,vardial2018/dev,hin,L1,dev:3248,hin_Deva
panel2,B,vardial2018/dev,hin,L1,dev:3250,hin_Deva
panel2,B,vardial2018/dev,hin,L1,dev:3252,hin_Deva
panel2,B,vardial2018/dev,hin,L1,dev:3255,anp_Deva
panel2,B,vardial2018/dev,hin,L1,dev:3261,hin_Deva
panel2,B,vardial2018/dev,hin,L1,dev:3263,hin_Deva
panel2,B,vardial2018/dev,hin,L1,dev:3271,hin_Deva
panel2,B,vardial2018/dev,hin,L1,dev:3274,hin_Deva
panel2,B,vardial2018/dev,hin,L1,dev:3279,hin_Deva
panel2,B,vardial2018/dev,hin,L1,dev:3280,hin_Deva
panel2,B,vardial2018/dev,hin,L1,dev:3283,hin_Deva
panel2,B,vardial2018/dev,hin,L1,dev:3286,hin_Deva
panel2,B,vardial2018/dev,hin,L1,dev:3287,hin_Deva
panel2,B,vardial2018/dev,hin,L1,dev:3290,hin_Deva
panel2,B,vardial2018/dev,hin,L1,dev:3302,hin_Deva
panel2,B,vardial2018/dev,hin,L1,dev:3307,hin_Deva
panel2,B,vardial2018/dev,hin,L1,dev:3327,hin_Deva
panel2,B,vardial2018/dev,hin,L1,dev:3331,hin_Deva
panel2,B,vardial2018/dev,hin,L1,dev:3336,hin_Deva
panel2,B,vardial2018/dev,hin,L1,dev:3337,hin_Deva
panel2,B,vardial2018/dev,hin,L1,dev:3341,hin_Deva
panel2,B,vardial2018/dev,hin,L1,dev:3342,hin_Deva
panel2,B,vardial2018/dev,hin,L1,dev:3346,hin_Deva
panel2,B,vardial2018/dev,hin,L1,dev:3364,anp_Deva
panel2,B,vardial2018/dev,hin,L1,dev:3372,hin_Deva
panel2,B,vardial2018/dev,hin,L1,dev:3374,hin_Deva
panel2,B,vardial2018/dev,hin,L1,dev:3375,hin_Deva
panel2,B,vardial2018/dev,hin,L1,dev:3380,hne_Deva
panel2,B,vardial2018/dev,hin,L1,dev:3394,hin_Deva
panel2,B,vardial2018/dev,hin,L1,dev:3395,kas_Deva
panel2,B,vardial2018/dev,hin,L1,dev:3405,hin_Deva
panel2,B,vardial2018/dev,hin,L1,dev:3415,hin_Deva
panel2,B,vardial2018/dev,hin,L1,dev:3416,hin_Deva
panel2,B,vardial2018/dev,hin,L1,dev:3423,hin_Deva
panel2,B,vardial2018/dev,hin,L1,dev:3432,hin_Deva
panel2,B,vardial2018/dev,hin,L1,dev:3443,hin_Deva
panel2,B,vardial2018/dev,hin,L1,dev:3446,hin_Deva
panel2,B,vardial2018/dev,hin,L1,dev:3451,anp_Deva
panel2,B,vardial2018/dev,hin,L1,dev:3456,anp_Deva
panel2,B,vardial2018/dev,hin,L1,dev:3459,hin_Deva
panel2,B,vardial2018/dev,hin,L1,dev:3462,hin_Deva
panel2,B,vardial2018/dev,hin,L1,dev:3463,hin_Deva
panel2,B,vardial2018/dev,hin,L1,dev:3470,hin_Deva
panel2,B,vardial2018/dev,hin,L1,dev:3474,kas_Deva
panel2,B,vardial2018/dev,hin,L1,dev:3477,hin_Deva
panel2,B,vardial2018/dev,hin,L1,dev:3478,hin_Deva
panel2,B,vardial2018/dev,hin,L1,dev:3482,hin_Deva
panel2,B,vardial2018/dev,hin,L1,dev:3485,doi_Deva
panel2,B,vardial2018/dev,hin,L1,dev:3488,hin_Deva
panel2,B,vardial2018/dev,hin,L1,dev:3489,hin_Deva
panel2,B,vardial2018/dev,hin,L1,dev:3492,hin_Deva
panel2,B,vardial2018/dev,hin,L1,dev:3494,hin_Deva
panel2,B,vardial2018/dev,hin,L1,dev:3499,hin_Deva
panel2,B,vardial2018/dev,hin,L1,dev:3500,hin_Deva
panel2,B,vardial2018/dev,hin,L1,dev:3501,hin_Deva
panel2,B,vardial2018/dev,hin,L1,dev:3503,hin_Deva
panel2,B,vardial2018/dev,hin,L1,dev:3509,anp_Deva
panel2,B,vardial2018/dev,hin,L1,dev:3512,anp_Deva
panel2,B,vardial2018/dev,hin,L1,dev:3516,hin_Deva
panel2,B,vardial2018/dev,hin,L1,dev:3519,hin_Deva
panel2,B,vardial2018/dev,hin,L1,dev:3526,hin_Deva
panel2,B,vardial2018/dev,hin,L1,dev:3533,hin_Deva
panel2,B,vardial2018/dev,hin,L1,dev:3550,hin_Deva
panel2,B,vardial2018/dev,hin,L1,dev:3568,hin_Deva
panel2,B,vardial2018/dev,hin,L1,dev:3573,hin_Deva
panel2,B,vardial2018/dev,hin,L1,dev:3577,hin_Deva
panel2,B,vardial2018/dev,hin,L1,dev:3585,thl_Deva
panel2,B,vardial2018/dev,hin,L1,dev:3595,hin_Deva
panel2,B,vardial2018/dev,hin,L1,dev:3614,hin_Deva
panel2,B,vardial2018/dev,hin,L1,dev:3628,hin_Deva
panel2,B,vardial2018/dev,hin,L1,dev:3631,hin_Deva
panel2,B,vardial2018/dev,hin,L1,dev:3636,hin_Deva
panel2,B,vardial2018/dev,hin,L1,dev:3639,anp_Deva
panel2,B,vardial2018/dev,hin,L1,dev:3642,hin_Deva
panel2,B,vardial2018/dev,hin,L1,dev:3646,hin_Deva
panel2,B,vardial2018/dev,hin,L1,dev:3656,hin_Deva
panel2,B,vardial2018/dev,hin,L1,dev:3658,anp_Deva
panel2,B,vardial2018/dev,hin,L1,dev:3661,hin_Deva
panel2,B,vardial2018/dev,hin,L1,dev:3664,hin_Deva
panel2,B,vardial2018/dev,hin,L1,dev:3667,hin_Deva
panel2,B,vardial2018/dev,hin,L1,dev:3672,hin_Deva
panel2,B,vardial2018/dev,hin,L1,dev:3674,hin_Deva
panel2,B,vardial2018/dev,hin,L1,dev:3678,hin_Deva
panel2,B,vardial2018/dev,hin,L1,dev:3680,hin_Deva
panel2,B,vardial2018/dev,hin,L1,dev:3690,anp_Deva
panel2,B,vardial2018/dev,hin,L1,dev:3697,hin_Deva
panel2,B,vardial2018/dev,hin,L1,dev:3707,anp_Deva
panel2,B,vardial2018/dev,hin,L1,dev:3708,hin_Deva
panel2,B,vardial2018/dev,hin,L1,dev:3709,hin_Deva
panel2,B,vardial2018/dev,hin,L1,dev:3713,hin_Deva
panel2,B,vardial2018/dev,hin,L1,dev:3716,hin_Deva
panel2,B,vardial2018/dev,hin,L1,dev:3723,hin_Deva
panel2,B,vardial2018/dev,hin,L1,dev:3726,hin_Deva
panel2,B,vardial2018/dev,hin,L1,dev:3727,hin_Deva
panel2,B,vardial2018/dev,hin,L1,dev:3731,hin_Deva
panel2,B,vardial2018/dev,hin,L1,dev:3738,hin_Deva
panel2,B,vardial2018/dev,hin,L1,dev:3744,hin_Deva
panel2,B,vardial2018/dev,hin,L1,dev:3748,hin_Deva
panel2,B,vardial2018/dev,hin,L1,dev:3750,hin_Deva
panel2,B,vardial2018/dev,hin,L1,dev:3753,hin_Deva
panel2,B,vardial2018/dev,hin,L1,dev:3761,hin_Deva
panel2,B,vardial2018/dev,hin,L1,dev:3763,hin_Deva
panel2,B,vardial2018/dev,hin,L1,dev:3780,hin_Deva
panel2,B,vardial2018/dev,hin,L1,dev:3784,anp_Deva
panel2,B,vardial2018/dev,hin,L1,dev:3796,hne_Deva
panel2,B,vardial2018/dev,hin,L1,dev:3811,hin_Deva
panel2,B,vardial2018/dev,hin,L1,dev:3824,hin_Deva
panel2,B,vardial2018/dev,hin,L1,dev:3825,anp_Deva
panel2,B,vardial2018/dev,hin,L1,dev:3833,hin_Deva
panel2,B,vardial2018/dev,hin,L1,dev:3845,hin_Deva
panel2,B,vardial2018/dev,hin,L1,dev:3846,hin_Deva
panel2,B,vardial2018/dev,hin,L1,dev:3849,hin_Deva
panel2,B,vardial2018/dev,hin,L1,dev:3854,hin_Deva
panel2,B,vardial2018/dev,hin,L1,dev:3860,hin_Deva
panel2,B,vardial2018/dev,hin,L1,dev:3865,hin_Deva
panel2,B,vardial2018/dev,hin,L1,dev:3867,hin_Deva
panel2,B,vardial2018/dev,hin,L1,dev:3882,hin_Deva
panel2,B,vardial2018/dev,hin,L1,dev:3897,hin_Deva
panel2,B,vardial2018/dev,hin,L1,dev:3910,kas_Deva
panel2,B,vardial2018/dev,hin,L1,dev:3913,hin_Deva
panel2,B,vardial2018/dev,hin,L1,dev:3916,hin_Deva
panel2,B,vardial2018/dev,hin,L1,dev:3924,hin_Deva
panel2,B,vardial2018/dev,hin,L1,dev:3931,hin_Deva
panel2,B,vardial2018/dev,hin,L1,dev:3937,hin_Deva
panel2,B,vardial2018/dev,hin,L1,dev:3942,hin_Deva
panel2,B,vardial2018/dev,hin,L1,dev:3945,hin_Deva
panel2,B,vardial2018/dev,hin,L1,dev:3958,hin_Deva
panel2,B,vardial2018/dev,hin,L1,dev:3961,hin_Deva
panel2,B,vardial2018/dev,hin,L1,dev:3975,hin_Deva
panel2,B,vardial2018/dev,hin,L1,dev:3983,anp_Deva
panel2,B,vardial2018/dev,hin,L1,dev:3984,hin_Deva
panel2,B,vardial2018/dev,hin,L1,dev:3989,hin_Deva
panel2,B,vardial2018/dev,hin,L1,dev:3992,hin_Deva
panel2,B,vardial2018/dev,hin,L1,dev:3995,hin_Deva
panel2,B,vardial2018/dev,hin,L1,dev:4002,hin_Deva
panel2,B,vardial2018/dev,hin,L1,dev:4004,hin_Deva
panel2,B,vardial2018/dev,hin,L1,dev:4012,anp_Deva
panel2,B,vardial2018/dev,hin,L1,dev:4013,hin_Deva
panel2,B,vardial2018/dev,hin,L1,dev:4018,hin_Deva
panel2,B,vardial2018/dev,hin,L1,dev:4019,anp_Deva
panel2,B,vardial2018/dev,hin,L1,dev:4032,hin_Deva
panel2,B,vardial2018/dev,hin,L1,dev:4033,hin_Deva
panel2,B,vardial2018/dev,hin,L1,dev:4037,hin_Deva
panel2,B,vardial2018/dev,hin,L1,dev:4039,hin_Deva
panel2,B,vardial2018/dev,hin,L1,dev:4043,hin_Deva
panel2,B,vardial2018/dev,hin,L1,dev:4047,hin_Deva
panel2,B,vardial2018/dev,hin,L1,dev:4054,hin_Deva
panel2,B,vardial2018/dev,hin,L1,dev:4056,hin_Deva
panel2,B,vardial2018/dev,hin,L1,dev:4057,hin_Deva
panel2,B,vardial2018/dev,hin,L1,dev:4059,anp_Deva
panel2,B,vardial2018/dev,hin,L1,dev:4064,hin_Deva
panel2,B,vardial2018/dev,hin,L1,dev:4065,hin_Deva
panel2,B,vardial2018/dev,hin,L1,dev:4066,hin_Deva
panel2,B,vardial2018/dev,hin,L1,dev:4073,hin_Deva
panel2,B,vardial2018/dev,hin,L1,dev:4075,hin_Deva
panel2,B,vardial2018/dev,hin,L1,dev:4083,hin_Deva
panel2,B,vardial2018/dev,hin,L1,dev:4098,awa_Deva
panel2,B,vardial2018/dev,hin,L1,dev:4100,hin_Deva
panel2,B,vardial2018/dev,hin,L1,dev:4101,anp_Deva
panel2,B,vardial2018/dev,hin,L1,dev:4104,hin_Deva
panel2,B,vardial2018/dev,hin,L1,dev:4105,hin_Deva
panel2,B,vardial2018/dev,hin,L1,dev:4114,hin_Deva
panel2,B,vardial2018/dev,hin,L1,dev:4123,hin_Deva
panel2,B,vardial2018/dev,hin,L1,dev:4127,hin_Deva
panel2,B,vardial2018/dev,hin,L1,dev:4132,hin_Deva
panel2,B,vardial2018/dev,hin,L1,dev:4134,hin_Deva
panel2,B,vardial2018/dev,hin,L1,dev:4142,hin_Deva
panel2,B,vardial2018/dev,hin,L1,dev:4145,hin_Deva
panel2,B,vardial2018/dev,hin,L1,dev:4147,hin_Deva
panel2,B,vardial2018/dev,hin,L1,dev:4150,hin_Deva
panel2,B,vardial2018/dev,hin,L1,dev:4151,awa_Deva
panel2,B,vardial2018/dev,hin,L1,dev:4154,anp_Deva
panel2,B,vardial2018/dev,hin,L1,dev:4155,awa_Deva
panel2,B,vardial2018/dev,hin,L1,dev:4157,hin_Deva
panel2,B,vardial2018/dev,hin,L1,dev:4158,hin_Deva
panel2,B,vardial2018/dev,hin,L1,dev:4166,hin_Deva
panel2,B,vardial2018/dev,hin,L1,dev:4168,hin_Deva
panel2,B,vardial2018/dev,hin,L1,dev:4174,anp_Deva
panel2,B,vardial2018/dev,hin,L1,dev:4176,hin_Deva
panel2,B,vardial2018/dev,hin,L1,dev:4177,hin_Deva
panel2,B,vardial2018/dev,hin,L1,dev:4180,hin_Deva
panel2,B,vardial2018/dev,hin,L1,dev:4184,hin_Deva
panel2,B,vardial2018/dev,hin,L1,dev:4199,hin_Deva
panel2,B,vardial2018/dev,hin,L1,dev:4202,hin_Deva
panel2,B,vardial2018/dev,hin,L1,dev:4205,hin_Deva
panel2,B,vardial2018/dev,hin,L1,dev:4207,hin_Deva
panel2,B,vardial2018/dev,hin,L1,dev:4218,anp_Deva
panel2,B,vardial2018/dev,hin,L1,dev:4228,hin_Deva
panel2,B,vardial2018/dev,hin,L1,dev:4230,hin_Deva
panel2,B,vardial2018/dev,hin,L1,dev:4232,hin_Deva
panel2,B,vardial2018/dev,hin,L1,dev:4237,anp_Deva
panel2,B,vardial2018/dev,hin,L1,dev:4250,hin_Deva
panel2,B,vardial2018/dev,hin,L1,dev:4255,anp_Deva
panel2,B,vardial2018/dev,hin,L1,dev:4257,hin_Deva
panel2,B,vardial2018/dev,hin,L1,dev:4260,anp_Deva
panel2,B,vardial2018/dev,hin,L1,dev:4261,hin_Deva
panel2,B,vardial2018/dev,hin,L1,dev:4287,hin_Deva
panel2,B,vardial2018/dev,hin,L1,dev:4299,awa_Deva
panel2,B,vardial2018/dev,hin,L1,dev:4316,hin_Deva
panel2,B,vardial2018/dev,hin,L1,dev:4322,hin_Deva
panel2,B,vardial2018/dev,hin,L1,dev:4325,hin_Deva
panel2,B,vardial2018/dev,hin,L1,dev:4327,hin_Deva
panel2,B,vardial2018/dev,hin,L1,dev:4329,hin_Deva
panel2,B,vardial2018/dev,hin,L1,dev:4330,hin_Deva
panel2,B,vardial2018/dev,hin,L1,dev:4331,hin_Deva
panel2,B,vardial2018/dev,hin,L1,dev:4333,hin_Deva
panel2,B,vardial2018/dev,hin,L1,dev:4337,hin_Deva
panel2,B,vardial2018/dev,hin,L1,dev:4346,hin_Deva
panel2,B,vardial2018/dev,hin,L1,dev:4357,hin_Deva
panel2,B,vardial2018/dev,hin,L1,dev:4358,hin_Deva
panel2,B,vardial2018/dev,hin,L1,dev:4365,hin_Deva
panel2,B,vardial2018/dev,hin,L1,dev:4371,hin_Deva
panel2,B,vardial2018/dev,hin,L1,dev:4373,hin_Deva
panel2,B,vardial2018/dev,hin,L1,dev:4380,hin_Deva
panel2,B,vardial2018/dev,hin,L1,dev:4381,hin_Deva
panel2,B,vardial2018/dev,hin,L1,dev:4391,hin_Deva
panel2,B,vardial2018/dev,hin,L1,dev:4392,hin_Deva
panel2,B,vardial2018/dev,hin,L1,dev:4399,hin_Deva
panel2,B,vardial2018/dev,hin,L1,dev:4403,anp_Deva
panel2,B,vardial2018/dev,hin,L1,dev:4404,hin_Deva
panel2,B,vardial2018/dev,hin,L1,dev:4405,hin_Deva
panel2,B,vardial2018/dev,hin,L1,dev:4418,anp_Deva
panel2,B,vardial2018/dev,hin,L1,dev:4425,hin_Deva
panel2,B,vardial2018/dev,hin,L1,dev:4429,hin_Deva
panel2,B,vardial2018/dev,hin,L1,dev:4431,hin_Deva
panel2,B,vardial2018/dev,hin,L1,dev:4437,hin_Deva
panel2,B,vardial2018/dev,hin,L1,dev:4439,hin_Deva
panel2,B,vardial2018/dev,hin,L1,dev:4457,hin_Deva
panel2,B,vardial2018/dev,hin,L1,dev:4462,hin_Deva
panel2,B,vardial2018/dev,hin,L1,dev:4463,hin_Deva
panel2,B,vardial2018/dev,hin,L1,dev:4465,hin_Deva
panel2,B,vardial2018/dev,hin,L1,dev:4473,hin_Deva
panel2,B,vardial2018/dev,hin,L1,dev:4476,hin_Deva
panel2,B,vardial2018/dev,hin,L1,dev:4483,new_Deva
panel2,B,vardial2018/dev,hin,L1,dev:4489,hin_Deva
panel2,B,vardial2018/dev,hin,L1,dev:4498,hin_Deva
panel2,B,vardial2018/dev,hin,L1,dev:4499,hin_Deva
panel2,B,vardial2018/dev,hin,L1,dev:4500,anp_Deva
panel2,B,vardial2018/dev,hin,L1,dev:4507,hin_Deva
panel2,B,vardial2018/dev,hin,L1,dev:4529,hin_Deva
panel2,B,vardial2018/dev,hin,L1,dev:4534,hin_Deva
panel2,B,vardial2018/dev,hin,L1,dev:4535,hin_Deva
panel2,B,vardial2018/dev,hin,L1,dev:4554,hin_Deva
panel2,B,vardial2018/dev,hin,L1,dev:4561,bho_Deva
panel2,B,vardial2018/dev,hin,L1,dev:4568,hin_Deva
panel2,B,vardial2018/dev,hin,L1,dev:4570,anp_Deva
panel2,B,vardial2018/dev,hin,L1,dev:4573,hin_Deva
panel2,B,vardial2018/dev,hin,L1,dev:4581,hin_Deva
panel2,B,vardial2018/dev,hin,L1,dev:4587,hin_Deva
panel2,B,vardial2018/dev,hin,L1,dev:4589,hin_Deva
panel2,B,vardial2018/dev,hin,L1,dev:4592,hin_Deva
panel2,B,vardial2018/dev,hin,L1,dev:4595,hin_Deva
panel2,B,vardial2018/dev,hin,L1,dev:4600,hin_Deva
panel2,B,vardial2018/dev,hin,L1,dev:4605,anp_Deva
panel2,B,vardial2018/dev,hin,L1,dev:4611,hin_Deva
panel2,B,vardial2018/dev,hin,L1,dev:4612,hin_Deva
panel2,B,vardial2018/dev,hin,L1,dev:4618,hin_Deva
panel2,B,vardial2018/dev,hin,L1,dev:4625,hin_Deva
panel2,B,vardial2018/dev,hin,L1,dev:4626,hin_Deva
panel2,B,vardial2018/dev,hin,L1,dev:4630,hin_Deva
panel2,B,vardial2018/dev,hin,L1,dev:4634,bho_Deva
panel2,B,vardial2018/dev,hin,L1,dev:4636,hin_Deva
panel2,B,vardial2018/dev,hin,L1,dev:4638,hin_Deva
panel2,B,vardial2018/dev,hin,L1,dev:4641,hin_Deva
panel2,B,vardial2018/dev,hin,L1,dev:4649,hin_Deva
panel2,B,vardial2018/dev,hin,L1,dev:4673,hin_Deva
panel2,B,vardial2018/dev,hin,L1,dev:4677,hin_Deva
panel2,B,vardial2018/dev,hin,L1,dev:4681,hin_Deva
panel2,B,vardial2018/dev,hin,L1,dev:4682,anp_Deva
panel2,B,vardial2018/dev,hin,L1,dev:4683,hin_Deva
panel2,B,vardial2018/dev,hin,L1,dev:4699,hin_Deva
panel2,B,vardial2018/dev,hin,L1,dev:4704,hin_Deva
panel2,B,vardial2018/dev,hin,L1,dev:4707,hin_Deva
panel2,B,vardial2018/dev,hin,L1,dev:4719,hin_Deva
panel2,B,vardial2018/dev,hin,L1,dev:4721,hin_Deva
panel2,B,vardial2018/dev,hin,L1,dev:4725,hin_Deva
panel2,B,vardial2018/dev,hin,L1,dev:4727,hin_Deva
panel2,B,vardial2018/dev,hin,L1,dev:4736,hin_Deva
panel2,B,vardial2018/dev,hin,L1,dev:4740,hin_Deva
panel2,B,vardial2018/dev,hin,L1,dev:4741,hin_Deva
panel2,B,vardial2018/dev,hin,L1,dev:4745,mar_Deva
panel2,B,vardial2018/dev,hin,L1,dev:4746,hin_Deva
panel2,B,vardial2018/dev,hin,L1,dev:4749,hin_Deva
panel2,B,vardial2018/dev,hin,L1,dev:4750,hin_Deva
panel2,B,vardial2018/dev,hin,L1,dev:4754,hin_Deva
panel2,B,vardial2018/dev,hin,L1,dev:4766,hin_Deva
panel2,B,vardial2018/dev,hin,L1,dev:4771,hin_Deva
panel2,B,vardial2018/dev,hin,L1,dev:4773,hin_Deva
panel2,B,vardial2018/dev,hin,L1,dev:4793,hin_Deva
panel2,B,vardial2018/dev,hin,L1,dev:4796,hin_Deva
panel2,B,vardial2018/dev,hin,L1,dev:4807,hin_Deva
panel2,B,vardial2018/dev,hin,L1,dev:4808,hin_Deva
panel2,B,vardial2018/dev,hin,L1,dev:4811,hin_Deva
panel2,B,vardial2018/dev,hin,L1,dev:4813,hin_Deva
panel2,B,vardial2018/dev,hin,L1,dev:4814,hin_Deva
panel2,B,vardial2018/dev,hin,L1,dev:4819,hin_Deva
panel2,B,vardial2018/dev,hin,L1,dev:4825,hin_Deva
panel2,B,vardial2018/dev,hin,L1,dev:4836,anp_Deva
panel2,B,vardial2018/dev,hin,L1,dev:4841,hin_Deva
panel2,B,vardial2018/dev,hin,L1,dev:4854,hin_Deva
panel2,B,vardial2018/dev,hin,L1,dev:4856,hin_Deva
panel2,B,vardial2018/dev,hin,L1,dev:4861,hin_Deva
panel2,B,vardial2018/dev,hin,L1,dev:4865,hin_Deva
panel2,B,vardial2018/dev,hin,L1,dev:4867,hin_Deva
panel2,B,vardial2018/dev,hin,L1,dev:4868,hin_Deva
panel2,B,vardial2018/dev,hin,L1,dev:4873,hin_Deva
panel2,B,vardial2018/dev,hin,L1,dev:4874,hin_Deva
panel2,B,vardial2018/dev,hin,L1,dev:4880,hin_Deva
panel2,B,vardial2018/dev,hin,L1,dev:4895,hin_Deva
panel2,B,vardial2018/dev,hin,L1,dev:4899,hin_Deva
panel2,B,vardial2018/dev,hin,L1,dev:4905,hin_Deva
panel2,B,vardial2018/dev,hin,L1,dev:4910,hin_Deva
panel2,B,vardial2018/dev,hin,L1,dev:4912,anp_Deva
panel2,B,vardial2018/dev,hin,L1,dev:4915,hin_Deva
panel2,B,vardial2018/dev,hin,L1,dev:4916,hin_Deva
panel2,B,vardial2018/dev,hin,L1,dev:4919,hin_Deva
panel2,B,vardial2018/dev,hin,L1,dev:4921,anp_Deva
panel2,B,vardial2018/dev,hin,L1,dev:4930,kas_Deva
panel2,B,vardial2018/dev,hin,L1,dev:4933,hin_Deva
panel2,B,vardial2018/dev,hin,L1,dev:4935,hin_Deva
panel2,B,vardial2018/dev,hin,L1,dev:4938,hin_Deva
panel2,B,vardial2018/dev,hin,L1,dev:4939,hin_Deva
panel2,B,vardial2018/dev,hin,L1,dev:4944,anp_Deva
panel2,B,vardial2018/dev,hin,L1,dev:4945,hin_Deva
panel2,B,vardial2018/dev,hin,L1,dev:4946,hin_Deva
panel2,B,vardial2018/dev,hin,L1,dev:4953,hin_Deva
panel2,B,vardial2018/dev,hin,L1,dev:4956,hin_Deva
panel2,B,vardial2018/dev,hin,L1,dev:4957,hin_Deva
panel2,B,vardial2018/dev,hin,L1,dev:4958,hin_Deva
panel2,B,vardial2018/dev,hin,L1,dev:4960,hin_Deva
panel2,B,vardial2018/dev,hin,L1,dev:4968,hin_Deva
panel2,B,vardial2018/dev,hin,L1,dev:4969,hin_Deva
panel2,B,vardial2018/dev,hin,L1,dev:4976,anp_Deva
panel2,B,vardial2018/dev,hin,L1,dev:4979,hin_Deva
panel2,B,vardial2018/dev,hin,L1,dev:4985,anp_Deva
panel2,B,vardial2018/dev,hin,L1,dev:4999,hin_Deva
panel2,B,vardial2018/dev,hin,L1,dev:5006,hin_Deva
panel2,B,vardial2018/dev,hin,L1,dev:5013,hin_Deva
panel2,B,vardial2018/dev,hin,L1,dev:5035,hin_Deva
panel2,B,vardial2018/dev,hin,L1,dev:5036,hin_Deva
panel2,B,vardial2018/dev,hin,L1,dev:5040,hin_Deva
panel2,B,vardial2018/dev,hin,L1,dev:5064,mup_Deva
panel2,B,vardial2018/dev,hin,L1,dev:5068,hin_Deva
panel2,B,vardial2018/dev,hin,L1,dev:5074,hin_Deva
panel2,B,vardial2018/dev,hin,L1,dev:5080,hin_Deva
panel2,B,vardial2018/dev,hin,L1,dev:5082,hin_Deva
panel2,B,vardial2018/dev,hin,L1,dev:5089,hin_Deva
panel2,B,vardial2018/dev,hin,L1,dev:5098,anp_Deva
panel2,B,vardial2018/dev,hin,L1,dev:5100,hin_Deva
panel2,B,vardial2018/dev,hin,L1,dev:5101,anp_Deva
panel2,B,vardial2018/dev,hin,L1,dev:5110,hin_Deva
panel2,B,vardial2018/dev,hin,L1,dev:5111,hin_Deva
panel2,B,vardial2018/dev,hin,L1,dev:5112,hin_Deva
panel2,B,vardial2018/dev,hin,L1,dev:5113,hin_Deva
panel2,B,vardial2018/dev,hin,L1,dev:5119,hin_Deva
panel2,B,vardial2018/dev,hin,L1,dev:5120,hin_Deva
panel2,B,vardial2018/dev,hin,L1,dev:5128,hin_Deva
panel2,B,vardial2018/dev,hin,L1,dev:5132,hin_Deva
panel2,B,vardial2018/dev,hin,L1,dev:5134,hin_Deva
panel2,B,vardial2018/dev,hin,L1,dev:5137,hin_Deva
panel2,B,vardial2018/dev,hin,L1,dev:5142,hin_Deva
panel2,B,vardial2018/dev,hin,L1,dev:5146,hin_Deva
panel2,B,vardial2018/dev,hin,L1,dev:5147,hin_Deva
panel2,B,vardial2018/dev,hin,L1,dev:5161,anp_Deva
panel2,B,vardial2018/dev,hin,L1,dev:5163,hin_Deva
panel2,B,vardial2018/dev,hin,L1,dev:5169,anp_Deva
panel2,B,vardial2018/dev,hin,L1,dev:5172,hin_Deva
panel2,B,vardial2018/dev,hin,L1,dev:5174,hin_Deva
panel2,B,vardial2018/dev,hin,L1,dev:5176,hin_Deva
panel2,B,vardial2018/dev,hin,L1,dev:5180,hin_Deva
panel2,B,vardial2018/dev,hin,L1,dev:5187,hin_Deva
panel2,B,vardial2018/dev,hin,L1,dev:5190,anp_Deva
panel2,B,vardial2018/dev,hin,L1,dev:5195,hin_Deva
panel2,B,vardial2018/dev,hin,L1,dev:5196,hin_Deva
panel2,B,vardial2018/dev,hin,L1,dev:5207,hin_Deva
panel2,B,vardial2018/dev,hin,L1,dev:5209,hin_Deva
panel2,B,vardial2018/dev,hin,L1,dev:5214,hin_Deva
panel2,B,vardial2018/dev,hin,L1,dev:5221,hin_Deva
panel2,B,vardial2018/dev,hin,L1,dev:5224,hin_Deva
panel2,B,vardial2018/dev,hin,L1,dev:5229,hin_Deva
panel2,B,vardial2018/dev,hin,L1,dev:5231,hin_Deva
panel2,B,vardial2018/dev,hin,L1,dev:5235,hin_Deva
panel2,B,vardial2018/dev,hin,L1,dev:5250,hin_Deva
panel2,B,vardial2018/dev,hin,L1,dev:5288,hin_Deva
panel2,B,vardial2018/dev,hin,L1,dev:5290,hin_Deva
panel2,B,vardial2018/dev,hin,L1,dev:5291,hin_Deva
panel2,B,vardial2018/dev,hin,L1,dev:5303,hin_Deva
panel2,B,vardial2018/dev,hin,L1,dev:5307,hin_Deva
panel2,B,vardial2018/dev,hin,L1,dev:5311,hin_Deva
panel2,B,vardial2018/dev,hin,L1,dev:5315,hin_Deva
panel2,B,vardial2018/dev,hin,L1,dev:5322,hin_Deva
panel2,B,vardial2018/dev,hin,L1,dev:5326,hin_Deva
panel2,B,vardial2018/dev,hin,L1,dev:5340,hin_Deva
panel2,B,vardial2018/dev,hin,L1,dev:5341,hin_Deva
panel2,B,vardial2018/dev,hin,L1,dev:5342,hin_Deva
panel2,B,vardial2018/dev,hin,L1,dev:5349,hin_Deva
panel2,B,vardial2018/dev,hin,L1,dev:5351,hin_Deva
panel2,B,vardial2018/dev,hin,L1,dev:5359,hin_Deva
panel2,B,vardial2018/dev,hin,L1,dev:5360,hin_Deva
panel2,B,vardial2018/dev,hin,L1,dev:5371,hin_Deva
panel2,B,vardial2018/dev,hin,L1,dev:5373,hin_Deva
panel2,B,vardial2018/dev,hin,L1,dev:5376,awa_Deva
panel2,B,vardial2018/dev,hin,L1,dev:5387,hin_Deva
panel2,B,vardial2018/dev,hin,L1,dev:5390,hin_Deva
panel2,B,vardial2018/dev,hin,L1,dev:5393,hin_Deva
panel2,B,vardial2018/dev,hin,L1,dev:5397,hin_Deva
panel2,B,vardial2018/dev,hin,L1,dev:5406,hin_Deva
panel2,B,vardial2018/dev,hin,L1,dev:5413,hin_Deva
panel2,B,vardial2018/dev,hin,L1,dev:5435,hin_Deva
panel2,B,vardial2018/dev,hin,L1,dev:5446,hin_Deva
panel2,B,vardial2018/dev,hin,L1,dev:5455,hin_Deva
panel2,B,vardial2018/dev,hin,L1,dev:5464,anp_Deva
panel2,B,vardial2018/dev,hin,L1,dev:5470,bho_Deva
panel2,B,vardial2018/dev,hin,L1,dev:5489,kru_Deva
panel2,B,vardial2018/dev,hin,L1,dev:5491,hin_Deva
panel2,B,vardial2018/dev,hin,L1,dev:5495,hin_Deva
panel2,B,vardial2018/dev,hin,L1,dev:5501,hin_Deva
panel2,B,vardial2018/dev,hin,L1,dev:5516,hin_Deva
panel2,B,vardial2018/dev,hin,L1,dev:5526,hin_Deva
panel2,B,vardial2018/dev,hin,L1,dev:5527,hin_Deva
panel2,B,vardial2018/dev,hin,L1,dev:5537,hin_Deva
panel2,B,vardial2018/dev,hin,L1,dev:5541,doi_Deva
panel2,B,vardial2018/dev,hin,L1,dev:5542,hin_Deva
panel2,B,vardial2018/dev,hin,L1,dev:5545,hin_Deva
panel2,B,vardial2018/dev,hin,L1,dev:5550,hin_Deva
panel2,B,vardial2018/dev,hin,L1,dev:5556,hin_Deva
panel2,B,vardial2018/dev,hin,L1,dev:5562,hin_Deva
panel2,B,vardial2018/dev,hin,L1,dev:5577,hin_Deva
panel2,B,vardial2018/dev,hin,L1,dev:5578,hin_Deva
panel2,B,vardial2018/dev,hin,L1,dev:5585,hin_Deva
panel2,B,vardial2018/dev,hin,L1,dev:5589,hin_Deva
panel2,B,vardial2018/dev,hin,L1,dev:5606,hin_Deva
panel2,B,vardial2018/dev,hin,L1,dev:5607,hin_Deva
panel2,B,vardial2018/dev,hin,L1,dev:5611,hin_Deva
panel2,B,vardial2018/dev,hin,L1,dev:5640,hin_Deva
panel2,B,vardial2018/dev,hin,L1,dev:5653,anp_Deva
panel2,B,vardial2018/dev,hin,L1,dev:5663,hin_Deva
panel2,B,vardial2018/dev,hin,L1,dev:5664,hin_Deva
panel2,B,vardial2018/dev,hin,L1,dev:5670,hin_Deva
panel2,B,vardial2018/dev,hin,L1,dev:5677,hin_Deva
panel2,B,vardial2018/dev,hin,L1,dev:5682,hin_Deva
panel2,B,vardial2018/dev,hin,L1,dev:5686,hin_Deva
panel2,B,vardial2018/dev,hin,L1,dev:5692,anp_Deva
panel2,B,vardial2018/dev,hin,L1,dev:5699,hin_Deva
panel2,B,vardial2018/dev,hin,L1,dev:5704,hin_Deva
panel2,B,vardial2018/dev,hin,L1,dev:5707,hin_Deva
panel2,B,vardial2018/dev,hin,L1,dev:5713,hin_Deva
panel2,B,vardial2018/dev,hin,L1,dev:5719,hin_Deva
panel2,B,vardial2018/dev,hin,L1,dev:5731,awa_Deva
panel2,B,vardial2018/dev,hin,L1,dev:5741,awa_Deva
panel2,B,vardial2018/dev,hin,L1,dev:5743,awa_Deva
panel2,B,vardial2018/dev,hin,L1,dev:5745,hin_Deva
panel2,B,vardial2018/dev,hin,L1,dev:5751,hin_Deva
panel2,B,vardial2018/dev,hin,L1,dev:5758,hin_Deva
panel2,B,vardial2018/dev,hin,L1,dev:5761,hin_Deva
panel2,B,vardial2018/dev,hin,L1,dev:5763,hin_Deva
panel2,B,vardial2018/dev,hin,L1,dev:5768,hin_Deva
panel2,B,vardial2018/dev,hin,L1,dev:5774,hin_Deva
panel2,B,vardial2018/dev,hin,L1,dev:5775,hin_Deva
panel2,B,vardial2018/dev,hin,L1,dev:5777,hin_Deva
panel2,B,vardial2018/dev,hin,L1,dev:5779,hin_Deva
panel2,B,vardial2018/dev,hin,L1,dev:5785,hin_Deva
panel2,B,vardial2018/dev,hin,L1,dev:5792,hin_Deva
panel2,B,vardial2018/dev,hin,L1,dev:5794,hin_Deva
panel2,B,vardial2018/dev,hin,L1,dev:5795,hin_Deva
panel2,B,vardial2018/dev,hin,L1,dev:5801,hin_Deva
panel2,B,vardial2018/dev,hin,L1,dev:5805,hin_Deva
panel2,B,vardial2018/dev,hin,L1,dev:5809,hin_Deva
panel2,B,vardial2018/dev,hin,L1,dev:5811,hin_Deva
panel2,B,vardial2018/dev,hin,L1,dev:5814,anp_Deva
panel2,B,vardial2018/dev,hin,L1,dev:5821,hin_Deva
panel2,B,vardial2018/dev,hin,L1,dev:5847,hin_Deva
panel2,B,vardial2018/dev,hin,L1,dev:5848,hin_Deva
panel2,B,vardial2018/dev,hin,L1,dev:5859,hin_Deva
panel2,B,vardial2018/dev,hin,L1,dev:5863,hin_Deva
panel2,B,vardial2018/dev,hin,L1,dev:5864,hin_Deva
panel2,B,vardial2018/dev,hin,L1,dev:5867,anp_Deva
panel2,B,vardial2018/dev,hin,L1,dev:5870,hin_Deva
panel2,B,vardial2018/dev,hin,L1,dev:5872,hin_Deva
panel2,B,vardial2018/dev,hin,L1,dev:5875,hin_Deva
panel2,B,vardial2018/dev,hin,L1,dev:5879,hin_Deva
panel2,B,vardial2018/dev,hin,L1,dev:5898,hin_Deva
panel2,B,vardial2018/dev,hin,L1,dev:5904,hin_Deva
panel2,B,vardial2018/dev,hin,L1,dev:5906,hin_Deva
panel2,B,vardial2018/dev,hin,L1,dev:5908,hin_Deva
panel2,B,vardial2018/dev,hin,L1,dev:5911,hin_Deva
panel2,B,vardial2018/dev,hin,L1,dev:5912,hin_Deva
panel2,B,vardial2018/dev,hin,L1,dev:5920,hin_Deva
panel2,B,vardial2018/dev,hin,L1,dev:5921,hin_Deva
panel2,B,vardial2018/dev,hin,L1,dev:5923,hin_Deva
panel2,B,vardial2018/dev,hin,L1,dev:5925,hin_Deva
panel2,B,vardial2018/dev,hin,L1,dev:5926,hin_Deva
panel2,B,vardial2018/dev,hin,L1,dev:5927,anp_Deva
panel2,B,vardial2018/dev,hin,L1,dev:5932,hin_Deva
panel2,B,vardial2018/dev,hin,L1,dev:5936,hin_Deva
panel2,B,vardial2018/dev,hin,L1,dev:5937,hin_Deva
panel2,B,vardial2018/dev,hin,L1,dev:5947,hin_Deva
panel2,B,vardial2018/dev,hin,L1,dev:5957,hin_Deva
panel2,B,vardial2018/dev,hin,L1,dev:5960,hin_Deva
panel2,B,vardial2018/dev,hin,L1,dev:5973,hin_Deva
panel2,B,vardial2018/dev,hin,L1,dev:5976,hin_Deva
panel2,B,vardial2018/dev,hin,L1,dev:5983,hin_Deva
panel2,B,vardial2018/dev,hin,L1,dev:5989,hin_Deva
panel2,B,vardial2018/dev,hin,L1,dev:5990,hin_Deva
panel2,B,vardial2018/dev,hin,L1,dev:5996,hin_Deva
panel2,B,vardial2018/dev,hin,L1,dev:5999,hin_Deva
panel2,B,vardial2018/dev,hin,L1,dev:6005,hin_Deva
panel2,B,vardial2018/dev,hin,L1,dev:6019,anp_Deva
panel2,B,vardial2018/dev,hin,L1,dev:6022,hin_Deva
panel2,B,vardial2018/dev,hin,L1,dev:6025,hin_Deva
panel2,B,vardial2018/dev,hin,L1,dev:6027,hin_Deva
panel2,B,vardial2018/dev,hin,L1,dev:6030,hin_Deva
panel2,B,vardial2018/dev,hin,L1,dev:6033,hin_Deva
panel2,B,vardial2018/dev,hin,L1,dev:6040,hin_Deva
panel2,B,vardial2018/dev,hin,L1,dev:6043,hin_Deva
panel2,B,vardial2018/dev,hin,L1,dev:6055,hin_Deva
panel2,B,vardial2018/dev,hin,L1,dev:6065,hin_Deva
panel2,B,vardial2018/dev,hin,L1,dev:6075,hin_Deva
panel2,B,vardial2018/dev,hin,L1,dev:6090,hin_Deva
panel2,B,vardial2018/dev,hin,L1,dev:6093,hin_Deva
panel2,B,vardial2018/dev,hin,L1,dev:6094,hin_Deva
panel2,B,vardial2018/dev,hin,L1,dev:6104,hin_Deva
panel2,B,vardial2018/dev,hin,L1,dev:6105,anp_Deva
panel2,B,vardial2018/dev,hin,L1,dev:6106,hin_Deva
panel2,B,vardial2018/dev,hin,L1,dev:6114,hin_Deva
panel2,B,vardial2018/dev,hin,L1,dev:6116,hin_Deva
panel2,B,vardial2018/dev,hin,L1,dev:6120,hin_Deva
panel2,B,vardial2018/dev,hin,L1,dev:6121,hin_Deva
panel2,B,vardial2018/dev,hin,L1,dev:6126,hin_Deva
panel2,B,vardial2018/dev,hin,L1,dev:6128,hin_Deva
panel2,B,vardial2018/dev,hin,L1,dev:6130,hin_Deva
panel2,B,vardial2018/dev,hin,L1,dev:6135,hin_Deva
panel2,B,vardial2018/dev,hin,L1,dev:6137,mup_Deva
panel2,B,vardial2018/dev,hin,L1,dev:6138,hin_Deva
panel2,B,vardial2018/dev,hin,L1,dev:6140,awa_Deva
panel2,B,vardial2018/dev,hin,L1,dev:6143,hin_Deva
panel2,B,vardial2018/dev,hin,L1,dev:6159,anp_Deva
panel2,B,vardial2018/dev,hin,L1,dev:6164,anp_Deva
panel2,B,vardial2018/dev,hin,L1,dev:6169,hin_Deva
panel2,B,vardial2018/dev,hin,L1,dev:6175,hin_Deva
panel2,B,vardial2018/dev,hin,L1,dev:6184,hin_Deva
panel2,B,vardial2018/dev,hin,L1,dev:6207,hin_Deva
panel2,B,vardial2018/dev,hin,L1,dev:6210,hin_Deva
panel2,B,vardial2018/dev,hin,L1,dev:6215,hin_Deva
panel2,B,vardial2018/dev,hin,L1,dev:6217,hin_Deva
panel2,B,vardial2018/dev,hin,L1,dev:6228,hin_Deva
panel2,B,vardial2018/dev,hin,L1,dev:6235,hin_Deva
panel2,B,vardial2018/dev,hin,L1,dev:6249,hin_Deva
panel2,B,vardial2018/dev,hin,L1,dev:6254,hin_Deva
panel2,B,vardial2018/dev,hin,L1,dev:6257,hin_Deva
panel2,B,vardial2018/dev,hin,L1,dev:6261,hin_Deva
panel2,B,vardial2018/dev,hin,L1,dev:6274,hin_Deva
panel2,B,vardial2018/dev,hin,L1,dev:6278,sck_Deva
panel2,B,vardial2018/dev,hin,L1,dev:6279,hin_Deva
panel2,B,vardial2018/dev,hin,L1,dev:6281,hin_Deva
panel2,B,vardial2018/dev,hin,L1,dev:6283,hin_Deva
panel2,B,vardial2018/dev,hin,L1,dev:6284,hin_Deva
panel2,B,vardial2018/dev,hin,L1,dev:6288,hin_Deva
panel2,B,vardial2018/dev,hin,L1,dev:6290,bho_Deva
panel2,B,vardial2018/dev,hin,L1,dev:6300,hin_Deva
panel2,B,vardial2018/dev,hin,L1,dev:6302,awa_Deva
panel2,B,vardial2018/dev,hin,L1,dev:6312,hin_Deva
panel2,B,vardial2018/dev,hin,L1,dev:6314,anp_Deva
panel2,B,vardial2018/dev,hin,L1,dev:6319,hin_Deva
panel2,B,vardial2018/dev,hin,L1,dev:6321,hin_Deva
panel2,B,vardial2018/dev,hin,L1,dev:6326,hin_Deva
panel2,B,vardial2018/dev,hin,L1,dev:6328,hin_Deva
panel2,B,vardial2018/dev,hin,L1,dev:6330,hin_Deva
panel2,B,vardial2018/dev,hin,L1,dev:6333,hin_Deva
panel2,B,vardial2018/dev,hin,L1,dev:6343,hin_Deva
panel2,B,vardial2018/dev,hin,L1,dev:6346,hin_Deva
panel2,B,vardial2018/dev,hin,L1,dev:6351,hin_Deva
panel2,B,vardial2018/dev,hin,L1,dev:6358,hin_Deva
panel2,B,vardial2018/dev,hin,L1,dev:6364,hin_Deva
panel2,B,vardial2018/dev,hin,L1,dev:6365,hin_Deva
panel2,B,vardial2018/dev,hin,L1,dev:6370,hin_Deva
panel2,B,vardial2018/dev,hin,L1,dev:6375,hin_Deva
panel2,B,vardial2018/dev,hin,L1,dev:6377,hin_Deva
panel2,B,vardial2018/dev,hin,L1,dev:6380,hin_Deva
panel2,B,vardial2018/dev,hin,L1,dev:6388,hin_Deva
panel2,B,vardial2018/dev,hin,L1,dev:6389,new_Deva
panel2,B,vardial2018/dev,hin,L1,dev:6395,hin_Deva
panel2,B,vardial2018/dev,hin,L1,dev:6399,hin_Deva
panel2,B,vardial2018/dev,hin,L1,dev:6406,hin_Deva
panel2,B,vardial2018/dev,hin,L1,dev:6416,anp_Deva
panel2,B,vardial2018/dev,hin,L1,dev:6424,hin_Deva
panel2,B,vardial2018/dev,hin,L1,dev:6434,hne_Deva
panel2,B,vardial2018/dev,hin,L1,dev:6439,hin_Deva
panel2,B,vardial2018/dev,hin,L1,dev:6441,hin_Deva
panel2,B,vardial2018/dev,hin,L1,dev:6442,hin_Deva
panel2,B,vardial2018/dev,hin,L1,dev:6446,hin_Deva
panel2,B,vardial2018/dev,hin,L1,dev:6448,hin_Deva
panel2,B,vardial2018/dev,hin,L1,dev:6454,hin_Deva
panel2,B,vardial2018/dev,hin,L1,dev:6457,hin_Deva
panel2,B,vardial2018/dev,hin,L1,dev:6461,hin_Deva
panel2,B,vardial2018/dev,hin,L1,dev:6465,hin_Deva
panel2,B,vardial2018/dev,hin,L1,dev:6467,hin_Deva
panel2,B,vardial2018/dev,hin,L1,dev:6468,hin_Deva
panel2,B,vardial2018/dev,hin,L1,dev:6476,hin_Deva
panel2,B,vardial2018/dev,hin,L1,dev:6481,hin_Deva
panel2,B,vardial2018/dev,hin,L1,dev:6482,awa_Deva
panel2,B,vardial2018/dev,hin,L1,dev:6504,hin_Deva
panel2,B,vardial2018/dev,hin,L1,dev:6505,hin_Deva
panel2,B,vardial2018/dev,hin,L1,dev:6509,hin_Deva
panel2,B,vardial2018/dev,hin,L1,dev:6511,hin_Deva
panel2,B,vardial2018/dev,hin,L1,dev:6522,hin_Deva
panel2,B,vardial2018/dev,hin,L1,dev:6524,hin_Deva
panel2,B,vardial2018/dev,hin,L1,dev:6531,hin_Deva
panel2,B,vardial2018/dev,hin,L1,dev:6532,hin_Deva
panel2,B,vardial2018/dev,hin,L1,dev:6534,anp_Deva
panel2,B,vardial2018/dev,hin,L1,dev:6536,hin_Deva
panel2,B,vardial2018/dev,hin,L1,dev:6541,hin_Deva
panel2,B,vardial2018/dev,hin,L1,dev:6542,hin_Deva
panel2,B,vardial2018/dev,hin,L1,dev:6549,hin_Deva
panel2,B,vardial2018/dev,hin,L1,dev:6552,anp_Deva
panel2,B,vardial2018/dev,hin,L1,dev:6556,hin_Deva
panel2,B,vardial2018/dev,hin,L1,dev:6558,hin_Deva
panel2,B,vardial2018/dev,hin,L1,dev:6562,gom_Deva
panel2,B,vardial2018/dev,hin,L1,dev:6567,anp_Deva
panel2,B,vardial2018/dev,hin,L1,dev:6575,hin_Deva
panel2,B,vardial2018/dev,hin,L1,dev:6582,anp_Deva
panel2,B,vardial2018/dev,hin,L1,dev:6584,hin_Deva
panel2,B,vardial2018/dev,hin,L1,dev:6587,hin_Deva
panel2,B,vardial2018/dev,hin,L1,dev:6591,hin_Deva
panel2,B,vardial2018/dev,hin,L1,dev:6594,hin_Deva
panel2,B,vardial2018/dev,hin,L1,dev:6601,hin_Deva
panel2,B,vardial2018/dev,hin,L1,dev:6608,new_Deva
panel2,B,vardial2018/dev,hin,L1,dev:6620,hin_Deva
panel2,B,vardial2018/dev,hin,L1,dev:6623,hin_Deva
panel2,B,vardial2018/dev,hin,L1,dev:6627,hin_Deva
panel2,B,vardial2018/dev,hin,L1,dev:6632,hin_Deva
panel2,B,vardial2018/dev,hin,L1,dev:6638,kas_Deva
panel2,B,vardial2018/dev,hin,L1,dev:6648,hin_Deva
panel2,B,vardial2018/dev,hin,L1,dev:6669,hin_Deva
panel2,B,vardial2018/dev,hin,L1,dev:6674,hin_Deva
panel2,B,vardial2018/dev,hin,L1,dev:6675,awa_Deva
panel2,B,vardial2018/dev,hin,L1,dev:6677,hin_Deva
panel2,B,vardial2018/dev,hin,L1,dev:6683,anp_Deva
panel2,B,vardial2018/dev,hin,L1,dev:6684,anp_Deva
panel2,B,vardial2018/dev,hin,L1,dev:6699,hin_Deva
panel2,B,vardial2018/dev,hin,L1,dev:6700,hin_Deva
panel2,B,vardial2018/dev,hin,L1,dev:6702,hin_Deva
panel2,B,vardial2018/dev,hin,L1,dev:6709,hin_Deva
panel2,B,vardial2018/dev,hin,L1,dev:6711,hin_Deva
panel2,B,vardial2018/dev,hin,L1,dev:6731,hin_Deva
panel2,B,vardial2018/dev,hin,L1,dev:6737,hin_Deva
panel2,B,vardial2018/dev,hin,L1,dev:6738,mup_Deva
panel2,B,vardial2018/dev,hin,L1,dev:6741,hin_Deva
panel2,B,vardial2018/dev,hin,L1,dev:6743,hin_Deva
panel2,B,vardial2018/dev,hin,L1,dev:6751,hin_Deva
panel2,B,vardial2018/dev,hin,L1,dev:6754,hin_Deva
panel2,B,vardial2018/dev,hin,L1,dev:6760,hin_Deva
panel2,B,vardial2018/dev,hin,L1,dev:6765,hin_Deva
panel2,B,vardial2018/dev,hin,L1,dev:6773,hin_Deva
panel2,B,vardial2018/dev,hin,L1,dev:6775,hin_Deva
panel2,B,vardial2018/dev,hin,L1,dev:6780,hin_Deva
panel2,B,vardial2018/dev,hin,L1,dev:6790,hin_Deva
panel2,B,vardial2018/dev,hin,L1,dev:6791,hin_Deva
panel2,B,vardial2018/dev,hin,L1,dev:6792,hin_Deva
panel2,B,vardial2018/dev,hin,L1,dev:6796,hin_Deva
panel2,B,vardial2018/dev,hin,L1,dev:6798,hin_Deva
panel2,B,vardial2018/dev,hin,L1,dev:6806,hin_Deva
panel2,B,vardial2018/dev,hin,L1,dev:6807,hin_Deva
panel2,B,vardial2018/dev,hin,L1,dev:6814,hin_Deva
panel2,B,vardial2018/dev,hin,L1,dev:6817,anp_Deva
panel2,B,vardial2018/dev,hin,L1,dev:6822,hin_Deva
panel2,B,vardial2018/dev,hin,L1,dev:6835,hin_Deva
panel2,B,vardial2018/dev,hin,L1,dev:6836,hin_Deva
panel2,B,vardial2018/dev,hin,L1,dev:6838,hin_Deva
panel2,B,vardial2018/dev,hin,L1,dev:6846,hin_Deva
panel2,B,vardial2018/dev,hin,L1,dev:6847,hin_Deva
panel2,B,vardial2018/dev,hin,L1,dev:6866,hin_Deva
panel2,B,vardial2018/dev,hin,L1,dev:6869,hin_Deva
panel2,B,vardial2018/dev,hin,L1,dev:6874,hin_Deva
panel2,B,vardial2018/dev,hin,L1,dev:6875,hin_Deva
panel2,B,vardial2018/dev,hin,L1,dev:6876,hin_Deva
panel2,B,vardial2018/dev,hin,L1,dev:6881,hin_Deva
panel2,B,vardial2018/dev,hin,L1,dev:6886,hin_Deva
panel2,B,vardial2018/dev,hin,L1,dev:6889,hin_Deva
panel2,B,vardial2018/dev,hin,L1,dev:6894,anp_Deva
panel2,B,vardial2018/dev,hin,L1,dev:6898,hin_Deva
panel2,B,vardial2018/dev,hin,L1,dev:6900,hin_Deva
panel2,B,vardial2018/dev,hin,L1,dev:6903,hin_Deva
panel2,B,vardial2018/dev,hin,L1,dev:6904,anp_Deva
panel2,B,vardial2018/dev,hin,L1,dev:6906,hin_Deva
panel2,B,vardial2018/dev,hin,L1,dev:6907,hin_Deva
panel2,B,vardial2018/dev,hin,L1,dev:6908,hin_Deva
panel2,B,vardial2018/dev,hin,L1,dev:6915,hin_Deva
panel2,B,vardial2018/dev,hin,L1,dev:6919,hin_Deva
panel2,B,vardial2018/dev,hin,L1,dev:6926,hin_Deva
panel2,B,vardial2018/dev,hin,L1,dev:6929,hin_Deva
panel2,B,vardial2018/dev,hin,L1,dev:6934,hin_Deva
panel2,B,vardial2018/dev,hin,L1,dev:6937,hin_Deva
panel2,B,vardial2018/dev,hin,L1,dev:6941,hin_Deva
panel2,B,vardial2018/dev,hin,L1,dev:6947,hin_Deva
panel2,B,vardial2018/dev,hin,L1,dev:6948,hin_Deva
panel2,B,vardial2018/dev,hin,L1,dev:6953,hin_Deva
panel2,B,vardial2018/dev,hin,L1,dev:6960,hin_Deva
panel2,B,vardial2018/dev,hin,L1,dev:6963,anp_Deva
panel2,B,vardial2018/dev,hin,L1,dev:6964,hin_Deva
panel2,B,vardial2018/dev,hin,L1,dev:6968,hin_Deva
panel2,B,vardial2018/dev,hin,L1,dev:6986,hin_Deva
panel2,B,vardial2018/dev,hin,L1,dev:6992,hin_Deva
panel2,B,vardial2018/dev,hin,L1,dev:6993,hin_Deva
panel2,B,vardial2018/dev,hin,L1,dev:6996,hin_Deva
panel2,B,vardial2018/dev,hin,L1,dev:7002,new_Deva
panel2,B,vardial2018/dev,hin,L1,dev:7010,hin_Deva
panel2,B,vardial2018/dev,hin,L1,dev:7015,hin_Deva
panel2,B,vardial2018/dev,hin,L1,dev:7016,hin_Deva
panel2,B,vardial2018/dev,hin,L1,dev:7023,hin_Deva
panel2,B,vardial2018/dev,hin,L1,dev:7032,hin_Deva
panel2,B,vardial2018/dev,hin,L1,dev:7039,hin_Deva
panel2,B,vardial2018/dev,hin,L1,dev:7046,hin_Deva
panel2,B,vardial2018/dev,hin,L1,dev:7047,hin_Deva
panel2,B,vardial2018/dev,hin,L1,dev:7056,hin_Deva
panel2,B,vardial2018/dev,hin,L1,dev:7061,hin_Deva
panel2,B,vardial2018/dev,hin,L1,dev:7064,hin_Deva
panel2,B,vardial2018/dev,hin,L1,dev:7069,anp_Deva
panel2,B,vardial2018/dev,hin,L1,dev:7077,hin_Deva
panel2,B,vardial2018/dev,hin,L1,dev:7078,hin_Deva
panel2,B,vardial2018/dev,hin,L1,dev:7084,anp_Deva
panel2,B,vardial2018/dev,hin,L1,dev:7090,hin_Deva
panel2,B,vardial2018/dev,hin,L1,dev:7093,hin_Deva
panel2,B,vardial2018/dev,hin,L1,dev:7095,hin_Deva
panel2,B,vardial2018/dev,hin,L1,dev:7097,hin_Deva
panel2,B,vardial2018/dev,hin,L1,dev:7098,hin_Deva
panel2,B,vardial2018/dev,hin,L1,dev:7109,hin_Deva
panel2,B,vardial2018/dev,hin,L1,dev:7112,hin_Deva
panel2,B,vardial2018/dev,hin,L1,dev:7113,hin_Deva
panel2,B,vardial2018/dev,hin,L1,dev:7129,hin_Deva
panel2,B,vardial2018/dev,hin,L1,dev:7131,hin_Deva
panel2,B,vardial2018/dev,hin,L1,dev:7134,anp_Deva
panel2,B,vardial2018/dev,hin,L1,dev:7147,hin_Deva
panel2,B,vardial2018/dev,hin,L1,dev:7159,hin_Deva
panel2,B,vardial2018/dev,hin,L1,dev:7161,anp_Deva
panel2,B,vardial2018/dev,hin,L1,dev:7163,hin_Deva
panel2,B,vardial2018/dev,hin,L1,dev:7173,anp_Deva
panel2,B,vardial2018/dev,hin,L1,dev:7178,hin_Deva
panel2,B,vardial2018/dev,hin,L1,dev:7188,anp_Deva
panel2,B,vardial2018/dev,hin,L1,dev:7192,hin_Deva
panel2,B,vardial2018/dev,hin,L1,dev:7198,hin_Deva
panel2,B,vardial2018/dev,hin,L1,dev:7214,hin_Deva
panel2,B,vardial2018/dev,hin,L1,dev:7218,hin_Deva
panel2,B,vardial2018/dev,hin,L1,dev:7220,hin_Deva
panel2,B,vardial2018/dev,hin,L1,dev:7227,hin_Deva
panel2,B,vardial2018/dev,hin,L1,dev:7231,anp_Deva
panel2,B,vardial2018/dev,hin,L1,dev:7234,hin_Deva
panel2,B,vardial2018/dev,hin,L1,dev:7238,hin_Deva
panel2,B,vardial2018/dev,hin,L1,dev:7239,hin_Deva
panel2,B,vardial2018/dev,hin,L1,dev:7241,hin_Deva
panel2,B,vardial2018/dev,hin,L1,dev:7244,hin_Deva
panel2,B,vardial2018/dev,hin,L1,dev:7259,hin_Deva
panel2,B,vardial2018/dev,hin,L1,dev:7260,hin_Deva
panel2,B,vardial2018/dev,hin,L1,dev:7272,bho_Deva
panel2,B,vardial2018/dev,hin,L1,dev:7281,hin_Deva
panel2,B,vardial2018/dev,hin,L1,dev:7283,hin_Deva
panel2,B,vardial2018/dev,hin,L1,dev:7287,hin_Deva
panel2,B,vardial2018/dev,hin,L1,dev:7293,hin_Deva
panel2,B,vardial2018/dev,hin,L1,dev:7296,anp_Deva
panel2,B,vardial2018/dev,hin,L1,dev:7301,hin_Deva
panel2,B,vardial2018/dev,hin,L1,dev:7302,hin_Deva
panel2,B,vardial2018/dev,hin,L1,dev:7316,hin_Deva
panel2,B,vardial2018/dev,hin,L1,dev:7318,hin_Deva
panel2,B,vardial2018/dev,hin,L1,dev:7321,hin_Deva
panel2,B,vardial2018/dev,hin,L1,dev:7328,anp_Deva
panel2,B,vardial2018/dev,hin,L1,dev:7334,hin_Deva
panel2,B,vardial2018/dev,hin,L1,dev:7340,mar_Deva
panel2,B,vardial2018/dev,hin,L1,dev:7349,hin_Deva
panel2,B,vardial2018/dev,hin,L1,dev:7350,hin_Deva
panel2,B,vardial2018/dev,hin,L1,dev:7353,anp_Deva
panel2,B,vardial2018/dev,hin,L1,dev:7358,hin_Deva
panel2,B,vardial2018/dev,hin,L1,dev:7362,hin_Deva
panel2,B,vardial2018/dev,hin,L1,dev:7368,hin_Deva
panel2,B,vardial2018/dev,hin,L1,dev:7370,hin_Deva
panel2,B,vardial2018/dev,hin,L1,dev:7372,hin_Deva
panel2,B,vardial2018/dev,hin,L1,dev:7377,hin_Deva
panel2,B,vardial2018/dev,hin,L1,dev:7378,hin_Deva
panel2,B,vardial2018/dev,hin,L1,dev:7382,hin_Deva
panel2,B,vardial2018/dev,hin,L1,dev:7383,hin_Deva
panel2,B,vardial2018/dev,hin,L1,dev:7386,awa_Deva
panel2,B,vardial2018/dev,hin,L1,dev:7387,hin_Deva
panel2,B,vardial2018/dev,hin,L1,dev:7389,hin_Deva
panel2,B,vardial2018/dev,hin,L1,dev:7398,hin_Deva
panel2,B,vardial2018/dev,hin,L1,dev:7401,hin_Deva
panel2,B,vardial2018/dev,hin,L1,dev:7403,hin_Deva
panel2,B,vardial2018/dev,hin,L1,dev:7409,hin_Deva
panel2,B,vardial2018/dev,hin,L1,dev:7410,hin_Deva
panel2,B,vardial2018/dev,hin,L1,dev:7411,anp_Deva
panel2,B,vardial2018/dev,hin,L1,dev:7412,hin_Deva
panel2,B,vardial2018/dev,hin,L1,dev:7424,hin_Deva
panel2,B,vardial2018/dev,hin,L1,dev:7426,hin_Deva
panel2,B,vardial2018/dev,hin,L1,dev:7437,hin_Deva
panel2,B,vardial2018/dev,hin,L1,dev:7438,anp_Deva
panel2,B,vardial2018/dev,hin,L1,dev:7445,hin_Deva
panel2,B,vardial2018/dev,hin,L1,dev:7446,hin_Deva
panel2,B,vardial2018/dev,hin,L1,dev:7459,hin_Deva
panel2,B,vardial2018/dev,hin,L1,dev:7462,hin_Deva
panel2,B,vardial2018/dev,hin,L1,dev:7473,hin_Deva
panel2,B,vardial2018/dev,hin,L1,dev:7474,hin_Deva
panel2,B,vardial2018/dev,hin,L1,dev:7475,anp_Deva
panel2,B,vardial2018/dev,hin,L1,dev:7497,hin_Deva
panel2,B,vardial2018/dev,hin,L1,dev:7503,hin_Deva
panel2,B,vardial2018/dev,hin,L1,dev:7504,new_Deva
panel2,B,vardial2018/dev,hin,L1,dev:7507,hin_Deva
panel2,B,vardial2018/dev,hin,L1,dev:7508,hin_Deva
panel2,B,vardial2018/dev,hin,L1,dev:7515,hin_Deva
panel2,B,vardial2018/dev,hin,L1,dev:7517,hin_Deva
panel2,B,vardial2018/dev,hin,L1,dev:7526,hin_Deva
panel2,B,vardial2018/dev,hin,L1,dev:7527,hin_Deva
panel2,B,vardial2018/dev,hin,L1,dev:7531,hin_Deva
panel2,B,vardial2018/dev,hin,L1,dev:7534,hin_Deva
panel2,B,vardial2018/dev,hin,L1,dev:7536,hin_Deva
panel2,B,vardial2018/dev,hin,L1,dev:7553,hin_Deva
panel2,B,vardial2018/dev,hin,L1,dev:7554,hin_Deva
panel2,B,vardial2018/dev,hin,L1,dev:7557,hin_Deva
panel2,B,vardial2018/dev,hin,L1,dev:7558,hin_Deva
panel2,B,vardial2018/dev,hin,L1,dev:7567,hin_Deva
panel2,B,vardial2018/dev,hin,L1,dev:7568,hin_Deva
panel2,B,vardial2018/dev,hin,L1,dev:7571,hin_Deva
panel2,B,vardial2018/dev,hin,L1,dev:7573,hin_Deva
panel2,B,vardial2018/dev,hin,L1,dev:7578,anp_Deva
panel2,B,vardial2018/dev,hin,L1,dev:7579,hin_Deva
panel2,B,vardial2018/dev,hin,L1,dev:7582,hin_Deva
panel2,B,vardial2018/dev,hin,L1,dev:7587,hin_Deva
panel2,B,vardial2018/dev,hin,L1,dev:7593,hin_Deva
panel2,B,vardial2018/dev,hin,L1,dev:7596,hin_Deva
panel2,B,vardial2018/dev,hin,L1,dev:7599,anp_Deva
panel2,B,vardial2018/dev,hin,L1,dev:7615,hin_Deva
panel2,B,vardial2018/dev,hin,L1,dev:7619,hin_Deva
panel2,B,vardial2018/dev,hin,L1,dev:7620,hin_Deva
panel2,B,vardial2018/dev,hin,L1,dev:7624,hin_Deva
panel2,B,vardial2018/dev,hin,L1,dev:7628,hin_Deva
panel2,B,vardial2018/dev,hin,L1,dev:7630,hin_Deva
panel2,B,vardial2018/dev,hin,L1,dev:7641,anp_Deva
panel2,B,vardial2018/dev,hin,L1,dev:7654,hin_Deva
panel2,B,vardial2018/dev,hin,L1,dev:7656,hin_Deva
panel2,B,vardial2018/dev,hin,L1,dev:7661,hin_Deva
panel2,B,vardial2018/dev,hin,L1,dev:7677,hin_Deva
panel2,B,vardial2018/dev,hin,L1,dev:7682,hin_Deva
panel2,B,vardial2018/dev,hin,L1,dev:7696,hin_Deva
panel2,B,vardial2018/dev,hin,L1,dev:7705,hin_Deva
panel2,B,vardial2018/dev,hin,L1,dev:7706,hin_Deva
panel2,B,vardial2018/dev,hin,L1,dev:7709,hin_Deva
panel2,B,vardial2018/dev,hin,L1,dev:7721,hin_Deva
panel2,B,vardial2018/dev,hin,L1,dev:7723,hin_Deva
panel2,B,vardial2018/dev,hin,L1,dev:7736,hin_Deva
panel2,B,vardial2018/dev,hin,L1,dev:7738,hin_Deva
panel2,B,vardial2018/dev,hin,L1,dev:7745,hin_Deva
panel2,B,vardial2018/dev,hin,L1,dev:7748,hin_Deva
panel2,B,vardial2018/dev,hin,L1,dev:7768,hin_Deva
panel2,B,vardial2018/dev,hin,L1,dev:7773,hin_Deva
panel2,B,vardial2018/dev,hin,L1,dev:7778,hin_Deva
panel2,B,vardial2018/dev,hin,L1,dev:7779,anp_Deva
panel2,B,vardial2018/dev,hin,L1,dev:7784,hin_Deva
panel2,B,vardial2018/dev,hin,L1,dev:7796,hin_Deva
panel2,B,vardial2018/dev,hin,L1,dev:7797,hin_Deva
panel2,B,vardial2018/dev,hin,L1,dev:7810,hin_Deva
panel2,B,vardial2018/dev,hin,L1,dev:7812,hin_Deva
panel2,B,vardial2018/dev,hin,L1,dev:7813,hin_Deva
panel2,B,vardial2018/dev,hin,L1,dev:7815,hin_Deva
panel2,B,vardial2018/dev,hin,L1,dev:7828,hin_Deva
panel2,B,vardial2018/dev,hin,L1,dev:7829,hin_Deva
panel2,B,vardial2018/dev,hin,L1,dev:7831,hin_Deva
panel2,B,vardial2018/dev,hin,L1,dev:7856,hin_Deva
panel2,B,vardial2018/dev,hin,L1,dev:7862,hin_Deva
panel2,B,vardial2018/dev,hin,L1,dev:7863,hin_Deva
panel2,B,vardial2018/dev,hin,L1,dev:7864,hin_Deva
panel2,B,vardial2018/dev,hin,L1,dev:7867,hin_Deva
panel2,B,vardial2018/dev,hin,L1,dev:7868,hin_Deva
panel2,B,vardial2018/dev,hin,L1,dev:7871,hin_Deva
panel2,B,vardial2018/dev,hin,L1,dev:7874,hin_Deva
panel2,B,vardial2018/dev,hin,L1,dev:7879,hin_Deva
panel2,B,vardial2018/dev,hin,L1,dev:7883,doi_Deva
panel2,B,vardial2018/dev,hin,L1,dev:7895,hin_Deva
panel2,B,vardial2018/dev,hin,L1,dev:7899,hin_Deva
panel2,B,vardial2018/dev,hin,L1,dev:7906,awa_Deva
panel2,B,vardial2018/dev,hin,L1,dev:7911,hin_Deva
panel2,B,vardial2018/dev,hin,L1,dev:7917,hin_Deva
panel2,B,vardial2018/dev,hin,L1,dev:7922,hin_Deva
panel2,B,vardial2018/dev,hin,L1,dev:7924,hin_Deva
panel2,B,vardial2018/dev,hin,L1,dev:7926,hin_Deva
panel2,B,vardial2018/dev,hin,L1,dev:7928,anp_Deva
panel2,B,vardial2018/dev,hin,L1,dev:7929,hin_Deva
panel2,B,vardial2018/dev,hin,L1,dev:7935,hin_Deva
panel2,B,vardial2018/dev,hin,L1,dev:7949,hin_Deva
panel2,B,vardial2018/dev,hin,L1,dev:7954,hin_Deva
panel2,B,vardial2018/dev,hin,L1,dev:7966,hin_Deva
panel2,B,vardial2018/dev,hin,L1,dev:7972,hin_Deva
panel2,B,vardial2018/dev,hin,L1,dev:7982,hin_Deva
panel2,B,vardial2018/dev,hin,L1,dev:7989,hin_Deva
panel2,B,vardial2018/dev,hin,L1,dev:7998,hin_Deva
panel2,B,vardial2018/dev,hin,L1,dev:8001,hin_Deva
panel2,B,vardial2018/dev,hin,L1,dev:8005,doi_Deva
panel2,B,vardial2018/dev,hin,L1,dev:8006,hin_Deva
panel2,B,vardial2018/dev,hin,L1,dev:8009,hin_Deva
panel2,B,vardial2018/dev,hin,L1,dev:8010,hin_Deva
panel2,B,vardial2018/dev,hin,L1,dev:8023,hin_Deva
panel2,B,vardial2018/dev,hin,L1,dev:8026,anp_Deva
panel2,B,vardial2018/dev,hin,L1,dev:8027,hin_Deva
panel2,B,vardial2018/dev,hin,L1,dev:8030,hin_Deva
panel2,B,vardial2018/dev,hin,L1,dev:8038,hin_Deva
panel2,B,vardial2018/dev,hin,L1,dev:8040,hin_Deva
panel2,B,vardial2018/dev,hin,L1,dev:8041,hin_Deva
panel2,B,vardial2018/dev,hin,L1,dev:8043,hin_Deva
panel2,B,vardial2018/dev,hin,L1,dev:8056,hin_Deva
panel2,B,vardial2018/dev,hin,L1,dev:8060,hin_Deva
panel2,B,vardial2018/dev,hin,L1,dev:8061,hin_Deva
panel2,B,vardial2018/dev,hin,L1,dev:8075,hin_Deva
panel2,B,vardial2018/dev,hin,L1,dev:8081,hin_Deva
panel2,B,vardial2018/dev,hin,L1,dev:8087,hin_Deva
panel2,B,vardial2018/dev,hin,L1,dev:8094,hin_Deva
panel2,B,vardial2018/dev,hin,L1,dev:8100,hin_Deva
panel2,B,vardial2018/dev,hin,L1,dev:8104,hin_Deva
panel2,B,vardial2018/dev,hin,L1,dev:8107,hin_Deva
panel2,B,vardial2018/dev,hin,L1,dev:8125,hin_Deva
panel2,B,vardial2018/dev,hin,L1,dev:8126,hin_Deva
panel2,B,vardial2018/dev,hin,L1,dev:8127,bho_Deva
panel2,B,vardial2018/dev,hin,L1,dev:8137,hin_Deva
panel2,B,vardial2018/dev,hin,L1,dev:8138,hin_Deva
panel2,B,vardial2018/dev,hin,L1,dev:8142,hin_Deva
panel2,B,vardial2018/dev,hin,L1,dev:8147,hin_Deva
panel2,B,vardial2018/dev,hin,L1,dev:8148,hin_Deva
panel2,B,vardial2018/dev,hin,L1,dev:8149,hin_Deva
panel2,B,vardial2018/dev,hin,L1,dev:8155,hin_Deva
panel2,B,vardial2018/dev,hin,L1,dev:8169,hin_Deva
panel2,B,vardial2018/dev,hin,L1,dev:8172,hin_Deva
panel2,B,vardial2018/dev,hin,L1,dev:8178,hin_Deva
panel2,B,vardial2018/dev,hin,L1,dev:8179,hin_Deva
panel2,B,vardial2018/dev,hin,L1,dev:8181,hin_Deva
panel2,B,vardial2018/dev,hin,L1,dev:8192,hin_Deva
panel2,B,vardial2018/dev,hin,L1,dev:8201,hin_Deva
panel2,B,vardial2018/dev,hin,L1,dev:8202,hin_Deva
panel2,B,vardial2018/dev,hin,L1,dev:8207,hin_Deva
panel2,B,vardial2018/dev,hin,L1,dev:8213,hin_Deva
panel2,B,vardial2018/dev,hin,L1,dev:8218,hin_Deva
panel2,B,vardial2018/dev,hin,L1,dev:8222,hin_Deva
panel2,B,vardial2018/dev,hin,L1,dev:8225,hne_Deva
panel2,B,vardial2018/dev,hin,L1,dev:8230,hin_Deva
panel2,B,vardial2018/dev,hin,L1,dev:8234,kru_Deva
panel2,B,vardial2018/dev,hin,L1,dev:8245,hin_Deva
panel2,B,vardial2018/dev,hin,L1,dev:8246,hin_Deva
panel2,B,vardial2018/dev,hin,L1,dev:8250,hin_Deva
panel2,B,vardial2018/dev,hin,L1,dev:8264,hin_Deva
panel2,B,vardial2018/dev,hin,L1,dev:8273,hin_Deva
panel2,B,vardial2018/dev,hin,L1,dev:8284,hin_Deva
panel2,B,vardial2018/dev,hin,L1,dev:8294,hin_Deva
panel2,B,vardial2018/dev,hin,L1,dev:8298,hin_Deva
panel2,B,vardial2018/dev,hin,L1,dev:8301,hin_Deva
panel2,B,vardial2018/dev,hin,L1,dev:8302,npi_Deva
panel2,B,vardial2018/dev,hin,L1,dev:8311,hin_Deva
panel2,B,vardial2018/dev,hin,L1,dev:8322,hin_Deva
panel2,B,vardial2018/dev,hin,L1,dev:8323,hin_Deva
panel2,B,vardial2018/dev,hin,L1,dev:8324,hin_Deva
panel2,B,vardial2018/dev,hin,L1,dev:8326,hin_Deva
panel2,B,vardial2018/dev,hin,L1,dev:8327,hin_Deva
panel2,B,vardial2018/dev,hin,L1,dev:8329,anp_Deva
panel2,B,vardial2018/dev,hin,L1,dev:8333,hin_Deva
panel2,B,vardial2018/dev,hin,L1,dev:8334,hin_Deva
panel2,B,vardial2018/dev,hin,L1,dev:8338,hin_Deva
panel2,B,vardial2018/dev,hin,L1,dev:8343,hin_Deva
panel2,B,vardial2018/dev,hin,L1,dev:8344,hin_Deva
panel2,B,vardial2018/dev,hin,L1,dev:8351,hin_Deva
panel2,B,vardial2018/dev,hin,L1,dev:8352,hin_Deva
panel2,B,vardial2018/dev,hin,L1,dev:8356,hin_Deva
panel2,B,vardial2018/dev,hin,L1,dev:8360,hin_Deva
panel2,B,vardial2018/dev,hin,L1,dev:8362,hin_Deva
panel2,B,vardial2018/dev,hin,L1,dev:8365,hin_Deva
panel2,B,vardial2018/dev,hin,L1,dev:8368,hin_Deva
panel2,B,vardial2018/dev,hin,L1,dev:8375,hin_Deva
panel2,B,vardial2018/dev,hin,L1,dev:8398,hin_Deva
panel2,B,vardial2018/dev,hin,L1,dev:8399,hin_Deva
panel2,B,vardial2018/dev,hin,L1,dev:8404,hin_Deva
panel2,B,vardial2018/dev,hin,L1,dev:8407,hin_Deva
panel2,B,vardial2018/dev,hin,L1,dev:8411,hin_Deva
panel2,B,vardial2018/dev,hin,L1,dev:8416,hin_Deva
panel2,B,vardial2018/dev,hin,L1,dev:8417,anp_Deva
panel2,B,vardial2018/dev,hin,L1,dev:8427,anp_Deva
panel2,B,vardial2018/dev,hin,L1,dev:8436,hin_Deva
panel2,B,vardial2018/dev,hin,L1,dev:8442,hin_Deva
panel2,B,vardial2018/dev,hin,L1,dev:8443,hin_Deva
panel2,B,vardial2018/dev,hin,L1,dev:8465,hin_Deva
panel2,B,vardial2018/dev,hin,L1,dev:8469,hin_Deva
panel2,B,vardial2018/dev,hin,L1,dev:8471,hin_Deva
panel2,B,vardial2018/dev,hin,L1,dev:8473,anp_Deva
panel2,B,vardial2018/dev,hin,L1,dev:8479,hin_Deva
panel2,B,vardial2018/dev,hin,L1,dev:8487,hin_Deva
panel2,B,vardial2018/dev,hin,L1,dev:8491,hin_Deva
panel2,B,vardial2018/dev,hin,L1,dev:8492,hin_Deva
panel2,B,vardial2018/dev,hin,L1,dev:8493,hin_Deva
panel2,B,vardial2018/dev,hin,L1,dev:8495,hin_Deva
panel2,B,vardial2018/dev,hin,L1,dev:8497,anp_Deva
panel2,B,vardial2018/dev,hin,L1,dev:8500,anp_Deva
panel2,B,vardial2018/dev,hin,L1,dev:8501,anp_Deva
panel2,B,vardial2018/dev,hin,L1,dev:8505,hin_Deva
panel2,B,vardial2018/dev,hin,L1,dev:8506,hin_Deva
panel2,B,vardial2018/dev,hin,L1,dev:8512,hin_Deva
panel2,B,vardial2018/dev,hin,L1,dev:8513,hin_Deva
panel2,B,vardial2018/dev,hin,L1,dev:8518,hin_Deva
panel2,B,vardial2018/dev,hin,L1,dev:8519,hin_Deva
panel2,B,vardial2018/dev,hin,L1,dev:8521,hin_Deva
panel2,B,vardial2018/dev,hin,L1,dev:8525,hin_Deva
panel2,B,vardial2018/dev,hin,L1,dev:8527,anp_Deva
panel2,B,vardial2018/dev,hin,L1,dev:8534,mag_Deva
panel2,B,vardial2018/dev,hin,L1,dev:8535,hin_Deva
panel2,B,vardial2018/dev,hin,L1,dev:8541,hin_Deva
panel2,B,vardial2018/dev,hin,L1,dev:8546,new_Deva
panel2,B,vardial2018/dev,hin,L1,dev:8548,doi_Deva
panel2,B,vardial2018/dev,hin,L1,dev:8553,anp_Deva
panel2,B,vardial2018/dev,hin,L1,dev:8560,hin_Deva
panel2,B,vardial2018/dev,hin,L1,dev:8564,hin_Deva
panel2,B,vardial2018/dev,hin,L1,dev:8578,hin_Deva
panel2,B,vardial2018/dev,hin,L1,dev:8580,hin_Deva
panel2,B,vardial2018/dev,hin,L1,dev:8583,hin_Deva
panel2,B,vardial2018/dev,hin,L1,dev:8590,hin_Deva
panel2,B,vardial2018/dev,hin,L1,dev:8591,hin_Deva
panel2,B,vardial2018/dev,hin,L1,dev:8595,hin_Deva
panel2,B,vardial2018/dev,hin,L1,dev:8601,hin_Deva
panel2,B,vardial2018/dev,hin,L1,dev:8607,anp_Deva
panel2,B,vardial2018/dev,hin,L1,dev:8617,hin_Deva
panel2,B,vardial2018/dev,hin,L1,dev:8618,hin_Deva
panel2,B,vardial2018/dev,hin,L1,dev:8620,hin_Deva
panel2,B,vardial2018/dev,hin,L1,dev:8626,hin_Deva
panel2,B,vardial2018/dev,hin,L1,dev:8628,hin_Deva
panel2,B,vardial2018/dev,hin,L1,dev:8629,anp_Deva
panel2,B,vardial2018/dev,hin,L1,dev:8630,hin_Deva
panel2,B,vardial2018/dev,hin,L1,dev:8644,hin_Deva
panel2,B,vardial2018/dev,hin,L1,dev:8652,hin_Deva
panel2,B,vardial2018/dev,hin,L1,dev:8656,hin_Deva
panel2,B,vardial2018/dev,hin,L1,dev:8661,anp_Deva
panel2,B,vardial2018/dev,hin,L1,dev:8665,hin_Deva
panel2,B,vardial2018/dev,hin,L1,dev:8675,anp_Deva
panel2,B,vardial2018/dev,hin,L1,dev:8690,hin_Deva
panel2,B,vardial2018/dev,hin,L1,dev:8697,hin_Deva
panel2,B,vardial2018/dev,hin,L1,dev:8704,hin_Deva
panel2,B,vardial2018/dev,hin,L1,dev:8707,hin_Deva
panel2,B,vardial2018/dev,hin,L1,dev:8716,anp_Deva
panel2,B,vardial2018/dev,hin,L1,dev:8717,hin_Deva
panel2,B,vardial2018/dev,hin,L1,dev:8731,hin_Deva
panel2,B,vardial2018/dev,hin,L1,dev:8733,hin_Deva
panel2,B,vardial2018/dev,hin,L1,dev:8734,anp_Deva
panel2,B,vardial2018/dev,hin,L1,dev:8737,hin_Deva
panel2,B,vardial2018/dev,hin,L1,dev:8739,hin_Deva
panel2,B,vardial2018/dev,hin,L1,dev:8754,hin_Deva
panel2,B,vardial2018/dev,hin,L1,dev:8758,hin_Deva
panel2,B,vardial2018/dev,hin,L1,dev:8761,hin_Deva
panel2,B,vardial2018/dev,hin,L1,dev:8762,hin_Deva
panel2,B,vardial2018/dev,hin,L1,dev:8763,hin_Deva
panel2,B,vardial2018/dev,hin,L1,dev:8768,hin_Deva
panel2,B,vardial2018/dev,hin,L1,dev:8770,hin_Deva
panel2,B,vardial2018/dev,hin,L1,dev:8775,hin_Deva
panel2,B,vardial2018/dev,hin,L1,dev:8776,hin_Deva
panel2,B,vardial2018/dev,hin,L1,dev:8779,hin_Deva
panel2,B,vardial2018/dev,hin,L1,dev:8783,hin_Deva
panel2,B,vardial2018/dev,hin,L1,dev:8794,doi_Deva
panel2,B,vardial2018/dev,hin,L1,dev:8799,anp_Deva
panel2,B,vardial2018/dev,hin,L1,dev:8809,hin_Deva
panel2,B,vardial2018/dev,hin,L1,dev:8812,anp_Deva
panel2,B,vardial2018/dev,hin,L1,dev:8814,hin_Deva
panel2,B,vardial2018/dev,hin,L1,dev:8821,hin_Deva
panel2,B,vardial2018/dev,hin,L1,dev:8825,hin_Deva
panel2,B,vardial2018/dev,hin,L1,dev:8835,hin_Deva
panel2,B,vardial2018/dev,hin,L1,dev:8836,anp_Deva
panel2,B,vardial2018/dev,hin,L1,dev:8840,hin_Deva
panel2,B,vardial2018/dev,hin,L1,dev:8845,hin_Deva
panel2,B,vardial2018/dev,hin,L1,dev:8852,hin_Deva
panel2,B,vardial2018/dev,hin,L1,dev:8854,hin_Deva
panel2,B,vardial2018/dev,hin,L1,dev:8855,hin_Deva
panel2,B,vardial2018/dev,hin,L1,dev:8857,hin_Deva
panel2,B,vardial2018/dev,hin,L1,dev:8861,hin_Deva
panel2,B,vardial2018/dev,hin,L1,dev:8862,awa_Deva
panel2,B,vardial2018/dev,hin,L1,dev:8869,hin_Deva
panel2,B,vardial2018/dev,hin,L1,dev:8872,hin_Deva
panel2,B,vardial2018/dev,hin,L1,dev:8882,hin_Deva
panel2,B,vardial2018/dev,hin,L1,dev:8891,hin_Deva
panel2,B,vardial2018/dev,hin,L1,dev:8892,hin_Deva
panel2,B,vardial2018/dev,hin,L1,dev:8893,hin_Deva
panel2,B,vardial2018/dev,hin,L1,dev:8894,hin_Deva
panel2,B,vardial2018/dev,hin,L1,dev:8899,hin_Deva
panel2,B,vardial2018/dev,hin,L1,dev:8914,hin_Deva
panel2,B,vardial2018/dev,hin,L1,dev:8940,hin_Deva
panel2,B,vardial2018/dev,hin,L1,dev:8944,mag_Deva
panel2,B,vardial2018/dev,hin,L1,dev:8945,anp_Deva
panel2,B,vardial2018/dev,hin,L1,dev:8952,hin_Deva
panel2,B,vardial2018/dev,hin,L1,dev:8955,hin_Deva
panel2,B,vardial2018/dev,hin,L1,dev:8965,hin_Deva
panel2,B,vardial2018/dev,hin,L1,dev:8969,hin_Deva
panel2,B,vardial2018/dev,hin,L1,dev:8976,hin_Deva
panel2,B,vardial2018/dev,hin,L1,dev:8985,hin_Deva
panel2,B,vardial2018/dev,hin,L1,dev:8988,hin_Deva
panel2,B,vardial2018/dev,hin,L1,dev:8990,hin_Deva
panel2,B,vardial2018/dev,hin,L1,dev:8991,hin_Deva
panel2,B,vardial2018/dev,hin,L1,dev:8993,hin_Deva
panel2,B,vardial2018/dev,hin,L1,dev:8999,hin_Deva
panel2,B,vardial2018/dev,hin,L1,dev:9000,mai_Deva
panel2,B,vardial2018/dev,hin,L1,dev:9010,hin_Deva
panel2,B,vardial2018/dev,hin,L1,dev:9016,hin_Deva
panel2,B,vardial2018/dev,hin,L1,dev:9027,anp_Deva
panel2,B,vardial2018/dev,hin,L1,dev:9029,hin_Deva
panel2,B,vardial2018/dev,hin,L1,dev:9033,hin_Deva
panel2,B,vardial2018/dev,hin,L1,dev:9040,hin_Deva
panel2,B,vardial2018/dev,hin,L1,dev:9045,hin_Deva
panel2,B,vardial2018/dev,hin,L1,dev:9047,hin_Deva
panel2,B,vardial2018/dev,hin,L1,dev:9051,anp_Deva
panel2,B,vardial2018/dev,hin,L1,dev:9052,hin_Deva
panel2,B,vardial2018/dev,hin,L1,dev:9053,hin_Deva
panel2,B,vardial2018/dev,hin,L1,dev:9066,hin_Deva
panel2,B,vardial2018/dev,hin,L1,dev:9067,hin_Deva
panel2,B,vardial2018/dev,hin,L1,dev:9071,anp_Deva
panel2,B,vardial2018/dev,hin,L1,dev:9073,hin_Deva
panel2,B,vardial2018/dev,hin,L1,dev:9079,hin_Deva
panel2,B,vardial2018/dev,hin,L1,dev:9084,hin_Deva
panel2,B,vardial2018/dev,hin,L1,dev:9091,hin_Deva
panel2,B,vardial2018/dev,hin,L1,dev:9098,hin_Deva
panel2,B,vardial2018/dev,hin,L1,dev:9100,hin_Deva
panel2,B,vardial2018/dev,hin,L1,dev:9101,hin_Deva
panel2,B,vardial2018/dev,hin,L1,dev:9102,hin_Deva
panel2,B,vardial2018/dev,hin,L1,dev:9106,hin_Deva
panel2,B,vardial2018/dev,hin,L1,dev:9110,hin_Deva
panel2,B,vardial2018/dev,hin,L1,dev:9113,hin_Deva
panel2,B,vardial2018/dev,hin,L1,dev:9122,hin_Deva
panel2,B,vardial2018/dev,hin,L1,dev:9123,hin_Deva
panel2,B,vardial2018/dev,hin,L1,dev:9133,hin_Deva
panel2,B,vardial2018/dev,hin,L1,dev:9149,hin_Deva
panel2,B,vardial2018/dev,hin,L1,dev:9153,hin_Deva
panel2,B,vardial2018/dev,hin,L1,dev:9159,hin_Deva
panel2,B,vardial2018/dev,hin,L1,dev:9161,hin_Deva
panel2,B,vardial2018/dev,hin,L1,dev:9163,hin_Deva
panel2,B,vardial2018/dev,hin,L1,dev:9170,hin_Deva
panel2,B,vardial2018/dev,hin,L1,dev:9175,anp_Deva
panel2,B,vardial2018/dev,hin,L1,dev:9179,awa_Deva
panel2,B,vardial2018/dev,hin,L1,dev:9183,hin_Deva
panel2,B,vardial2018/dev,hin,L1,dev:9185,hin_Deva
panel2,B,vardial2018/dev,hin,L1,dev:9188,hin_Deva
panel2,B,vardial2018/dev,hin,L1,dev:9197,hin_Deva
panel2,B,vardial2018/dev,hin,L1,dev:9198,hin_Deva
panel2,B,vardial2018/dev,hin,L1,dev:9202,hin_Deva
panel2,B,vardial2018/dev,hin,L1,dev:9213,hin_Deva
panel2,B,vardial2018/dev,hin,L1,dev:9215,hin_Deva
panel2,B,vardial2018/dev,hin,L1,dev:9225,hin_Deva
panel2,B,vardial2018/dev,hin,L1,dev:9228,hin_Deva
panel2,B,vardial2018/dev,hin,L1,dev:9231,hin_Deva
panel2,B,vardial2018/dev,hin,L1,dev:9233,hin_Deva
panel2,B,vardial2018/dev,hin,L1,dev:9234,hin_Deva
panel2,B,vardial2018/dev,hin,L1,dev:9238,anp_Deva
panel2,B,vardial2018/dev,hin,L1,dev:9239,hin_Deva
panel2,B,vardial2018/dev,hin,L1,dev:9244,hin_Deva
panel2,B,vardial2018/dev,hin,L1,dev:9249,hin_Deva
panel2,B,vardial2018/dev,hin,L1,dev:9262,hin_Deva
panel2,B,vardial2018/dev,hin,L1,dev:9263,hin_Deva
panel2,B,vardial2018/dev,hin,L1,dev:9266,hin_Deva
panel2,B,vardial2018/dev,hin,L1,dev:9269,hin_Deva
panel2,B,vardial2018/dev,hin,L1,dev:9275,hin_Deva
panel2,B,vardial2018/dev,hin,L1,dev:9279,hin_Deva
panel2,B,vardial2018/dev,hin,L1,dev:9287,hin_Deva
panel2,B,vardial2018/dev,hin,L1,dev:9294,hin_Deva
panel2,B,vardial2018/dev,hin,L1,dev:9295,hin_Deva
panel2,B,vardial2018/dev,hin,L1,dev:9297,anp_Deva
panel2,B,vardial2018/dev,hin,L1,dev:9299,anp_Deva
panel2,B,vardial2018/dev,hin,L1,dev:9300,anp_Deva
panel2,B,vardial2018/dev,hin,L1,dev:9303,hin_Deva
panel2,B,vardial2018/dev,hin,L1,dev:9305,hin_Deva
panel2,B,vardial2018/dev,hin,L1,dev:9314,hin_Deva
panel2,B,vardial2018/dev,hin,L1,dev:9316,hin_Deva
panel2,B,vardial2018/dev,hin,L1,dev:9320,hin_Deva
panel2,B,vardial2018/dev,hin,L1,dev:9325,hin_Deva
panel2,B,vardial2018/dev,hin,L1,dev:9326,hin_Deva
panel2,B,vardial2018/dev,hin,L1,dev:9330,hin_Deva
panel2,B,vardial2018/dev,hin,L1,dev:9332,sck_Deva
panel2,B,vardial2018/dev,hin,L1,dev:9338,hin_Deva
panel2,B,vardial2018/dev,hin,L1,dev:9343,hin_Deva
panel2,B,vardial2018/dev,hin,L1,dev:9344,hin_Deva
panel2,B,vardial2018/dev,hin,L1,dev:9349,anp_Deva
panel2,B,vardial2018/dev,hin,L1,dev:9350,hin_Deva
panel2,B,vardial2018/dev,hin,L1,dev:9352,hin_Deva
panel2,B,vardial2018/dev,hin,L1,dev:9357,hin_Deva
panel2,B,vardial2018/dev,hin,L1,dev:9358,hin_Deva
panel2,B,vardial2018/dev,hin,L1,dev:9359,hin_Deva
panel2,B,vardial2018/dev,hin,L1,dev:9372,hin_Deva
panel2,B,vardial2018/dev,hin,L1,dev:9382,hin_Deva
panel2,B,vardial2018/dev,hin,L1,dev:9384,hin_Deva
panel2,B,vardial2018/dev,hin,L1,dev:9385,hin_Deva
panel2,B,vardial2018/dev,hin,L1,dev:9386,hin_Deva
panel2,B,vardial2018/dev,hin,L1,dev:9389,hin_Deva
panel2,B,vardial2018/dev,hin,L1,dev:9391,hin_Deva
panel2,B,vardial2018/dev,hin,L1,dev:9403,hin_Deva
panel2,B,vardial2018/dev,hin,L1,dev:9405,hin_Deva
panel2,B,vardial2018/dev,hin,L1,dev:9407,hin_Deva
panel2,B,vardial2018/dev,hin,L1,dev:9409,hin_Deva
panel2,B,vardial2018/dev,hin,L1,dev:9411,hin_Deva
panel2,B,vardial2018/dev,hin,L1,dev:9415,hin_Deva
panel2,B,vardial2018/dev,hin,L1,dev:9422,anp_Deva
panel2,B,vardial2018/dev,hin,L1,dev:9428,kas_Deva
panel2,B,vardial2018/dev,hin,L1,dev:9429,hin_Deva
panel2,B,vardial2018/dev,hin,L1,dev:9432,hin_Deva
panel2,B,vardial2018/dev,hin,L1,dev:9434,hin_Deva
panel2,B,vardial2018/dev,hin,L1,dev:9439,hin_Deva
panel2,B,vardial2018/dev,hin,L1,dev:9440,hin_Deva
panel2,B,vardial2018/dev,hin,L1,dev:9449,hin_Deva
panel2,B,vardial2018/dev,hin,L1,dev:9453,hin_Deva
panel2,B,vardial2018/dev,hin,L1,dev:9458,hin_Deva
panel2,B,vardial2018/dev,hin,L1,dev:9461,hin_Deva
panel2,B,vardial2018/dev,hin,L1,dev:9462,hin_Deva
panel2,B,vardial2018/dev,hin,L1,dev:9466,hin_Deva
panel2,B,vardial2018/dev,hin,L1,dev:9473,hin_Deva
panel2,B,vardial2018/dev,hin,L1,dev:9474,hin_Deva
panel2,B,vardial2018/dev,hin,L1,dev:9497,hin_Deva
panel2,B,vardial2018/dev,hin,L1,dev:9501,hin_Deva
panel2,B,vardial2018/dev,hin,L1,dev:9505,hin_Deva
panel2,B,vardial2018/dev,hin,L1,dev:9521,hin_Deva
panel2,B,vardial2018/dev,hin,L1,dev:9540,hin_Deva
panel2,B,vardial2018/dev,hin,L1,dev:9542,hin_Deva
panel2,B,vardial2018/dev,hin,L1,dev:9553,hin_Deva
panel2,B,vardial2018/dev,hin,L1,dev:9556,hin_Deva
panel2,B,vardial2018/dev,hin,L1,dev:9557,hin_Deva
panel2,B,vardial2018/dev,hin,L1,dev:9558,hin_Deva
panel2,B,vardial2018/dev,hin,L1,dev:9559,hin_Deva
panel2,B,vardial2018/dev,hin,L1,dev:9564,hin_Deva
panel2,B,vardial2018/dev,hin,L1,dev:9569,anp_Deva
panel2,B,vardial2018/dev,hin,L1,dev:9573,hin_Deva
panel2,B,vardial2018/dev,hin,L1,dev:9575,anp_Deva
panel2,B,vardial2018/dev,hin,L1,dev:9581,hin_Deva
panel2,B,vardial2018/dev,hin,L1,dev:9582,hin_Deva
panel2,B,vardial2018/dev,hin,L1,dev:9598,hin_Deva
panel2,B,vardial2018/dev,hin,L1,dev:9603,anp_Deva
panel2,B,vardial2018/dev,hin,L1,dev:9611,hin_Deva
panel2,B,vardial2018/dev,hin,L1,dev:9612,hin_Deva
panel2,B,vardial2018/dev,hin,L1,dev:9616,hin_Deva
panel2,B,vardial2018/dev,hin,L1,dev:9626,hin_Deva
panel2,B,vardial2018/dev,hin,L1,dev:9628,hin_Deva
panel2,B,vardial2018/dev,hin,L1,dev:9630,hin_Deva
panel2,B,vardial2018/dev,hin,L1,dev:9634,hin_Deva
panel2,B,vardial2018/dev,hin,L1,dev:9641,anp_Deva
panel2,B,vardial2018/dev,hin,L1,dev:9643,hin_Deva
panel2,B,vardial2018/dev,hin,L1,dev:9647,hin_Deva
panel2,B,vardial2018/dev,hin,L1,dev:9648,hin_Deva
panel2,B,vardial2018/dev,hin,L1,dev:9654,hin_Deva
panel2,B,vardial2018/dev,hin,L1,dev:9655,hin_Deva
panel2,B,vardial2018/dev,hin,L1,dev:9664,hin_Deva
panel2,B,vardial2018/dev,hin,L1,dev:9672,hin_Deva
panel2,B,vardial2018/dev,hin,L1,dev:9674,hin_Deva
panel2,B,vardial2018/dev,hin,L1,dev:9679,hin_Deva
panel2,B,vardial2018/dev,hin,L1,dev:9686,hin_Deva
panel2,B,vardial2018/dev,hin,L1,dev:9702,hin_Deva
panel2,B,vardial2018/dev,hin,L1,dev:9703,hin_Deva
panel2,B,vardial2018/dev,hin,L1,dev:9704,hin_Deva
panel2,B,vardial2018/dev,hin,L1,dev:9707,hin_Deva
panel2,B,vardial2018/dev,hin,L1,dev:9708,hin_Deva
panel2,B,vardial2018/dev,hin,L1,dev:9715,hin_Deva
panel2,B,vardial2018/dev,hin,L1,dev:9720,hin_Deva
panel2,B,vardial2018/dev,hin,L1,dev:9721,hin_Deva
panel2,B,vardial2018/dev,hin,L1,dev:9722,hin_Deva
panel2,B,vardial2018/dev,hin,L1,dev:9731,hin_Deva
panel2,B,vardial2018/dev,hin,L1,dev:9733,hin_Deva
panel2,B,vardial2018/dev,hin,L1,dev:9757,hin_Deva
panel2,B,vardial2018/dev,hin,L1,dev:9759,hin_Deva
panel2,B,vardial2018/dev,hin,L1,dev:9765,hin_Deva
panel2,B,vardial2018/dev,hin,L1,dev:9766,anp_Deva
panel2,B,vardial2018/dev,hin,L1,dev:9767,hin_Deva
panel2,B,vardial2018/dev,hin,L1,dev:9782,hin_Deva
panel2,B,vardial2018/dev,hin,L1,dev:9785,hin_Deva
panel2,B,vardial2018/dev,hin,L1,dev:9792,hin_Deva
panel2,B,vardial2018/dev,hin,L1,dev:9794,hin_Deva
panel2,B,vardial2018/dev,hin,L1,dev:9797,hin_Deva
panel2,B,vardial2018/dev,hin,L1,dev:9804,hin_Deva
panel2,B,vardial2018/dev,hin,L1,dev:9806,hin_Deva
panel2,B,vardial2018/dev,hin,L1,dev:9807,hin_Deva
panel2,B,vardial2018/dev,hin,L1,dev:9811,hin_Deva
panel2,B,vardial2018/dev,hin,L1,dev:9816,hin_Deva
panel2,B,vardial2018/dev,hin,L1,dev:9817,hin_Deva
panel2,B,vardial2018/dev,hin,L1,dev:9829,hin_Deva
panel2,B,vardial2018/dev,hin,L1,dev:9832,anp_Deva
panel2,B,vardial2018/dev,hin,L1,dev:9836,hin_Deva
panel2,B,vardial2018/dev,hin,L1,dev:9839,hin_Deva
panel2,B,vardial2018/dev,hin,L1,dev:9840,hin_Deva
panel2,B,vardial2018/dev,hin,L1,dev:9843,hin_Deva
panel2,B,vardial2018/dev,hin,L1,dev:9850,hin_Deva
panel2,B,vardial2018/dev,hin,L1,dev:9854,hin_Deva
panel2,B,vardial2018/dev,hin,L1,dev:9859,mai_Deva
panel2,B,vardial2018/dev,hin,L1,dev:9862,hin_Deva
panel2,B,vardial2018/dev,hin,L1,dev:9865,hin_Deva
panel2,B,vardial2018/dev,hin,L1,dev:9868,hin_Deva
panel2,B,vardial2018/dev,hin,L1,dev:9869,bho_Deva
panel2,B,vardial2018/dev,hin,L1,dev:9872,hin_Deva
panel2,B,vardial2018/dev,hin,L1,dev:9883,hin_Deva
panel2,B,vardial2018/dev,hin,L1,dev:9885,mai_Deva
panel2,B,vardial2018/dev,hin,L1,dev:9891,hin_Deva
panel2,B,vardial2018/dev,hin,L1,dev:9898,hin_Deva
panel2,B,vardial2018/dev,hin,L1,dev:9944,hin_Deva
panel2,B,vardial2018/dev,hin,L1,dev:9946,hin_Deva
panel2,B,vardial2018/dev,hin,L1,dev:9948,hin_Deva
panel2,B,vardial2018/dev,hin,L1,dev:9974,hin_Deva
panel2,B,vardial2018/dev,hin,L1,dev:9983,hin_Deva
panel2,B,vardial2018/dev,hin,L1,dev:9985,hin_Deva
panel2,B,vardial2018/dev,hin,L1,dev:9986,hin_Deva
panel2,B,vardial2018/dev,hin,L1,dev:9988,hin_Deva
panel2,B,vardial2018/dev,hin,L1,dev:9994,anp_Deva
panel2,B,vardial2018/dev,hin,L1,dev:9997,hin_Deva
panel2,B,vardial2018/dev,hin,L1,dev:10005,hin_Deva
panel2,B,vardial2018/dev,hin,L1,dev:10006,anp_Deva
panel2,B,vardial2018/dev,hin,L1,dev:10008,hin_Deva
panel2,B,vardial2018/dev,hin,L1,dev:10016,hin_Deva
panel2,B,vardial2018/dev,hin,L1,dev:10023,hin_Deva
panel2,B,vardial2018/dev,hin,L1,dev:10031,hin_Deva
panel2,B,vardial2018/dev,hin,L1,dev:10033,hin_Deva
panel2,B,vardial2018/dev,hin,L1,dev:10036,hin_Deva
panel2,B,vardial2018/dev,hin,L1,dev:10040,hin_Deva
panel2,B,vardial2018/dev,hin,L1,dev:10044,hin_Deva
panel2,B,vardial2018/dev,hin,L1,dev:10048,hin_Deva
panel2,B,vardial2018/dev,hin,L1,dev:10050,hin_Deva
panel2,B,vardial2018/dev,hin,L1,dev:10054,sck_Deva
panel2,B,vardial2018/dev,hin,L1,dev:10056,hin_Deva
panel2,B,vardial2018/dev,hin,L1,dev:10059,hin_Deva
panel2,B,vardial2018/dev,hin,L1,dev:10060,hin_Deva
panel2,B,vardial2018/dev,hin,L1,dev:10062,new_Deva
panel2,B,vardial2018/dev,hin,L1,dev:10069,hin_Deva
panel2,B,vardial2018/dev,hin,L1,dev:10070,hin_Deva
panel2,B,vardial2018/dev,hin,L1,dev:10071,awa_Deva
panel2,B,vardial2018/dev,hin,L1,dev:10076,hin_Deva
panel2,B,vardial2018/dev,hin,L1,dev:10079,hin_Deva
panel2,B,vardial2018/dev,hin,L1,dev:10083,hin_Deva
panel2,B,vardial2018/dev,hin,L1,dev:10095,hin_Deva
panel2,B,vardial2018/dev,hin,L1,dev:10098,hin_Deva
panel2,B,vardial2018/dev,hin,L1,dev:10100,hin_Deva
panel2,B,vardial2018/dev,hin,L1,dev:10102,anp_Deva
panel2,B,vardial2018/dev,hin,L1,dev:10108,hin_Deva
panel2,B,vardial2018/dev,hin,L1,dev:10111,hin_Deva
panel2,B,vardial2018/dev,hin,L1,dev:10114,hin_Deva
panel2,B,vardial2018/dev,hin,L1,dev:10131,hin_Deva
panel2,B,vardial2018/dev,hin,L1,dev:10133,hin_Deva
panel2,B,vardial2018/dev,hin,L1,dev:10135,hin_Deva
panel2,B,vardial2018/dev,hin,L1,dev:10138,hin_Deva
panel2,B,vardial2018/dev,hin,L1,dev:10151,hin_Deva
panel2,B,vardial2018/dev,hin,L1,dev:10157,hin_Deva
panel2,B,vardial2018/dev,hin,L1,dev:10158,hin_Deva
panel2,B,vardial2018/dev,hin,L1,dev:10159,hin_Deva
panel2,B,vardial2018/dev,hin,L1,dev:10167,hin_Deva
panel2,B,vardial2018/dev,hin,L1,dev:10175,doi_Deva
panel2,B,vardial2018/dev,hin,L1,dev:10176,hin_Deva
panel2,B,vardial2018/dev,hin,L1,dev:10177,hin_Deva
panel2,B,vardial2018/dev,hin,L1,dev:10179,hin_Deva
panel2,B,vardial2018/dev,hin,L1,dev:10187,hin_Deva
panel2,B,vardial2018/dev,hin,L1,dev:10188,hin_Deva
panel2,B,vardial2018/dev,hin,L1,dev:10196,hin_Deva
panel2,B,vardial2018/dev,hin,L1,dev:10197,anp_Deva
panel2,B,vardial2018/dev,hin,L1,dev:10201,hin_Deva
panel2,B,vardial2018/dev,hin,L1,dev:10202,anp_Deva
panel2,B,vardial2018/dev,hin,L1,dev:10215,hin_Deva
panel2,B,vardial2018/dev,hin,L1,dev:10224,hin_Deva
panel2,B,vardial2018/dev,hin,L1,dev:10232,hin_Deva
panel2,B,vardial2018/dev,hin,L1,dev:10233,hin_Deva
panel2,B,vardial2018/dev,hin,L1,dev:10234,hin_Deva
panel2,B,vardial2018/dev,hin,L1,dev:10236,hin_Deva
panel2,B,vardial2018/dev,hin,L1,dev:10237,hin_Deva
panel2,B,vardial2018/dev,hin,L1,dev:10240,hin_Deva
panel2,B,vardial2018/dev,hin,L1,dev:10244,hin_Deva
panel2,B,vardial2018/dev,hin,L1,dev:10253,hin_Deva
panel2,B,vardial2018/dev,hin,L1,dev:10255,anp_Deva
panel2,B,vardial2018/dev,hin,L1,dev:10265,hin_Deva
panel2,B,vardial2018/dev,hin,L1,dev:10266,hin_Deva
panel2,B,vardial2018/dev,hin,L1,dev:10272,hin_Deva
panel2,B,vardial2018/dev,hin,L1,dev:10273,hin_Deva
panel2,B,vardial2018/dev,hin,L1,dev:10281,hin_Deva
panel2,B,vardial2018/dev,hin,L1,dev:10282,new_Deva
panel2,B,vardial2018/dev,hin,L1,dev:10284,hin_Deva
panel2,B,vardial2018/dev,hin,L1,dev:10288,hin_Deva
panel2,B,vardial2018/dev,hin,L1,dev:10300,hin_Deva
panel2,B,vardial2018/dev,hin,L1,dev:10309,hin_Deva
panel2,B,vardial2018/dev,hin,L1,dev:10315,hin_Deva
panel2,B,vardial2018/dev,hin,L1,dev:10316,hin_Deva
panel2,B,vardial2018/dev,hin,L1,dev:10321,anp_Deva
panel2,B,vardial2018/dev,hin,L1,dev:10329,hin_Deva
panel2,B,vardial2018/test,hin,L1,test:6,hin_Deva
panel2,B,vardial2018/test,hin,L1,test:23,hin_Deva
panel2,B,vardial2018/test,hin,L1,test:24,hin_Deva
panel2,B,vardial2018/test,hin,L1,test:27,hin_Deva
panel2,B,vardial2018/test,hin,L1,test:50,hin_Deva
panel2,B,vardial2018/test,hin,L1,test:81,hin_Deva
panel2,B,vardial2018/test,hin,L1,test:97,hin_Deva
panel2,B,vardial2018/test,hin,L1,test:102,anp_Deva
panel2,B,vardial2018/test,hin,L1,test:126,hin_Deva
panel2,B,vardial2018/test,hin,L1,test:137,hin_Deva
panel2,B,vardial2018/test,hin,L1,test:139,hin_Deva
panel2,B,vardial2018/test,hin,L1,test:158,hin_Deva
panel2,B,vardial2018/test,hin,L1,test:185,hin_Deva
panel2,B,vardial2018/test,hin,L1,test:191,hin_Deva
panel2,B,vardial2018/test,hin,L1,test:192,hin_Deva
panel2,B,vardial2018/test,hin,L1,test:203,hin_Deva
panel2,B,vardial2018/test,hin,L1,test:217,hin_Deva
panel2,B,vardial2018/test,hin,L1,test:220,hin_Deva
panel2,B,vardial2018/test,hin,L1,test:236,hin_Deva
panel2,B,vardial2018/test,hin,L1,test:242,hin_Deva
panel2,B,vardial2018/test,hin,L1,test:246,hin_Deva
panel2,B,vardial2018/test,hin,L1,test:252,hin_Deva
panel2,B,vardial2018/test,hin,L1,test:277,hin_Deva
panel2,B,vardial2018/test,hin,L1,test:288,hin_Deva
panel2,B,vardial2018/test,hin,L1,test:290,hin_Deva
panel2,B,vardial2018/test,hin,L1,test:291,hin_Deva
panel2,B,vardial2018/test,hin,L1,test:294,hin_Deva
panel2,B,vardial2018/test,hin,L1,test:296,hin_Deva
panel2,B,vardial2018/test,hin,L1,test:298,hin_Deva
panel2,B,vardial2018/test,hin,L1,test:302,hin_Deva
panel2,B,vardial2018/test,hin,L1,test:311,hin_Deva
panel2,B,vardial2018/test,hin,L1,test:314,hin_Deva
panel2,B,vardial2018/test,hin,L1,test:335,hin_Deva
panel2,B,vardial2018/test,hin,L1,test:343,hin_Deva
panel2,B,vardial2018/test,hin,L1,test:350,hin_Deva
panel2,B,vardial2018/test,hin,L1,test:351,hin_Deva
panel2,B,vardial2018/test,hin,L1,test:352,hin_Deva
panel2,B,vardial2018/test,hin,L1,test:368,hin_Deva
panel2,B,vardial2018/test,hin,L1,test:374,hin_Deva
panel2,B,vardial2018/test,hin,L1,test:385,hin_Deva
panel2,B,vardial2018/test,hin,L1,test:405,hin_Deva
panel2,B,vardial2018/test,hin,L1,test:433,hin_Deva
panel2,B,vardial2018/test,hin,L1,test:436,hin_Deva
panel2,B,vardial2018/test,hin,L1,test:438,hin_Deva
panel2,B,vardial2018/test,hin,L1,test:458,hin_Deva
panel2,B,vardial2018/test,hin,L1,test:463,hin_Deva
panel2,B,vardial2018/test,hin,L1,test:465,hin_Deva
panel2,B,vardial2018/test,hin,L1,test:467,hin_Deva
panel2,B,vardial2018/test,hin,L1,test:489,hin_Deva
panel2,B,vardial2018/test,hin,L1,test:493,hin_Deva
panel2,B,vardial2018/test,hin,L1,test:496,hin_Deva
panel2,B,vardial2018/test,hin,L1,test:524,hin_Deva
panel2,B,vardial2018/test,hin,L1,test:574,hin_Deva
panel2,B,vardial2018/test,hin,L1,test:575,hin_Deva
panel2,B,vardial2018/test,hin,L1,test:580,hin_Deva
panel2,B,vardial2018/test,hin,L1,test:582,hin_Deva
panel2,B,vardial2018/test,hin,L1,test:614,hin_Deva
panel2,B,vardial2018/test,hin,L1,test:616,hin_Deva
panel2,B,vardial2018/test,hin,L1,test:618,hin_Deva
panel2,B,vardial2018/test,hin,L1,test:630,hin_Deva
panel2,B,vardial2018/test,hin,L1,test:631,hin_Deva
panel2,B,vardial2018/test,hin,L1,test:637,hin_Deva
panel2,B,vardial2018/test,hin,L1,test:670,hin_Deva
panel2,B,vardial2018/test,hin,L1,test:676,hin_Deva
panel2,B,vardial2018/test,hin,L1,test:677,hin_Deva
panel2,B,vardial2018/test,hin,L1,test:684,hin_Deva
panel2,B,vardial2018/test,hin,L1,test:693,hin_Deva
panel2,B,vardial2018/test,hin,L1,test:702,hin_Deva
panel2,B,vardial2018/test,hin,L1,test:711,hin_Deva
panel2,B,vardial2018/test,hin,L1,test:719,hin_Deva
panel2,B,vardial2018/test,hin,L1,test:720,hin_Deva
panel2,B,vardial2018/test,hin,L1,test:729,hin_Deva
panel2,B,vardial2018/test,hin,L1,test:737,hin_Deva
panel2,B,vardial2018/test,hin,L1,test:738,hin_Deva
panel2,B,vardial2018/test,hin,L1,test:741,hin_Deva
panel2,B,vardial2018/test,hin,L1,test:784,hin_Deva
panel2,B,vardial2018/test,hin,L1,test:832,hin_Deva
panel2,B,vardial2018/test,hin,L1,test:841,hin_Deva
panel2,B,vardial2018/test,hin,L1,test:843,hin_Deva
panel2,B,vardial2018/test,hin,L1,test:858,hin_Deva
panel2,B,vardial2018/test,hin,L1,test:867,hin_Deva
panel2,B,vardial2018/test,hin,L1,test:916,hin_Deva
panel2,B,vardial2018/test,hin,L1,test:933,hin_Deva
panel2,B,vardial2018/test,hin,L1,test:934,hin_Deva
panel2,B,vardial2018/test,hin,L1,test:943,hin_Deva
panel2,B,vardial2018/test,hin,L1,test:975,hin_Deva
panel2,B,vardial2018/test,hin,L1,test:980,anp_Deva
panel2,B,vardial2018/test,hin,L1,test:985,hin_Deva
panel2,B,vardial2018/test,hin,L1,test:1006,hin_Deva
panel2,B,vardial2018/test,hin,L1,test:1015,hin_Deva
panel2,B,vardial2018/test,hin,L1,test:1031,hin_Deva
panel2,B,vardial2018/test,hin,L1,test:1036,hin_Deva
panel2,B,vardial2018/test,hin,L1,test:1064,hin_Deva
panel2,B,vardial2018/test,hin,L1,test:1069,hin_Deva
panel2,B,vardial2018/test,hin,L1,test:1076,hin_Deva
panel2,B,vardial2018/test,hin,L1,test:1093,hin_Deva
panel2,B,vardial2018/test,hin,L1,test:1096,hin_Deva
panel2,B,vardial2018/test,hin,L1,test:1097,hin_Deva
panel2,B,vardial2018/test,hin,L1,test:1113,hin_Deva
panel2,B,vardial2018/test,hin,L1,test:1119,hne_Deva
panel2,B,vardial2018/test,hin,L1,test:1122,hin_Deva
panel2,B,vardial2018/test,hin,L1,test:1137,hin_Deva
panel2,B,vardial2018/test,hin,L1,test:1146,hin_Deva
panel2,B,vardial2018/test,hin,L1,test:1157,awa_Deva
panel2,B,vardial2018/test,hin,L1,test:1169,hin_Deva
panel2,B,vardial2018/test,hin,L1,test:1175,hin_Deva
panel2,B,vardial2018/test,hin,L1,test:1177,hin_Deva
panel2,B,vardial2018/test,hin,L1,test:1181,hne_Deva
panel2,B,vardial2018/test,hin,L1,test:1188,hin_Deva
panel2,B,vardial2018/test,hin,L1,test:1191,hin_Deva
panel2,B,vardial2018/test,hin,L1,test:1198,hin_Deva
panel2,B,vardial2018/test,hin,L1,test:1203,hin_Deva
panel2,B,vardial2018/test,hin,L1,test:1223,hin_Deva
panel2,B,vardial2018/test,hin,L1,test:1236,hin_Deva
panel2,B,vardial2018/test,hin,L1,test:1244,hin_Deva
panel2,B,vardial2018/test,hin,L1,test:1261,hin_Deva
panel2,B,vardial2018/test,hin,L1,test:1280,hin_Deva
panel2,B,vardial2018/test,hin,L1,test:1282,hin_Deva
panel2,B,vardial2018/test,hin,L1,test:1291,hin_Deva
panel2,B,vardial2018/test,hin,L1,test:1299,hin_Deva
panel2,B,vardial2018/test,hin,L1,test:1305,hin_Deva
panel2,B,vardial2018/test,hin,L1,test:1306,hin_Deva
panel2,B,vardial2018/test,hin,L1,test:1333,hin_Deva
panel2,B,vardial2018/test,hin,L1,test:1343,hin_Deva
panel2,B,vardial2018/test,hin,L1,test:1345,hin_Deva
panel2,B,vardial2018/test,hin,L1,test:1377,hin_Deva
panel2,B,vardial2018/test,hin,L1,test:1383,hin_Deva
panel2,B,vardial2018/test,hin,L1,test:1389,hin_Deva
panel2,B,vardial2018/test,hin,L1,test:1408,hin_Deva
panel2,B,vardial2018/test,hin,L1,test:1412,hin_Deva
panel2,B,vardial2018/test,hin,L1,test:1420,hin_Deva
panel2,B,vardial2018/test,hin,L1,test:1425,hin_Deva
panel2,B,vardial2018/test,hin,L1,test:1427,hin_Deva
panel2,B,vardial2018/test,hin,L1,test:1445,hin_Deva
panel2,B,vardial2018/test,hin,L1,test:1447,hin_Deva
panel2,B,vardial2018/test,hin,L1,test:1454,hin_Deva
panel2,B,vardial2018/test,hin,L1,test:1459,hin_Deva
panel2,B,vardial2018/test,hin,L1,test:1463,hin_Deva
panel2,B,vardial2018/test,hin,L1,test:1464,hin_Deva
panel2,B,vardial2018/test,hin,L1,test:1486,hin_Deva
panel2,B,vardial2018/test,hin,L1,test:1503,hin_Deva
panel2,B,vardial2018/test,hin,L1,test:1507,hin_Deva
panel2,B,vardial2018/test,hin,L1,test:1516,hin_Deva
panel2,B,vardial2018/test,hin,L1,test:1520,hin_Deva
panel2,B,vardial2018/test,hin,L1,test:1525,hin_Deva
panel2,B,vardial2018/test,hin,L1,test:1528,hin_Deva
panel2,B,vardial2018/test,hin,L1,test:1538,anp_Deva
panel2,B,vardial2018/test,hin,L1,test:1554,hin_Deva
panel2,B,vardial2018/test,hin,L1,test:1557,hin_Deva
panel2,B,vardial2018/test,hin,L1,test:1558,hin_Deva
panel2,B,vardial2018/test,hin,L1,test:1566,hin_Deva
panel2,B,vardial2018/test,hin,L1,test:1591,hin_Deva
panel2,B,vardial2018/test,hin,L1,test:1598,anp_Deva
panel2,B,vardial2018/test,hin,L1,test:1602,hin_Deva
panel2,B,vardial2018/test,hin,L1,test:1613,hin_Deva
panel2,B,vardial2018/test,hin,L1,test:1635,hne_Deva
panel2,B,vardial2018/test,hin,L1,test:1645,hin_Deva
panel2,B,vardial2018/test,hin,L1,test:1669,hin_Deva
panel2,B,vardial2018/test,hin,L1,test:1673,hin_Deva
panel2,B,vardial2018/test,hin,L1,test:1684,hin_Deva
panel2,B,vardial2018/test,hin,L1,test:1685,hin_Deva
panel2,B,vardial2018/test,hin,L1,test:1694,hin_Deva
panel2,B,vardial2018/test,hin,L1,test:1696,hin_Deva
panel2,B,vardial2018/test,hin,L1,test:1723,hin_Deva
panel2,B,vardial2018/test,hin,L1,test:1727,hin_Deva
panel2,B,vardial2018/test,hin,L1,test:1729,hin_Deva
panel2,B,vardial2018/test,hin,L1,test:1730,hin_Deva
panel2,B,vardial2018/test,hin,L1,test:1738,hin_Deva
panel2,B,vardial2018/test,hin,L1,test:1749,hin_Deva
panel2,B,vardial2018/test,hin,L1,test:1757,hin_Deva
panel2,B,vardial2018/test,hin,L1,test:1767,hin_Deva
panel2,B,vardial2018/test,hin,L1,test:1774,hin_Deva
panel2,B,vardial2018/test,hin,L1,test:1780,hin_Deva
panel2,B,vardial2018/test,hin,L1,test:1796,hin_Deva
panel2,B,vardial2018/test,hin,L1,test:1797,hin_Deva
panel2,B,vardial2018/test,hin,L1,test:1818,hin_Deva
panel2,B,vardial2018/test,hin,L1,test:1844,hin_Deva
panel2,B,vardial2018/test,hin,L1,test:1846,hin_Deva
panel2,B,vardial2018/test,hin,L1,test:1856,hin_Deva
panel2,B,vardial2018/test,hin,L1,test:1869,hin_Deva
panel2,B,vardial2018/test,hin,L1,test:1871,hin_Deva
panel2,B,vardial2018/test,hin,L1,test:1878,kas_Deva
panel2,B,vardial2018/test,hin,L1,test:1879,hin_Deva
panel2,B,vardial2018/test,hin,L1,test:1883,hin_Deva
panel2,B,vardial2018/test,hin,L1,test:1897,hin_Deva
panel2,B,vardial2018/test,hin,L1,test:1908,hin_Deva
panel2,B,vardial2018/test,hin,L1,test:1922,hin_Deva
panel2,B,vardial2018/test,hin,L1,test:1932,hin_Deva
panel2,B,vardial2018/test,hin,L1,test:1937,hin_Deva
panel2,B,vardial2018/test,hin,L1,test:1950,hin_Deva
panel2,B,vardial2018/test,hin,L1,test:1966,hin_Deva
panel2,B,vardial2018/test,hin,L1,test:1981,hin_Deva
panel2,B,vardial2018/test,hin,L1,test:1984,hin_Deva
panel2,B,vardial2018/test,hin,L1,test:1994,hin_Deva
panel2,B,vardial2018/test,hin,L1,test:1995,hin_Deva
panel2,B,vardial2018/test,hin,L1,test:2005,hin_Deva
panel2,B,vardial2018/test,hin,L1,test:2026,hin_Deva
panel2,B,vardial2018/test,hin,L1,test:2037,hin_Deva
panel2,B,vardial2018/test,hin,L1,test:2051,hin_Deva
panel2,B,vardial2018/test,hin,L1,test:2089,hin_Deva
panel2,B,vardial2018/test,hin,L1,test:2092,hin_Deva
panel2,B,vardial2018/test,hin,L1,test:2125,hin_Deva
panel2,B,vardial2018/test,hin,L1,test:2145,hin_Deva
panel2,B,vardial2018/test,hin,L1,test:2146,hin_Deva
panel2,B,vardial2018/test,hin,L1,test:2151,hin_Deva
panel2,B,vardial2018/test,hin,L1,test:2163,hin_Deva
panel2,B,vardial2018/test,hin,L1,test:2168,hin_Deva
panel2,B,vardial2018/test,hin,L1,test:2169,hin_Deva
panel2,B,vardial2018/test,hin,L1,test:2201,hin_Deva
panel2,B,vardial2018/test,hin,L1,test:2204,hin_Deva
panel2,B,vardial2018/test,hin,L1,test:2206,hin_Deva
panel2,B,vardial2018/test,hin,L1,test:2214,hin_Deva
panel2,B,vardial2018/test,hin,L1,test:2232,hin_Deva
panel2,B,vardial2018/test,hin,L1,test:2239,hin_Deva
panel2,B,vardial2018/test,hin,L1,test:2241,hin_Deva
panel2,B,vardial2018/test,hin,L1,test:2243,hin_Deva
panel2,B,vardial2018/test,hin,L1,test:2245,hin_Deva
panel2,B,vardial2018/test,hin,L1,test:2266,hin_Deva
panel2,B,vardial2018/test,hin,L1,test:2271,hin_Deva
panel2,B,vardial2018/test,hin,L1,test:2285,hin_Deva
panel2,B,vardial2018/test,hin,L1,test:2289,hin_Deva
panel2,B,vardial2018/test,hin,L1,test:2295,hin_Deva
panel2,B,vardial2018/test,hin,L1,test:2320,hin_Deva
panel2,B,vardial2018/test,hin,L1,test:2348,hin_Deva
panel2,B,vardial2018/test,hin,L1,test:2349,hin_Deva
panel2,B,vardial2018/test,hin,L1,test:2350,hin_Deva
panel2,B,vardial2018/test,hin,L1,test:2358,hin_Deva
panel2,B,vardial2018/test,hin,L1,test:2372,hin_Deva
panel2,B,vardial2018/test,hin,L1,test:2380,hin_Deva
panel2,B,vardial2018/test,hin,L1,test:2385,hin_Deva
panel2,B,vardial2018/test,hin,L1,test:2410,hin_Deva
panel2,B,vardial2018/test,hin,L1,test:2425,hin_Deva
panel2,B,vardial2018/test,hin,L1,test:2428,hin_Deva
panel2,B,vardial2018/test,hin,L1,test:2432,hin_Deva
panel2,B,vardial2018/test,hin,L1,test:2436,hin_Deva
panel2,B,vardial2018/test,hin,L1,test:2437,hin_Deva
panel2,B,vardial2018/test,hin,L1,test:2442,hin_Deva
panel2,B,vardial2018/test,hin,L1,test:2479,hin_Deva
panel2,B,vardial2018/test,hin,L1,test:2481,hin_Deva
panel2,B,vardial2018/test,hin,L1,test:2489,hin_Deva
panel2,B,vardial2018/test,hin,L1,test:2493,hin_Deva
panel2,B,vardial2018/test,hin,L1,test:2494,hin_Deva
panel2,B,vardial2018/test,hin,L1,test:2517,hin_Deva
panel2,B,vardial2018/test,hin,L1,test:2554,hin_Deva
panel2,B,vardial2018/test,hin,L1,test:2567,hin_Deva
panel2,B,vardial2018/test,hin,L1,test:2574,hin_Deva
panel2,B,vardial2018/test,hin,L1,test:2596,hin_Deva
panel2,B,vardial2018/test,hin,L1,test:2598,hin_Deva
panel2,B,vardial2018/test,hin,L1,test:2601,hin_Deva
panel2,B,vardial2018/test,hin,L1,test:2606,hin_Deva
panel2,B,vardial2018/test,hin,L1,test:2630,hin_Deva
panel2,B,vardial2018/test,hin,L1,test:2669,hin_Deva
panel2,B,vardial2018/test,hin,L1,test:2672,hin_Deva
panel2,B,vardial2018/test,hin,L1,test:2685,hin_Deva
panel2,B,vardial2018/test,hin,L1,test:2690,hin_Deva
panel2,B,vardial2018/test,hin,L1,test:2691,hin_Deva
panel2,B,vardial2018/test,hin,L1,test:2693,hin_Deva
panel2,B,vardial2018/test,hin,L1,test:2702,hin_Deva
panel2,B,vardial2018/test,hin,L1,test:2713,hin_Deva
panel2,B,vardial2018/test,hin,L1,test:2716,hin_Deva
panel2,B,vardial2018/test,hin,L1,test:2721,hin_Deva
panel2,B,vardial2018/test,hin,L1,test:2732,hin_Deva
panel2,B,vardial2018/test,hin,L1,test:2748,hin_Deva
panel2,B,vardial2018/test,hin,L1,test:2770,anp_Deva
panel2,B,vardial2018/test,hin,L1,test:2797,hin_Deva
panel2,B,vardial2018/test,hin,L1,test:2799,hin_Deva
panel2,B,vardial2018/test,hin,L1,test:2813,hin_Deva
panel2,B,vardial2018/test,hin,L1,test:2827,hin_Deva
panel2,B,vardial2018/test,hin,L1,test:2833,hin_Deva
panel2,B,vardial2018/test,hin,L1,test:2836,hin_Deva
panel2,B,vardial2018/test,hin,L1,test:2840,hin_Deva
panel2,B,vardial2018/test,hin,L1,test:2841,hin_Deva
panel2,B,vardial2018/test,hin,L1,test:2844,hin_Deva
panel2,B,vardial2018/test,hin,L1,test:2847,hin_Deva
panel2,B,vardial2018/test,hin,L1,test:2864,hin_Deva
panel2,B,vardial2018/test,hin,L1,test:2898,hin_Deva
panel2,B,vardial2018/test,hin,L1,test:2902,hin_Deva
panel2,B,vardial2018/test,hin,L1,test:2921,hin_Deva
panel2,B,vardial2018/test,hin,L1,test:2922,hin_Deva
panel2,B,vardial2018/test,hin,L1,test:2930,hin_Deva
panel2,B,vardial2018/test,hin,L1,test:2953,hin_Deva
panel2,B,vardial2018/test,hin,L1,test:2967,hin_Deva
panel2,B,vardial2018/test,hin,L1,test:2970,hin_Deva
panel2,B,vardial2018/test,hin,L1,test:2978,hne_Deva
panel2,B,vardial2018/test,hin,L1,test:3007,hin_Deva
panel2,B,vardial2018/test,hin,L1,test:3012,hin_Deva
panel2,B,vardial2018/test,hin,L1,test:3013,hin_Deva
panel2,B,vardial2018/test,hin,L1,test:3059,hin_Deva
panel2,B,vardial2018/test,hin,L1,test:3067,anp_Deva
panel2,B,vardial2018/test,hin,L1,test:3069,hin_Deva
panel2,B,vardial2018/test,hin,L1,test:3074,hin_Deva
panel2,B,vardial2018/test,hin,L1,test:3090,hin_Deva
panel2,B,vardial2018/test,hin,L1,test:3093,hin_Deva
panel2,B,vardial2018/test,hin,L1,test:3107,hin_Deva
panel2,B,vardial2018/test,hin,L1,test:3109,hin_Deva
panel2,B,vardial2018/test,hin,L1,test:3114,hin_Deva
panel2,B,vardial2018/test,hin,L1,test:3116,hin_Deva
panel2,B,vardial2018/test,hin,L1,test:3117,hin_Deva
panel2,B,vardial2018/test,hin,L1,test:3139,hin_Deva
panel2,B,vardial2018/test,hin,L1,test:3152,hin_Deva
panel2,B,vardial2018/test,hin,L1,test:3180,hin_Deva
panel2,B,vardial2018/test,hin,L1,test:3188,hin_Deva
panel2,B,vardial2018/test,hin,L1,test:3191,hin_Deva
panel2,B,vardial2018/test,hin,L1,test:3193,hin_Deva
panel2,B,vardial2018/test,hin,L1,test:3194,hin_Deva
panel2,B,vardial2018/test,hin,L1,test:3196,hin_Deva
panel2,B,vardial2018/test,hin,L1,test:3202,hin_Deva
panel2,B,vardial2018/test,hin,L1,test:3203,hin_Deva
panel2,B,vardial2018/test,hin,L1,test:3232,hin_Deva
panel2,B,vardial2018/test,hin,L1,test:3233,hin_Deva
panel2,B,vardial2018/test,hin,L1,test:3246,hin_Deva
panel2,B,vardial2018/test,hin,L1,test:3252,hin_Deva
panel2,B,vardial2018/test,hin,L1,test:3256,hin_Deva
panel2,B,vardial2018/test,hin,L1,test:3273,hin_Deva
panel2,B,vardial2018/test,hin,L1,test:3277,hin_Deva
panel2,B,vardial2018/test,hin,L1,test:3286,hin_Deva
panel2,B,vardial2018/test,hin,L1,test:3306,anp_Deva
panel2,B,vardial2018/test,hin,L1,test:3317,hin_Deva
panel2,B,vardial2018/test,hin,L1,test:3319,hin_Deva
panel2,B,vardial2018/test,hin,L1,test:3320,hin_Deva
panel2,B,vardial2018/test,hin,L1,test:3324,hin_Deva
panel2,B,vardial2018/test,hin,L1,test:3327,hin_Deva
panel2,B,vardial2018/test,hin,L1,test:3329,hin_Deva
panel2,B,vardial2018/test,hin,L1,test:3338,hin_Deva
panel2,B,vardial2018/test,hin,L1,test:3339,awa_Deva
panel2,B,vardial2018/test,hin,L1,test:3370,hin_Deva
panel2,B,vardial2018/test,hin,L1,test:3382,hin_Deva
panel2,B,vardial2018/test,hin,L1,test:3383,hin_Deva
panel2,B,vardial2018/test,hin,L1,test:3389,hin_Deva
panel2,B,vardial2018/test,hin,L1,test:3398,hin_Deva
panel2,B,vardial2018/test,hin,L1,test:3412,hin_Deva
panel2,B,vardial2018/test,hin,L1,test:3422,hin_Deva
panel2,B,vardial2018/test,hin,L1,test:3434,hin_Deva
panel2,B,vardial2018/test,hin,L1,test:3452,hin_Deva
panel2,B,vardial2018/test,hin,L1,test:3501,hin_Deva
panel2,B,vardial2018/test,hin,L1,test:3517,hin_Deva
panel2,B,vardial2018/test,hin,L1,test:3548,anp_Deva
panel2,B,vardial2018/test,hin,L1,test:3562,hin_Deva
panel2,B,vardial2018/test,hin,L1,test:3563,hin_Deva
panel2,B,vardial2018/test,hin,L1,test:3603,hin_Deva
panel2,B,vardial2018/test,hin,L1,test:3604,hin_Deva
panel2,B,vardial2018/test,hin,L1,test:3609,hin_Deva
panel2,B,vardial2018/test,hin,L1,test:3613,hin_Deva
panel2,B,vardial2018/test,hin,L1,test:3614,hin_Deva
panel2,B,vardial2018/test,hin,L1,test:3616,hin_Deva
panel2,B,vardial2018/test,hin,L1,test:3618,hin_Deva
panel2,B,vardial2018/test,hin,L1,test:3620,hin_Deva
panel2,B,vardial2018/test,hin,L1,test:3640,hin_Deva
panel2,B,vardial2018/test,hin,L1,test:3646,hin_Deva
panel2,B,vardial2018/test,hin,L1,test:3671,hin_Deva
panel2,B,vardial2018/test,hin,L1,test:3680,hin_Deva
panel2,B,vardial2018/test,hin,L1,test:3694,hin_Deva
panel2,B,vardial2018/test,hin,L1,test:3697,hin_Deva
panel2,B,vardial2018/test,hin,L1,test:3708,hin_Deva
panel2,B,vardial2018/test,hin,L1,test:3715,hin_Deva
panel2,B,vardial2018/test,hin,L1,test:3759,doi_Deva
panel2,B,vardial2018/test,hin,L1,test:3761,hin_Deva
panel2,B,vardial2018/test,hin,L1,test:3778,hin_Deva
panel2,B,vardial2018/test,hin,L1,test:3781,hin_Deva
panel2,B,vardial2018/test,hin,L1,test:3788,hin_Deva
panel2,B,vardial2018/test,hin,L1,test:3793,hin_Deva
panel2,B,vardial2018/test,hin,L1,test:3820,hin_Deva
panel2,B,vardial2018/test,hin,L1,test:3828,hin_Deva
panel2,B,vardial2018/test,hin,L1,test:3833,hin_Deva
panel2,B,vardial2018/test,hin,L1,test:3844,hin_Deva
panel2,B,vardial2018/test,hin,L1,test:3853,hin_Deva
panel2,B,vardial2018/test,hin,L1,test:3899,hin_Deva
panel2,B,vardial2018/test,hin,L1,test:3905,hin_Deva
panel2,B,vardial2018/test,hin,L1,test:3915,hin_Deva
panel2,B,vardial2018/test,hin,L1,test:3964,hin_Deva
panel2,B,vardial2018/test,hin,L1,test:3974,hin_Deva
panel2,B,vardial2018/test,hin,L1,test:3992,hin_Deva
panel2,B,vardial2018/test,hin,L1,test:3997,hin_Deva
panel2,B,vardial2018/test,hin,L1,test:3999,hin_Deva
panel2,B,vardial2018/test,hin,L1,test:4010,hin_Deva
panel2,B,vardial2018/test,hin,L1,test:4021,hin_Deva
panel2,B,vardial2018/test,hin,L1,test:4022,hin_Deva
panel2,B,vardial2018/test,hin,L1,test:4037,hin_Deva
panel2,B,vardial2018/test,hin,L1,test:4041,hin_Deva
panel2,B,vardial2018/test,hin,L1,test:4046,hin_Deva
panel2,B,vardial2018/test,hin,L1,test:4050,hin_Deva
panel2,B,vardial2018/test,hin,L1,test:4063,hin_Deva
panel2,B,vardial2018/test,hin,L1,test:4069,hin_Deva
panel2,B,vardial2018/test,hin,L1,test:4111,hin_Deva
panel2,B,vardial2018/test,hin,L1,test:4116,hin_Deva
panel2,B,vardial2018/test,hin,L1,test:4130,hin_Deva
panel2,B,vardial2018/test,hin,L1,test:4139,hin_Deva
panel2,B,vardial2018/test,hin,L1,test:4141,hin_Deva
panel2,B,vardial2018/test,hin,L1,test:4152,hin_Deva
panel2,B,vardial2018/test,hin,L1,test:4164,hin_Deva
panel2,B,vardial2018/test,hin,L1,test:4165,hin_Deva
panel2,B,vardial2018/test,hin,L1,test:4171,hin_Deva
panel2,B,vardial2018/test,hin,L1,test:4182,hin_Deva
panel2,B,vardial2018/test,hin,L1,test:4195,hin_Deva
panel2,B,vardial2018/test,hin,L1,test:4196,hin_Deva
panel2,B,vardial2018/test,hin,L1,test:4198,hin_Deva
panel2,B,vardial2018/test,hin,L1,test:4204,hin_Deva
panel2,B,vardial2018/test,hin,L1,test:4211,hin_Deva
panel2,B,vardial2018/test,hin,L1,test:4233,hin_Deva
panel2,B,vardial2018/test,hin,L1,test:4259,hin_Deva
panel2,B,vardial2018/test,hin,L1,test:4260,hin_Deva
panel2,B,vardial2018/test,hin,L1,test:4272,hin_Deva
panel2,B,vardial2018/test,hin,L1,test:4285,anp_Deva
panel2,B,vardial2018/test,hin,L1,test:4299,hin_Deva
panel2,B,vardial2018/test,hin,L1,test:4309,hin_Deva
panel2,B,vardial2018/test,hin,L1,test:4326,hin_Deva
panel2,B,vardial2018/test,hin,L1,test:4338,hin_Deva
panel2,B,vardial2018/test,hin,L1,test:4356,hin_Deva
panel2,B,vardial2018/test,hin,L1,test:4375,hin_Deva
panel2,B,vardial2018/test,hin,L1,test:4439,hin_Deva
panel2,B,vardial2018/test,hin,L1,test:4453,hin_Deva
panel2,B,vardial2018/test,hin,L1,test:4465,hin_Deva
panel2,B,vardial2018/test,hin,L1,test:4466,hin_Deva
panel2,B,vardial2018/test,hin,L1,test:4474,hin_Deva
panel2,B,vardial2018/test,hin,L1,test:4483,hin_Deva
panel2,B,vardial2018/test,hin,L1,test:4486,hin_Deva
panel2,B,vardial2018/test,hin,L1,test:4487,hne_Deva
panel2,B,vardial2018/test,hin,L1,test:4510,hin_Deva
panel2,B,vardial2018/test,hin,L1,test:4511,hin_Deva
panel2,B,vardial2018/test,hin,L1,test:4515,hin_Deva
panel2,B,vardial2018/test,hin,L1,test:4525,hin_Deva
panel2,B,vardial2018/test,hin,L1,test:4537,hin_Deva
panel2,B,vardial2018/test,hin,L1,test:4586,hin_Deva
panel2,B,vardial2018/test,hin,L1,test:4591,hin_Deva
panel2,B,vardial2018/test,hin,L1,test:4599,hin_Deva
panel2,B,vardial2018/test,hin,L1,test:4605,hin_Deva
panel2,B,vardial2018/test,hin,L1,test:4611,hin_Deva
panel2,B,vardial2018/test,hin,L1,test:4617,hin_Deva
panel2,B,vardial2018/test,hin,L1,test:4625,hin_Deva
panel2,B,vardial2018/test,hin,L1,test:4626,hin_Deva
panel2,B,vardial2018/test,hin,L1,test:4642,hin_Deva
panel2,B,vardial2018/test,hin,L1,test:4670,hin_Deva
panel2,B,vardial2018/test,hin,L1,test:4676,hin_Deva
panel2,B,vardial2018/test,hin,L1,test:4684,hin_Deva
panel2,B,vardial2018/test,hin,L1,test:4690,hin_Deva
panel2,B,vardial2018/test,hin,L1,test:4698,hin_Deva
panel2,B,vardial2018/test,hin,L1,test:4721,hin_Deva
panel2,B,vardial2018/test,hin,L1,test:4731,hin_Deva
panel2,B,vardial2018/test,hin,L1,test:4735,hin_Deva
panel2,B,vardial2018/test,hin,L1,test:4739,hin_Deva
panel2,B,vardial2018/test,hin,L1,test:4752,anp_Deva
panel2,B,vardial2018/test,hin,L1,test:4753,hin_Deva
panel2,B,vardial2018/test,hin,L1,test:4758,hin_Deva
panel2,B,vardial2018/test,hin,L1,test:4761,hin_Deva
panel2,B,vardial2018/test,hin,L1,test:4777,hin_Deva
panel2,B,vardial2018/test,hin,L1,test:4784,hin_Deva
panel2,B,vardial2018/test,hin,L1,test:4785,hin_Deva
panel2,B,vardial2018/test,hin,L1,test:4807,hin_Deva
panel2,B,vardial2018/test,hin,L1,test:4819,hin_Deva
panel2,B,vardial2018/test,hin,L1,test:4823,hin_Deva
panel2,B,vardial2018/test,hin,L1,test:4826,hin_Deva
panel2,B,vardial2018/test,hin,L1,test:4835,hin_Deva
panel2,B,vardial2018/test,hin,L1,test:4838,hin_Deva
panel2,B,vardial2018/test,hin,L1,test:4853,hin_Deva
panel2,B,vardial2018/test,hin,L1,test:4861,hin_Deva
panel2,B,vardial2018/test,hin,L1,test:4867,hin_Deva
panel2,B,vardial2018/test,hin,L1,test:4871,hin_Deva
panel2,B,vardial2018/test,hin,L1,test:4877,hin_Deva
panel2,B,vardial2018/test,hin,L1,test:4884,hin_Deva
panel2,B,vardial2018/test,hin,L1,test:4889,hin_Deva
panel2,B,vardial2018/test,hin,L1,test:4894,hin_Deva
panel2,B,vardial2018/test,hin,L1,test:4910,hin_Deva
panel2,B,vardial2018/test,hin,L1,test:4915,hin_Deva
panel2,B,vardial2018/test,hin,L1,test:4920,hne_Deva
panel2,B,vardial2018/test,hin,L1,test:4922,hin_Deva
panel2,B,vardial2018/test,hin,L1,test:4934,hin_Deva
panel2,B,vardial2018/test,hin,L1,test:4944,hin_Deva
panel2,B,vardial2018/test,hin,L1,test:4950,hin_Deva
panel2,B,vardial2018/test,hin,L1,test:4965,bho_Deva
panel2,B,vardial2018/test,hin,L1,test:4977,hin_Deva
panel2,B,vardial2018/test,hin,L1,test:4994,hin_Deva
panel2,B,vardial2018/test,hin,L1,test:5017,hin_Deva
panel2,B,vardial2018/test,hin,L1,test:5024,hin_Deva
panel2,B,vardial2018/test,hin,L1,test:5033,hin_Deva
panel2,B,vardial2018/test,hin,L1,test:5048,hin_Deva
panel2,B,vardial2018/test,hin,L1,test:5064,hin_Deva
panel2,B,vardial2018/test,hin,L1,test:5067,hin_Deva
panel2,B,vardial2018/test,hin,L1,test:5086,anp_Deva
panel2,B,vardial2018/test,hin,L1,test:5089,hin_Deva
panel2,B,vardial2018/test,hin,L1,test:5092,hin_Deva
panel2,B,vardial2018/test,hin,L1,test:5096,hin_Deva
panel2,B,vardial2018/test,hin,L1,test:5114,hin_Deva
panel2,B,vardial2018/test,hin,L1,test:5129,hin_Deva
panel2,B,vardial2018/test,hin,L1,test:5153,hin_Deva
panel2,B,vardial2018/test,hin,L1,test:5179,hin_Deva
panel2,B,vardial2018/test,hin,L1,test:5194,hin_Deva
panel2,B,vardial2018/test,hin,L1,test:5206,hin_Deva
panel2,B,vardial2018/test,hin,L1,test:5215,hin_Deva
panel2,B,vardial2018/test,hin,L1,test:5231,hin_Deva
panel2,B,vardial2018/test,hin,L1,test:5247,hin_Deva
panel2,B,vardial2018/test,hin,L1,test:5252,hin_Deva
panel2,B,vardial2018/test,hin,L1,test:5253,hin_Deva
panel2,B,vardial2018/test,hin,L1,test:5265,hin_Deva
panel2,B,vardial2018/test,hin,L1,test:5267,hin_Deva
panel2,B,vardial2018/test,hin,L1,test:5269,hin_Deva
panel2,B,vardial2018/test,hin,L1,test:5270,hin_Deva
panel2,B,vardial2018/test,hin,L1,test:5298,hin_Deva
panel2,B,vardial2018/test,hin,L1,test:5311,hin_Deva
panel2,B,vardial2018/test,hin,L1,test:5320,hin_Deva
panel2,B,vardial2018/test,hin,L1,test:5322,hin_Deva
panel2,B,vardial2018/test,hin,L1,test:5373,hin_Deva
panel2,B,vardial2018/test,hin,L1,test:5387,hin_Deva
panel2,B,vardial2018/test,hin,L1,test:5389,hin_Deva
panel2,B,vardial2018/test,hin,L1,test:5406,hin_Deva
panel2,B,vardial2018/test,hin,L1,test:5415,hin_Deva
panel2,B,vardial2018/test,hin,L1,test:5439,hin_Deva
panel2,B,vardial2018/test,hin,L1,test:5446,hin_Deva
panel2,B,vardial2018/test,hin,L1,test:5451,hin_Deva
panel2,B,vardial2018/test,hin,L1,test:5476,hin_Deva
panel2,B,vardial2018/test,hin,L1,test:5483,hin_Deva
panel2,B,vardial2018/test,hin,L1,test:5494,hin_Deva
panel2,B,vardial2018/test,hin,L1,test:5514,hin_Deva
panel2,B,vardial2018/test,hin,L1,test:5524,hin_Deva
panel2,B,vardial2018/test,hin,L1,test:5525,hin_Deva
panel2,B,vardial2018/test,hin,L1,test:5527,hin_Deva
panel2,B,vardial2018/test,hin,L1,test:5556,hin_Deva
panel2,B,vardial2018/test,hin,L1,test:5571,hin_Deva
panel2,B,vardial2018/test,hin,L1,test:5572,hin_Deva
panel2,B,vardial2018/test,hin,L1,test:5631,hin_Deva
panel2,B,vardial2018/test,hin,L1,test:5646,hin_Deva
panel2,B,vardial2018/test,hin,L1,test:5647,hin_Deva
panel2,B,vardial2018/test,hin,L1,test:5659,hin_Deva
panel2,B,vardial2018/test,hin,L1,test:5666,hin_Deva
panel2,B,vardial2018/test,hin,L1,test:5671,hin_Deva
panel2,B,vardial2018/test,hin,L1,test:5678,hin_Deva
panel2,B,vardial2018/test,hin,L1,test:5686,hin_Deva
panel2,B,vardial2018/test,hin,L1,test:5695,hin_Deva
panel2,B,vardial2018/test,hin,L1,test:5713,hin_Deva
panel2,B,vardial2018/test,hin,L1,test:5725,hin_Deva
panel2,B,vardial2018/test,hin,L1,test:5728,hin_Deva
panel2,B,vardial2018/test,hin,L1,test:5746,hin_Deva
panel2,B,vardial2018/test,hin,L1,test:5750,hin_Deva
panel2,B,vardial2018/test,hin,L1,test:5756,hin_Deva
panel2,B,vardial2018/test,hin,L1,test:5764,hin_Deva
panel2,B,vardial2018/test,hin,L1,test:5779,anp_Deva
panel2,B,vardial2018/test,hin,L1,test:5788,hin_Deva
panel2,B,vardial2018/test,hin,L1,test:5790,hin_Deva
panel2,B,vardial2018/test,hin,L1,test:5800,hin_Deva
panel2,B,vardial2018/test,hin,L1,test:5801,hin_Deva
panel2,B,vardial2018/test,hin,L1,test:5809,hin_Deva
panel2,B,vardial2018/test,hin,L1,test:5826,hin_Deva
panel2,B,vardial2018/test,hin,L1,test:5831,hin_Deva
panel2,B,vardial2018/test,hin,L1,test:5852,hin_Deva
panel2,B,vardial2018/test,hin,L1,test:5853,hin_Deva
panel2,B,vardial2018/test,hin,L1,test:5863,hin_Deva
panel2,B,vardial2018/test,hin,L1,test:5873,hin_Deva
panel2,B,vardial2018/test,hin,L1,test:5875,hin_Deva
panel2,B,vardial2018/test,hin,L1,test:5882,hin_Deva
panel2,B,vardial2018/test,hin,L1,test:5887,hin_Deva
panel2,B,vardial2018/test,hin,L1,test:5912,hin_Deva
panel2,B,vardial2018/test,hin,L1,test:5914,hin_Deva
panel2,B,vardial2018/test,hin,L1,test:5919,hin_Deva
panel2,B,vardial2018/test,hin,L1,test:5939,hin_Deva
panel2,B,vardial2018/test,hin,L1,test:5957,hin_Deva
panel2,B,vardial2018/test,hin,L1,test:5966,hin_Deva
panel2,B,vardial2018/test,hin,L1,test:5968,hin_Deva
panel2,B,vardial2018/test,hin,L1,test:5970,hin_Deva
panel2,B,vardial2018/test,hin,L1,test:5990,hin_Deva
panel2,B,vardial2018/test,hin,L1,test:6011,hin_Deva
panel2,B,vardial2018/test,hin,L1,test:6030,hne_Deva
panel2,B,vardial2018/test,hin,L1,test:6043,anp_Deva
panel2,B,vardial2018/test,hin,L1,test:6046,hin_Deva
panel2,B,vardial2018/test,hin,L1,test:6050,anp_Deva
panel2,B,vardial2018/test,hin,L1,test:6062,hin_Deva
panel2,B,vardial2018/test,hin,L1,test:6063,hin_Deva
panel2,B,vardial2018/test,hin,L1,test:6066,hin_Deva
panel2,B,vardial2018/test,hin,L1,test:6095,hin_Deva
panel2,B,vardial2018/test,hin,L1,test:6096,hin_Deva
panel2,B,vardial2018/test,hin,L1,test:6100,hin_Deva
panel2,B,vardial2018/test,hin,L1,test:6107,hin_Deva
panel2,B,vardial2018/test,hin,L1,test:6122,hin_Deva
panel2,B,vardial2018/test,hin,L1,test:6123,hin_Deva
panel2,B,vardial2018/test,hin,L1,test:6125,hin_Deva
panel2,B,vardial2018/test,hin,L1,test:6153,hin_Deva
panel2,B,vardial2018/test,hin,L1,test:6166,hin_Deva
panel2,B,vardial2018/test,hin,L1,test:6184,hin_Deva
panel2,B,vardial2018/test,hin,L1,test:6199,hin_Deva
panel2,B,vardial2018/test,hin,L1,test:6218,hin_Deva
panel2,B,vardial2018/test,hin,L1,test:6222,hin_Deva
panel2,B,vardial2018/test,hin,L1,test:6224,anp_Deva
panel2,B,vardial2018/test,hin,L1,test:6226,hin_Deva
panel2,B,vardial2018/test,hin,L1,test:6227,hin_Deva
panel2,B,vardial2018/test,hin,L1,test:6246,hin_Deva
panel2,B,vardial2018/test,hin,L1,test:6248,hin_Deva
panel2,B,vardial2018/test,hin,L1,test:6259,hin_Deva
panel2,B,vardial2018/test,hin,L1,test:6263,hin_Deva
panel2,B,vardial2018/test,hin,L1,test:6267,hin_Deva
panel2,B,vardial2018/test,hin,L1,test:6274,hin_Deva
panel2,B,vardial2018/test,hin,L1,test:6287,hin_Deva
panel2,B,vardial2018/test,hin,L1,test:6293,hin_Deva
panel2,B,vardial2018/test,hin,L1,test:6296,hin_Deva
panel2,B,vardial2018/test,hin,L1,test:6303,hin_Deva
panel2,B,vardial2018/test,hin,L1,test:6315,hin_Deva
panel2,B,vardial2018/test,hin,L1,test:6326,hin_Deva
panel2,B,vardial2018/test,hin,L1,test:6335,hin_Deva
panel2,B,vardial2018/test,hin,L1,test:6336,hin_Deva
panel2,B,vardial2018/test,hin,L1,test:6354,hin_Deva
panel2,B,vardial2018/test,hin,L1,test:6358,hin_Deva
panel2,B,vardial2018/test,hin,L1,test:6359,hin_Deva
panel2,B,vardial2018/test,hin,L1,test:6363,hin_Deva
panel2,B,vardial2018/test,hin,L1,test:6364,hin_Deva
panel2,B,vardial2018/test,hin,L1,test:6376,hin_Deva
panel2,B,vardial2018/test,hin,L1,test:6382,hin_Deva
panel2,B,vardial2018/test,hin,L1,test:6384,hin_Deva
panel2,B,vardial2018/test,hin,L1,test:6395,hin_Deva
panel2,B,vardial2018/test,hin,L1,test:6397,hin_Deva
panel2,B,vardial2018/test,hin,L1,test:6405,hin_Deva
panel2,B,vardial2018/test,hin,L1,test:6418,hin_Deva
panel2,B,vardial2018/test,hin,L1,test:6428,hin_Deva
panel2,B,vardial2018/test,hin,L1,test:6440,hin_Deva
panel2,B,vardial2018/test,hin,L1,test:6445,hin_Deva
panel2,B,vardial2018/test,hin,L1,test:6451,hin_Deva
panel2,B,vardial2018/test,hin,L1,test:6452,awa_Deva
panel2,B,vardial2018/test,hin,L1,test:6454,anp_Deva
panel2,B,vardial2018/test,hin,L1,test:6455,hin_Deva
panel2,B,vardial2018/test,hin,L1,test:6461,hin_Deva
panel2,B,vardial2018/test,hin,L1,test:6475,hin_Deva
panel2,B,vardial2018/test,hin,L1,test:6476,hin_Deva
panel2,B,vardial2018/test,hin,L1,test:6487,hin_Deva
panel2,B,vardial2018/test,hin,L1,test:6509,hin_Deva
panel2,B,vardial2018/test,hin,L1,test:6512,hin_Deva
panel2,B,vardial2018/test,hin,L1,test:6522,hin_Deva
panel2,B,vardial2018/test,hin,L1,test:6526,hin_Deva
panel2,B,vardial2018/test,hin,L1,test:6545,hin_Deva
panel2,B,vardial2018/test,hin,L1,test:6565,hin_Deva
panel2,B,vardial2018/test,hin,L1,test:6576,hin_Deva
panel2,B,vardial2018/test,hin,L1,test:6585,hin_Deva
panel2,B,vardial2018/test,hin,L1,test:6590,hin_Deva
panel2,B,vardial2018/test,hin,L1,test:6593,hin_Deva
panel2,B,vardial2018/test,hin,L1,test:6598,hin_Deva
panel2,B,vardial2018/test,hin,L1,test:6604,hin_Deva
panel2,B,vardial2018/test,hin,L1,test:6605,hin_Deva
panel2,B,vardial2018/test,hin,L1,test:6629,hin_Deva
panel2,B,vardial2018/test,hin,L1,test:6632,hin_Deva
panel2,B,vardial2018/test,hin,L1,test:6633,hin_Deva
panel2,B,vardial2018/test,hin,L1,test:6638,hin_Deva
panel2,B,vardial2018/test,hin,L1,test:6646,hin_Deva
panel2,B,vardial2018/test,hin,L1,test:6652,hin_Deva
panel2,B,vardial2018/test,hin,L1,test:6659,hin_Deva
panel2,B,vardial2018/test,hin,L1,test:6668,hin_Deva
panel2,B,vardial2018/test,hin,L1,test:6669,hin_Deva
panel2,B,vardial2018/test,hin,L1,test:6679,hin_Deva
panel2,B,vardial2018/test,hin,L1,test:6685,hin_Deva
panel2,B,vardial2018/test,hin,L1,test:6697,hin_Deva
panel2,B,vardial2018/test,hin,L1,test:6702,hne_Deva
panel2,B,vardial2018/test,hin,L1,test:6709,hin_Deva
panel2,B,vardial2018/test,hin,L1,test:6711,hin_Deva
panel2,B,vardial2018/test,hin,L1,test:6743,hin_Deva
panel2,B,vardial2018/test,hin,L1,test:6750,hin_Deva
panel2,B,vardial2018/test,hin,L1,test:6759,hin_Deva
panel2,B,vardial2018/test,hin,L1,test:6773,hin_Deva
panel2,B,vardial2018/test,hin,L1,test:6783,hin_Deva
panel2,B,vardial2018/test,hin,L1,test:6787,hin_Deva
panel2,B,vardial2018/test,hin,L1,test:6792,hin_Deva
panel2,B,vardial2018/test,hin,L1,test:6829,hin_Deva
panel2,B,vardial2018/test,hin,L1,test:6838,hin_Deva
panel2,B,vardial2018/test,hin,L1,test:6860,hin_Deva
panel2,B,vardial2018/test,hin,L1,test:6870,hin_Deva
panel2,B,vardial2018/test,hin,L1,test:6871,hin_Deva
panel2,B,vardial2018/test,hin,L1,test:6876,hne_Deva
panel2,B,vardial2018/test,hin,L1,test:6888,hin_Deva
panel2,B,vardial2018/test,hin,L1,test:6895,hin_Deva
panel2,B,vardial2018/test,hin,L1,test:6903,hin_Deva
panel2,B,vardial2018/test,hin,L1,test:6937,awa_Deva
panel2,B,vardial2018/test,hin,L1,test:6945,hin_Deva
panel2,B,vardial2018/test,hin,L1,test:6968,hin_Deva
panel2,B,vardial2018/test,hin,L1,test:6969,hin_Deva
panel2,B,vardial2018/test,hin,L1,test:7018,hin_Deva
panel2,B,vardial2018/test,hin,L1,test:7023,hin_Deva
panel2,B,vardial2018/test,hin,L1,test:7026,anp_Deva
panel2,B,vardial2018/test,hin,L1,test:7031,hin_Deva
panel2,B,vardial2018/test,hin,L1,test:7035,anp_Deva
panel2,B,vardial2018/test,hin,L1,test:7046,hin_Deva
panel2,B,vardial2018/test,hin,L1,test:7047,hin_Deva
panel2,B,vardial2018/test,hin,L1,test:7052,hin_Deva
panel2,B,vardial2018/test,hin,L1,test:7064,hin_Deva
panel2,B,vardial2018/test,hin,L1,test:7075,hin_Deva
panel2,B,vardial2018/test,hin,L1,test:7087,hin_Deva
panel2,B,vardial2018/test,hin,L1,test:7112,hin_Deva
panel2,B,vardial2018/test,hin,L1,test:7121,hin_Deva
panel2,B,vardial2018/test,hin,L1,test:7154,hin_Deva
panel2,B,vardial2018/test,hin,L1,test:7155,hin_Deva
panel2,B,vardial2018/test,hin,L1,test:7166,hin_Deva
panel2,B,vardial2018/test,hin,L1,test:7172,hin_Deva
panel2,B,vardial2018/test,hin,L1,test:7186,hin_Deva
panel2,B,vardial2018/test,hin,L1,test:7193,hin_Deva
panel2,B,vardial2018/test,hin,L1,test:7196,hin_Deva
panel2,B,vardial2018/test,hin,L1,test:7212,hin_Deva
panel2,B,vardial2018/test,hin,L1,test:7224,hin_Deva
panel2,B,vardial2018/test,hin,L1,test:7244,hin_Deva
panel2,B,vardial2018/test,hin,L1,test:7251,hin_Deva
panel2,B,vardial2018/test,hin,L1,test:7259,hin_Deva
panel2,B,vardial2018/test,hin,L1,test:7263,hin_Deva
panel2,B,vardial2018/test,hin,L1,test:7270,hin_Deva
panel2,B,vardial2018/test,hin,L1,test:7277,hin_Deva
panel2,B,vardial2018/test,hin,L1,test:7299,hin_Deva
panel2,B,vardial2018/test,hin,L1,test:7308,hin_Deva
panel2,B,vardial2018/test,hin,L1,test:7321,hin_Deva
panel2,B,vardial2018/test,hin,L1,test:7333,hin_Deva
panel2,B,vardial2018/test,hin,L1,test:7338,hin_Deva
panel2,B,vardial2018/test,hin,L1,test:7354,hin_Deva
panel2,B,vardial2018/test,hin,L1,test:7357,hin_Deva
panel2,B,vardial2018/test,hin,L1,test:7379,bho_Deva
panel2,B,vardial2018/test,hin,L1,test:7388,hin_Deva
panel2,B,vardial2018/test,hin,L1,test:7393,hin_Deva
panel2,B,vardial2018/test,hin,L1,test:7394,hin_Deva
panel2,B,vardial2018/test,hin,L1,test:7399,hin_Deva
panel2,B,vardial2018/test,hin,L1,test:7403,hin_Deva
panel2,B,vardial2018/test,hin,L1,test:7417,hin_Deva
panel2,B,vardial2018/test,hin,L1,test:7434,hin_Deva
panel2,B,vardial2018/test,hin,L1,test:7443,hin_Deva
panel2,B,vardial2018/test,hin,L1,test:7452,hin_Deva
panel2,B,vardial2018/test,hin,L1,test:7472,hin_Deva
panel2,B,vardial2018/test,hin,L1,test:7474,hin_Deva
panel2,B,vardial2018/test,hin,L1,test:7476,hin_Deva
panel2,B,vardial2018/test,hin,L1,test:7482,hin_Deva
panel2,B,vardial2018/test,hin,L1,test:7484,hin_Deva
panel2,B,vardial2018/test,hin,L1,test:7485,hin_Deva
panel2,B,vardial2018/test,hin,L1,test:7486,hin_Deva
panel2,B,vardial2018/test,hin,L1,test:7493,hin_Deva
panel2,B,vardial2018/test,hin,L1,test:7496,hin_Deva
panel2,B,vardial2018/test,hin,L1,test:7506,hin_Deva
panel2,B,vardial2018/test,hin,L1,test:7531,hin_Deva
panel2,B,vardial2018/test,hin,L1,test:7550,hin_Deva
panel2,B,vardial2018/test,hin,L1,test:7562,hin_Deva
panel2,B,vardial2018/test,hin,L1,test:7577,hin_Deva
panel2,B,vardial2018/test,hin,L1,test:7601,hin_Deva
panel2,B,vardial2018/test,hin,L1,test:7604,hin_Deva
panel2,B,vardial2018/test,hin,L1,test:7622,hin_Deva
panel2,B,vardial2018/test,hin,L1,test:7656,hin_Deva
panel2,B,vardial2018/test,hin,L1,test:7658,hin_Deva
panel2,B,vardial2018/test,hin,L1,test:7663,hin_Deva
panel2,B,vardial2018/test,hin,L1,test:7699,hin_Deva
panel2,B,vardial2018/test,hin,L1,test:7700,hin_Deva
panel2,B,vardial2018/test,hin,L1,test:7723,hin_Deva
panel2,B,vardial2018/test,hin,L1,test:7724,hin_Deva
panel2,B,vardial2018/test,hin,L1,test:7738,sck_Deva
panel2,B,vardial2018/test,hin,L1,test:7751,hin_Deva
panel2,B,vardial2018/test,hin,L1,test:7760,hin_Deva
panel2,B,vardial2018/test,hin,L1,test:7777,hin_Deva
panel2,B,vardial2018/test,hin,L1,test:7800,hin_Deva
panel2,B,vardial2018/test,hin,L1,test:7809,hne_Deva
panel2,B,vardial2018/test,hin,L1,test:7811,hin_Deva
panel2,B,vardial2018/test,hin,L1,test:7821,hin_Deva
panel2,B,vardial2018/test,hin,L1,test:7835,hin_Deva
panel2,B,vardial2018/test,hin,L1,test:7845,hin_Deva
panel2,B,vardial2018/test,hin,L1,test:7846,hin_Deva
panel2,B,vardial2018/test,hin,L1,test:7847,hin_Deva
panel2,B,vardial2018/test,hin,L1,test:7852,hin_Deva
panel2,B,vardial2018/test,hin,L1,test:7853,hin_Deva
panel2,B,vardial2018/test,hin,L1,test:7863,hin_Deva
panel2,B,vardial2018/test,hin,L1,test:7865,hin_Deva
panel2,B,vardial2018/test,hin,L1,test:7866,hin_Deva
panel2,B,vardial2018/test,hin,L1,test:7878,hin_Deva
panel2,B,vardial2018/test,hin,L1,test:7887,hin_Deva
panel2,B,vardial2018/test,hin,L1,test:7900,hin_Deva
panel2,B,vardial2018/test,hin,L1,test:7906,hin_Deva
panel2,B,vardial2018/test,hin,L1,test:7915,hin_Deva
panel2,B,vardial2018/test,hin,L1,test:7927,hin_Deva
panel2,B,vardial2018/test,hin,L1,test:7953,hin_Deva
panel2,B,vardial2018/test,hin,L1,test:7955,hin_Deva
panel2,B,vardial2018/test,hin,L1,test:7956,hin_Deva
panel2,B,vardial2018/test,hin,L1,test:7958,hin_Deva
panel2,B,vardial2018/test,hin,L1,test:8011,hin_Deva
panel2,B,vardial2018/test,hin,L1,test:8022,hin_Deva
panel2,B,vardial2018/test,hin,L1,test:8029,hin_Deva
panel2,B,vardial2018/test,hin,L1,test:8050,hin_Deva
panel2,B,vardial2018/test,hin,L1,test:8063,hin_Deva
panel2,B,vardial2018/test,hin,L1,test:8086,hin_Deva
panel2,B,vardial2018/test,hin,L1,test:8088,hin_Deva
panel2,B,vardial2018/test,hin,L1,test:8095,hin_Deva
panel2,B,vardial2018/test,hin,L1,test:8102,hin_Deva
panel2,B,vardial2018/test,hin,L1,test:8108,hin_Deva
panel2,B,vardial2018/test,hin,L1,test:8109,hin_Deva
panel2,B,vardial2018/test,hin,L1,test:8113,hin_Deva
panel2,B,vardial2018/test,hin,L1,test:8128,hin_Deva
panel2,B,vardial2018/test,hin,L1,test:8139,hin_Deva
panel2,B,vardial2018/test,hin,L1,test:8147,hin_Deva
panel2,B,vardial2018/test,hin,L1,test:8151,hin_Deva
panel2,B,vardial2018/test,hin,L1,test:8154,hin_Deva
panel2,B,vardial2018/test,hin,L1,test:8167,hin_Deva
panel2,B,vardial2018/test,hin,L1,test:8178,hin_Deva
panel2,B,vardial2018/test,hin,L1,test:8205,hin_Deva
panel2,B,vardial2018/test,hin,L1,test:8208,hin_Deva
panel2,B,vardial2018/test,hin,L1,test:8217,hin_Deva
panel2,B,vardial2018/test,hin,L1,test:8220,anp_Deva
panel2,B,vardial2018/test,hin,L1,test:8224,hin_Deva
panel2,B,vardial2018/test,hin,L1,test:8256,hin_Deva
panel2,B,vardial2018/test,hin,L1,test:8266,hin_Deva
panel2,B,vardial2018/test,hin,L1,test:8300,hin_Deva
panel2,B,vardial2018/test,hin,L1,test:8302,hin_Deva
panel2,B,vardial2018/test,hin,L1,test:8313,hin_Deva
panel2,B,vardial2018/test,hin,L1,test:8321,hin_Deva
panel2,B,vardial2018/test,hin,L1,test:8342,hin_Deva
panel2,B,vardial2018/test,hin,L1,test:8374,hin_Deva
panel2,B,vardial2018/test,hin,L1,test:8388,hin_Deva
panel2,B,vardial2018/test,hin,L1,test:8390,hin_Deva
panel2,B,vardial2018/test,hin,L1,test:8394,hin_Deva
panel2,B,vardial2018/test,hin,L1,test:8397,hin_Deva
panel2,B,vardial2018/test,hin,L1,test:8398,hin_Deva
panel2,B,vardial2018/test,hin,L1,test:8412,hin_Deva
panel2,B,vardial2018/test,hin,L1,test:8415,hin_Deva
panel2,B,vardial2018/test,hin,L1,test:8430,hin_Deva
panel2,B,vardial2018/test,hin,L1,test:8445,anp_Deva
panel2,B,vardial2018/test,hin,L1,test:8460,hin_Deva
panel2,B,vardial2018/test,hin,L1,test:8467,hin_Deva
panel2,B,vardial2018/test,hin,L1,test:8468,hin_Deva
panel2,B,vardial2018/test,hin,L1,test:8476,hin_Deva
panel2,B,vardial2018/test,hin,L1,test:8489,hin_Deva
panel2,B,vardial2018/test,hin,L1,test:8514,hin_Deva
panel2,B,vardial2018/test,hin,L1,test:8521,hin_Deva
panel2,B,vardial2018/test,hin,L1,test:8544,hin_Deva
panel2,B,vardial2018/test,hin,L1,test:8554,hin_Deva
panel2,B,vardial2018/test,hin,L1,test:8568,hin_Deva
panel2,B,vardial2018/test,hin,L1,test:8577,hin_Deva
panel2,B,vardial2018/test,hin,L1,test:8588,hin_Deva
panel2,B,vardial2018/test,hin,L1,test:8594,hin_Deva
panel2,B,vardial2018/test,hin,L1,test:8596,hin_Deva
panel2,B,vardial2018/test,hin,L1,test:8602,hin_Deva
panel2,B,vardial2018/test,hin,L1,test:8607,hin_Deva
panel2,B,vardial2018/test,hin,L1,test:8642,hin_Deva
panel2,B,vardial2018/test,hin,L1,test:8647,hin_Deva
panel2,B,vardial2018/test,hin,L1,test:8680,hin_Deva
panel2,B,vardial2018/test,hin,L1,test:8681,hin_Deva
panel2,B,vardial2018/test,hin,L1,test:8699,hin_Deva
panel2,B,vardial2018/test,hin,L1,test:8709,hin_Deva
panel2,B,vardial2018/test,hin,L1,test:8719,hin_Deva
panel2,B,vardial2018/test,hin,L1,test:8722,hin_Deva
panel2,B,vardial2018/test,hin,L1,test:8739,hin_Deva
panel2,B,vardial2018/test,hin,L1,test:8766,hin_Deva
panel2,B,vardial2018/test,hin,L1,test:8767,hin_Deva
panel2,B,vardial2018/test,hin,L1,test:8786,hin_Deva
panel2,B,vardial2018/test,hin,L1,test:8794,hin_Deva
panel2,B,vardial2018/test,hin,L1,test:8831,hin_Deva
panel2,B,vardial2018/test,hin,L1,test:8858,hin_Deva
panel2,B,vardial2018/test,hin,L1,test:8873,hin_Deva
panel2,B,vardial2018/test,hin,L1,test:8875,hin_Deva
panel2,B,vardial2018/test,hin,L1,test:8879,hin_Deva
panel2,B,vardial2018/test,hin,L1,test:8896,hin_Deva
panel2,B,vardial2018/test,hin,L1,test:8967,hin_Deva
panel2,B,vardial2018/test,hin,L1,test:8994,hin_Deva
panel2,B,vardial2018/test,hin,L1,test:8995,hin_Deva
panel2,B,vardial2018/test,hin,L1,test:9019,hin_Deva
panel2,B,vardial2018/test,hin,L1,test:9036,hin_Deva
panel2,B,vardial2018/test,hin,L1,test:9053,hin_Deva
panel2,B,vardial2018/test,hin,L1,test:9067,hin_Deva
panel2,B,vardial2018/test,hin,L1,test:9083,hin_Deva
panel2,B,vardial2018/test,hin,L1,test:9102,hin_Deva
panel2,B,vardial2018/test,hin,L1,test:9110,hin_Deva
panel2,B,vardial2018/test,hin,L1,test:9120,hin_Deva
panel2,B,vardial2018/test,hin,L1,test:9122,hin_Deva
panel2,B,vardial2018/test,hin,L1,test:9135,hin_Deva
panel2,B,vardial2018/test,hin,L1,test:9138,hin_Deva
panel2,B,vardial2018/test,hin,L1,test:9145,hin_Deva
panel2,B,vardial2018/test,hin,L1,test:9149,hin_Deva
panel2,B,vardial2018/test,hin,L1,test:9174,hin_Deva
panel2,B,vardial2018/test,hin,L1,test:9181,hin_Deva
panel2,B,vardial2018/test,hin,L1,test:9187,hin_Deva
panel2,B,vardial2018/test,hin,L1,test:9188,hin_Deva
panel2,B,vardial2018/test,hin,L1,test:9200,hin_Deva
panel2,B,vardial2018/test,hin,L1,test:9208,hin_Deva
panel2,B,vardial2018/test,hin,L1,test:9212,hin_Deva
panel2,B,vardial2018/test,hin,L1,test:9216,hne_Deva
panel2,B,vardial2018/test,hin,L1,test:9228,hin_Deva
panel2,B,vardial2018/test,hin,L1,test:9229,hin_Deva
panel2,B,vardial2018/test,hin,L1,test:9292,hin_Deva
panel2,B,vardial2018/test,hin,L1,test:9307,hin_Deva
panel2,B,vardial2018/test,hin,L1,test:9315,hin_Deva
panel2,B,vardial2018/test,hin,L1,test:9327,hin_Deva
panel2,B,vardial2018/test,hin,L1,test:9334,hin_Deva
panel2,B,vardial2018/test,hin,L1,test:9335,hin_Deva
panel2,B,vardial2018/test,hin,L1,test:9345,hin_Deva
panel2,B,vardial2018/test,hin,L1,test:9350,hin_Deva
panel2,B,vardial2018/test,hin,L1,test:9366,hin_Deva
panel2,B,vardial2018/test,hin,L1,test:9402,hin_Deva
panel2,B,vardial2018/test,hin,L1,test:9406,hin_Deva
panel2,B,vardial2018/test,hin,L1,test:9420,hin_Deva
panel2,B,vardial2018/test,hin,L1,test:9428,hin_Deva
panel2,B,vardial2018/test,hin,L1,test:9433,hin_Deva
panel2,B,vardial2018/test,hin,L1,test:9467,hin_Deva
panel2,B,vardial2018/test,hin,L1,test:9471,hin_Deva
panel2,B,vardial2018/test,hin,L1,test:9522,hin_Deva
panel2,B,vardial2018/test,hin,L1,test:9523,hin_Deva
panel2,B,vardial2018/test,hin,L1,test:9537,awa_Deva
panel2,B,vardial2018/test,hin,L1,test:9550,hin_Deva
panel2,B,vardial2018/test,hin,L1,test:9562,hin_Deva
panel2,B,vardial2018/test,hin,L1,test:9570,hin_Deva
panel2,B,vardial2018/test,hin,L1,test:9588,hin_Deva
panel2,B,vardial2018/test,hin,L1,test:9601,hin_Deva
panel2,B,vardial2018/test,hin,L1,test:9617,hin_Deva
panel2,B,vardial2018/test,hin,L1,test:9621,hin_Deva
panel2,B,vardial2018/test,hin,L1,test:9628,hin_Deva
panel2,B,vardial2018/test,hin,L1,test:9633,hin_Deva
panel2,B,vardial2018/test,hin,L1,test:9634,hin_Deva
panel2,B,vardial2018/test,hin,L1,test:9643,hin_Deva
panel2,B,vardial2018/test,hin,L1,test:9655,hin_Deva
panel2,B,vardial2018/test,hin,L1,test:9683,hin_Deva
panel2,B,vardial2018/test,hin,L1,test:9691,hin_Deva
panel2,B,vardial2018/train,hin,L1,train:26,hin_Deva
panel2,B,vardial2018/train,hin,L1,train:74,hin_Deva
panel2,B,vardial2018/train,hin,L1,train:183,hin_Deva
panel2,B,vardial2018/train,hin,L1,train:214,hin_Deva
panel2,B,vardial2018/train,hin,L1,train:217,hin_Deva
panel2,B,vardial2018/train,hin,L1,train:247,hin_Deva
panel2,B,vardial2018/train,hin,L1,train:291,hin_Deva
panel2,B,vardial2018/train,hin,L1,train:315,hin_Deva
panel2,B,vardial2018/train,hin,L1,train:348,hin_Deva
panel2,B,vardial2018/train,hin,L1,train:450,hin_Deva
panel2,B,vardial2018/train,hin,L1,train:501,hin_Deva
panel2,B,vardial2018/train,hin,L1,train:508,hin_Deva
panel2,B,vardial2018/train,hin,L1,train:535,hin_Deva
panel2,B,vardial2018/train,hin,L1,train:570,anp_Deva
panel2,B,vardial2018/train,hin,L1,train:583,hin_Deva
panel2,B,vardial2018/train,hin,L1,train:695,hin_Deva
panel2,B,vardial2018/train,hin,L1,train:716,mup_Deva
panel2,B,vardial2018/train,hin,L1,train:834,anp_Deva
panel2,B,vardial2018/train,hin,L1,train:844,hin_Deva
panel2,B,vardial2018/train,hin,L1,train:874,anp_Deva
panel2,B,vardial2018/train,hin,L1,train:976,hin_Deva
panel2,B,vardial2018/train,hin,L1,train:1075,hin_Deva
panel2,B,vardial2018/train,hin,L1,train:1094,kas_Deva
panel2,B,vardial2018/train,hin,L1,train:1116,hin_Deva
panel2,B,vardial2018/train,hin,L1,train:1125,hin_Deva
panel2,B,vardial2018/train,hin,L1,train:1270,hin_Deva
panel2,B,vardial2018/train,hin,L1,train:1293,hin_Deva
panel2,B,vardial2018/train,hin,L1,train:1346,hin_Deva
panel2,B,vardial2018/train,hin,L1,train:1382,hin_Deva
panel2,B,vardial2018/train,hin,L1,train:1387,anp_Deva
panel2,B,vardial2018/train,hin,L1,train:1449,hin_Deva
panel2,B,vardial2018/train,hin,L1,train:1485,anp_Deva
panel2,B,vardial2018/train,hin,L1,train:1515,hin_Deva
panel2,B,vardial2018/train,hin,L1,train:1516,hin_Deva
panel2,B,vardial2018/train,hin,L1,train:1596,hin_Deva
panel2,B,vardial2018/train,hin,L1,train:1604,hin_Deva
panel2,B,vardial2018/train,hin,L1,train:1664,hin_Deva
panel2,B,vardial2018/train,hin,L1,train:1670,hin_Deva
panel2,B,vardial2018/train,hin,L1,train:1677,hin_Deva
panel2,B,vardial2018/train,hin,L1,train:1688,hin_Deva
panel2,B,vardial2018/train,hin,L1,train:1704,anp_Deva
panel2,B,vardial2018/train,hin,L1,train:1705,hin_Deva
panel2,B,vardial2018/train,hin,L1,train:1713,kas_Deva
panel2,B,vardial2018/train,hin,L1,train:1774,hin_Deva
panel2,B,vardial2018/train,hin,L1,train:1825,hin_Deva
panel2,B,vardial2018/train,hin,L1,train:1919,hin_Deva
panel2,B,vardial2018/train,hin,L1,train:1942,hin_Deva
panel2,B,vardial2018/train,hin,L1,train:1943,hin_Deva
panel2,B,vardial2018/train,hin,L1,train:1950,hin_Deva
panel2,B,vardial2018/train,hin,L1,train:1963,hin_Deva
panel2,B,vardial2018/train,hin,L1,train:2056,hin_Deva
panel2,B,vardial2018/train,hin,L1,train:2082,hin_Deva
panel2,B,vardial2018/train,hin,L1,train:2129,hin_Deva
panel2,B,vardial2018/train,hin,L1,train:2133,hin_Deva
panel2,B,vardial2018/train,hin,L1,train:2164,anp_Deva
panel2,B,vardial2018/train,hin,L1,train:2190,hin_Deva
panel2,B,vardial2018/train,hin,L1,train:2193,anp_Deva
panel2,B,vardial2018/train,hin,L1,train:2219,hin_Deva
panel2,B,vardial2018/train,hin,L1,train:2237,anp_Deva
panel2,B,vardial2018/train,hin,L1,train:2364,hin_Deva
panel2,B,vardial2018/train,hin,L1,train:2374,hin_Deva
panel2,B,vardial2018/train,hin,L1,train:2381,hin_Deva
panel2,B,vardial2018/train,hin,L1,train:2390,anp_Deva
panel2,B,vardial2018/train,hin,L1,train:2417,hin_Deva
panel2,B,vardial2018/train,hin,L1,train:2420,hin_Deva
panel2,B,vardial2018/train,hin,L1,train:2429,hin_Deva
panel2,B,vardial2018/train,hin,L1,train:2441,hin_Deva
panel2,B,vardial2018/train,hin,L1,train:2461,hin_Deva
panel2,B,vardial2018/train,hin,L1,train:2518,hin_Deva
panel2,B,vardial2018/train,hin,L1,train:2633,hin_Deva
panel2,B,vardial2018/train,hin,L1,train:2756,anp_Deva
panel2,B,vardial2018/train,hin,L1,train:2771,hin_Deva
panel2,B,vardial2018/train,hin,L1,train:2791,anp_Deva
panel2,B,vardial2018/train,hin,L1,train:2823,hin_Deva
panel2,B,vardial2018/train,hin,L1,train:2851,hin_Deva
panel2,B,vardial2018/train,hin,L1,train:2860,hin_Deva
panel2,B,vardial2018/train,hin,L1,train:2879,hin_Deva
panel2,B,vardial2018/train,hin,L1,train:2880,hin_Deva
panel2,B,vardial2018/train,hin,L1,train:2890,hin_Deva
panel2,B,vardial2018/train,hin,L1,train:2899,hin_Deva
panel2,B,vardial2018/train,hin,L1,train:2938,hin_Deva
panel2,B,vardial2018/train,hin,L1,train:2956,anp_Deva
panel2,B,vardial2018/train,hin,L1,train:2967,hin_Deva
panel2,B,vardial2018/train,hin,L1,train:3030,hin_Deva
panel2,B,vardial2018/train,hin,L1,train:3150,hin_Deva
panel2,B,vardial2018/train,hin,L1,train:3226,hin_Deva
panel2,B,vardial2018/train,hin,L1,train:3229,hin_Deva
panel2,B,vardial2018/train,hin,L1,train:3230,hin_Deva
panel2,B,vardial2018/train,hin,L1,train:3261,hin_Deva
panel2,B,vardial2018/train,hin,L1,train:3274,hin_Deva
panel2,B,vardial2018/train,hin,L1,train:3295,hin_Deva
panel2,B,vardial2018/train,hin,L1,train:3444,hin_Deva
panel2,B,vardial2018/train,hin,L1,train:3450,anp_Deva
panel2,B,vardial2018/train,hin,L1,train:3493,hin_Deva
panel2,B,vardial2018/train,hin,L1,train:3529,hin_Deva
panel2,B,vardial2018/train,hin,L1,train:3537,anp_Deva
panel2,B,vardial2018/train,hin,L1,train:3624,hin_Deva
panel2,B,vardial2018/train,hin,L1,train:3666,hin_Deva
panel2,B,vardial2018/train,hin,L1,train:3685,hin_Deva
panel2,B,vardial2018/train,hin,L1,train:3716,doi_Deva
panel2,B,vardial2018/train,hin,L1,train:3773,hin_Deva
panel2,B,vardial2018/train,hin,L1,train:3783,anp_Deva
panel2,B,vardial2018/train,hin,L1,train:3822,anp_Deva
panel2,B,vardial2018/train,hin,L1,train:3854,hin_Deva
panel2,B,vardial2018/train,hin,L1,train:3868,mup_Deva
panel2,B,vardial2018/train,hin,L1,train:3874,hin_Deva
panel2,B,vardial2018/train,hin,L1,train:3926,hin_Deva
panel2,B,vardial2018/train,hin,L1,train:3943,hin_Deva
panel2,B,vardial2018/train,hin,L1,train:3963,anp_Deva
panel2,B,vardial2018/train,hin,L1,train:4040,hin_Deva
panel2,B,vardial2018/train,hin,L1,train:4063,hin_Deva
panel2,B,vardial2018/train,hin,L1,train:4092,awa_Deva
panel2,B,vardial2018/train,hin,L1,train:4103,hin_Deva
panel2,B,vardial2018/train,hin,L1,train:4135,sck_Deva
panel2,B,vardial2018/train,hin,L1,train:4166,hin_Deva
panel2,B,vardial2018/train,hin,L1,train:4173,hin_Deva
panel2,B,vardial2018/train,hin,L1,train:4180,hin_Deva
panel2,B,vardial2018/train,hin,L1,train:4234,hin_Deva
panel2,B,vardial2018/train,hin,L1,train:4320,hin_Deva
panel2,B,vardial2018/train,hin,L1,train:4328,hin_Deva
panel2,B,vardial2018/train,hin,L1,train:4412,hin_Deva
panel2,B,vardial2018/train,hin,L1,train:4429,hin_Deva
panel2,B,vardial2018/train,hin,L1,train:4460,hin_Deva
panel2,B,vardial2018/train,hin,L1,train:4474,hin_Deva
panel2,B,vardial2018/train,hin,L1,train:4521,hin_Deva
panel2,B,vardial2018/train,hin,L1,train:4561,hin_Deva
panel2,B,vardial2018/train,hin,L1,train:4568,hin_Deva
panel2,B,vardial2018/train,hin,L1,train:4614,hin_Deva
panel2,B,vardial2018/train,hin,L1,train:4669,hin_Deva
panel2,B,vardial2018/train,hin,L1,train:4679,hin_Deva
panel2,B,vardial2018/train,hin,L1,train:4701,hin_Deva
panel2,B,vardial2018/train,hin,L1,train:4712,hin_Deva
panel2,B,vardial2018/train,hin,L1,train:4741,anp_Deva
panel2,B,vardial2018/train,hin,L1,train:4743,hin_Deva
panel2,B,vardial2018/train,hin,L1,train:4763,hin_Deva
panel2,B,vardial2018/train,hin,L1,train:4781,hin_Deva
panel2,B,vardial2018/train,hin,L1,train:4831,hin_Deva
panel2,B,vardial2018/train,hin,L1,train:4840,hin_Deva
panel2,B,vardial2018/train,hin,L1,train:4883,hin_Deva
panel2,B,vardial2018/train,hin,L1,train:4910,doi_Deva
panel2,B,vardial2018/train,hin,L1,train:5002,hin_Deva
panel2,B,vardial2018/train,hin,L1,train:5036,hin_Deva
panel2,B,vardial2018/train,hin,L1,train:5061,mar_Deva
panel2,B,vardial2018/train,hin,L1,train:5077,hin_Deva
panel2,B,vardial2018/train,hin,L1,train:5097,hin_Deva
panel2,B,vardial2018/train,hin,L1,train:5099,hin_Deva
panel2,B,vardial2018/train,hin,L1,train:5114,hin_Deva
panel2,B,vardial2018/train,hin,L1,train:5131,hin_Deva
panel2,B,vardial2018/train,hin,L1,train:5180,hin_Deva
panel2,B,vardial2018/train,hin,L1,train:5214,hin_Deva
panel2,B,vardial2018/train,hin,L1,train:5311,hin_Deva
panel2,B,vardial2018/train,hin,L1,train:5331,hin_Deva
panel2,B,vardial2018/train,hin,L1,train:5357,hin_Deva
panel2,B,vardial2018/train,hin,L1,train:5382,hin_Deva
panel2,B,vardial2018/train,hin,L1,train:5386,doi_Deva
panel2,B,vardial2018/train,hin,L1,train:5391,doi_Deva
panel2,B,vardial2018/train,hin,L1,train:5412,anp_Deva
panel2,B,vardial2018/train,hin,L1,train:5418,hin_Deva
panel2,B,vardial2018/train,hin,L1,train:5477,hin_Deva
panel2,B,vardial2018/train,hin,L1,train:5495,hin_Deva
panel2,B,vardial2018/train,hin,L1,train:5498,anp_Deva
panel2,B,vardial2018/train,hin,L1,train:5556,anp_Deva
panel2,B,vardial2018/train,hin,L1,train:5568,hin_Deva
panel2,B,vardial2018/train,hin,L1,train:5617,hin_Deva
panel2,B,vardial2018/train,hin,L1,train:5627,anp_Deva
panel2,B,vardial2018/train,hin,L1,train:5628,hin_Deva
panel2,B,vardial2018/train,hin,L1,train:5660,hin_Deva
panel2,B,vardial2018/train,hin,L1,train:5711,hin_Deva
panel2,B,vardial2018/train,hin,L1,train:5725,hin_Deva
panel2,B,vardial2018/train,hin,L1,train:5737,hin_Deva
panel2,B,vardial2018/train,hin,L1,train:5802,anp_Deva
panel2,B,vardial2018/train,hin,L1,train:5871,hin_Deva
panel2,B,vardial2018/train,hin,L1,train:5891,hin_Deva
panel2,B,vardial2018/train,hin,L1,train:5921,hin_Deva
panel2,B,vardial2018/train,hin,L1,train:5922,hin_Deva
panel2,B,vardial2018/train,hin,L1,train:5939,hin_Deva
panel2,B,vardial2018/train,hin,L1,train:5940,anp_Deva
panel2,B,vardial2018/train,hin,L1,train:5950,hin_Deva
panel2,B,vardial2018/train,hin,L1,train:5976,hin_Deva
panel2,B,vardial2018/train,hin,L1,train:6040,hin_Deva
panel2,B,vardial2018/train,hin,L1,train:6066,hin_Deva
panel2,B,vardial2018/train,hin,L1,train:6092,hin_Deva
panel2,B,vardial2018/train,hin,L1,train:6123,hin_Deva
panel2,B,vardial2018/train,hin,L1,train:6146,anp_Deva
panel2,B,vardial2018/train,hin,L1,train:6159,hin_Deva
panel2,B,vardial2018/train,hin,L1,train:6160,hin_Deva
panel2,B,vardial2018/train,hin,L1,train:6162,hin_Deva
panel2,B,vardial2018/train,hin,L1,train:6171,hin_Deva
panel2,B,vardial2018/train,hin,L1,train:6232,hin_Deva
panel2,B,vardial2018/train,hin,L1,train:6235,hin_Deva
panel2,B,vardial2018/train,hin,L1,train:6238,hin_Deva
panel2,B,vardial2018/train,hin,L1,train:6250,anp_Deva
panel2,B,vardial2018/train,hin,L1,train:6323,mai_Deva
panel2,B,vardial2018/train,hin,L1,train:6334,hin_Deva
panel2,B,vardial2018/train,hin,L1,train:6335,hin_Deva
panel2,B,vardial2018/train,hin,L1,train:6395,hin_Deva
panel2,B,vardial2018/train,hin,L1,train:6400,hin_Deva
panel2,B,vardial2018/train,hin,L1,train:6515,hin_Deva
panel2,B,vardial2018/train,hin,L1,train:6534,hin_Deva
panel2,B,vardial2018/train,hin,L1,train:6558,hin_Deva
panel2,B,vardial2018/train,hin,L1,train:6559,hin_Deva
panel2,B,vardial2018/train,hin,L1,train:6572,hin_Deva
panel2,B,vardial2018/train,hin,L1,train:6607,anp_Deva
panel2,B,vardial2018/train,hin,L1,train:6648,hin_Deva
panel2,B,vardial2018/train,hin,L1,train:6671,anp_Deva
panel2,B,vardial2018/train,hin,L1,train:6682,hin_Deva
panel2,B,vardial2018/train,hin,L1,train:6707,hin_Deva
panel2,B,vardial2018/train,hin,L1,train:6739,hin_Deva
panel2,B,vardial2018/train,hin,L1,train:6745,hin_Deva
panel2,B,vardial2018/train,hin,L1,train:6782,hin_Deva
panel2,B,vardial2018/train,hin,L1,train:6832,hin_Deva
panel2,B,vardial2018/train,hin,L1,train:6848,hin_Deva
panel2,B,vardial2018/train,hin,L1,train:6861,hin_Deva
panel2,B,vardial2018/train,hin,L1,train:6988,mai_Deva
panel2,B,vardial2018/train,hin,L1,train:7034,hin_Deva
panel2,B,vardial2018/train,hin,L1,train:7046,hin_Deva
panel2,B,vardial2018/train,hin,L1,train:7104,hin_Deva
panel2,B,vardial2018/train,hin,L1,train:7134,hin_Deva
panel2,B,vardial2018/train,hin,L1,train:7144,hin_Deva
panel2,B,vardial2018/train,hin,L1,train:7163,hin_Deva
panel2,B,vardial2018/train,hin,L1,train:7184,hin_Deva
panel2,B,vardial2018/train,hin,L1,train:7203,hin_Deva
panel2,B,vardial2018/train,hin,L1,train:7216,hin_Deva
panel2,B,vardial2018/train,hin,L1,train:7238,hin_Deva
panel2,B,vardial2018/train,hin,L1,train:7317,hin_Deva
panel2,B,vardial2018/train,hin,L1,train:7321,hin_Deva
panel2,B,vardial2018/train,hin,L1,train:7360,hin_Deva
panel2,B,vardial2018/train,hin,L1,train:7387,hin_Deva
panel2,B,vardial2018/train,hin,L1,train:7389,hin_Deva
panel2,B,vardial2018/train,hin,L1,train:7558,anp_Deva
panel2,B,vardial2018/train,hin,L1,train:7567,doi_Deva
panel2,B,vardial2018/train,hin,L1,train:7594,hin_Deva
panel2,B,vardial2018/train,hin,L1,train:7659,hin_Deva
panel2,B,vardial2018/train,hin,L1,train:7667,hin_Deva
panel2,B,vardial2018/train,hin,L1,train:7683,hin_Deva
panel2,B,vardial2018/train,hin,L1,train:7724,hin_Deva
panel2,B,vardial2018/train,hin,L1,train:7748,hin_Deva
panel2,B,vardial2018/train,hin,L1,train:7760,hin_Deva
panel2,B,vardial2018/train,hin,L1,train:7828,hin_Deva
panel2,B,vardial2018/train,hin,L1,train:7869,hin_Deva
panel2,B,vardial2018/train,hin,L1,train:7890,hin_Deva
panel2,B,vardial2018/train,hin,L1,train:7910,hin_Deva
panel2,B,vardial2018/train,hin,L1,train:8037,anp_Deva
panel2,B,vardial2018/train,hin,L1,train:8045,anp_Deva
panel2,B,vardial2018/train,hin,L1,train:8095,hin_Deva
panel2,B,vardial2018/train,hin,L1,train:8113,bho_Deva
panel2,B,vardial2018/train,hin,L1,train:8126,hin_Deva
panel2,B,vardial2018/train,hin,L1,train:8134,hin_Deva
panel2,B,vardial2018/train,hin,L1,train:8151,hin_Deva
panel2,B,vardial2018/train,hin,L1,train:8158,awa_Deva
panel2,B,vardial2018/train,hin,L1,train:8217,hin_Deva
panel2,B,vardial2018/train,hin,L1,train:8225,bho_Deva
panel2,B,vardial2018/train,hin,L1,train:8251,anp_Deva
panel2,B,vardial2018/train,hin,L1,train:8317,hin_Deva
panel2,B,vardial2018/train,hin,L1,train:8319,hin_Deva
panel2,B,vardial2018/train,hin,L1,train:8385,hin_Deva
panel2,B,vardial2018/train,hin,L1,train:8397,hin_Deva
panel2,B,vardial2018/train,hin,L1,train:8411,hin_Deva
panel2,B,vardial2018/train,hin,L1,train:8486,hin_Deva
panel2,B,vardial2018/train,hin,L1,train:8523,hin_Deva
panel2,B,vardial2018/train,hin,L1,train:8552,hin_Deva
panel2,B,vardial2018/train,hin,L1,train:8590,hin_Deva
panel2,B,vardial2018/train,hin,L1,train:8629,hin_Deva
panel2,B,vardial2018/train,hin,L1,train:8666,hin_Deva
panel2,B,vardial2018/train,hin,L1,train:8680,anp_Deva
panel2,B,vardial2018/train,hin,L1,train:8801,hin_Deva
panel2,B,vardial2018/train,hin,L1,train:8870,hin_Deva
panel2,B,vardial2018/train,hin,L1,train:8905,hin_Deva
panel2,B,vardial2018/train,hin,L1,train:8931,hin_Deva
panel2,B,vardial2018/train,hin,L1,train:8950,hin_Deva
panel2,B,vardial2018/train,hin,L1,train:8956,hin_Deva
panel2,B,vardial2018/train,hin,L1,train:9077,hin_Deva
panel2,B,vardial2018/train,hin,L1,train:9127,hin_Deva
panel2,B,vardial2018/train,hin,L1,train:9213,hin_Deva
panel2,B,vardial2018/train,hin,L1,train:9260,sck_Deva
panel2,B,vardial2018/train,hin,L1,train:9353,hin_Deva
panel2,B,vardial2018/train,hin,L1,train:9407,hin_Deva
panel2,B,vardial2018/train,hin,L1,train:9418,hin_Deva
panel2,B,vardial2018/train,hin,L1,train:9497,hin_Deva
panel2,B,vardial2018/train,hin,L1,train:9503,hin_Deva
panel2,B,vardial2018/train,hin,L1,train:9510,hin_Deva
panel2,B,vardial2018/train,hin,L1,train:9512,hin_Deva
panel2,B,vardial2018/train,hin,L1,train:9516,anp_Deva
panel2,B,vardial2018/train,hin,L1,train:9526,hin_Deva
panel2,B,vardial2018/train,hin,L1,train:9581,hin_Deva
panel2,B,vardial2018/train,hin,L1,train:9587,hin_Deva
panel2,B,vardial2018/train,hin,L1,train:9868,hin_Deva
panel2,B,vardial2018/train,hin,L1,train:10046,hin_Deva
panel2,B,vardial2018/train,hin,L1,train:10150,hin_Deva
panel2,B,vardial2018/train,hin,L1,train:10167,hin_Deva
panel2,B,vardial2018/train,hin,L1,train:10173,hin_Deva
panel2,B,vardial2018/train,hin,L1,train:10224,hin_Deva
panel2,B,vardial2018/train,hin,L1,train:10302,hin_Deva
panel2,B,vardial2018/train,hin,L1,train:10336,hin_Deva
panel2,B,vardial2018/train,hin,L1,train:10365,hin_Deva
panel2,B,vardial2018/train,hin,L1,train:10380,mag_Deva
panel2,B,vardial2018/train,hin,L1,train:10401,hin_Deva
panel2,B,vardial2018/train,hin,L1,train:10416,hin_Deva
panel2,B,vardial2018/train,hin,L1,train:10459,hin_Deva
panel2,B,vardial2018/train,hin,L1,train:10497,hin_Deva
panel2,B,vardial2018/train,hin,L1,train:10507,hin_Deva
panel2,B,vardial2018/train,hin,L1,train:10549,hin_Deva
panel2,B,vardial2018/train,hin,L1,train:10566,anp_Deva
panel2,B,vardial2018/train,hin,L1,train:10653,hin_Deva
panel2,B,vardial2018/train,hin,L1,train:10666,hin_Deva
panel2,B,vardial2018/train,hin,L1,train:10714,hin_Deva
panel2,B,vardial2018/train,hin,L1,train:10726,hne_Deva
panel2,B,vardial2018/train,hin,L1,train:10747,hin_Deva
panel2,B,vardial2018/train,hin,L1,train:10771,hin_Deva
panel2,B,vardial2018/train,hin,L1,train:10779,hin_Deva
panel2,B,vardial2018/train,hin,L1,train:10831,hin_Deva
panel2,B,vardial2018/train,hin,L1,train:10876,hin_Deva
panel2,B,vardial2018/train,hin,L1,train:10929,hin_Deva
panel2,B,vardial2018/train,hin,L1,train:10955,hin_Deva
panel2,B,vardial2018/train,hin,L1,train:10969,hin_Deva
panel2,B,vardial2018/train,hin,L1,train:10979,hin_Deva
panel2,B,vardial2018/train,hin,L1,train:11004,hin_Deva
panel2,B,vardial2018/train,hin,L1,train:11071,hin_Deva
panel2,B,vardial2018/train,hin,L1,train:11102,mai_Deva
panel2,B,vardial2018/train,hin,L1,train:11165,awa_Deva
panel2,B,vardial2018/train,hin,L1,train:11197,hin_Deva
panel2,B,vardial2018/train,hin,L1,train:11208,hin_Deva
panel2,B,vardial2018/train,hin,L1,train:11243,hin_Deva
panel2,B,vardial2018/train,hin,L1,train:11304,hin_Deva
panel2,B,vardial2018/train,hin,L1,train:11361,hin_Deva
panel2,B,vardial2018/train,hin,L1,train:11363,hin_Deva
panel2,B,vardial2018/train,hin,L1,train:11365,hin_Deva
panel2,B,vardial2018/train,hin,L1,train:11367,hin_Deva
panel2,B,vardial2018/train,hin,L1,train:11423,hin_Deva
panel2,B,vardial2018/train,hin,L1,train:11468,hin_Deva
panel2,B,vardial2018/train,hin,L1,train:11489,anp_Deva
panel2,B,vardial2018/train,hin,L1,train:11491,hin_Deva
panel2,B,vardial2018/train,hin,L1,train:11514,hin_Deva
panel2,B,vardial2018/train,hin,L1,train:11610,anp_Deva
panel2,B,vardial2018/train,hin,L1,train:11614,hin_Deva
panel2,B,vardial2018/train,hin,L1,train:11615,hin_Deva
panel2,B,vardial2018/train,hin,L1,train:11655,hin_Deva
panel2,B,vardial2018/train,hin,L1,train:11678,hin_Deva
panel2,B,vardial2018/train,hin,L1,train:11709,hin_Deva
panel2,B,vardial2018/train,hin,L1,train:11725,awa_Deva
panel2,B,vardial2018/train,hin,L1,train:11788,hin_Deva
panel2,B,vardial2018/train,hin,L1,train:11807,hin_Deva
panel2,B,vardial2018/train,hin,L1,train:11826,anp_Deva
panel2,B,vardial2018/train,hin,L1,train:11832,hin_Deva
panel2,B,vardial2018/train,hin,L1,train:11839,hin_Deva
panel2,B,vardial2018/train,hin,L1,train:11921,hin_Deva
panel2,B,vardial2018/train,hin,L1,train:11932,kas_Deva
panel2,B,vardial2018/train,hin,L1,train:11965,hin_Deva
panel2,B,vardial2018/train,hin,L1,train:11970,bho_Deva
panel2,B,vardial2018/train,hin,L1,train:11980,hin_Deva
panel2,B,vardial2018/train,hin,L1,train:11992,hin_Deva
panel2,B,vardial2018/train,hin,L1,train:12001,hin_Deva
panel2,B,vardial2018/train,hin,L1,train:12020,hin_Deva
panel2,B,vardial2018/train,hin,L1,train:12104,hin_Deva
panel2,B,vardial2018/train,hin,L1,train:12163,hin_Deva
panel2,B,vardial2018/train,hin,L1,train:12171,anp_Deva
panel2,B,vardial2018/train,hin,L1,train:12175,hin_Deva
panel2,B,vardial2018/train,hin,L1,train:12212,hin_Deva
panel2,B,vardial2018/train,hin,L1,train:12243,anp_Deva
panel2,B,vardial2018/train,hin,L1,train:12267,hin_Deva
panel2,B,vardial2018/train,hin,L1,train:12279,hin_Deva
panel2,B,vardial2018/train,hin,L1,train:12287,hin_Deva
panel2,B,vardial2018/train,hin,L1,train:12342,hin_Deva
panel2,B,vardial2018/train,hin,L1,train:12346,hin_Deva
panel2,B,vardial2018/train,hin,L1,train:12348,hin_Deva
panel2,B,vardial2018/train,hin,L1,train:12349,hin_Deva
panel2,B,vardial2018/train,hin,L1,train:12447,hin_Deva
panel2,B,vardial2018/train,hin,L1,train:12452,hin_Deva
panel2,B,vardial2018/train,hin,L1,train:12471,anp_Deva
panel2,B,vardial2018/train,hin,L1,train:12647,hin_Deva
panel2,B,vardial2018/train,hin,L1,train:12650,hin_Deva
panel2,B,vardial2018/train,hin,L1,train:12690,hin_Deva
panel2,B,vardial2018/train,hin,L1,train:12714,awa_Deva
panel2,B,vardial2018/train,hin,L1,train:12775,hin_Deva
panel2,B,vardial2018/train,hin,L1,train:12786,hin_Deva
panel2,B,vardial2018/train,hin,L1,train:12812,mai_Deva
panel2,B,vardial2018/train,hin,L1,train:12870,hin_Deva
panel2,B,vardial2018/train,hin,L1,train:12922,hin_Deva
panel2,B,vardial2018/train,hin,L1,train:12996,hin_Deva
panel2,B,vardial2018/train,hin,L1,train:13024,hin_Deva
panel2,B,vardial2018/train,hin,L1,train:13053,hin_Deva
panel2,B,vardial2018/train,hin,L1,train:13148,hin_Deva
panel2,B,vardial2018/train,hin,L1,train:13159,hin_Deva
panel2,B,vardial2018/train,hin,L1,train:13222,hin_Deva
panel2,B,vardial2018/train,hin,L1,train:13230,hin_Deva
panel2,B,vardial2018/train,hin,L1,train:13233,hin_Deva
panel2,B,vardial2018/train,hin,L1,train:13250,awa_Deva
panel2,B,vardial2018/train,hin,L1,train:13317,hin_Deva
panel2,B,vardial2018/train,hin,L1,train:13318,hin_Deva
panel2,B,vardial2018/train,hin,L1,train:13362,hin_Deva
panel2,B,vardial2018/train,hin,L1,train:13378,hin_Deva
panel2,B,vardial2018/train,hin,L1,train:13407,mai_Deva
panel2,B,vardial2018/train,hin,L1,train:13413,hin_Deva
panel2,B,vardial2018/train,hin,L1,train:13416,doi_Deva
panel2,B,vardial2018/train,hin,L1,train:13462,hin_Deva
panel2,B,vardial2018/train,hin,L1,train:13596,hin_Deva
panel2,B,vardial2018/train,hin,L1,train:13703,hin_Deva
panel2,B,vardial2018/train,hin,L1,train:13704,hin_Deva
panel2,B,vardial2018/train,hin,L1,train:13707,hin_Deva
panel2,B,vardial2018/train,hin,L1,train:13714,hin_Deva
panel2,B,vardial2018/train,hin,L1,train:13724,anp_Deva
panel2,B,vardial2018/train,hin,L1,train:13766,hin_Deva
panel2,B,vardial2018/train,hin,L1,train:13781,hin_Deva
panel2,B,vardial2018/train,hin,L1,train:13817,kru_Deva
panel2,B,vardial2018/train,hin,L1,train:13823,anp_Deva
panel2,B,vardial2018/train,hin,L1,train:13846,hin_Deva
panel2,B,vardial2018/train,hin,L1,train:13853,hin_Deva
panel2,B,vardial2018/train,hin,L1,train:13904,hin_Deva
panel2,B,vardial2018/train,hin,L1,train:13936,hin_Deva
panel2,B,vardial2018/train,hin,L1,train:13970,hin_Deva
panel2,B,vardial2018/train,hin,L1,train:13971,hin_Deva
panel2,B,vardial2018/train,hin,L1,train:13982,hin_Deva
panel2,B,vardial2018/train,hin,L1,train:14000,hin_Deva
panel2,B,vardial2018/train,hin,L1,train:14039,hin_Deva
panel2,B,vardial2018/train,hin,L1,train:14041,hin_Deva
panel2,B,vardial2018/train,hin,L1,train:14049,hin_Deva
panel2,B,vardial2018/train,hin,L1,train:14123,hin_Deva
panel2,B,vardial2018/train,hin,L1,train:14125,hin_Deva
panel2,B,vardial2018/train,hin,L1,train:14149,anp_Deva
panel2,B,vardial2018/train,hin,L1,train:14167,hin_Deva
panel2,B,vardial2018/train,hin,L1,train:14187,hin_Deva
panel2,B,vardial2018/train,hin,L1,train:14210,hin_Deva
panel2,B,vardial2018/train,hin,L1,train:14220,hin_Deva
panel2,B,vardial2018/train,hin,L1,train:14228,hin_Deva
panel2,B,vardial2018/train,hin,L1,train:14270,hin_Deva
panel2,B,vardial2018/train,hin,L1,train:14288,hin_Deva
panel2,B,vardial2018/train,hin,L1,train:14310,hin_Deva
panel2,B,vardial2018/train,hin,L1,train:14326,hin_Deva
panel2,B,vardial2018/train,hin,L1,train:14492,awa_Deva
panel2,B,vardial2018/train,hin,L1,train:14508,hin_Deva
panel2,B,vardial2018/train,hin,L1,train:14653,hin_Deva
panel2,B,vardial2018/train,hin,L1,train:14695,hin_Deva
panel2,B,vardial2018/train,hin,L1,train:14725,anp_Deva
panel2,B,vardial2018/train,hin,L1,train:14738,hin_Deva
panel2,B,vardial2018/train,hin,L1,train:14753,hin_Deva
panel2,B,vardial2018/train,hin,L1,train:14771,hin_Deva
panel2,B,vardial2018/train,hin,L1,train:14799,hin_Deva
panel2,B,vardial2018/train,hin,L1,train:14800,anp_Deva
panel2,B,vardial2018/train,hin,L1,train:14888,doi_Deva
panel2,B,vardial2018/train,hin,L1,train:14947,hin_Deva
panel2,B,vardial2018/train,hin,L1,train:14984,hin_Deva
panel2,B,vardial2018/train,hin,L1,train:15056,hin_Deva
panel2,B,vardial2018/train,hin,L1,train:15067,hin_Deva
panel2,B,vardial2018/train,hin,L1,train:15140,hin_Deva
panel2,B,vardial2018/train,hin,L1,train:15144,hin_Deva
panel2,B,vardial2018/train,hin,L1,train:15157,hin_Deva
panel2,B,vardial2018/train,hin,L1,train:15160,hin_Deva
panel2,B,vardial2018/train,hin,L1,train:15291,hin_Deva
panel2,B,vardial2018/train,hin,L1,train:15340,hin_Deva
panel2,B,vardial2018/train,hin,L1,train:15386,hin_Deva
panel2,B,vardial2018/train,hin,L1,train:15424,awa_Deva
panel2,B,vardial2018/train,hin,L1,train:15429,hin_Deva
panel2,B,vardial2018/train,hin,L1,train:15431,hin_Deva
panel2,B,vardial2018/train,hin,L1,train:15455,awa_Deva
panel2,B,vardial2018/train,hin,L1,train:15535,hin_Deva
panel2,B,vardial2018/train,hin,L1,train:15600,hin_Deva
panel2,B,vardial2018/train,hin,L1,train:15619,hin_Deva
panel2,B,vardial2018/train,hin,L1,train:15620,hin_Deva
panel2,B,vardial2018/train,hin,L1,train:15626,hin_Deva
panel2,B,vardial2018/train,hin,L1,train:15628,hin_Deva
panel2,B,vardial2018/train,hin,L1,train:15631,anp_Deva
panel2,B,vardial2018/train,hin,L1,train:15644,hin_Deva
panel2,B,vardial2018/train,hin,L1,train:15666,hin_Deva
panel2,B,vardial2018/train,hin,L1,train:15669,hin_Deva
panel2,B,vardial2018/train,hin,L1,train:15671,hin_Deva
panel2,B,vardial2018/train,hin,L1,train:15723,hin_Deva
panel2,B,vardial2018/train,hin,L1,train:15735,hin_Deva
panel2,B,vardial2018/train,hin,L1,train:15783,hin_Deva
panel2,B,vardial2018/train,hin,L1,train:15895,hin_Deva
panel2,B,vardial2018/train,hin,L1,train:15906,hin_Deva
panel2,B,vardial2018/train,hin,L1,train:15908,hin_Deva
panel2,B,vardial2018/train,hin,L1,train:15973,hin_Deva
panel2,B,vardial2018/train,hin,L1,train:16020,hin_Deva
panel2,B,vardial2018/train,hin,L1,train:16047,hin_Deva
panel2,B,vardial2018/train,hin,L1,train:16052,hin_Deva
panel2,B,vardial2018/train,hin,L1,train:16144,hin_Deva
panel2,B,vardial2018/train,hin,L1,train:16147,hin_Deva
panel2,B,vardial2018/train,hin,L1,train:16148,hin_Deva
panel2,B,vardial2018/train,hin,L1,train:16194,hin_Deva
panel2,B,vardial2018/train,hin,L1,train:16201,hin_Deva
panel2,B,vardial2018/train,hin,L1,train:16204,hin_Deva
panel2,B,vardial2018/train,hin,L1,train:16266,anp_Deva
panel2,B,vardial2018/train,hin,L1,train:16272,hin_Deva
panel2,B,vardial2018/train,hin,L1,train:16283,hin_Deva
panel2,B,vardial2018/train,hin,L1,train:16289,hin_Deva
panel2,B,vardial2018/train,hin,L1,train:16348,hin_Deva
panel2,B,vardial2018/train,hin,L1,train:16357,hin_Deva
panel2,B,vardial2018/train,hin,L1,train:16369,hin_Deva
panel2,B,vardial2018/train,hin,L1,train:16385,hin_Deva
panel2,B,vardial2018/train,hin,L1,train:16452,anp_Deva
panel2,B,vardial2018/train,hin,L1,train:16506,hin_Deva
panel2,B,vardial2018/train,hin,L1,train:16531,awa_Deva
panel2,B,vardial2018/train,hin,L1,train:16537,hin_Deva
panel2,B,vardial2018/train,hin,L1,train:16546,hin_Deva
panel2,B,vardial2018/train,hin,L1,train:16642,hin_Deva
panel2,B,vardial2018/train,hin,L1,train:16796,anp_Deva
panel2,B,vardial2018/train,hin,L1,train:16797,hin_Deva
panel2,B,vardial2018/train,hin,L1,train:16804,hin_Deva
panel2,B,vardial2018/train,hin,L1,train:16805,hin_Deva
panel2,B,vardial2018/train,hin,L1,train:16809,hin_Deva
panel2,B,vardial2018/train,hin,L1,train:16866,hin_Deva
panel2,B,vardial2018/train,hin,L1,train:16879,hin_Deva
panel2,B,vardial2018/train,hin,L1,train:16936,hin_Deva
panel2,B,vardial2018/train,hin,L1,train:16985,hin_Deva
panel2,B,vardial2018/train,hin,L1,train:17008,hin_Deva
panel2,B,vardial2018/train,hin,L1,train:17029,hin_Deva
panel2,B,vardial2018/train,hin,L1,train:17087,hin_Deva
panel2,B,vardial2018/train,hin,L1,train:17127,hin_Deva
panel2,B,vardial2018/train,hin,L1,train:17176,hin_Deva
panel2,B,vardial2018/train,hin,L1,train:17203,hin_Deva
panel2,B,vardial2018/train,hin,L1,train:17246,hin_Deva
panel2,B,vardial2018/train,hin,L1,train:17323,hin_Deva
panel2,B,vardial2018/train,hin,L1,train:17340,hin_Deva
panel2,B,vardial2018/train,hin,L1,train:17368,hin_Deva
panel2,B,vardial2018/train,hin,L1,train:17379,hin_Deva
panel2,B,vardial2018/train,hin,L1,train:17405,hin_Deva
panel2,B,vardial2018/train,hin,L1,train:17414,hne_Deva
panel2,B,vardial2018/train,hin,L1,train:17415,hin_Deva
panel2,B,vardial2018/train,hin,L1,train:17442,hin_Deva
panel2,B,vardial2018/train,hin,L1,train:17470,hin_Deva
panel2,B,vardial2018/train,hin,L1,train:17526,anp_Deva
panel2,B,vardial2018/train,hin,L1,train:17632,bho_Deva
panel2,B,vardial2018/train,hin,L1,train:17693,hin_Deva
panel2,B,vardial2018/train,hin,L1,train:17710,hin_Deva
panel2,B,vardial2018/train,hin,L1,train:17725,anp_Deva
panel2,B,vardial2018/train,hin,L1,train:17727,hin_Deva
panel2,B,vardial2018/train,hin,L1,train:17779,hin_Deva
panel2,B,vardial2018/train,hin,L1,train:17796,hin_Deva
panel2,B,vardial2018/train,hin,L1,train:17824,hin_Deva
panel2,B,vardial2018/train,hin,L1,train:17852,hin_Deva
panel2,B,vardial2018/train,hin,L1,train:17899,hin_Deva
panel2,B,vardial2018/train,hin,L1,train:17925,hin_Deva
panel2,B,vardial2018/train,hin,L1,train:17949,hin_Deva
panel2,B,vardial2018/train,hin,L1,train:17961,hin_Deva
panel2,B,vardial2018/train,hin,L1,train:18104,hin_Deva
panel2,B,vardial2018/train,hin,L1,train:18151,hin_Deva
panel2,B,vardial2018/train,hin,L1,train:18155,hin_Deva
panel2,B,vardial2018/train,hin,L1,train:18254,hin_Deva
panel2,B,vardial2018/train,hin,L1,train:18274,anp_Deva
panel2,B,vardial2018/train,hin,L1,train:18393,hin_Deva
panel2,B,vardial2018/train,hin,L1,train:18396,hin_Deva
panel2,B,vardial2018/train,hin,L1,train:18410,hin_Deva
panel2,B,vardial2018/train,hin,L1,train:18450,hin_Deva
panel2,B,vardial2018/train,hin,L1,train:18481,hin_Deva
panel2,B,vardial2018/train,hin,L1,train:18539,hin_Deva
panel2,B,vardial2018/train,hin,L1,train:18575,hin_Deva
panel2,B,vardial2018/train,hin,L1,train:18586,hin_Deva
panel2,B,vardial2018/train,hin,L1,train:18634,hin_Deva
panel2,B,vardial2018/train,hin,L1,train:18652,hin_Deva
panel2,B,vardial2018/train,hin,L1,train:18748,hin_Deva
panel2,B,vardial2018/train,hin,L1,train:18776,hin_Deva
panel2,B,vardial2018/train,hin,L1,train:18801,hin_Deva
panel2,B,vardial2018/train,hin,L1,train:18839,hin_Deva
panel2,B,vardial2018/train,hin,L1,train:18897,hin_Deva
panel2,B,vardial2018/train,hin,L1,train:18944,anp_Deva
panel2,B,vardial2018/train,hin,L1,train:18949,hin_Deva
panel2,B,vardial2018/train,hin,L1,train:19100,hin_Deva
panel2,B,vardial2018/train,hin,L1,train:19114,hin_Deva
panel2,B,vardial2018/train,hin,L1,train:19115,hin_Deva
panel2,B,vardial2018/train,hin,L1,train:19157,anp_Deva
panel2,B,vardial2018/train,hin,L1,train:19172,hin_Deva
panel2,B,vardial2018/train,hin,L1,train:19174,hin_Deva
panel2,B,vardial2018/train,hin,L1,train:19191,hin_Deva
panel2,B,vardial2018/train,hin,L1,train:19197,hin_Deva
panel2,B,vardial2018/train,hin,L1,train:19223,hin_Deva
panel2,B,vardial2018/train,hin,L1,train:19257,hin_Deva
panel2,B,vardial2018/train,hin,L1,train:19310,anp_Deva
panel2,B,vardial2018/train,hin,L1,train:19377,hin_Deva
panel2,B,vardial2018/train,hin,L1,train:19392,hin_Deva
panel2,B,vardial2018/train,hin,L1,train:19402,hin_Deva
panel2,B,vardial2018/train,hin,L1,train:19501,hin_Deva
panel2,B,vardial2018/train,hin,L1,train:19528,hin_Deva
panel2,B,vardial2018/train,hin,L1,train:19692,hin_Deva
panel2,B,vardial2018/train,hin,L1,train:19698,anp_Deva
panel2,B,vardial2018/train,hin,L1,train:19742,hin_Deva
panel2,B,vardial2018/train,hin,L1,train:19745,hin_Deva
panel2,B,vardial2018/train,hin,L1,train:19776,anp_Deva
panel2,B,vardial2018/train,hin,L1,train:19815,hin_Deva
panel2,B,vardial2018/train,hin,L1,train:19848,hin_Deva
panel2,B,vardial2018/train,hin,L1,train:20003,hin_Deva
panel2,B,vardial2018/train,hin,L1,train:20104,hin_Deva
panel2,B,vardial2018/train,hin,L1,train:20126,hin_Deva
panel2,B,vardial2018/train,hin,L1,train:20184,hin_Deva
panel2,B,vardial2018/train,hin,L1,train:20260,hin_Deva
panel2,B,vardial2018/train,hin,L1,train:20282,anp_Deva
panel2,B,vardial2018/train,hin,L1,train:20285,hin_Deva
panel2,B,vardial2018/train,hin,L1,train:20294,bho_Deva
panel2,B,vardial2018/train,hin,L1,train:20309,anp_Deva
panel2,B,vardial2018/train,hin,L1,train:20313,hin_Deva
panel2,B,vardial2018/train,hin,L1,train:20347,hin_Deva
panel2,B,vardial2018/train,hin,L1,train:20462,hin_Deva
panel2,B,vardial2018/train,hin,L1,train:20534,hin_Deva
panel2,B,vardial2018/train,hin,L1,train:20554,hin_Deva
panel2,B,vardial2018/train,hin,L1,train:20588,hin_Deva
panel2,B,vardial2018/train,hin,L1,train:20642,hin_Deva
panel2,B,vardial2018/train,hin,L1,train:20648,hin_Deva
panel2,B,vardial2018/train,hin,L1,train:20773,hin_Deva
panel2,B,vardial2018/train,hin,L1,train:20839,hin_Deva
panel2,B,vardial2018/train,hin,L1,train:20848,hin_Deva
panel2,B,vardial2018/train,hin,L1,train:20916,hin_Deva
panel2,B,vardial2018/train,hin,L1,train:20932,hin_Deva
panel2,B,vardial2018/train,hin,L1,train:21038,hin_Deva
panel2,B,vardial2018/train,hin,L1,train:21039,hin_Deva
panel2,B,vardial2018/train,hin,L1,train:21043,anp_Deva
panel2,B,vardial2018/train,hin,L1,train:21094,hin_Deva
panel2,B,vardial2018/train,hin,L1,train:21128,bho_Deva
panel2,B,vardial2018/train,hin,L1,train:21138,hin_Deva
panel2,B,vardial2018/train,hin,L1,train:21174,hin_Deva
panel2,B,vardial2018/train,hin,L1,train:21179,hin_Deva
panel2,B,vardial2018/train,hin,L1,train:21189,hin_Deva
panel2,B,vardial2018/train,hin,L1,train:21200,hin_Deva
panel2,B,vardial2018/train,hin,L1,train:21254,hin_Deva
panel2,B,vardial2018/train,hin,L1,train:21300,hin_Deva
panel2,B,vardial2018/train,hin,L1,train:21304,hin_Deva
panel2,B,vardial2018/train,hin,L1,train:21317,awa_Deva
panel2,B,vardial2018/train,hin,L1,train:21328,hin_Deva
panel2,B,vardial2018/train,hin,L1,train:21346,hin_Deva
panel2,B,vardial2018/train,hin,L1,train:21442,hin_Deva
panel2,B,vardial2018/train,hin,L1,train:21458,hin_Deva
panel2,B,vardial2018/train,hin,L1,train:21512,hin_Deva
panel2,B,vardial2018/train,hin,L1,train:21521,hin_Deva
panel2,B,vardial2018/train,hin,L1,train:21544,hin_Deva
panel2,B,vardial2018/train,hin,L1,train:21546,hin_Deva
panel2,B,vardial2018/train,hin,L1,train:21550,hin_Deva
panel2,B,vardial2018/train,hin,L1,train:21575,hin_Deva
panel2,B,vardial2018/train,hin,L1,train:21588,hin_Deva
panel2,B,vardial2018/train,hin,L1,train:21590,hin_Deva
panel2,B,vardial2018/train,hin,L1,train:21596,anp_Deva
panel2,B,vardial2018/train,hin,L1,train:21608,hin_Deva
panel2,B,vardial2018/train,hin,L1,train:21745,hin_Deva
panel2,B,vardial2018/train,hin,L1,train:21751,hin_Deva
panel2,B,vardial2018/train,hin,L1,train:21764,hin_Deva
panel2,B,vardial2018/train,hin,L1,train:21797,hin_Deva
panel2,B,vardial2018/train,hin,L1,train:21828,hin_Deva
panel2,B,vardial2018/train,hin,L1,train:21861,hin_Deva
panel2,B,vardial2018/train,hin,L1,train:21866,hin_Deva
panel2,B,vardial2018/train,hin,L1,train:21892,hin_Deva
panel2,B,vardial2018/train,hin,L1,train:21940,anp_Deva
panel2,B,vardial2018/train,hin,L1,train:21967,anp_Deva
panel2,B,vardial2018/train,hin,L1,train:21998,hin_Deva
panel2,B,vardial2018/train,hin,L1,train:22010,hin_Deva
panel2,B,vardial2018/train,hin,L1,train:22013,hin_Deva
panel2,B,vardial2018/train,hin,L1,train:22056,bho_Deva
panel2,B,vardial2018/train,hin,L1,train:22060,hin_Deva
panel2,B,vardial2018/train,hin,L1,train:22064,hin_Deva
panel2,B,vardial2018/train,hin,L1,train:22067,hin_Deva
panel2,B,vardial2018/train,hin,L1,train:22077,hin_Deva
panel2,B,vardial2018/train,hin,L1,train:22092,hin_Deva
panel2,B,vardial2018/train,hin,L1,train:22116,hin_Deva
panel2,B,vardial2018/train,hin,L1,train:22153,hin_Deva
panel2,B,vardial2018/train,hin,L1,train:22168,anp_Deva
panel2,B,vardial2018/train,hin,L1,train:22184,hin_Deva
panel2,B,vardial2018/train,hin,L1,train:22234,hin_Deva
panel2,B,vardial2018/train,hin,L1,train:22236,awa_Deva
panel2,B,vardial2018/train,hin,L1,train:22243,hin_Deva
panel2,B,vardial2018/train,hin,L1,train:22293,hin_Deva
panel2,B,vardial2018/train,hin,L1,train:22315,hin_Deva
panel2,B,vardial2018/train,hin,L1,train:22327,hin_Deva
panel2,B,vardial2018/train,hin,L1,train:22412,anp_Deva
panel2,B,vardial2018/train,hin,L1,train:22491,hin_Deva
panel2,B,vardial2018/train,hin,L1,train:22564,hin_Deva
panel2,B,vardial2018/train,hin,L1,train:22588,hin_Deva
panel2,B,vardial2018/train,hin,L1,train:22609,hin_Deva
panel2,B,vardial2018/train,hin,L1,train:22631,hin_Deva
panel2,B,vardial2018/train,hin,L1,train:22656,anp_Deva
panel2,B,vardial2018/train,hin,L1,train:22709,hin_Deva
panel2,B,vardial2018/train,hin,L1,train:22723,anp_Deva
panel2,B,vardial2018/train,hin,L1,train:22760,hin_Deva
panel2,B,vardial2018/train,hin,L1,train:22799,hin_Deva
panel2,B,vardial2018/train,hin,L1,train:22858,hin_Deva
panel2,B,vardial2018/train,hin,L1,train:22873,anp_Deva
panel2,B,vardial2018/train,hin,L1,train:22991,hin_Deva
panel2,B,vardial2018/train,hin,L1,train:23038,awa_Deva
panel2,B,vardial2018/train,hin,L1,train:23041,hin_Deva
panel2,B,vardial2018/train,hin,L1,train:23078,hin_Deva
panel2,B,vardial2018/train,hin,L1,train:23215,hin_Deva
panel2,B,vardial2018/train,hin,L1,train:23231,hin_Deva
panel2,B,vardial2018/train,hin,L1,train:23247,hin_Deva
panel2,B,vardial2018/train,hin,L1,train:23289,anp_Deva
panel2,B,vardial2018/train,hin,L1,train:23399,hin_Deva
panel2,B,vardial2018/train,hin,L1,train:23416,hin_Deva
panel2,B,vardial2018/train,hin,L1,train:23508,hin_Deva
panel2,B,vardial2018/train,hin,L1,train:23539,hin_Deva
panel2,B,vardial2018/train,hin,L1,train:23540,hin_Deva
panel2,B,vardial2018/train,hin,L1,train:23563,hin_Deva
panel2,B,vardial2018/train,hin,L1,train:23583,hin_Deva
panel2,B,vardial2018/train,hin,L1,train:23597,hin_Deva
panel2,B,vardial2018/train,hin,L1,train:23622,anp_Deva
panel2,B,vardial2018/train,hin,L1,train:23630,hin_Deva
panel2,B,vardial2018/train,hin,L1,train:23677,hin_Deva
panel2,B,vardial2018/train,hin,L1,train:23742,hin_Deva
panel2,B,vardial2018/train,hin,L1,train:23767,hin_Deva
panel2,B,vardial2018/train,hin,L1,train:23769,hin_Deva
panel2,B,vardial2018/train,hin,L1,train:23793,anp_Deva
panel2,B,vardial2018/train,hin,L1,train:23900,hin_Deva
panel2,B,vardial2018/train,hin,L1,train:23902,hin_Deva
panel2,B,vardial2018/train,hin,L1,train:23920,hin_Deva
panel2,B,vardial2018/train,hin,L1,train:23926,hin_Deva
panel2,B,vardial2018/train,hin,L1,train:23987,hin_Deva
panel2,B,vardial2018/train,hin,L1,train:24037,hin_Deva
panel2,B,vardial2018/train,hin,L1,train:24076,hin_Deva
panel2,B,vardial2018/train,hin,L1,train:24169,hin_Deva
panel2,B,vardial2018/train,hin,L1,train:24174,hin_Deva
panel2,B,vardial2018/train,hin,L1,train:24182,hin_Deva
panel2,B,vardial2018/train,hin,L1,train:24183,hin_Deva
panel2,B,vardial2018/train,hin,L1,train:24209,hin_Deva
panel2,B,vardial2018/train,hin,L1,train:24235,hin_Deva
panel2,B,vardial2018/train,hin,L1,train:24283,hin_Deva
panel2,B,vardial2018/train,hin,L1,train:24388,hin_Deva
panel2,B,vardial2018/train,hin,L1,train:24393,bho_Deva
panel2,B,vardial2018/train,hin,L1,train:24419,hin_Deva
panel2,B,vardial2018/train,hin,L1,train:24432,hin_Deva
panel2,B,vardial2018/train,hin,L1,train:24466,hin_Deva
panel2,B,vardial2018/train,hin,L1,train:24482,hin_Deva
panel2,B,vardial2018/train,hin,L1,train:24535,hin_Deva
panel2,B,vardial2018/train,hin,L1,train:24543,hin_Deva
panel2,B,vardial2018/train,hin,L1,train:24642,hin_Deva
panel2,B,vardial2018/train,hin,L1,train:24691,hin_Deva
panel2,B,vardial2018/train,hin,L1,train:24828,hin_Deva
panel2,B,vardial2018/train,hin,L1,train:24836,anp_Deva
panel2,B,vardial2018/train,hin,L1,train:24907,anp_Deva
panel2,B,vardial2018/train,hin,L1,train:24932,anp_Deva
panel2,B,vardial2018/train,hin,L1,train:24974,hin_Deva
panel2,B,vardial2018/train,hin,L1,train:24991,hin_Deva
panel2,B,vardial2018/train,hin,L1,train:24998,hin_Deva
panel2,B,vardial2018/train,hin,L1,train:25004,hin_Deva
panel2,B,vardial2018/train,hin,L1,train:25032,hin_Deva
panel2,B,vardial2018/train,hin,L1,train:25079,hin_Deva
panel2,B,vardial2018/train,hin,L1,train:25110,hin_Deva
panel2,B,vardial2018/train,hin,L1,train:25116,hin_Deva
panel2,B,vardial2018/train,hin,L1,train:25129,anp_Deva
panel2,B,vardial2018/train,hin,L1,train:25157,hin_Deva
panel2,B,vardial2018/train,hin,L1,train:25160,hin_Deva
panel2,B,vardial2018/train,hin,L1,train:25190,hin_Deva
panel2,B,vardial2018/train,hin,L1,train:25244,hin_Deva
panel2,B,vardial2018/train,hin,L1,train:25288,hin_Deva
panel2,B,vardial2018/train,hin,L1,train:25314,hin_Deva
panel2,B,vardial2018/train,hin,L1,train:25315,hin_Deva
panel2,B,vardial2018/train,hin,L1,train:25327,anp_Deva
panel2,B,vardial2018/train,hin,L1,train:25334,hin_Deva
panel2,B,vardial2018/train,hin,L1,train:25410,hin_Deva
panel2,B,vardial2018/train,hin,L1,train:25532,hin_Deva
panel2,B,vardial2018/train,hin,L1,train:25606,hin_Deva
panel2,B,vardial2018/train,hin,L1,train:25622,hin_Deva
panel2,B,vardial2018/train,hin,L1,train:25679,hin_Deva
panel2,B,vardial2018/train,hin,L1,train:25789,hin_Deva
panel2,B,vardial2018/train,hin,L1,train:25896,anp_Deva
panel2,B,vardial2018/train,hin,L1,train:25947,hin_Deva
panel2,B,vardial2018/train,hin,L1,train:25980,hin_Deva
panel2,B,vardial2018/train,hin,L1,train:25984,hin_Deva
panel2,B,vardial2018/train,hin,L1,train:26091,hin_Deva
panel2,B,vardial2018/train,hin,L1,train:26098,anp_Deva
panel2,B,vardial2018/train,hin,L1,train:26134,hin_Deva
panel2,B,vardial2018/train,hin,L1,train:26147,hin_Deva
panel2,B,vardial2018/train,hin,L1,train:26207,kas_Deva
panel2,B,vardial2018/train,hin,L1,train:26278,hin_Deva
panel2,B,vardial2018/train,hin,L1,train:26305,hin_Deva
panel2,B,vardial2018/train,hin,L1,train:26310,hin_Deva
panel2,B,vardial2018/train,hin,L1,train:26385,hin_Deva
panel2,B,vardial2018/train,hin,L1,train:26400,hin_Deva
panel2,B,vardial2018/train,hin,L1,train:26409,hin_Deva
panel2,B,vardial2018/train,hin,L1,train:26445,hin_Deva
panel2,B,vardial2018/train,hin,L1,train:26460,hin_Deva
panel2,B,vardial2018/train,hin,L1,train:26478,hin_Deva
panel2,B,vardial2018/train,hin,L1,train:26551,hin_Deva
panel2,B,vardial2018/train,hin,L1,train:26561,awa_Deva
panel2,B,vardial2018/train,hin,L1,train:26570,hin_Deva
panel2,B,vardial2018/train,hin,L1,train:26579,hin_Deva
panel2,B,vardial2018/train,hin,L1,train:26595,hin_Deva
panel2,B,vardial2018/train,hin,L1,train:26606,hin_Deva
panel2,B,vardial2018/train,hin,L1,train:26655,hin_Deva
panel2,B,vardial2018/train,hin,L1,train:26659,new_Deva
panel2,B,vardial2018/train,hin,L1,train:26708,anp_Deva
panel2,B,vardial2018/train,hin,L1,train:26760,hin_Deva
panel2,B,vardial2018/train,hin,L1,train:26875,hin_Deva
panel2,B,vardial2018/train,hin,L1,train:26909,hin_Deva
panel2,B,vardial2018/train,hin,L1,train:26910,hin_Deva
panel2,B,vardial2018/train,hin,L1,train:27049,hin_Deva
panel2,B,vardial2018/train,hin,L1,train:27050,bho_Deva
panel2,B,vardial2018/train,hin,L1,train:27076,hin_Deva
panel2,B,vardial2018/train,hin,L1,train:27105,hin_Deva
panel2,B,vardial2018/train,hin,L1,train:27186,anp_Deva
panel2,B,vardial2018/train,hin,L1,train:27212,hin_Deva
panel2,B,vardial2018/train,hin,L1,train:27229,hin_Deva
panel2,B,vardial2018/train,hin,L1,train:27234,hin_Deva
panel2,B,vardial2018/train,hin,L1,train:27256,hin_Deva
panel2,B,vardial2018/train,hin,L1,train:27331,hin_Deva
panel2,B,vardial2018/train,hin,L1,train:27443,hin_Deva
panel2,B,vardial2018/train,hin,L1,train:27466,hin_Deva
panel2,B,vardial2018/train,hin,L1,train:27505,hin_Deva
panel2,B,vardial2018/train,hin,L1,train:27512,hin_Deva
panel2,B,vardial2018/train,hin,L1,train:27517,hin_Deva
panel2,B,vardial2018/train,hin,L1,train:27526,hin_Deva
panel2,B,vardial2018/train,hin,L1,train:27540,hin_Deva
panel2,B,vardial2018/train,hin,L1,train:27586,hin_Deva
panel2,B,vardial2018/train,hin,L1,train:27632,hin_Deva
panel2,B,vardial2018/train,hin,L1,train:27645,hin_Deva
panel2,B,vardial2018/train,hin,L1,train:27692,hin_Deva
panel2,B,vardial2018/train,hin,L1,train:27724,hin_Deva
panel2,B,vardial2018/train,hin,L1,train:27739,hin_Deva
panel2,B,vardial2018/train,hin,L1,train:27808,hin_Deva
panel2,B,vardial2018/train,hin,L1,train:27832,mai_Deva
panel2,B,vardial2018/train,hin,L1,train:27901,hin_Deva
panel2,B,vardial2018/train,hin,L1,train:27907,hin_Deva
panel2,B,vardial2018/train,hin,L1,train:27922,hin_Deva
panel2,B,vardial2018/train,hin,L1,train:27953,hin_Deva
panel2,B,vardial2018/train,hin,L1,train:27982,hin_Deva
panel2,B,vardial2018/train,hin,L1,train:28057,hin_Deva
panel2,B,vardial2018/train,hin,L1,train:28069,hin_Deva
panel2,B,vardial2018/train,hin,L1,train:28097,hin_Deva
panel2,B,vardial2018/train,hin,L1,train:28134,hin_Deva
panel2,B,vardial2018/train,hin,L1,train:28170,hin_Deva
panel2,B,vardial2018/train,hin,L1,train:28180,hin_Deva
panel2,B,vardial2018/train,hin,L1,train:28273,hin_Deva
panel2,B,vardial2018/train,hin,L1,train:28303,hin_Deva
panel2,B,vardial2018/train,hin,L1,train:28334,hin_Deva
panel2,B,vardial2018/train,hin,L1,train:28370,anp_Deva
panel2,B,vardial2018/train,hin,L1,train:28373,hin_Deva
panel2,B,vardial2018/train,hin,L1,train:28375,hin_Deva
panel2,B,vardial2018/train,hin,L1,train:28420,hin_Deva
panel2,B,vardial2018/train,hin,L1,train:28427,hin_Deva
panel2,B,vardial2018/train,hin,L1,train:28433,hin_Deva
panel2,B,vardial2018/train,hin,L1,train:28442,hin_Deva
panel2,B,vardial2018/train,hin,L1,train:28474,hin_Deva
panel2,B,vardial2018/train,hin,L1,train:28505,hin_Deva
panel2,B,vardial2018/train,hin,L1,train:28545,hin_Deva
panel2,B,vardial2018/train,hin,L1,train:28585,hin_Deva
panel2,B,vardial2018/train,hin,L1,train:28647,hin_Deva
panel2,B,vardial2018/train,hin,L1,train:28648,hin_Deva
panel2,B,vardial2018/train,hin,L1,train:28677,hin_Deva
panel2,B,vardial2018/train,hin,L1,train:28713,hin_Deva
panel2,B,vardial2018/train,hin,L1,train:28722,hin_Deva
panel2,B,vardial2018/train,hin,L1,train:28769,hin_Deva
panel2,B,vardial2018/train,hin,L1,train:28806,hin_Deva
panel2,B,vardial2018/train,hin,L1,train:28943,hin_Deva
panel2,B,vardial2018/train,hin,L1,train:28952,hin_Deva
panel2,B,vardial2018/train,hin,L1,train:28988,anp_Deva
panel2,B,vardial2018/train,hin,L1,train:28992,anp_Deva
panel2,B,vardial2018/train,hin,L1,train:29109,hin_Deva
panel2,B,vardial2018/train,hin,L1,train:29114,hin_Deva
panel2,B,vardial2018/train,hin,L1,train:29121,hin_Deva
panel2,B,vardial2018/train,hin,L1,train:29147,hin_Deva
panel2,B,vardial2018/train,hin,L1,train:29207,hin_Deva
panel2,B,vardial2018/train,hin,L1,train:29211,hin_Deva
panel2,B,vardial2018/train,hin,L1,train:29240,hin_Deva
panel2,B,vardial2018/train,hin,L1,train:29247,awa_Deva
panel2,B,vardial2018/train,hin,L1,train:29279,hin_Deva
panel2,B,vardial2018/train,hin,L1,train:29364,hin_Deva
panel2,B,vardial2018/train,hin,L1,train:29412,anp_Deva
panel2,B,vardial2018/train,hin,L1,train:29443,hin_Deva
panel2,B,vardial2018/train,hin,L1,train:29470,hin_Deva
panel2,B,vardial2018/train,hin,L1,train:29486,hin_Deva
panel2,B,vardial2018/train,hin,L1,train:29501,bho_Deva
panel2,B,vardial2018/train,hin,L1,train:29505,anp_Deva
panel2,B,vardial2018/train,hin,L1,train:29572,hin_Deva
panel2,B,vardial2018/train,hin,L1,train:29606,hin_Deva
panel2,B,vardial2018/train,hin,L1,train:29623,hin_Deva
panel2,B,vardial2018/train,hin,L1,train:29649,hin_Deva
panel2,B,vardial2018/train,hin,L1,train:29659,hin_Deva
panel2,B,vardial2018/train,hin,L1,train:29689,anp_Deva
panel2,B,vardial2018/train,hin,L1,train:29728,hin_Deva
panel2,B,vardial2018/train,hin,L1,train:29775,hin_Deva
panel2,B,vardial2018/train,hin,L1,train:29788,hin_Deva
panel2,B,vardial2018/train,hin,L1,train:29814,hin_Deva
panel2,B,vardial2018/train,hin,L1,train:30015,hin_Deva
panel2,B,vardial2018/train,hin,L1,train:30039,hin_Deva
panel2,B,vardial2018/train,hin,L1,train:30127,hin_Deva
panel2,B,vardial2018/train,hin,L1,train:30207,hin_Deva
panel2,B,vardial2018/train,hin,L1,train:30239,hin_Deva
panel2,B,vardial2018/train,hin,L1,train:30249,hin_Deva
panel2,B,vardial2018/train,hin,L1,train:30273,hin_Deva
panel2,B,vardial2018/train,hin,L1,train:30291,hin_Deva
panel2,B,vardial2018/train,hin,L1,train:30320,hin_Deva
panel2,B,vardial2018/train,hin,L1,train:30479,hin_Deva
panel2,B,vardial2018/train,hin,L1,train:30494,hin_Deva
panel2,B,vardial2018/train,hin,L1,train:30529,hin_Deva
panel2,B,vardial2018/train,hin,L1,train:30550,hin_Deva
panel2,B,vardial2018/train,hin,L1,train:30607,hin_Deva
panel2,B,vardial2018/train,hin,L1,train:30616,anp_Deva
panel2,B,vardial2018/train,hin,L1,train:30713,hin_Deva
panel2,B,vardial2018/train,hin,L1,train:30725,doi_Deva
panel2,B,vardial2018/train,hin,L1,train:30754,hin_Deva
panel2,B,vardial2018/train,hin,L1,train:30791,hin_Deva
panel2,B,vardial2018/train,hin,L1,train:30821,hin_Deva
panel2,B,vardial2018/train,hin,L1,train:30830,hin_Deva
panel2,B,vardial2018/train,hin,L1,train:30901,hin_Deva
panel2,B,vardial2018/train,hin,L1,train:30930,awa_Deva
panel2,B,vardial2018/train,hin,L1,train:31002,hin_Deva
panel2,B,vardial2018/train,hin,L1,train:31073,hin_Deva
panel2,B,vardial2018/train,hin,L1,train:31128,hin_Deva
panel2,B,vardial2018/train,hin,L1,train:31135,hin_Deva
panel2,B,vardial2018/train,hin,L1,train:31140,hin_Deva
panel2,B,vardial2018/train,hin,L1,train:31142,anp_Deva
panel2,B,vardial2018/train,hin,L1,train:31144,hin_Deva
panel2,B,vardial2018/train,hin,L1,train:31147,hin_Deva
panel2,B,vardial2018/train,hin,L1,train:31194,hin_Deva
panel2,B,vardial2018/train,hin,L1,train:31195,hin_Deva
panel2,B,vardial2018/train,hin,L1,train:31221,hin_Deva
panel2,B,vardial2018/train,hin,L1,train:31288,hin_Deva
panel2,B,vardial2018/train,hin,L1,train:31393,hin_Deva
panel2,B,vardial2018/train,hin,L1,train:31410,hin_Deva
panel2,B,vardial2018/train,hin,L1,train:31450,hin_Deva
panel2,B,vardial2018/train,hin,L1,train:31487,hin_Deva
panel2,B,vardial2018/train,hin,L1,train:31496,hin_Deva
panel2,B,vardial2018/train,hin,L1,train:31514,hin_Deva
panel2,B,vardial2018/train,hin,L1,train:31547,hin_Deva
panel2,B,vardial2018/train,hin,L1,train:31579,hin_Deva
panel2,B,vardial2018/train,hin,L1,train:31587,anp_Deva
panel2,B,vardial2018/train,hin,L1,train:31600,hin_Deva
panel2,B,vardial2018/train,hin,L1,train:31725,hin_Deva
panel2,B,vardial2018/train,hin,L1,train:31774,hin_Deva
panel2,B,vardial2018/train,hin,L1,train:31814,hin_Deva
panel2,B,vardial2018/train,hin,L1,train:31831,hin_Deva
panel2,B,vardial2018/train,hin,L1,train:31875,doi_Deva
panel2,B,vardial2018/train,hin,L1,train:31953,anp_Deva
panel2,B,vardial2018/train,hin,L1,train:31991,hin_Deva
panel2,B,vardial2018/train,hin,L1,train:31994,hin_Deva
panel2,B,vardial2018/train,hin,L1,train:32005,hin_Deva
panel2,B,vardial2018/train,hin,L1,train:32033,hin_Deva
panel2,B,vardial2018/train,hin,L1,train:32058,hin_Deva
panel2,B,vardial2018/train,hin,L1,train:32080,hin_Deva
panel2,B,vardial2018/train,hin,L1,train:32153,hin_Deva
panel2,B,vardial2018/train,hin,L1,train:32161,hin_Deva
panel2,B,vardial2018/train,hin,L1,train:32174,hin_Deva
panel2,B,vardial2018/train,hin,L1,train:32177,hin_Deva
panel2,B,vardial2018/train,hin,L1,train:32273,hin_Deva
panel2,B,vardial2018/train,hin,L1,train:32386,hin_Deva
panel2,B,vardial2018/train,hin,L1,train:32439,hin_Deva
panel2,B,vardial2018/train,hin,L1,train:32503,hin_Deva
panel2,B,vardial2018/train,hin,L1,train:32554,mag_Deva
panel2,B,vardial2018/train,hin,L1,train:32579,hin_Deva
panel2,B,vardial2018/train,hin,L1,train:32586,hin_Deva
panel2,B,vardial2018/train,hin,L1,train:32619,hin_Deva
panel2,B,vardial2018/train,hin,L1,train:32656,hin_Deva
panel2,B,vardial2018/train,hin,L1,train:32671,hin_Deva
panel2,B,vardial2018/train,hin,L1,train:32690,anp_Deva
panel2,B,vardial2018/train,hin,L1,train:32796,hin_Deva
panel2,B,vardial2018/train,hin,L1,train:32843,hin_Deva
panel2,B,vardial2018/train,hin,L1,train:32855,hin_Deva
panel2,B,vardial2018/train,hin,L1,train:32856,hin_Deva
panel2,B,vardial2018/train,hin,L1,train:32873,hin_Deva
panel2,B,vardial2018/train,hin,L1,train:32904,hin_Deva
panel2,B,vardial2018/train,hin,L1,train:32929,hin_Deva
panel2,B,vardial2018/train,hin,L1,train:32946,hin_Deva
panel2,B,vardial2018/train,hin,L1,train:33027,hin_Deva
panel2,B,vardial2018/train,hin,L1,train:33087,hin_Deva
panel2,B,vardial2018/train,hin,L1,train:33128,hin_Deva
panel2,B,vardial2018/train,hin,L1,train:33250,hin_Deva
panel2,B,vardial2018/train,hin,L1,train:33283,hin_Deva
panel2,B,vardial2018/train,hin,L1,train:33316,hin_Deva
panel2,B,vardial2018/train,hin,L1,train:33357,hin_Deva
panel2,B,vardial2018/train,hin,L1,train:33375,hin_Deva
panel2,B,vardial2018/train,hin,L1,train:33382,hin_Deva
panel2,B,vardial2018/train,hin,L1,train:33394,hin_Deva
panel2,B,vardial2018/train,hin,L1,train:33459,hin_Deva
panel2,B,vardial2018/train,hin,L1,train:33481,hin_Deva
panel2,B,vardial2018/train,hin,L1,train:33489,hin_Deva
panel2,B,vardial2018/train,hin,L1,train:33515,hin_Deva
panel2,B,vardial2018/train,hin,L1,train:33559,suz_Deva
panel2,B,vardial2018/train,hin,L1,train:33606,hin_Deva
panel2,B,vardial2018/train,hin,L1,train:33693,hin_Deva
panel2,B,vardial2018/train,hin,L1,train:33715,hin_Deva
panel2,B,vardial2018/train,hin,L1,train:33716,hin_Deva
panel2,B,vardial2018/train,hin,L1,train:33720,awa_Deva
panel2,B,vardial2018/train,hin,L1,train:33824,hin_Deva
panel2,B,vardial2018/train,hin,L1,train:33832,hin_Deva
panel2,B,vardial2018/train,hin,L1,train:33833,hin_Deva
panel2,B,vardial2018/train,hin,L1,train:33852,hin_Deva
panel2,B,vardial2018/train,hin,L1,train:33913,anp_Deva
panel2,B,vardial2018/train,hin,L1,train:33919,hin_Deva
panel2,B,vardial2018/train,hin,L1,train:33993,hin_Deva
panel2,B,vardial2018/train,hin,L1,train:34011,hin_Deva
panel2,B,vardial2018/train,hin,L1,train:34064,hin_Deva
panel2,B,vardial2018/train,hin,L1,train:34069,hin_Deva
panel2,B,vardial2018/train,hin,L1,train:34084,anp_Deva
panel2,B,vardial2018/train,hin,L1,train:34096,hin_Deva
panel2,B,vardial2018/train,hin,L1,train:34142,hin_Deva
panel2,B,vardial2018/train,hin,L1,train:34176,hin_Deva
panel2,B,vardial2018/train,hin,L1,train:34213,hin_Deva
panel2,B,vardial2018/train,hin,L1,train:34258,hin_Deva
panel2,B,vardial2018/train,hin,L1,train:34266,hin_Deva
panel2,B,vardial2018/train,hin,L1,train:34284,hin_Deva
panel2,B,vardial2018/train,hin,L1,train:34304,hin_Deva
panel2,B,vardial2018/train,hin,L1,train:34325,hin_Deva
panel2,B,vardial2018/train,hin,L1,train:34359,mai_Deva
panel2,B,vardial2018/train,hin,L1,train:34430,hin_Deva
panel2,B,vardial2018/train,hin,L1,train:34462,hin_Deva
panel2,B,vardial2018/train,hin,L1,train:34477,anp_Deva
panel2,B,vardial2018/train,hin,L1,train:34480,hin_Deva
panel2,B,vardial2018/train,hin,L1,train:34510,hin_Deva
panel2,B,vardial2018/train,hin,L1,train:34528,hin_Deva
panel2,B,vardial2018/train,hin,L1,train:34561,hin_Deva
panel2,B,vardial2018/train,hin,L1,train:34577,hin_Deva
panel2,B,vardial2018/train,hin,L1,train:34642,hin_Deva
panel2,B,vardial2018/train,hin,L1,train:34659,hin_Deva
panel2,B,vardial2018/train,hin,L1,train:34664,hin_Deva
panel2,B,vardial2018/train,hin,L1,train:34712,hin_Deva
panel2,B,vardial2018/train,hin,L1,train:34770,hin_Deva
panel2,B,vardial2018/train,hin,L1,train:34773,awa_Deva
panel2,B,vardial2018/train,hin,L1,train:34789,hin_Deva
panel2,B,vardial2018/train,hin,L1,train:34807,hin_Deva
panel2,B,vardial2018/train,hin,L1,train:34868,hin_Deva
panel2,B,vardial2018/train,hin,L1,train:34887,hin_Deva
panel2,B,vardial2018/train,hin,L1,train:34918,hin_Deva
panel2,B,vardial2018/train,hin,L1,train:34927,hin_Deva
panel2,B,vardial2018/train,hin,L1,train:35047,hin_Deva
panel2,B,vardial2018/train,hin,L1,train:35086,anp_Deva
panel2,B,vardial2018/train,hin,L1,train:35134,hin_Deva
panel2,B,vardial2018/train,hin,L1,train:35197,hin_Deva
panel2,B,vardial2018/train,hin,L1,train:35209,hin_Deva
panel2,B,vardial2018/train,hin,L1,train:35315,hin_Deva
panel2,B,vardial2018/train,hin,L1,train:35317,hin_Deva
panel2,B,vardial2018/train,hin,L1,train:35318,hin_Deva
panel2,B,vardial2018/train,hin,L1,train:35345,hin_Deva
panel2,B,vardial2018/train,hin,L1,train:35363,hin_Deva
panel2,B,vardial2018/train,hin,L1,train:35375,hin_Deva
panel2,B,vardial2018/train,hin,L1,train:35377,hin_Deva
panel2,B,vardial2018/train,hin,L1,train:35390,hin_Deva
panel2,B,vardial2018/train,hin,L1,train:35397,hin_Deva
panel2,B,vardial2018/train,hin,L1,train:35449,hin_Deva
panel2,B,vardial2018/train,hin,L1,train:35484,hin_Deva
panel2,B,vardial2018/train,hin,L1,train:35521,hin_Deva
panel2,B,vardial2018/train,hin,L1,train:35596,hin_Deva
panel2,B,vardial2018/train,hin,L1,train:35629,hin_Deva
panel2,B,vardial2018/train,hin,L1,train:35702,hin_Deva
panel2,B,vardial2018/train,hin,L1,train:35770,hin_Deva
panel2,B,vardial2018/train,hin,L1,train:35814,hin_Deva
panel2,B,vardial2018/train,hin,L1,train:35875,hin_Deva
panel2,B,vardial2018/train,hin,L1,train:35901,hin_Deva
panel2,B,vardial2018/train,hin,L1,train:35914,hin_Deva
panel2,B,vardial2018/train,hin,L1,train:36000,hin_Deva
panel2,B,vardial2018/train,hin,L1,train:36003,hin_Deva
panel2,B,vardial2018/train,hin,L1,train:36032,hin_Deva
panel2,B,vardial2018/train,hin,L1,train:36047,hin_Deva
panel2,B,vardial2018/train,hin,L1,train:36067,hin_Deva
panel2,B,vardial2018/train,hin,L1,train:36113,hin_Deva
panel2,B,vardial2018/train,hin,L1,train:36168,hin_Deva
panel2,B,vardial2018/train,hin,L1,train:36195,hin_Deva
panel2,B,vardial2018/train,hin,L1,train:36242,hin_Deva
panel2,B,vardial2018/train,hin,L1,train:36254,hin_Deva
panel2,B,vardial2018/train,hin,L1,train:36288,hin_Deva
panel2,B,vardial2018/train,hin,L1,train:36292,hin_Deva
panel2,B,vardial2018/train,hin,L1,train:36301,san_Deva
panel2,B,vardial2018/train,hin,L1,train:36368,hin_Deva
panel2,B,vardial2018/train,hin,L1,train:36401,hin_Deva
panel2,B,vardial2018/train,hin,L1,train:36407,hin_Deva
panel2,B,vardial2018/train,hin,L1,train:36451,hin_Deva
panel2,B,vardial2018/train,hin,L1,train:36457,hin_Deva
panel2,B,vardial2018/train,hin,L1,train:36491,hin_Deva
panel2,B,vardial2018/train,hin,L1,train:36494,hin_Deva
panel2,B,vardial2018/train,hin,L1,train:36512,hin_Deva
panel2,B,vardial2018/train,hin,L1,train:36533,hin_Deva
panel2,B,vardial2018/train,hin,L1,train:36548,hin_Deva
panel2,B,vardial2018/train,hin,L1,train:36549,hin_Deva
panel2,B,vardial2018/train,hin,L1,train:36580,hin_Deva
panel2,B,vardial2018/train,hin,L1,train:36651,doi_Deva
panel2,B,vardial2018/train,hin,L1,train:36690,hin_Deva
panel2,B,vardial2018/train,hin,L1,train:36696,hin_Deva
panel2,B,vardial2018/train,hin,L1,train:36721,kas_Deva
panel2,B,vardial2018/train,hin,L1,train:36767,anp_Deva
panel2,B,vardial2018/train,hin,L1,train:36768,mai_Deva
panel2,B,vardial2018/train,hin,L1,train:36783,hin_Deva
panel2,B,vardial2018/train,hin,L1,train:36811,hin_Deva
panel2,B,vardial2018/train,hin,L1,train:36841,hin_Deva
panel2,B,vardial2018/train,hin,L1,train:36842,hin_Deva
panel2,B,vardial2018/train,hin,L1,train:36939,hin_Deva
panel2,B,vardial2018/train,hin,L1,train:37090,hin_Deva
panel2,B,vardial2018/train,hin,L1,train:37097,hin_Deva
panel2,B,vardial2018/train,hin,L1,train:37100,hin_Deva
panel2,B,vardial2018/train,hin,L1,train:37136,kas_Deva
panel2,B,vardial2018/train,hin,L1,train:37289,hin_Deva
panel2,B,vardial2018/train,hin,L1,train:37291,hin_Deva
panel2,B,vardial2018/train,hin,L1,train:37300,hin_Deva
panel2,B,vardial2018/train,hin,L1,train:37324,hin_Deva
panel2,B,vardial2018/train,hin,L1,train:37337,hin_Deva
panel2,B,vardial2018/train,hin,L1,train:37383,hin_Deva
panel2,B,vardial2018/train,hin,L1,train:37385,hin_Deva
panel2,B,vardial2018/train,hin,L1,train:37422,hin_Deva
panel2,B,vardial2018/train,hin,L1,train:37477,hin_Deva
panel2,B,vardial2018/train,hin,L1,train:37495,hin_Deva
panel2,B,vardial2018/train,hin,L1,train:37511,hin_Deva
panel2,B,vardial2018/train,hin,L1,train:37553,hin_Deva
panel2,B,vardial2018/train,hin,L1,train:37554,hin_Deva
panel2,B,vardial2018/train,hin,L1,train:37603,hin_Deva
panel2,B,vardial2018/train,hin,L1,train:37725,hin_Deva
panel2,B,vardial2018/train,hin,L1,train:37732,hin_Deva
panel2,B,vardial2018/train,hin,L1,train:37784,hin_Deva
panel2,B,vardial2018/train,hin,L1,train:37876,hin_Deva
panel2,B,vardial2018/train,hin,L1,train:37903,hin_Deva
panel2,B,vardial2018/train,hin,L1,train:37920,hin_Deva
panel2,B,vardial2018/train,hin,L1,train:37953,hin_Deva
panel2,B,vardial2018/train,hin,L1,train:37981,hin_Deva
panel2,B,vardial2018/train,hin,L1,train:38005,anp_Deva
panel2,B,vardial2018/train,hin,L1,train:38010,hin_Deva
panel2,B,vardial2018/train,hin,L1,train:38037,hin_Deva
panel2,B,vardial2018/train,hin,L1,train:38121,hin_Deva
panel2,B,vardial2018/train,hin,L1,train:38162,hin_Deva
panel2,B,vardial2018/train,hin,L1,train:38191,hin_Deva
panel2,B,vardial2018/train,hin,L1,train:38213,hin_Deva
panel2,B,vardial2018/train,hin,L1,train:38296,hin_Deva
panel2,B,vardial2018/train,hin,L1,train:38343,hin_Deva
panel2,B,vardial2018/train,hin,L1,train:38380,new_Deva
panel2,B,vardial2018/train,hin,L1,train:38385,hin_Deva
panel2,B,vardial2018/train,hin,L1,train:38498,anp_Deva
panel2,B,vardial2018/train,hin,L1,train:38517,hin_Deva
panel2,B,vardial2018/train,hin,L1,train:38528,hin_Deva
panel2,B,vardial2018/train,hin,L1,train:38580,hin_Deva
panel2,B,vardial2018/train,hin,L1,train:38695,anp_Deva
panel2,B,vardial2018/train,hin,L1,train:38716,hin_Deva
panel2,B,vardial2018/train,hin,L1,train:38735,hin_Deva
panel2,B,vardial2018/train,hin,L1,train:38751,anp_Deva
panel2,B,vardial2018/train,hin,L1,train:38761,anp_Deva
panel2,B,vardial2018/train,hin,L1,train:38803,anp_Deva
panel2,B,vardial2018/train,hin,L1,train:38812,hin_Deva
panel2,B,vardial2018/train,hin,L1,train:38825,hin_Deva
panel2,B,vardial2018/train,hin,L1,train:38866,hin_Deva
panel2,B,vardial2018/train,hin,L1,train:38905,hin_Deva
panel2,B,vardial2018/train,hin,L1,train:38914,hin_Deva
panel2,B,vardial2018/train,hin,L1,train:38918,hin_Deva
panel2,B,vardial2018/train,hin,L1,train:38938,hin_Deva
panel2,B,vardial2018/train,hin,L1,train:38965,hin_Deva
panel2,B,vardial2018/train,hin,L1,train:38970,hin_Deva
panel2,B,vardial2018/train,hin,L1,train:38988,anp_Deva
panel2,B,vardial2018/train,hin,L1,train:38993,hin_Deva
panel2,B,vardial2018/train,hin,L1,train:39058,hin_Deva
panel2,B,vardial2018/train,hin,L1,train:39065,hin_Deva
panel2,B,vardial2018/train,hin,L1,train:39186,hin_Deva
panel2,B,vardial2018/train,hin,L1,train:39195,hin_Deva
panel2,B,vardial2018/train,hin,L1,train:39198,hin_Deva
panel2,B,vardial2018/train,hin,L1,train:39206,hin_Deva
panel2,B,vardial2018/train,hin,L1,train:39221,hin_Deva
panel2,B,vardial2018/train,hin,L1,train:39241,hin_Deva
panel2,B,vardial2018/train,hin,L1,train:39291,hin_Deva
panel2,B,vardial2018/train,hin,L1,train:39302,hin_Deva
panel2,B,vardial2018/train,hin,L1,train:39318,hin_Deva
panel2,B,vardial2018/train,hin,L1,train:39337,hin_Deva
panel2,B,vardial2018/train,hin,L1,train:39340,hin_Deva
panel2,B,vardial2018/train,hin,L1,train:39391,anp_Deva
panel2,B,vardial2018/train,hin,L1,train:39392,hin_Deva
panel2,B,vardial2018/train,hin,L1,train:39441,hin_Deva
panel2,B,vardial2018/train,hin,L1,train:39480,hin_Deva
panel2,B,vardial2018/train,hin,L1,train:39481,hin_Deva
panel2,B,vardial2018/train,hin,L1,train:39503,hin_Deva
panel2,B,vardial2018/train,hin,L1,train:39527,hin_Deva
panel2,B,vardial2018/train,hin,L1,train:39551,hin_Deva
panel2,B,vardial2018/train,hin,L1,train:39606,anp_Deva
panel2,B,vardial2018/train,hin,L1,train:39635,hin_Deva
panel2,B,vardial2018/train,hin,L1,train:39640,hin_Deva
panel2,B,vardial2018/train,hin,L1,train:39649,hin_Deva
panel2,B,vardial2018/train,hin,L1,train:39650,hin_Deva
panel2,B,vardial2018/train,hin,L1,train:39666,hin_Deva
panel2,B,vardial2018/train,hin,L1,train:39678,hin_Deva
panel2,B,vardial2018/train,hin,L1,train:39691,hin_Deva
panel2,B,vardial2018/train,hin,L1,train:39737,hin_Deva
panel2,B,vardial2018/train,hin,L1,train:39775,hin_Deva
panel2,B,vardial2018/train,hin,L1,train:39844,hin_Deva
panel2,B,vardial2018/train,hin,L1,train:39863,hin_Deva
panel2,B,vardial2018/train,hin,L1,train:39910,hin_Deva
panel2,B,vardial2018/train,hin,L1,train:39967,hin_Deva
panel2,B,vardial2018/train,hin,L1,train:39979,hin_Deva
panel2,B,vardial2018/train,hin,L1,train:39987,hin_Deva
panel2,B,vardial2018/train,hin,L1,train:39999,hin_Deva
panel2,B,vardial2018/train,hin,L1,train:40010,hin_Deva
panel2,B,vardial2018/train,hin,L1,train:40095,hin_Deva
panel2,B,vardial2018/train,hin,L1,train:40120,hin_Deva
panel2,B,vardial2018/train,hin,L1,train:40168,anp_Deva
panel2,B,vardial2018/train,hin,L1,train:40170,hin_Deva
panel2,B,vardial2018/train,hin,L1,train:40172,hin_Deva
panel2,B,vardial2018/train,hin,L1,train:40185,hin_Deva
panel2,B,vardial2018/train,hin,L1,train:40272,bho_Deva
panel2,B,vardial2018/train,hin,L1,train:40280,hin_Deva
panel2,B,vardial2018/train,hin,L1,train:40299,hin_Deva
panel2,B,vardial2018/train,hin,L1,train:40346,hin_Deva
panel2,B,vardial2018/train,hin,L1,train:40385,hin_Deva
panel2,B,vardial2018/train,hin,L1,train:40396,hin_Deva
panel2,B,vardial2018/train,hin,L1,train:40415,hin_Deva
panel2,B,vardial2018/train,hin,L1,train:40422,hin_Deva
panel2,B,vardial2018/train,hin,L1,train:40443,anp_Deva
panel2,B,vardial2018/train,hin,L1,train:40454,hin_Deva
panel2,B,vardial2018/train,hin,L1,train:40481,hin_Deva
panel2,B,vardial2018/train,hin,L1,train:40490,hin_Deva
panel2,B,vardial2018/train,hin,L1,train:40519,doi_Deva
panel2,B,vardial2018/train,hin,L1,train:40567,bho_Deva
panel2,B,vardial2018/train,hin,L1,train:40603,hin_Deva
panel2,B,vardial2018/train,hin,L1,train:40639,hin_Deva
panel2,B,vardial2018/train,hin,L1,train:40642,mup_Deva
panel2,B,vardial2018/train,hin,L1,train:40712,hin_Deva
panel2,B,vardial2018/train,hin,L1,train:40713,hin_Deva
panel2,B,vardial2018/train,hin,L1,train:40718,hin_Deva
panel2,B,vardial2018/train,hin,L1,train:40764,doi_Deva
panel2,B,vardial2018/train,hin,L1,train:40770,hin_Deva
panel2,B,vardial2018/train,hin,L1,train:40820,hin_Deva
panel2,B,vardial2018/train,hin,L1,train:40842,hin_Deva
panel2,B,vardial2018/train,hin,L1,train:40851,hin_Deva
panel2,B,vardial2018/train,hin,L1,train:40938,bho_Deva
panel2,B,vardial2018/train,hin,L1,train:41003,hin_Deva
panel2,B,vardial2018/train,hin,L1,train:41014,hin_Deva
panel2,B,vardial2018/train,hin,L1,train:41037,hin_Deva
panel2,B,vardial2018/train,hin,L1,train:41181,hin_Deva
panel2,B,vardial2018/train,hin,L1,train:41262,hin_Deva
panel2,B,vardial2018/train,hin,L1,train:41325,hin_Deva
panel2,B,vardial2018/train,hin,L1,train:41357,anp_Deva
panel2,B,vardial2018/train,hin,L1,train:41413,hin_Deva
panel2,B,vardial2018/train,hin,L1,train:41435,hin_Deva
panel2,B,vardial2018/train,hin,L1,train:41451,hin_Deva
panel2,B,vardial2018/train,hin,L1,train:41456,hin_Deva
panel2,B,vardial2018/train,hin,L1,train:41522,hin_Deva
panel2,B,vardial2018/train,hin,L1,train:41559,anp_Deva
panel2,B,vardial2018/train,hin,L1,train:41598,hin_Deva
panel2,B,vardial2018/train,hin,L1,train:41620,hin_Deva
panel2,B,vardial2018/train,hin,L1,train:41711,hin_Deva
panel2,B,vardial2018/train,hin,L1,train:41714,anp_Deva
panel2,B,vardial2018/train,hin,L1,train:41750,hin_Deva
panel2,B,vardial2018/train,hin,L1,train:41756,hin_Deva
panel2,B,vardial2018/train,hin,L1,train:41878,hin_Deva
panel2,B,vardial2018/train,hin,L1,train:41879,hin_Deva
panel2,B,vardial2018/train,hin,L1,train:41945,hin_Deva
panel2,B,vardial2018/train,hin,L1,train:41961,anp_Deva
panel2,B,vardial2018/train,hin,L1,train:41986,hin_Deva
panel2,B,vardial2018/train,hin,L1,train:42052,hin_Deva
panel2,B,vardial2018/train,hin,L1,train:42089,hin_Deva
panel2,B,vardial2018/train,hin,L1,train:42093,hin_Deva
panel2,B,vardial2018/train,hin,L1,train:42169,hin_Deva
panel2,B,vardial2018/train,hin,L1,train:42310,hin_Deva
panel2,B,vardial2018/train,hin,L1,train:42311,hin_Deva
panel2,B,vardial2018/train,hin,L1,train:42335,hin_Deva
panel2,B,vardial2018/train,hin,L1,train:42456,hin_Deva
panel2,B,vardial2018/train,hin,L1,train:42511,hin_Deva
panel2,B,vardial2018/train,hin,L1,train:42513,hin_Deva
panel2,B,vardial2018/train,hin,L1,train:42539,hin_Deva
panel2,B,vardial2018/train,hin,L1,train:42626,hin_Deva
panel2,B,vardial2018/train,hin,L1,train:42658,hin_Deva
panel2,B,vardial2018/train,hin,L1,train:42688,hin_Deva
panel2,B,vardial2018/train,hin,L1,train:42705,hin_Deva
panel2,B,vardial2018/train,hin,L1,train:42707,hin_Deva
panel2,B,vardial2018/train,hin,L1,train:42731,hin_Deva
panel2,B,vardial2018/train,hin,L1,train:42780,hin_Deva
panel2,B,vardial2018/train,hin,L1,train:42819,hin_Deva
panel2,B,vardial2018/train,hin,L1,train:42824,hin_Deva
panel2,B,vardial2018/train,hin,L1,train:42835,hin_Deva
panel2,B,vardial2018/train,hin,L1,train:42941,hin_Deva
panel2,B,vardial2018/train,hin,L1,train:42951,hin_Deva
panel2,B,vardial2018/train,hin,L1,train:42974,hin_Deva
panel2,B,vardial2018/train,hin,L1,train:43017,hin_Deva
panel2,B,vardial2018/train,hin,L1,train:43076,bho_Deva
panel2,B,vardial2018/train,hin,L1,train:43125,hin_Deva
panel2,B,vardial2018/train,hin,L1,train:43133,hin_Deva
panel2,B,vardial2018/train,hin,L1,train:43153,hin_Deva
panel2,B,vardial2018/train,hin,L1,train:43265,hin_Deva
panel2,B,vardial2018/train,hin,L1,train:43266,hin_Deva
panel2,B,vardial2018/train,hin,L1,train:43286,hin_Deva
panel2,B,vardial2018/train,hin,L1,train:43304,hin_Deva
panel2,B,vardial2018/train,hin,L1,train:43326,hin_Deva
panel2,B,vardial2018/train,hin,L1,train:43358,hin_Deva
panel2,B,vardial2018/train,hin,L1,train:43369,hin_Deva
panel2,B,vardial2018/train,hin,L1,train:43427,hin_Deva
panel2,B,vardial2018/train,hin,L1,train:43438,hin_Deva
panel2,B,vardial2018/train,hin,L1,train:43445,hin_Deva
panel2,B,vardial2018/train,hin,L1,train:43483,hin_Deva
panel2,B,vardial2018/train,hin,L1,train:43542,hin_Deva
panel2,B,vardial2018/train,hin,L1,train:43554,hin_Deva
panel2,B,vardial2018/train,hin,L1,train:43580,hin_Deva
panel2,B,vardial2018/train,hin,L1,train:43616,hin_Deva
panel2,B,vardial2018/train,hin,L1,train:43668,awa_Deva
panel2,B,vardial2018/train,hin,L1,train:43700,hin_Deva
panel2,B,vardial2018/train,hin,L1,train:43724,anp_Deva
panel2,B,vardial2018/train,hin,L1,train:43756,hin_Deva
panel2,B,vardial2018/train,hin,L1,train:43759,hin_Deva
panel2,B,vardial2018/train,hin,L1,train:43763,hin_Deva
panel2,B,vardial2018/train,hin,L1,train:43779,hin_Deva
panel2,B,vardial2018/train,hin,L1,train:43807,hin_Deva
panel2,B,vardial2018/train,hin,L1,train:44049,anp_Deva
panel2,B,vardial2018/train,hin,L1,train:44085,hin_Deva
panel2,B,vardial2018/train,hin,L1,train:44086,hin_Deva
panel2,B,vardial2018/train,hin,L1,train:44181,anp_Deva
panel2,B,vardial2018/train,hin,L1,train:44192,hin_Deva
panel2,B,vardial2018/train,hin,L1,train:44320,anp_Deva
panel2,B,vardial2018/train,hin,L1,train:44363,hin_Deva
panel2,B,vardial2018/train,hin,L1,train:44475,hin_Deva
panel2,B,vardial2018/train,hin,L1,train:44490,hin_Deva
panel2,B,vardial2018/train,hin,L1,train:44494,hin_Deva
panel2,B,vardial2018/train,hin,L1,train:44510,hin_Deva
panel2,B,vardial2018/train,hin,L1,train:44631,hin_Deva
panel2,B,vardial2018/train,hin,L1,train:44632,hin_Deva
panel2,B,vardial2018/train,hin,L1,train:44641,hin_Deva
panel2,B,vardial2018/train,hin,L1,train:44654,hin_Deva
panel2,B,vardial2018/train,hin,L1,train:44688,anp_Deva
panel2,B,vardial2018/train,hin,L1,train:44723,hin_Deva
panel2,B,vardial2018/train,hin,L1,train:44735,anp_Deva
panel2,B,vardial2018/train,hin,L1,train:44752,hin_Deva
panel2,B,vardial2018/train,hin,L1,train:44765,hin_Deva
panel2,B,vardial2018/train,hin,L1,train:44777,hin_Deva
panel2,B,vardial2018/train,hin,L1,train:44825,hin_Deva
panel2,B,vardial2018/train,hin,L1,train:44861,hin_Deva
panel2,B,vardial2018/train,hin,L1,train:44864,hin_Deva
panel2,B,vardial2018/train,hin,L1,train:44955,hin_Deva
panel2,B,vardial2018/train,hin,L1,train:44973,hin_Deva
panel2,B,vardial2018/train,hin,L1,train:45014,hin_Deva
panel2,B,vardial2018/train,hin,L1,train:45049,hin_Deva
panel2,B,vardial2018/train,hin,L1,train:45058,hin_Deva
panel2,B,vardial2018/train,hin,L1,train:45068,hin_Deva
panel2,B,vardial2018/train,hin,L1,train:45183,hin_Deva
panel2,B,vardial2018/train,hin,L1,train:45319,hin_Deva
panel2,B,vardial2018/train,hin,L1,train:45410,hin_Deva
panel2,B,vardial2018/train,hin,L1,train:45516,hin_Deva
panel2,B,vardial2018/train,hin,L1,train:45650,hin_Deva
panel2,B,vardial2018/train,hin,L1,train:45664,hin_Deva
panel2,B,vardial2018/train,hin,L1,train:45680,hin_Deva
panel2,B,vardial2018/train,hin,L1,train:45703,hin_Deva
panel2,B,vardial2018/train,hin,L1,train:45735,hin_Deva
panel2,B,vardial2018/train,hin,L1,train:45740,hin_Deva
panel2,B,vardial2018/train,hin,L1,train:45785,hin_Deva
panel2,B,vardial2018/train,hin,L1,train:45787,hin_Deva
panel2,B,vardial2018/train,hin,L1,train:45887,hin_Deva
panel2,B,vardial2018/train,hin,L1,train:45894,hin_Deva
panel2,B,vardial2018/train,hin,L1,train:45912,hin_Deva
panel2,B,vardial2018/train,hin,L1,train:45927,hin_Deva
panel2,B,vardial2018/train,hin,L1,train:45933,hin_Deva
panel2,B,vardial2018/train,hin,L1,train:45969,hin_Deva
panel2,B,vardial2018/train,hin,L1,train:46209,hin_Deva
panel2,B,vardial2018/train,hin,L1,train:46289,hin_Deva
panel2,B,vardial2018/train,hin,L1,train:46307,hin_Deva
panel2,B,vardial2018/train,hin,L1,train:46310,hin_Deva
panel2,B,vardial2018/train,hin,L1,train:46321,hin_Deva
panel2,B,vardial2018/train,hin,L1,train:46329,hin_Deva
panel2,B,vardial2018/train,hin,L1,train:46428,hin_Deva
panel2,B,vardial2018/train,hin,L1,train:46444,hin_Deva
panel2,B,vardial2018/train,hin,L1,train:46502,hin_Deva
panel2,B,vardial2018/train,hin,L1,train:46543,hin_Deva
panel2,B,vardial2018/train,hin,L1,train:46619,hin_Deva
panel2,B,vardial2018/train,hin,L1,train:46647,hin_Deva
panel2,B,vardial2018/train,hin,L1,train:46681,hin_Deva
panel2,B,vardial2018/train,hin,L1,train:46709,hin_Deva
panel2,B,vardial2018/train,hin,L1,train:46729,anp_Deva
panel2,B,vardial2018/train,hin,L1,train:46750,hin_Deva
panel2,B,vardial2018/train,hin,L1,train:46752,anp_Deva
panel2,B,vardial2018/train,hin,L1,train:46774,hin_Deva
panel2,B,vardial2018/train,hin,L1,train:46791,npi_Deva
panel2,B,vardial2018/train,hin,L1,train:46799,hin_Deva
panel2,B,vardial2018/train,hin,L1,train:46814,hin_Deva
panel2,B,vardial2018/train,hin,L1,train:46877,hin_Deva
panel2,B,vardial2018/train,hin,L1,train:46921,hin_Deva
panel2,B,vardial2018/train,hin,L1,train:47035,hin_Deva
panel2,B,vardial2018/train,hin,L1,train:47049,awa_Deva
panel2,B,vardial2018/train,hin,L1,train:47056,hin_Deva
panel2,B,vardial2018/train,hin,L1,train:47128,hin_Deva
panel2,B,vardial2018/train,hin,L1,train:47137,hin_Deva
panel2,B,vardial2018/train,hin,L1,train:47155,hin_Deva
panel2,B,vardial2018/train,hin,L1,train:47220,hin_Deva
panel2,B,vardial2018/train,hin,L1,train:47382,hin_Deva
panel2,B,vardial2018/train,hin,L1,train:47388,hin_Deva
panel2,B,vardial2018/train,hin,L1,train:47401,hin_Deva
panel2,B,vardial2018/train,hin,L1,train:47406,hin_Deva
panel2,B,vardial2018/train,hin,L1,train:47426,bho_Deva
panel2,B,vardial2018/train,hin,L1,train:47427,hin_Deva
panel2,B,vardial2018/train,hin,L1,train:47428,hin_Deva
panel2,B,vardial2018/train,hin,L1,train:47461,hin_Deva
panel2,B,vardial2018/train,hin,L1,train:47558,hin_Deva
panel2,B,vardial2018/train,hin,L1,train:47570,hin_Deva
panel2,B,vardial2018/train,hin,L1,train:47620,hin_Deva
panel2,B,vardial2018/train,hin,L1,train:47624,hin_Deva
panel2,B,vardial2018/train,hin,L1,train:47634,anp_Deva
panel2,B,vardial2018/train,hin,L1,train:47663,hin_Deva
panel2,B,vardial2018/train,hin,L1,train:47718,hin_Deva
panel2,B,vardial2018/train,hin,L1,train:47728,hin_Deva
panel2,B,vardial2018/train,hin,L1,train:47765,hin_Deva
panel2,B,vardial2018/train,hin,L1,train:47813,hin_Deva
panel2,B,vardial2018/train,hin,L1,train:47826,hin_Deva
panel2,B,vardial2018/train,hin,L1,train:47950,hin_Deva
panel2,B,vardial2018/train,hin,L1,train:47969,hin_Deva
panel2,B,vardial2018/train,hin,L1,train:47971,awa_Deva
panel2,B,vardial2018/train,hin,L1,train:48029,hin_Deva
panel2,B,vardial2018/train,hin,L1,train:48036,hin_Deva
panel2,B,vardial2018/train,hin,L1,train:48119,hin_Deva
panel2,B,vardial2018/train,hin,L1,train:48143,anp_Deva
panel2,B,vardial2018/train,hin,L1,train:48200,hin_Deva
panel2,B,vardial2018/train,hin,L1,train:48220,hin_Deva
panel2,B,vardial2018/train,hin,L1,train:48261,hin_Deva
panel2,B,vardial2018/train,hin,L1,train:48293,hin_Deva
panel2,B,vardial2018/train,hin,L1,train:48354,doi_Deva
panel2,B,vardial2018/train,hin,L1,train:48362,hin_Deva
panel2,B,vardial2018/train,hin,L1,train:48389,hin_Deva
panel2,B,vardial2018/train,hin,L1,train:48476,hin_Deva
panel2,B,vardial2018/train,hin,L1,train:48511,hin_Deva
panel2,B,vardial2018/train,hin,L1,train:48536,hin_Deva
panel2,B,vardial2018/train,hin,L1,train:48673,hin_Deva
panel2,B,vardial2018/train,hin,L1,train:48710,hin_Deva
panel2,B,vardial2018/train,hin,L1,train:48726,hin_Deva
panel2,B,vardial2018/train,hin,L1,train:48740,hin_Deva
panel2,B,vardial2018/train,hin,L1,train:48790,hin_Deva
panel2,B,vardial2018/train,hin,L1,train:48812,doi_Deva
panel2,B,vardial2018/train,hin,L1,train:48823,hin_Deva
panel2,B,vardial2018/train,hin,L1,train:48867,anp_Deva
panel2,B,vardial2018/train,hin,L1,train:48898,hin_Deva
panel2,B,vardial2018/train,hin,L1,train:48907,hin_Deva
panel2,B,vardial2018/train,hin,L1,train:48987,bho_Deva
panel2,B,vardial2018/train,hin,L1,train:49066,hin_Deva
panel2,B,vardial2018/train,hin,L1,train:49100,hin_Deva
panel2,B,vardial2018/train,hin,L1,train:49110,hin_Deva
panel2,B,vardial2018/train,hin,L1,train:49111,hin_Deva
panel2,B,vardial2018/train,hin,L1,train:49147,hin_Deva
panel2,B,vardial2018/train,hin,L1,train:49190,hin_Deva
panel2,B,vardial2018/train,hin,L1,train:49207,hin_Deva
panel2,B,vardial2018/train,hin,L1,train:49229,hin_Deva
panel2,B,vardial2018/train,hin,L1,train:49269,hin_Deva
panel2,B,vardial2018/train,hin,L1,train:49353,hin_Deva
panel2,B,vardial2018/train,hin,L1,train:49394,mup_Deva
panel2,B,vardial2018/train,hin,L1,train:49412,hin_Deva
panel2,B,vardial2018/train,hin,L1,train:49444,hin_Deva
panel2,B,vardial2018/train,hin,L1,train:49475,hin_Deva
panel2,B,vardial2018/train,hin,L1,train:49488,hin_Deva
panel2,B,vardial2018/train,hin,L1,train:49497,anp_Deva
panel2,B,vardial2018/train,hin,L1,train:49503,hin_Deva
panel2,B,vardial2018/train,hin,L1,train:49534,hin_Deva
panel2,B,vardial2018/train,hin,L1,train:49548,hin_Deva
panel2,B,vardial2018/train,hin,L1,train:49549,hin_Deva
panel2,B,vardial2018/train,hin,L1,train:49589,hin_Deva
panel2,B,vardial2018/train,hin,L1,train:49651,anp_Deva
panel2,B,vardial2018/train,hin,L1,train:49712,hin_Deva
panel2,B,vardial2018/train,hin,L1,train:49881,hin_Deva
panel2,B,vardial2018/train,hin,L1,train:49939,hin_Deva
panel2,B,vardial2018/train,hin,L1,train:49958,hin_Deva
panel2,B,vardial2018/train,hin,L1,train:50032,hin_Deva
panel2,B,vardial2018/train,hin,L1,train:50042,hin_Deva
panel2,B,vardial2018/train,hin,L1,train:50111,hin_Deva
panel2,B,vardial2018/train,hin,L1,train:50113,hin_Deva
panel2,B,vardial2018/train,hin,L1,train:50143,hin_Deva
panel2,B,vardial2018/train,hin,L1,train:50221,hin_Deva
panel2,B,vardial2018/train,hin,L1,train:50271,hin_Deva
panel2,B,vardial2018/train,hin,L1,train:50292,hin_Deva
panel2,B,vardial2018/train,hin,L1,train:50307,hin_Deva
panel2,B,vardial2018/train,hin,L1,train:50310,hin_Deva
panel2,B,vardial2018/train,hin,L1,train:50343,hin_Deva
panel2,B,vardial2018/train,hin,L1,train:50364,hin_Deva
panel2,B,vardial2018/train,hin,L1,train:50442,hin_Deva
panel2,B,vardial2018/train,hin,L1,train:50477,hin_Deva
panel2,B,vardial2018/train,hin,L1,train:50501,hin_Deva
panel2,B,vardial2018/train,hin,L1,train:50505,hin_Deva
panel2,B,vardial2018/train,hin,L1,train:50528,hin_Deva
panel2,B,vardial2018/train,hin,L1,train:50537,hin_Deva
panel2,B,vardial2018/train,hin,L1,train:50587,hin_Deva
panel2,B,vardial2018/train,hin,L1,train:50683,hin_Deva
panel2,B,vardial2018/train,hin,L1,train:50699,hin_Deva
panel2,B,vardial2018/train,hin,L1,train:50708,hin_Deva
panel2,B,vardial2018/train,hin,L1,train:50759,anp_Deva
panel2,B,vardial2018/train,hin,L1,train:50796,hin_Deva
panel2,B,vardial2018/train,hin,L1,train:50799,hin_Deva
panel2,B,vardial2018/train,hin,L1,train:50808,hin_Deva
panel2,B,vardial2018/train,hin,L1,train:50880,hin_Deva
panel2,B,vardial2018/train,hin,L1,train:50947,anp_Deva
panel2,B,vardial2018/train,hin,L1,train:50950,hin_Deva
panel2,B,vardial2018/train,hin,L1,train:50952,hin_Deva
panel2,B,vardial2018/train,hin,L1,train:50982,hin_Deva
panel2,B,vardial2018/train,hin,L1,train:51073,hin_Deva
panel2,B,vardial2018/train,hin,L1,train:51074,hin_Deva
panel2,B,vardial2018/train,hin,L1,train:51078,hin_Deva
panel2,B,vardial2018/train,hin,L1,train:51096,hin_Deva
panel2,B,vardial2018/train,hin,L1,train:51101,hin_Deva
panel2,B,vardial2018/train,hin,L1,train:51115,hin_Deva
panel2,B,vardial2018/train,hin,L1,train:51145,npi_Deva
panel2,B,vardial2018/train,hin,L1,train:51158,hin_Deva
panel2,B,vardial2018/train,hin,L1,train:51229,anp_Deva
panel2,B,vardial2018/train,hin,L1,train:51233,hin_Deva
panel2,B,vardial2018/train,hin,L1,train:51276,hin_Deva
panel2,B,vardial2018/train,hin,L1,train:51284,hin_Deva
panel2,B,vardial2018/train,hin,L1,train:51286,hin_Deva
panel2,B,vardial2018/train,hin,L1,train:51294,hin_Deva
panel2,B,vardial2018/train,hin,L1,train:51295,hin_Deva
panel2,B,vardial2018/train,hin,L1,train:51347,hin_Deva
panel2,B,vardial2018/train,hin,L1,train:51403,hin_Deva
panel2,B,vardial2018/train,hin,L1,train:51404,hin_Deva
panel2,B,vardial2018/train,hin,L1,train:51484,hin_Deva
panel2,B,vardial2018/train,hin,L1,train:51494,hin_Deva
panel2,B,vardial2018/train,hin,L1,train:51534,hin_Deva
panel2,B,vardial2018/train,hin,L1,train:51563,doi_Deva
panel2,B,vardial2018/train,hin,L1,train:51588,bho_Deva
panel2,B,vardial2018/train,hin,L1,train:51626,hin_Deva
panel2,B,vardial2018/train,hin,L1,train:51642,hin_Deva
panel2,B,vardial2018/train,hin,L1,train:51655,hin_Deva
panel2,B,vardial2018/train,hin,L1,train:51731,hin_Deva
panel2,B,vardial2018/train,hin,L1,train:51739,hin_Deva
panel2,B,vardial2018/train,hin,L1,train:51751,hne_Deva
panel2,B,vardial2018/train,hin,L1,train:51793,hin_Deva
panel2,B,vardial2018/train,hin,L1,train:51811,hin_Deva
panel2,B,vardial2018/train,hin,L1,train:51817,hin_Deva
panel2,B,vardial2018/train,hin,L1,train:51830,hin_Deva
panel2,B,vardial2018/train,hin,L1,train:51839,hin_Deva
panel2,B,vardial2018/train,hin,L1,train:51847,hin_Deva
panel2,B,vardial2018/train,hin,L1,train:51966,hin_Deva
panel2,B,vardial2018/train,hin,L1,train:52024,hin_Deva
panel2,B,vardial2018/train,hin,L1,train:52029,hin_Deva
panel2,B,vardial2018/train,hin,L1,train:52045,hin_Deva
panel2,B,vardial2018/train,hin,L1,train:52075,hin_Deva
panel2,B,vardial2018/train,hin,L1,train:52082,hin_Deva
panel2,B,vardial2018/train,hin,L1,train:52104,hin_Deva
panel2,B,vardial2018/train,hin,L1,train:52107,hin_Deva
panel2,B,vardial2018/train,hin,L1,train:52128,hin_Deva
panel2,B,vardial2018/train,hin,L1,train:52149,awa_Deva
panel2,B,vardial2018/train,hin,L1,train:52150,hin_Deva
panel2,B,vardial2018/train,hin,L1,train:52160,hin_Deva
panel2,B,vardial2018/train,hin,L1,train:52240,hin_Deva
panel2,B,vardial2018/train,hin,L1,train:52343,hin_Deva
panel2,B,vardial2018/train,hin,L1,train:52352,hin_Deva
panel2,B,vardial2018/train,hin,L1,train:52378,hin_Deva
panel2,B,vardial2018/train,hin,L1,train:52422,hin_Deva
panel2,B,vardial2018/train,hin,L1,train:52446,hin_Deva
panel2,B,vardial2018/train,hin,L1,train:52469,hin_Deva
panel2,B,vardial2018/train,hin,L1,train:52519,hin_Deva
panel2,B,vardial2018/train,hin,L1,train:52532,hin_Deva
panel2,B,vardial2018/train,hin,L1,train:52574,hin_Deva
panel2,B,vardial2018/train,hin,L1,train:52600,hin_Deva
panel2,B,vardial2018/train,hin,L1,train:52651,anp_Deva
panel2,B,vardial2018/train,hin,L1,train:52688,hin_Deva
panel2,B,vardial2018/train,hin,L1,train:52696,hin_Deva
panel2,B,vardial2018/train,hin,L1,train:52697,hin_Deva
panel2,B,vardial2018/train,hin,L1,train:52700,hin_Deva
panel2,B,vardial2018/train,hin,L1,train:52904,hin_Deva
panel2,B,vardial2018/train,hin,L1,train:52906,hin_Deva
panel2,B,vardial2018/train,hin,L1,train:52937,hin_Deva
panel2,B,vardial2018/train,hin,L1,train:52963,hin_Deva
panel2,B,vardial2018/train,hin,L1,train:52968,hin_Deva
panel2,B,vardial2018/train,hin,L1,train:53054,hin_Deva
panel2,B,vardial2018/train,hin,L1,train:53082,hin_Deva
panel2,B,vardial2018/train,hin,L1,train:53094,hin_Deva
panel2,B,vardial2018/train,hin,L1,train:53153,anp_Deva
panel2,B,vardial2018/train,hin,L1,train:53226,hin_Deva
panel2,B,vardial2018/train,hin,L1,train:53255,hin_Deva
panel2,B,vardial2018/train,hin,L1,train:53279,hin_Deva
panel2,B,vardial2018/train,hin,L1,train:53311,hin_Deva
panel2,B,vardial2018/train,hin,L1,train:53349,hin_Deva
panel2,B,vardial2018/train,hin,L1,train:53394,hin_Deva
panel2,B,vardial2018/train,hin,L1,train:53403,hin_Deva
panel2,B,vardial2018/train,hin,L1,train:53466,hin_Deva
panel2,B,vardial2018/train,hin,L1,train:53559,hin_Deva
panel2,B,vardial2018/train,hin,L1,train:53584,hin_Deva
panel2,B,vardial2018/train,hin,L1,train:53589,hin_Deva
panel2,B,vardial2018/train,hin,L1,train:53613,hin_Deva
panel2,B,vardial2018/train,hin,L1,train:53640,hin_Deva
panel2,B,vardial2018/train,hin,L1,train:53647,hin_Deva
panel2,B,vardial2018/train,hin,L1,train:53691,hin_Deva
panel2,B,vardial2018/train,hin,L1,train:53735,hin_Deva
panel2,B,vardial2018/train,hin,L1,train:53753,hin_Deva
panel2,B,vardial2018/train,hin,L1,train:53766,hin_Deva
panel2,B,vardial2018/train,hin,L1,train:53774,hin_Deva
panel2,B,vardial2018/train,hin,L1,train:53802,hin_Deva
panel2,B,vardial2018/train,hin,L1,train:53809,hin_Deva
panel2,B,vardial2018/train,hin,L1,train:53824,anp_Deva
panel2,B,vardial2018/train,hin,L1,train:53857,hin_Deva
panel2,B,vardial2018/train,hin,L1,train:53872,hin_Deva
panel2,B,vardial2018/train,hin,L1,train:53879,hin_Deva
panel2,B,vardial2018/train,hin,L1,train:54018,hin_Deva
panel2,B,vardial2018/train,hin,L1,train:54028,hin_Deva
panel2,B,vardial2018/train,hin,L1,train:54055,hin_Deva
panel2,B,vardial2018/train,hin,L1,train:54084,hin_Deva
panel2,B,vardial2018/train,hin,L1,train:54106,hin_Deva
panel2,B,vardial2018/train,hin,L1,train:54137,hin_Deva
panel2,B,vardial2018/train,hin,L1,train:54154,hin_Deva
panel2,B,vardial2018/train,hin,L1,train:54187,anp_Deva
panel2,B,vardial2018/train,hin,L1,train:54258,hin_Deva
panel2,B,vardial2018/train,hin,L1,train:54276,kru_Deva
panel2,B,vardial2018/train,hin,L1,train:54281,hin_Deva
panel2,B,vardial2018/train,hin,L1,train:54282,hin_Deva
panel2,B,vardial2018/train,hin,L1,train:54293,hin_Deva
panel2,B,vardial2018/train,hin,L1,train:54340,anp_Deva
panel2,B,vardial2018/train,hin,L1,train:54441,hin_Deva
panel2,B,vardial2018/train,hin,L1,train:54499,hin_Deva
panel2,B,vardial2018/train,hin,L1,train:54526,hin_Deva
panel2,B,vardial2018/train,hin,L1,train:54547,hin_Deva
panel2,B,vardial2018/train,hin,L1,train:54572,mar_Deva
panel2,B,vardial2018/train,hin,L1,train:54585,hin_Deva
panel2,B,vardial2018/train,hin,L1,train:54592,hin_Deva
panel2,B,vardial2018/train,hin,L1,train:54663,hin_Deva
panel2,B,vardial2018/train,hin,L1,train:54682,hin_Deva
panel2,B,vardial2018/train,hin,L1,train:54806,hin_Deva
panel2,B,vardial2018/train,hin,L1,train:54824,hin_Deva
panel2,B,vardial2018/train,hin,L1,train:54897,hin_Deva
panel2,B,vardial2018/train,hin,L1,train:54954,hin_Deva
panel2,B,vardial2018/train,hin,L1,train:54996,anp_Deva
panel2,B,vardial2018/train,hin,L1,train:55106,hin_Deva
panel2,B,vardial2018/train,hin,L1,train:55110,hin_Deva
panel2,B,vardial2018/train,hin,L1,train:55210,hin_Deva
panel2,B,vardial2018/train,hin,L1,train:55215,hin_Deva
panel2,B,vardial2018/train,hin,L1,train:55217,hin_Deva
panel2,B,vardial2018/train,hin,L1,train:55345,hin_Deva
panel2,B,vardial2018/train,hin,L1,train:55404,hin_Deva
panel2,B,vardial2018/train,hin,L1,train:55456,awa_Deva
panel2,B,vardial2018/train,hin,L1,train:55497,hin_Deva
panel2,B,vardial2018/train,hin,L1,train:55504,hin_Deva
panel2,B,vardial2018/train,hin,L1,train:55527,hin_Deva
panel2,B,vardial2018/train,hin,L1,train:55546,hin_Deva
panel2,B,vardial2018/train,hin,L1,train:55578,hin_Deva
panel2,B,vardial2018/train,hin,L1,train:55642,hin_Deva
panel2,B,vardial2018/train,hin,L1,train:55688,hin_Deva
panel2,B,vardial2018/train,hin,L1,train:55716,hin_Deva
panel2,B,vardial2018/train,hin,L1,train:55845,hin_Deva
panel2,B,vardial2018/train,hin,L1,train:55846,hin_Deva
panel2,B,vardial2018/train,hin,L1,train:55860,hin_Deva
panel2,B,vardial2018/train,hin,L1,train:55868,hin_Deva
panel2,B,vardial2018/train,hin,L1,train:55898,hin_Deva
panel2,B,vardial2018/train,hin,L1,train:55922,hin_Deva
panel2,B,vardial2018/train,hin,L1,train:55943,hin_Deva
panel2,B,vardial2018/train,hin,L1,train:56023,hin_Deva
panel2,B,vardial2018/train,hin,L1,train:56049,hin_Deva
panel2,B,vardial2018/train,hin,L1,train:56051,hin_Deva
panel2,B,vardial2018/train,hin,L1,train:56128,hin_Deva
panel2,B,vardial2018/train,hin,L1,train:56179,hin_Deva
panel2,B,vardial2018/train,hin,L1,train:56183,hin_Deva
panel2,B,vardial2018/train,hin,L1,train:56189,hin_Deva
panel2,B,vardial2018/train,hin,L1,train:56221,hin_Deva
panel2,B,vardial2018/train,hin,L1,train:56234,hin_Deva
panel2,B,vardial2018/train,hin,L1,train:56376,anp_Deva
panel2,B,vardial2018/train,hin,L1,train:56381,hin_Deva
panel2,B,vardial2018/train,hin,L1,train:56390,hin_Deva
panel2,B,vardial2018/train,hin,L1,train:56416,hin_Deva
panel2,B,vardial2018/train,hin,L1,train:56431,hin_Deva
panel2,B,vardial2018/train,hin,L1,train:56502,anp_Deva
panel2,B,vardial2018/train,hin,L1,train:56508,hin_Deva
panel2,B,vardial2018/train,hin,L1,train:56572,hin_Deva
panel2,B,vardial2018/train,hin,L1,train:56603,hin_Deva
panel2,B,vardial2018/train,hin,L1,train:56608,hin_Deva
panel2,B,vardial2018/train,hin,L1,train:56627,hin_Deva
panel2,B,vardial2018/train,hin,L1,train:56661,hin_Deva
panel2,B,vardial2018/train,hin,L1,train:56677,hin_Deva
panel2,B,vardial2018/train,hin,L1,train:56683,hin_Deva
panel2,B,vardial2018/train,hin,L1,train:56692,hin_Deva
panel2,B,vardial2018/train,hin,L1,train:56755,hin_Deva
panel2,B,vardial2018/train,hin,L1,train:56784,hin_Deva
panel2,B,vardial2018/train,hin,L1,train:56805,hin_Deva
panel2,B,vardial2018/train,hin,L1,train:56875,awa_Deva
panel2,B,vardial2018/train,hin,L1,train:56885,hin_Deva
panel2,B,vardial2018/train,hin,L1,train:56916,hin_Deva
panel2,B,vardial2018/train,hin,L1,train:56928,hin_Deva
panel2,B,vardial2018/train,hin,L1,train:56946,hin_Deva
panel2,B,vardial2018/train,hin,L1,train:56962,hin_Deva
panel2,B,vardial2018/train,hin,L1,train:57064,hin_Deva
panel2,B,vardial2018/train,hin,L1,train:57166,hin_Deva
panel2,B,vardial2018/train,hin,L1,train:57196,hin_Deva
panel2,B,vardial2018/train,hin,L1,train:57203,hin_Deva
panel2,B,vardial2018/train,hin,L1,train:57225,hin_Deva
panel2,B,vardial2018/train,hin,L1,train:57231,hin_Deva
panel2,B,vardial2018/train,hin,L1,train:57251,hin_Deva
panel2,B,vardial2018/train,hin,L1,train:57257,hin_Deva
panel2,B,vardial2018/train,hin,L1,train:57299,hin_Deva
panel2,B,vardial2018/train,hin,L1,train:57356,hin_Deva
panel2,B,vardial2018/train,hin,L1,train:57401,hin_Deva
panel2,B,vardial2018/train,hin,L1,train:57432,hin_Deva
panel2,B,vardial2018/train,hin,L1,train:57469,hin_Deva
panel2,B,vardial2018/train,hin,L1,train:57494,hin_Deva
panel2,B,vardial2018/train,hin,L1,train:57495,awa_Deva
panel2,B,vardial2018/train,hin,L1,train:57516,hin_Deva
panel2,B,vardial2018/train,hin,L1,train:57561,hin_Deva
panel2,B,vardial2018/train,hin,L1,train:57592,anp_Deva
panel2,B,vardial2018/train,hin,L1,train:57614,hin_Deva
panel2,B,vardial2018/train,hin,L1,train:57615,anp_Deva
panel2,B,vardial2018/train,hin,L1,train:57669,hin_Deva
panel2,B,vardial2018/train,hin,L1,train:57688,hin_Deva
panel2,B,vardial2018/train,hin,L1,train:57702,hin_Deva
panel2,B,vardial2018/train,hin,L1,train:57721,hin_Deva
panel2,B,vardial2018/train,hin,L1,train:57736,hin_Deva
panel2,B,vardial2018/train,hin,L1,train:57771,hin_Deva
panel2,B,vardial2018/train,hin,L1,train:57855,hin_Deva
panel2,B,vardial2018/train,hin,L1,train:57858,hin_Deva
panel2,B,vardial2018/train,hin,L1,train:57901,hin_Deva
panel2,B,vardial2018/train,hin,L1,train:57948,anp_Deva
panel2,B,vardial2018/train,hin,L1,train:58024,hin_Deva
panel2,B,vardial2018/train,hin,L1,train:58033,hin_Deva
panel2,B,vardial2018/train,hin,L1,train:58092,hin_Deva
panel2,B,vardial2018/train,hin,L1,train:58157,hin_Deva
panel2,B,vardial2018/train,hin,L1,train:58161,hin_Deva
panel2,B,vardial2018/train,hin,L1,train:58205,hin_Deva
panel2,B,vardial2018/train,hin,L1,train:58252,hin_Deva
panel2,B,vardial2018/train,hin,L1,train:58255,hin_Deva
panel2,B,vardial2018/train,hin,L1,train:58281,hin_Deva
panel2,B,vardial2018/train,hin,L1,train:58337,hin_Deva
panel2,B,vardial2018/train,hin,L1,train:58355,hin_Deva
panel2,B,vardial2018/train,hin,L1,train:58366,hin_Deva
panel2,B,vardial2018/train,hin,L1,train:58443,hin_Deva
panel2,B,vardial2018/train,hin,L1,train:58462,hin_Deva
panel2,B,vardial2018/train,hin,L1,train:58482,hin_Deva
panel2,B,vardial2018/train,hin,L1,train:58493,hin_Deva
panel2,B,vardial2018/train,hin,L1,train:58566,hin_Deva
panel2,B,vardial2018/train,hin,L1,train:58589,hin_Deva
panel2,B,vardial2018/train,hin,L1,train:58595,hin_Deva
panel2,B,vardial2018/train,hin,L1,train:58618,hin_Deva
panel2,B,vardial2018/train,hin,L1,train:58621,hin_Deva
panel2,B,vardial2018/train,hin,L1,train:58640,hin_Deva
panel2,B,vardial2018/train,hin,L1,train:58845,hin_Deva
panel2,B,vardial2018/train,hin,L1,train:58874,hne_Deva
panel2,B,vardial2018/train,hin,L1,train:58946,sck_Deva
panel2,B,vardial2018/train,hin,L1,train:59033,hin_Deva
panel2,B,vardial2018/train,hin,L1,train:59061,hin_Deva
panel2,B,vardial2018/train,hin,L1,train:59105,hin_Deva
panel2,B,vardial2018/train,hin,L1,train:59115,hin_Deva
panel2,B,vardial2018/train,hin,L1,train:59133,anp_Deva
panel2,B,vardial2018/train,hin,L1,train:59149,hin_Deva
panel2,B,vardial2018/train,hin,L1,train:59156,hin_Deva
panel2,B,vardial2018/train,hin,L1,train:59162,hin_Deva
panel2,B,vardial2018/train,hin,L1,train:59199,hin_Deva
panel2,B,vardial2018/train,hin,L1,train:59282,hin_Deva
panel2,B,vardial2018/train,hin,L1,train:59284,hin_Deva
panel2,B,vardial2018/train,hin,L1,train:59325,hin_Deva
panel2,B,vardial2018/train,hin,L1,train:59338,hin_Deva
panel2,B,vardial2018/train,hin,L1,train:59573,hin_Deva
panel2,B,vardial2018/train,hin,L1,train:59603,hin_Deva
panel2,B,vardial2018/train,hin,L1,train:59604,hin_Deva
panel2,B,vardial2018/train,hin,L1,train:59686,hin_Deva
panel2,B,vardial2018/train,hin,L1,train:59715,hin_Deva
panel2,B,vardial2018/train,hin,L1,train:59755,hin_Deva
panel2,B,vardial2018/train,hin,L1,train:59783,hin_Deva
panel2,B,vardial2018/train,hin,L1,train:59806,hin_Deva
panel2,B,vardial2018/train,hin,L1,train:59835,hin_Deva
panel2,B,vardial2018/train,hin,L1,train:59842,anp_Deva
panel2,B,vardial2018/train,hin,L1,train:59861,hin_Deva
panel2,B,vardial2018/train,hin,L1,train:59863,hin_Deva
panel2,B,vardial2018/train,hin,L1,train:59874,hin_Deva
panel2,B,vardial2018/train,hin,L1,train:59912,hin_Deva
panel2,B,vardial2018/train,hin,L1,train:59955,anp_Deva
panel2,B,vardial2018/train,hin,L1,train:59980,anp_Deva
panel2,B,vardial2018/train,hin,L1,train:59998,hin_Deva
panel2,B,vardial2018/train,hin,L1,train:60006,hin_Deva
panel2,B,vardial2018/train,hin,L1,train:60079,hin_Deva
panel2,B,vardial2018/train,hin,L1,train:60085,hin_Deva
panel2,B,vardial2018/train,hin,L1,train:60133,hin_Deva
panel2,B,vardial2018/train,hin,L1,train:60151,hin_Deva
panel2,B,vardial2018/train,hin,L1,train:60206,hin_Deva
panel2,B,vardial2018/train,hin,L1,train:60242,hin_Deva
panel2,B,vardial2018/train,hin,L1,train:60292,hin_Deva
panel2,B,vardial2018/train,hin,L1,train:60377,hin_Deva
panel2,B,vardial2018/train,hin,L1,train:60378,hin_Deva
panel2,B,vardial2018/train,hin,L1,train:60391,hin_Deva
panel2,B,vardial2018/train,hin,L1,train:60428,hin_Deva
panel2,B,vardial2018/train,hin,L1,train:60432,hin_Deva
panel2,B,vardial2018/train,hin,L1,train:60511,hin_Deva
panel2,B,vardial2018/train,hin,L1,train:60522,hin_Deva
panel2,B,vardial2018/train,hin,L1,train:60525,hin_Deva
panel2,B,vardial2018/train,hin,L1,train:60577,hin_Deva
panel2,B,vardial2018/train,hin,L1,train:60685,hin_Deva
panel2,B,vardial2018/train,hin,L1,train:60692,hin_Deva
panel2,B,vardial2018/train,hin,L1,train:60730,hin_Deva
panel2,B,vardial2018/train,hin,L1,train:60799,hin_Deva
panel2,B,vardial2018/train,hin,L1,train:60818,sck_Deva
panel2,B,vardial2018/train,hin,L1,train:60831,hin_Deva
panel2,B,vardial2018/train,hin,L1,train:60855,hin_Deva
panel2,B,vardial2018/train,hin,L1,train:60973,hin_Deva
panel2,B,vardial2018/train,hin,L1,train:61007,hin_Deva
panel2,B,vardial2018/train,hin,L1,train:61032,mai_Deva
panel2,B,vardial2018/train,hin,L1,train:61122,hin_Deva
panel2,B,vardial2018/train,hin,L1,train:61172,hin_Deva
panel2,B,vardial2018/train,hin,L1,train:61202,hin_Deva
panel2,B,vardial2018/train,hin,L1,train:61229,hin_Deva
panel2,B,vardial2018/train,hin,L1,train:61236,awa_Deva
panel2,B,vardial2018/train,hin,L1,train:61260,anp_Deva
panel2,B,vardial2018/train,hin,L1,train:61262,hin_Deva
panel2,B,vardial2018/train,hin,L1,train:61264,hin_Deva
panel2,B,vardial2018/train,hin,L1,train:61482,hin_Deva
panel2,B,vardial2018/train,hin,L1,train:61535,hin_Deva
panel2,B,vardial2018/train,hin,L1,train:61550,hin_Deva
panel2,B,vardial2018/train,hin,L1,train:61617,hin_Deva
panel2,B,vardial2018/train,hin,L1,train:61620,hin_Deva
panel2,B,vardial2018/train,hin,L1,train:61759,hin_Deva
panel2,B,vardial2018/train,hin,L1,train:61780,hin_Deva
panel2,B,vardial2018/train,hin,L1,train:61798,hin_Deva
panel2,B,vardial2018/train,hin,L1,train:61822,hin_Deva
panel2,B,vardial2018/train,hin,L1,train:61890,hin_Deva
panel2,B,vardial2018/train,hin,L1,train:61902,hin_Deva
panel2,B,vardial2018/train,hin,L1,train:61943,hin_Deva
panel2,B,vardial2018/train,hin,L1,train:61970,hin_Deva
panel2,B,vardial2018/train,hin,L1,train:61979,hin_Deva
panel2,B,vardial2018/train,hin,L1,train:61992,anp_Deva
panel2,B,vardial2018/train,hin,L1,train:62044,hin_Deva
panel2,B,vardial2018/train,hin,L1,train:62222,hin_Deva
panel2,B,vardial2018/train,hin,L1,train:62244,hin_Deva
panel2,B,vardial2018/train,hin,L1,train:62280,hin_Deva
panel2,B,vardial2018/train,hin,L1,train:62300,hin_Deva
panel2,B,vardial2018/train,hin,L1,train:62309,hin_Deva
panel2,B,vardial2018/train,hin,L1,train:62352,hin_Deva
panel2,B,vardial2018/train,hin,L1,train:62427,mai_Deva
panel2,B,vardial2018/train,hin,L1,train:62514,hin_Deva
panel2,B,vardial2018/train,hin,L1,train:62559,hin_Deva
panel2,B,vardial2018/train,hin,L1,train:62579,hin_Deva
panel2,B,vardial2018/train,hin,L1,train:62580,hin_Deva
panel2,B,vardial2018/train,hin,L1,train:62581,hin_Deva
panel2,B,vardial2018/train,hin,L1,train:62583,hin_Deva
panel2,B,vardial2018/train,hin,L1,train:62584,hin_Deva
panel2,B,vardial2018/train,hin,L1,train:62593,hin_Deva
panel2,B,vardial2018/train,hin,L1,train:62613,hin_Deva
panel2,B,vardial2018/train,hin,L1,train:62617,hin_Deva
panel2,B,vardial2018/train,hin,L1,train:62639,hin_Deva
panel2,B,vardial2018/train,hin,L1,train:62700,hin_Deva
panel2,B,vardial2018/train,hin,L1,train:62776,anp_Deva
panel2,B,vardial2018/train,hin,L1,train:62795,hin_Deva
panel2,B,vardial2018/train,hin,L1,train:62802,hin_Deva
panel2,B,vardial2018/train,hin,L1,train:62817,hin_Deva
panel2,B,vardial2018/train,hin,L1,train:62831,hin_Deva
panel2,B,vardial2018/train,hin,L1,train:62899,hin_Deva
panel2,B,vardial2018/train,hin,L1,train:62933,hin_Deva
panel2,B,vardial2018/train,hin,L1,train:62946,hin_Deva
panel2,B,vardial2018/train,hin,L1,train:62953,hin_Deva
panel2,B,vardial2018/train,hin,L1,train:62961,hin_Deva
panel2,B,vardial2018/train,hin,L1,train:63031,hin_Deva
panel2,B,vardial2018/train,hin,L1,train:63065,hin_Deva
panel2,B,vardial2018/train,hin,L1,train:63102,suz_Deva
panel2,B,vardial2018/train,hin,L1,train:63171,hin_Deva
panel2,B,vardial2018/train,hin,L1,train:63221,hin_Deva
panel2,B,vardial2018/train,hin,L1,train:63228,hin_Deva
panel2,B,vardial2018/train,hin,L1,train:63267,anp_Deva
panel2,B,vardial2018/train,hin,L1,train:63269,anp_Deva
panel2,B,vardial2018/train,hin,L1,train:63270,hin_Deva
panel2,B,vardial2018/train,hin,L1,train:63316,hin_Deva
panel2,B,vardial2018/train,hin,L1,train:63389,bho_Deva
panel2,B,vardial2018/train,hin,L1,train:63444,hin_Deva
panel2,B,vardial2018/train,hin,L1,train:63543,hin_Deva
panel2,B,vardial2018/train,hin,L1,train:63625,hin_Deva
panel2,B,vardial2018/train,hin,L1,train:63655,hin_Deva
panel2,B,vardial2018/train,hin,L1,train:63672,hin_Deva
panel2,B,vardial2018/train,hin,L1,train:63673,hin_Deva
panel2,B,vardial2018/train,hin,L1,train:63713,hin_Deva
panel2,B,vardial2018/train,hin,L1,train:63736,hin_Deva
panel2,B,vardial2018/train,hin,L1,train:63942,hin_Deva
panel2,B,vardial2018/train,hin,L1,train:63971,hin_Deva
panel2,B,vardial2018/train,hin,L1,train:64018,hin_Deva
panel2,B,vardial2018/train,hin,L1,train:64037,hin_Deva
panel2,B,vardial2018/train,hin,L1,train:64043,anp_Deva
panel2,B,vardial2018/train,hin,L1,train:64105,hin_Deva
panel2,B,vardial2018/train,hin,L1,train:64108,anp_Deva
panel2,B,vardial2018/train,hin,L1,train:64112,hin_Deva
panel2,B,vardial2018/train,hin,L1,train:64144,hin_Deva
panel2,B,vardial2018/train,hin,L1,train:64148,awa_Deva
panel2,B,vardial2018/train,hin,L1,train:64153,hin_Deva
panel2,B,vardial2018/train,hin,L1,train:64259,hin_Deva
panel2,B,vardial2018/train,hin,L1,train:64270,hin_Deva
panel2,B,vardial2018/train,hin,L1,train:64334,hin_Deva
panel2,B,vardial2018/train,hin,L1,train:64376,hin_Deva
panel2,B,vardial2018/train,hin,L1,train:64393,hin_Deva
panel2,B,vardial2018/train,hin,L1,train:64412,hin_Deva
panel2,B,vardial2018/train,hin,L1,train:64437,hin_Deva
panel2,B,vardial2018/train,hin,L1,train:64466,hin_Deva
panel2,B,vardial2018/train,hin,L1,train:64488,hin_Deva
panel2,B,vardial2018/train,hin,L1,train:64511,hin_Deva
panel2,B,vardial2018/train,hin,L1,train:64521,hin_Deva
panel2,B,vardial2018/train,hin,L1,train:64565,hin_Deva
panel2,B,vardial2018/train,hin,L1,train:64678,hin_Deva
panel2,B,vardial2018/train,hin,L1,train:64705,hin_Deva
panel2,B,vardial2018/train,hin,L1,train:64727,hin_Deva
panel2,B,vardial2018/train,hin,L1,train:64777,hin_Deva
panel2,B,vardial2018/train,hin,L1,train:64813,hin_Deva
panel2,B,vardial2018/train,hin,L1,train:64829,hin_Deva
panel2,B,vardial2018/train,hin,L1,train:64873,hin_Deva
panel2,B,vardial2018/train,hin,L1,train:64893,hin_Deva
panel2,B,vardial2018/train,hin,L1,train:64922,hin_Deva
panel2,B,vardial2018/train,hin,L1,train:65000,hin_Deva
panel2,B,vardial2018/train,hin,L1,train:65060,awa_Deva
panel2,B,vardial2018/train,hin,L1,train:65091,hin_Deva
panel2,B,vardial2018/train,hin,L1,train:65093,hin_Deva
panel2,B,vardial2018/train,hin,L1,train:65119,anp_Deva
panel2,B,vardial2018/train,hin,L1,train:65178,hin_Deva
panel2,B,vardial2018/train,hin,L1,train:65218,hin_Deva
panel2,B,vardial2018/train,hin,L1,train:65224,hin_Deva
panel2,B,vardial2018/train,hin,L1,train:65233,hin_Deva
panel2,B,vardial2018/train,hin,L1,train:65307,hin_Deva
panel2,B,vardial2018/train,hin,L1,train:65320,bho_Deva
panel2,B,vardial2018/train,hin,L1,train:65339,hin_Deva
panel2,B,vardial2018/train,hin,L1,train:65360,hin_Deva
panel2,B,vardial2018/train,hin,L1,train:65373,hne_Deva
panel2,B,vardial2018/train,hin,L1,train:65376,hin_Deva
panel2,B,vardial2018/train,hin,L1,train:65389,hin_Deva
panel2,B,vardial2018/train,hin,L1,train:65390,hin_Deva
panel2,B,vardial2018/train,hin,L1,train:65421,hin_Deva
panel2,B,vardial2018/train,hin,L1,train:65436,hin_Deva
panel2,B,vardial2018/train,hin,L1,train:65502,hin_Deva
panel2,B,vardial2018/train,hin,L1,train:65506,hin_Deva
panel2,B,vardial2018/train,hin,L1,train:65562,hin_Deva
panel2,B,vardial2018/train,hin,L1,train:65605,hin_Deva
panel2,B,vardial2018/train,hin,L1,train:65607,hin_Deva
panel2,B,vardial2018/train,hin,L1,train:65612,hin_Deva
panel2,B,vardial2018/train,hin,L1,train:65635,hin_Deva
panel2,B,vardial2018/train,hin,L1,train:65662,hin_Deva
panel2,B,vardial2018/train,hin,L1,train:65672,hin_Deva
panel2,B,vardial2018/train,hin,L1,train:65717,hin_Deva
panel2,B,vardial2018/train,hin,L1,train:65726,hin_Deva
panel2,B,vardial2018/train,hin,L1,train:65748,hin_Deva
panel2,B,vardial2018/train,hin,L1,train:65771,anp_Deva
panel2,B,vardial2018/train,hin,L1,train:65944,hin_Deva
panel2,B,vardial2018/train,hin,L1,train:65964,hin_Deva
panel2,B,vardial2018/train,hin,L1,train:65990,hin_Deva
panel2,B,vardial2018/train,hin,L1,train:66028,hin_Deva
panel2,B,vardial2018/train,hin,L1,train:66056,hin_Deva
panel2,B,vardial2018/train,hin,L1,train:66057,hin_Deva
panel2,B,vardial2018/train,hin,L1,train:66090,hin_Deva
panel2,B,vardial2018/train,hin,L1,train:66123,hin_Deva
panel2,B,vardial2018/train,hin,L1,train:66186,hin_Deva
panel2,B,vardial2018/train,hin,L1,train:66224,hin_Deva
panel2,B,vardial2018/train,hin,L1,train:66270,mup_Deva
panel2,B,vardial2018/train,hin,L1,train:66312,hin_Deva
panel2,B,vardial2018/train,hin,L1,train:66331,hin_Deva
panel2,B,vardial2018/train,hin,L1,train:66345,hin_Deva
panel2,B,vardial2018/train,hin,L1,train:66379,hin_Deva
panel2,B,vardial2018/train,hin,L1,train:66390,hin_Deva
panel2,B,vardial2018/train,hin,L1,train:66453,hin_Deva
panel2,B,vardial2018/train,hin,L1,train:66501,hin_Deva
panel2,B,vardial2018/train,hin,L1,train:66511,hin_Deva
panel2,B,vardial2018/train,hin,L1,train:66535,hin_Deva
panel2,B,vardial2018/train,hin,L1,train:66543,hin_Deva
panel2,B,vardial2018/train,hin,L1,train:66562,hin_Deva
panel2,B,vardial2018/train,hin,L1,train:66610,kas_Deva
panel2,B,vardial2018/train,hin,L1,train:66637,hin_Deva
panel2,B,vardial2018/train,hin,L1,train:66683,hin_Deva
panel2,B,vardial2018/train,hin,L1,train:66711,hin_Deva
panel2,B,vardial2018/train,hin,L1,train:66743,hin_Deva
panel2,B,vardial2018/train,hin,L1,train:66751,hin_Deva
panel2,B,vardial2018/train,hin,L1,train:66898,hin_Deva
panel2,B,vardial2018/train,hin,L1,train:66907,hin_Deva
panel2,B,vardial2018/train,hin,L1,train:66912,hin_Deva
panel2,B,vardial2018/train,hin,L1,train:66964,hin_Deva
panel2,B,vardial2018/train,hin,L1,train:67046,hin_Deva
panel2,B,vardial2018/train,hin,L1,train:67049,hin_Deva
panel2,B,vardial2018/train,hin,L1,train:67053,hin_Deva
panel2,B,vardial2018/train,hin,L1,train:67072,anp_Deva
panel2,B,vardial2018/train,hin,L1,train:67074,hin_Deva
panel2,B,vardial2018/train,hin,L1,train:67100,hin_Deva
panel2,B,vardial2018/train,hin,L1,train:67104,hin_Deva
panel2,B,vardial2018/train,hin,L1,train:67108,hin_Deva
panel2,B,vardial2018/train,hin,L1,train:67146,hin_Deva
panel2,B,vardial2018/train,hin,L1,train:67228,hin_Deva
panel2,B,vardial2018/train,hin,L1,train:67291,anp_Deva
panel2,B,vardial2018/train,hin,L1,train:67310,hin_Deva
panel2,B,vardial2018/train,hin,L1,train:67320,hin_Deva
panel2,B,vardial2018/train,hin,L1,train:67337,hin_Deva
panel2,B,vardial2018/train,hin,L1,train:67343,hin_Deva
panel2,B,vardial2018/train,hin,L1,train:67488,hin_Deva
panel2,B,vardial2018/train,hin,L1,train:67499,hin_Deva
panel2,B,vardial2018/train,hin,L1,train:67529,hin_Deva
panel2,B,vardial2018/train,hin,L1,train:67601,hin_Deva
panel2,B,vardial2018/train,hin,L1,train:67631,awa_Deva
panel2,B,vardial2018/train,hin,L1,train:67642,hin_Deva
panel2,B,vardial2018/train,hin,L1,train:67700,hin_Deva
panel2,B,vardial2018/train,hin,L1,train:67729,hin_Deva
panel2,B,vardial2018/train,hin,L1,train:67780,hin_Deva
panel2,B,vardial2018/train,hin,L1,train:67792,hin_Deva
panel2,B,vardial2018/train,hin,L1,train:67813,hin_Deva
panel2,B,vardial2018/train,hin,L1,train:67835,hin_Deva
panel2,B,vardial2018/train,hin,L1,train:67851,anp_Deva
panel2,B,vardial2018/train,hin,L1,train:67858,hin_Deva
panel2,B,vardial2018/train,hin,L1,train:67947,hin_Deva
panel2,B,vardial2018/train,hin,L1,train:67997,hin_Deva
panel2,B,vardial2018/train,hin,L1,train:68021,hin_Deva
panel2,B,vardial2018/train,hin,L1,train:68033,hin_Deva
panel2,B,vardial2018/train,hin,L1,train:68085,hin_Deva
panel2,B,vardial2018/train,hin,L1,train:68132,hin_Deva
panel2,B,vardial2018/train,hin,L1,train:68147,hin_Deva
panel2,B,vardial2018/train,hin,L1,train:68223,hin_Deva
panel2,B,vardial2018/train,hin,L1,train:68224,hin_Deva
panel2,B,vardial2018/train,hin,L1,train:68292,bho_Deva
panel2,B,vardial2018/train,hin,L1,train:68389,hin_Deva
panel2,B,vardial2018/train,hin,L1,train:68408,hin_Deva
panel2,B,vardial2018/train,hin,L1,train:68448,hin_Deva
panel2,B,vardial2018/train,hin,L1,train:68537,hin_Deva
panel2,B,vardial2018/train,hin,L1,train:68582,hin_Deva
panel2,B,vardial2018/train,hin,L1,train:68630,hin_Deva
panel2,B,vardial2018/train,hin,L1,train:68633,hin_Deva
panel2,B,vardial2018/train,hin,L1,train:68644,hin_Deva
panel2,B,vardial2018/train,hin,L1,train:68645,hin_Deva
panel2,B,vardial2018/train,hin,L1,train:68710,hin_Deva
panel2,B,vardial2018/train,hin,L1,train:68713,hin_Deva
panel2,B,vardial2018/train,hin,L1,train:68728,hin_Deva
panel2,B,vardial2018/train,hin,L1,train:68747,hin_Deva
panel2,B,vardial2018/train,hin,L1,train:68764,hin_Deva
panel2,B,vardial2018/train,hin,L1,train:68829,hin_Deva
panel2,B,vardial2018/train,hin,L1,train:68860,hin_Deva
panel2,B,vardial2018/train,hin,L1,train:68873,bho_Deva
panel2,B,vardial2018/train,hin,L1,train:68897,hin_Deva
panel2,B,vardial2018/train,hin,L1,train:68914,hin_Deva
panel2,B,vardial2018/train,hin,L1,train:68971,hin_Deva
panel2,B,vardial2018/train,hin,L1,train:68972,hin_Deva
panel2,B,vardial2018/train,hin,L1,train:68978,hin_Deva
panel2,B,vardial2018/train,hin,L1,train:69086,hin_Deva
panel2,B,vardial2018/train,hin,L1,train:69105,hin_Deva
panel2,B,vardial2018/train,hin,L1,train:69179,hin_Deva
panel2,B,vardial2018/train,hin,L1,train:69262,hin_Deva
panel2,B,vardial2018/train,hin,L1,train:69263,hin_Deva
panel2,B,vardial2018/train,hin,L1,train:69323,hin_Deva
panel2,B,vardial2018/train,hin,L1,train:69355,awa_Deva
panel2,B,vardial2018/train,hin,L1,train:69398,hin_Deva
panel2,B,vardial2018/train,hin,L1,train:69409,hin_Deva
panel2,B,vardial2018/train,hin,L1,train:69448,anp_Deva
panel2,B,vardial2018/train,hin,L1,train:69586,hin_Deva
panel2,B,vardial2018/train,hin,L1,train:69652,hin_Deva
panel2,B,vardial2018/train,hin,L1,train:69669,hin_Deva
panel2,B,vardial2018/train,hin,L1,train:69692,hin_Deva
panel2,B,vardial2018/train,hin,L1,train:69719,hin_Deva
panel2,B,vardial2018/train,hin,L1,train:69763,hin_Deva
panel2,B,vardial2018/train,hin,L1,train:69894,hin_Deva
panel2,B,vardial2018/train,hin,L1,train:69912,hin_Deva
panel2,B,vardial2018/train,hin,L1,train:69919,hin_Deva
panel2,B,vardial2018/train,hin,L1,train:70016,hin_Deva
panel2,B,vardial2018/train,hin,L1,train:70078,hin_Deva
panel2,B,vardial2018/train,hin,L1,train:70092,hin_Deva
panel2,B,vardial2018/train,hin,L1,train:70150,hin_Deva
panel2,B,vardial2018/train,hin,L1,train:70177,hin_Deva
panel2,B,vardial2018/train,hin,L1,train:70274,hin_Deva
panel2,B,vardial2018/dev,mag,L1,dev:3,mag_Deva
panel2,B,vardial2018/dev,mag,L1,dev:5,hin_Deva
panel2,B,vardial2018/dev,mag,L1,dev:6,bho_Deva
panel2,B,vardial2018/dev,mag,L1,dev:9,mai_Deva
panel2,B,vardial2018/dev,mag,L1,dev:13,mag_Deva
panel2,B,vardial2018/dev,mag,L1,dev:17,mag_Deva
panel2,B,vardial2018/dev,mag,L1,dev:22,mag_Deva
panel2,B,vardial2018/dev,mag,L1,dev:23,mag_Deva
panel2,B,vardial2018/dev,mag,L1,dev:26,mai_Deva
panel2,B,vardial2018/dev,mag,L1,dev:29,awa_Deva
panel2,B,vardial2018/dev,mag,L1,dev:55,mag_Deva
panel2,B,vardial2018/dev,mag,L1,dev:57,mag_Deva
panel2,B,vardial2018/dev,mag,L1,dev:60,hne_Deva
panel2,B,vardial2018/dev,mag,L1,dev:63,mag_Deva
panel2,B,vardial2018/dev,mag,L1,dev:64,awa_Deva
panel2,B,vardial2018/dev,mag,L1,dev:65,hin_Deva
panel2,B,vardial2018/dev,mag,L1,dev:71,mag_Deva
panel2,B,vardial2018/dev,mag,L1,dev:79,hin_Deva
panel2,B,vardial2018/dev,mag,L1,dev:85,mag_Deva
panel2,B,vardial2018/dev,mag,L1,dev:91,bho_Deva
panel2,B,vardial2018/dev,mag,L1,dev:107,mai_Deva
panel2,B,vardial2018/dev,mag,L1,dev:120,mag_Deva
panel2,B,vardial2018/dev,mag,L1,dev:121,bho_Deva
panel2,B,vardial2018/dev,mag,L1,dev:125,mag_Deva
panel2,B,vardial2018/dev,mag,L1,dev:127,mag_Deva
panel2,B,vardial2018/dev,mag,L1,dev:132,bho_Deva
panel2,B,vardial2018/dev,mag,L1,dev:140,bho_Deva
panel2,B,vardial2018/dev,mag,L1,dev:154,mag_Deva
panel2,B,vardial2018/dev,mag,L1,dev:158,bho_Deva
panel2,B,vardial2018/dev,mag,L1,dev:159,bho_Deva
panel2,B,vardial2018/dev,mag,L1,dev:167,mag_Deva
panel2,B,vardial2018/dev,mag,L1,dev:171,npi_Deva
panel2,B,vardial2018/dev,mag,L1,dev:173,mag_Deva
panel2,B,vardial2018/dev,mag,L1,dev:189,hin_Deva
panel2,B,vardial2018/dev,mag,L1,dev:190,bho_Deva
panel2,B,vardial2018/dev,mag,L1,dev:198,hin_Deva
panel2,B,vardial2018/dev,mag,L1,dev:200,mag_Deva
panel2,B,vardial2018/dev,mag,L1,dev:201,mag_Deva
panel2,B,vardial2018/dev,mag,L1,dev:202,hin_Deva
panel2,B,vardial2018/dev,mag,L1,dev:206,bho_Deva
panel2,B,vardial2018/dev,mag,L1,dev:210,mag_Deva
panel2,B,vardial2018/dev,mag,L1,dev:216,mag_Deva
panel2,B,vardial2018/dev,mag,L1,dev:221,mag_Deva
panel2,B,vardial2018/dev,mag,L1,dev:225,mag_Deva
panel2,B,vardial2018/dev,mag,L1,dev:229,mai_Deva
panel2,B,vardial2018/dev,mag,L1,dev:231,mag_Deva
panel2,B,vardial2018/dev,mag,L1,dev:236,mup_Deva
panel2,B,vardial2018/dev,mag,L1,dev:240,mag_Deva
panel2,B,vardial2018/dev,mag,L1,dev:244,mag_Deva
panel2,B,vardial2018/dev,mag,L1,dev:247,bho_Deva
panel2,B,vardial2018/dev,mag,L1,dev:250,mai_Deva
panel2,B,vardial2018/dev,mag,L1,dev:254,mag_Deva
panel2,B,vardial2018/dev,mag,L1,dev:263,mag_Deva
panel2,B,vardial2018/dev,mag,L1,dev:278,mag_Deva
panel2,B,vardial2018/dev,mag,L1,dev:280,hin_Deva
panel2,B,vardial2018/dev,mag,L1,dev:289,bho_Deva
panel2,B,vardial2018/dev,mag,L1,dev:291,bho_Deva
panel2,B,vardial2018/dev,mag,L1,dev:301,awa_Deva
panel2,B,vardial2018/dev,mag,L1,dev:302,bho_Deva
panel2,B,vardial2018/dev,mag,L1,dev:311,mag_Deva
panel2,B,vardial2018/dev,mag,L1,dev:312,bho_Deva
panel2,B,vardial2018/dev,mag,L1,dev:325,mag_Deva
panel2,B,vardial2018/dev,mag,L1,dev:332,mag_Deva
panel2,B,vardial2018/dev,mag,L1,dev:350,mag_Deva
panel2,B,vardial2018/dev,mag,L1,dev:358,ghe_Deva
panel2,B,vardial2018/dev,mag,L1,dev:379,mag_Deva
panel2,B,vardial2018/dev,mag,L1,dev:380,mai_Deva
panel2,B,vardial2018/dev,mag,L1,dev:385,mag_Deva
panel2,B,vardial2018/dev,mag,L1,dev:387,awa_Deva
panel2,B,vardial2018/dev,mag,L1,dev:399,mar_Deva
panel2,B,vardial2018/dev,mag,L1,dev:400,doi_Deva
panel2,B,vardial2018/dev,mag,L1,dev:424,bho_Deva
panel2,B,vardial2018/dev,mag,L1,dev:427,bho_Deva
panel2,B,vardial2018/dev,mag,L1,dev:431,anp_Deva
panel2,B,vardial2018/dev,mag,L1,dev:432,awa_Deva
panel2,B,vardial2018/dev,mag,L1,dev:438,mag_Deva
panel2,B,vardial2018/dev,mag,L1,dev:447,mag_Deva
panel2,B,vardial2018/dev,mag,L1,dev:452,mag_Deva
panel2,B,vardial2018/dev,mag,L1,dev:454,mag_Deva
panel2,B,vardial2018/dev,mag,L1,dev:458,mag_Deva
panel2,B,vardial2018/dev,mag,L1,dev:464,mag_Deva
panel2,B,vardial2018/dev,mag,L1,dev:470,awa_Deva
panel2,B,vardial2018/dev,mag,L1,dev:474,bho_Deva
panel2,B,vardial2018/dev,mag,L1,dev:477,bho_Deva
panel2,B,vardial2018/dev,mag,L1,dev:480,bho_Deva
panel2,B,vardial2018/dev,mag,L1,dev:482,mag_Deva
panel2,B,vardial2018/dev,mag,L1,dev:488,mag_Deva
panel2,B,vardial2018/dev,mag,L1,dev:497,mag_Deva
panel2,B,vardial2018/dev,mag,L1,dev:498,bho_Deva
panel2,B,vardial2018/dev,mag,L1,dev:503,mag_Deva
panel2,B,vardial2018/dev,mag,L1,dev:511,mag_Deva
panel2,B,vardial2018/dev,mag,L1,dev:519,mai_Deva
panel2,B,vardial2018/dev,mag,L1,dev:520,bho_Deva
panel2,B,vardial2018/dev,mag,L1,dev:533,mag_Deva
panel2,B,vardial2018/dev,mag,L1,dev:536,bho_Deva
panel2,B,vardial2018/dev,mag,L1,dev:549,mag_Deva
panel2,B,vardial2018/dev,mag,L1,dev:554,bho_Deva
panel2,B,vardial2018/dev,mag,L1,dev:556,bho_Deva
panel2,B,vardial2018/dev,mag,L1,dev:562,mai_Deva
panel2,B,vardial2018/dev,mag,L1,dev:567,mag_Deva
panel2,B,vardial2018/dev,mag,L1,dev:582,mag_Deva
panel2,B,vardial2018/dev,mag,L1,dev:584,mag_Deva
panel2,B,vardial2018/dev,mag,L1,dev:585,awa_Deva
panel2,B,vardial2018/dev,mag,L1,dev:592,mai_Deva
panel2,B,vardial2018/dev,mag,L1,dev:601,mag_Deva
panel2,B,vardial2018/dev,mag,L1,dev:620,mag_Deva
panel2,B,vardial2018/dev,mag,L1,dev:623,mag_Deva
panel2,B,vardial2018/dev,mag,L1,dev:624,mag_Deva
panel2,B,vardial2018/dev,mag,L1,dev:626,mag_Deva
panel2,B,vardial2018/dev,mag,L1,dev:631,mag_Deva
panel2,B,vardial2018/dev,mag,L1,dev:634,mag_Deva
panel2,B,vardial2018/dev,mag,L1,dev:640,mag_Deva
panel2,B,vardial2018/dev,mag,L1,dev:642,bho_Deva
panel2,B,vardial2018/dev,mag,L1,dev:648,mag_Deva
panel2,B,vardial2018/dev,mag,L1,dev:653,hin_Deva
panel2,B,vardial2018/dev,mag,L1,dev:655,mag_Deva
panel2,B,vardial2018/dev,mag,L1,dev:656,hin_Deva
panel2,B,vardial2018/dev,mag,L1,dev:659,mag_Deva
panel2,B,vardial2018/dev,mag,L1,dev:664,mag_Deva
panel2,B,vardial2018/dev,mag,L1,dev:665,bho_Deva
panel2,B,vardial2018/dev,mag,L1,dev:678,mag_Deva
panel2,B,vardial2018/dev,mag,L1,dev:689,bho_Deva
panel2,B,vardial2018/dev,mag,L1,dev:696,mag_Deva
panel2,B,vardial2018/dev,mag,L1,dev:703,mai_Deva
panel2,B,vardial2018/dev,mag,L1,dev:711,mag_Deva
panel2,B,vardial2018/dev,mag,L1,dev:724,bho_Deva
panel2,B,vardial2018/dev,mag,L1,dev:729,awa_Deva
panel2,B,vardial2018/dev,mag,L1,dev:730,mag_Deva
panel2,B,vardial2018/dev,mag,L1,dev:738,mag_Deva
panel2,B,vardial2018/dev,mag,L1,dev:755,hin_Deva
panel2,B,vardial2018/dev,mag,L1,dev:758,bho_Deva
panel2,B,vardial2018/dev,mag,L1,dev:771,mag_Deva
panel2,B,vardial2018/dev,mag,L1,dev:773,bho_Deva
panel2,B,vardial2018/dev,mag,L1,dev:786,mai_Deva
panel2,B,vardial2018/dev,mag,L1,dev:791,mai_Deva
panel2,B,vardial2018/dev,mag,L1,dev:793,hin_Deva
panel2,B,vardial2018/dev,mag,L1,dev:794,mag_Deva
panel2,B,vardial2018/dev,mag,L1,dev:801,hin_Deva
panel2,B,vardial2018/dev,mag,L1,dev:803,bho_Deva
panel2,B,vardial2018/dev,mag,L1,dev:807,awa_Deva
panel2,B,vardial2018/dev,mag,L1,dev:808,bho_Deva
panel2,B,vardial2018/dev,mag,L1,dev:821,mag_Deva
panel2,B,vardial2018/dev,mag,L1,dev:823,bho_Deva
panel2,B,vardial2018/dev,mag,L1,dev:827,mag_Deva
panel2,B,vardial2018/dev,mag,L1,dev:833,hin_Deva
panel2,B,vardial2018/dev,mag,L1,dev:848,hin_Deva
panel2,B,vardial2018/dev,mag,L1,dev:849,mag_Deva
panel2,B,vardial2018/dev,mag,L1,dev:855,hin_Deva
panel2,B,vardial2018/dev,mag,L1,dev:859,hin_Deva
panel2,B,vardial2018/dev,mag,L1,dev:869,mag_Deva
panel2,B,vardial2018/dev,mag,L1,dev:875,mai_Deva
panel2,B,vardial2018/dev,mag,L1,dev:886,mag_Deva
panel2,B,vardial2018/dev,mag,L1,dev:887,mag_Deva
panel2,B,vardial2018/dev,mag,L1,dev:889,mag_Deva
panel2,B,vardial2018/dev,mag,L1,dev:894,mag_Deva
panel2,B,vardial2018/dev,mag,L1,dev:896,mag_Deva
panel2,B,vardial2018/dev,mag,L1,dev:899,mag_Deva
panel2,B,vardial2018/dev,mag,L1,dev:903,hin_Deva
panel2,B,vardial2018/dev,mag,L1,dev:906,mag_Deva
panel2,B,vardial2018/dev,mag,L1,dev:919,bho_Deva
panel2,B,vardial2018/dev,mag,L1,dev:923,bho_Deva
panel2,B,vardial2018/dev,mag,L1,dev:924,mai_Deva
panel2,B,vardial2018/dev,mag,L1,dev:928,ghe_Deva
panel2,B,vardial2018/dev,mag,L1,dev:929,mag_Deva
panel2,B,vardial2018/dev,mag,L1,dev:936,mag_Deva
panel2,B,vardial2018/dev,mag,L1,dev:939,mai_Deva
panel2,B,vardial2018/dev,mag,L1,dev:940,mag_Deva
panel2,B,vardial2018/dev,mag,L1,dev:952,mai_Deva
panel2,B,vardial2018/dev,mag,L1,dev:955,awa_Deva
panel2,B,vardial2018/dev,mag,L1,dev:963,mag_Deva
panel2,B,vardial2018/dev,mag,L1,dev:966,mag_Deva
panel2,B,vardial2018/dev,mag,L1,dev:969,awa_Deva
panel2,B,vardial2018/dev,mag,L1,dev:978,mai_Deva
panel2,B,vardial2018/dev,mag,L1,dev:985,mag_Deva
panel2,B,vardial2018/dev,mag,L1,dev:996,mag_Deva
panel2,B,vardial2018/dev,mag,L1,dev:999,hin_Deva
panel2,B,vardial2018/dev,mag,L1,dev:1001,mag_Deva
panel2,B,vardial2018/dev,mag,L1,dev:1003,mag_Deva
panel2,B,vardial2018/dev,mag,L1,dev:1013,bho_Deva
panel2,B,vardial2018/dev,mag,L1,dev:1014,mag_Deva
panel2,B,vardial2018/dev,mag,L1,dev:1015,mai_Deva
panel2,B,vardial2018/dev,mag,L1,dev:1021,bho_Deva
panel2,B,vardial2018/dev,mag,L1,dev:1023,bho_Deva
panel2,B,vardial2018/dev,mag,L1,dev:1026,bho_Deva
panel2,B,vardial2018/dev,mag,L1,dev:1033,awa_Deva
panel2,B,vardial2018/dev,mag,L1,dev:1035,mai_Deva
panel2,B,vardial2018/dev,mag,L1,dev:1036,mag_Deva
panel2,B,vardial2018/dev,mag,L1,dev:1038,hin_Deva
panel2,B,vardial2018/dev,mag,L1,dev:1044,mag_Deva
panel2,B,vardial2018/dev,mag,L1,dev:1045,bho_Deva
panel2,B,vardial2018/dev,mag,L1,dev:1052,mai_Deva
panel2,B,vardial2018/dev,mag,L1,dev:1056,bho_Deva
panel2,B,vardial2018/dev,mag,L1,dev:1062,mag_Deva
panel2,B,vardial2018/dev,mag,L1,dev:1067,mag_Deva
panel2,B,vardial2018/dev,mag,L1,dev:1072,hin_Deva
panel2,B,vardial2018/dev,mag,L1,dev:1088,mag_Deva
panel2,B,vardial2018/dev,mag,L1,dev:1094,mai_Deva
panel2,B,vardial2018/dev,mag,L1,dev:1095,mag_Deva
panel2,B,vardial2018/dev,mag,L1,dev:1102,bho_Deva
panel2,B,vardial2018/dev,mag,L1,dev:1104,bho_Deva
panel2,B,vardial2018/dev,mag,L1,dev:1117,awa_Deva
panel2,B,vardial2018/dev,mag,L1,dev:1118,mag_Deva
panel2,B,vardial2018/dev,mag,L1,dev:1120,mag_Deva
panel2,B,vardial2018/dev,mag,L1,dev:1122,bho_Deva
panel2,B,vardial2018/dev,mag,L1,dev:1126,awa_Deva
panel2,B,vardial2018/dev,mag,L1,dev:1128,mag_Deva
panel2,B,vardial2018/dev,mag,L1,dev:1129,bho_Deva
panel2,B,vardial2018/dev,mag,L1,dev:1130,sck_Deva
panel2,B,vardial2018/dev,mag,L1,dev:1132,mag_Deva
panel2,B,vardial2018/dev,mag,L1,dev:1138,mai_Deva
panel2,B,vardial2018/dev,mag,L1,dev:1139,mag_Deva
panel2,B,vardial2018/dev,mag,L1,dev:1151,mai_Deva
panel2,B,vardial2018/dev,mag,L1,dev:1157,mag_Deva
panel2,B,vardial2018/dev,mag,L1,dev:1160,mag_Deva
panel2,B,vardial2018/dev,mag,L1,dev:1162,mag_Deva
panel2,B,vardial2018/dev,mag,L1,dev:1165,mag_Deva
panel2,B,vardial2018/dev,mag,L1,dev:1175,mag_Deva
panel2,B,vardial2018/dev,mag,L1,dev:1176,mag_Deva
panel2,B,vardial2018/dev,mag,L1,dev:1182,mag_Deva
panel2,B,vardial2018/dev,mag,L1,dev:1187,mag_Deva
panel2,B,vardial2018/dev,mag,L1,dev:1188,mai_Deva
panel2,B,vardial2018/dev,mag,L1,dev:1189,mag_Deva
panel2,B,vardial2018/dev,mag,L1,dev:1191,mag_Deva
panel2,B,vardial2018/dev,mag,L1,dev:1205,mag_Deva
panel2,B,vardial2018/dev,mag,L1,dev:1209,mag_Deva
panel2,B,vardial2018/dev,mag,L1,dev:1212,mag_Deva
panel2,B,vardial2018/dev,mag,L1,dev:1213,mag_Deva
panel2,B,vardial2018/dev,mag,L1,dev:1214,awa_Deva
panel2,B,vardial2018/dev,mag,L1,dev:1218,awa_Deva
panel2,B,vardial2018/dev,mag,L1,dev:1220,mag_Deva
panel2,B,vardial2018/dev,mag,L1,dev:1221,mai_Deva
panel2,B,vardial2018/dev,mag,L1,dev:1228,mai_Deva
panel2,B,vardial2018/dev,mag,L1,dev:1232,hin_Deva
panel2,B,vardial2018/dev,mag,L1,dev:1242,mai_Deva
panel2,B,vardial2018/dev,mag,L1,dev:1244,mag_Deva
panel2,B,vardial2018/dev,mag,L1,dev:1250,mag_Deva
panel2,B,vardial2018/dev,mag,L1,dev:1262,mag_Deva
panel2,B,vardial2018/dev,mag,L1,dev:1266,mag_Deva
panel2,B,vardial2018/dev,mag,L1,dev:1269,bho_Deva
panel2,B,vardial2018/dev,mag,L1,dev:1279,awa_Deva
panel2,B,vardial2018/dev,mag,L1,dev:1280,mag_Deva
panel2,B,vardial2018/dev,mag,L1,dev:1286,mag_Deva
panel2,B,vardial2018/dev,mag,L1,dev:1288,hin_Deva
panel2,B,vardial2018/dev,mag,L1,dev:1296,hin_Deva
panel2,B,vardial2018/dev,mag,L1,dev:1305,mag_Deva
panel2,B,vardial2018/dev,mag,L1,dev:1310,mag_Deva
panel2,B,vardial2018/dev,mag,L1,dev:1314,mag_Deva
panel2,B,vardial2018/dev,mag,L1,dev:1315,mag_Deva
panel2,B,vardial2018/dev,mag,L1,dev:1316,mag_Deva
panel2,B,vardial2018/dev,mag,L1,dev:1329,bho_Deva
panel2,B,vardial2018/dev,mag,L1,dev:1336,mag_Deva
panel2,B,vardial2018/dev,mag,L1,dev:1343,mai_Deva
panel2,B,vardial2018/dev,mag,L1,dev:1344,sck_Deva
panel2,B,vardial2018/dev,mag,L1,dev:1345,thl_Deva
panel2,B,vardial2018/dev,mag,L1,dev:1349,mag_Deva
panel2,B,vardial2018/dev,mag,L1,dev:1351,mag_Deva
panel2,B,vardial2018/dev,mag,L1,dev:1358,mag_Deva
panel2,B,vardial2018/dev,mag,L1,dev:1359,mag_Deva
panel2,B,vardial2018/dev,mag,L1,dev:1372,mag_Deva
panel2,B,vardial2018/dev,mag,L1,dev:1381,bho_Deva
panel2,B,vardial2018/dev,mag,L1,dev:1389,mag_Deva
panel2,B,vardial2018/dev,mag,L1,dev:1390,awa_Deva
panel2,B,vardial2018/dev,mag,L1,dev:1394,awa_Deva
panel2,B,vardial2018/dev,mag,L1,dev:1395,mag_Deva
panel2,B,vardial2018/dev,mag,L1,dev:1400,mag_Deva
panel2,B,vardial2018/dev,mag,L1,dev:1418,mag_Deva
panel2,B,vardial2018/dev,mag,L1,dev:1423,bho_Deva
panel2,B,vardial2018/dev,mag,L1,dev:1427,mag_Deva
panel2,B,vardial2018/dev,mag,L1,dev:1432,mai_Deva
panel2,B,vardial2018/dev,mag,L1,dev:1439,mag_Deva
panel2,B,vardial2018/dev,mag,L1,dev:1442,bho_Deva
panel2,B,vardial2018/dev,mag,L1,dev:1443,mag_Deva
panel2,B,vardial2018/dev,mag,L1,dev:1447,bho_Deva
panel2,B,vardial2018/dev,mag,L1,dev:1451,awa_Deva
panel2,B,vardial2018/dev,mag,L1,dev:1459,mag_Deva
panel2,B,vardial2018/dev,mag,L1,dev:1461,mag_Deva
panel2,B,vardial2018/dev,mag,L1,dev:1465,mai_Deva
panel2,B,vardial2018/dev,mag,L1,dev:1476,hin_Deva
panel2,B,vardial2018/dev,mag,L1,dev:1484,mai_Deva
panel2,B,vardial2018/dev,mag,L1,dev:1487,bho_Deva
panel2,B,vardial2018/dev,mag,L1,dev:1488,bho_Deva
panel2,B,vardial2018/dev,mag,L1,dev:1490,mai_Deva
panel2,B,vardial2018/dev,mag,L1,dev:1491,thl_Deva
panel2,B,vardial2018/dev,mag,L1,dev:1492,mag_Deva
panel2,B,vardial2018/dev,mag,L1,dev:1505,snd_Deva
panel2,B,vardial2018/dev,mag,L1,dev:1513,mag_Deva
panel2,B,vardial2018/dev,mag,L1,dev:1516,bho_Deva
panel2,B,vardial2018/dev,mag,L1,dev:1520,mag_Deva
panel2,B,vardial2018/dev,mag,L1,dev:1522,bho_Deva
panel2,B,vardial2018/dev,mag,L1,dev:1523,npi_Deva
panel2,B,vardial2018/dev,mag,L1,dev:1525,mag_Deva
panel2,B,vardial2018/dev,mag,L1,dev:1535,awa_Deva
panel2,B,vardial2018/dev,mag,L1,dev:1536,mag_Deva
panel2,B,vardial2018/dev,mag,L1,dev:1541,mag_Deva
panel2,B,vardial2018/dev,mag,L1,dev:1545,mag_Deva
panel2,B,vardial2018/dev,mag,L1,dev:1547,mai_Deva
panel2,B,vardial2018/dev,mag,L1,dev:1550,mag_Deva
panel2,B,vardial2018/dev,mag,L1,dev:1551,mag_Deva
panel2,B,vardial2018/dev,mag,L1,dev:1555,anp_Deva
panel2,B,vardial2018/dev,mag,L1,dev:1557,bho_Deva
panel2,B,vardial2018/dev,mag,L1,dev:1560,mag_Deva
panel2,B,vardial2018/dev,mag,L1,dev:1562,awa_Deva
panel2,B,vardial2018/dev,mag,L1,dev:1563,mag_Deva
panel2,B,vardial2018/dev,mag,L1,dev:1567,hin_Deva
panel2,B,vardial2018/dev,mag,L1,dev:1568,hin_Deva
panel2,B,vardial2018/dev,mag,L1,dev:1569,mag_Deva
panel2,B,vardial2018/dev,mag,L1,dev:1572,mai_Deva
panel2,B,vardial2018/dev,mag,L1,dev:1573,mai_Deva
panel2,B,vardial2018/dev,mag,L1,dev:1574,mag_Deva
panel2,B,vardial2018/dev,mag,L1,dev:1585,awa_Deva
panel2,B,vardial2018/dev,mag,L1,dev:1589,mai_Deva
panel2,B,vardial2018/dev,mag,L1,dev:1595,bho_Deva
panel2,B,vardial2018/dev,mag,L1,dev:1600,bho_Deva
panel2,B,vardial2018/dev,mag,L1,dev:1606,bho_Deva
panel2,B,vardial2018/dev,mag,L1,dev:1607,awa_Deva
panel2,B,vardial2018/dev,mag,L1,dev:1613,bho_Deva
panel2,B,vardial2018/dev,mag,L1,dev:1631,bho_Deva
panel2,B,vardial2018/dev,mag,L1,dev:1633,mag_Deva
panel2,B,vardial2018/dev,mag,L1,dev:1640,mag_Deva
panel2,B,vardial2018/dev,mag,L1,dev:1649,mag_Deva
panel2,B,vardial2018/dev,mag,L1,dev:1651,mag_Deva
panel2,B,vardial2018/dev,mag,L1,dev:1661,mag_Deva
panel2,B,vardial2018/dev,mag,L1,dev:1666,mai_Deva
panel2,B,vardial2018/dev,mag,L1,dev:1669,mag_Deva
panel2,B,vardial2018/dev,mag,L1,dev:1681,mai_Deva
panel2,B,vardial2018/dev,mag,L1,dev:1687,mai_Deva
panel2,B,vardial2018/dev,mag,L1,dev:1691,bho_Deva
panel2,B,vardial2018/dev,mag,L1,dev:1699,bho_Deva
panel2,B,vardial2018/dev,mag,L1,dev:1709,mag_Deva
panel2,B,vardial2018/dev,mag,L1,dev:1713,mup_Deva
panel2,B,vardial2018/dev,mag,L1,dev:1717,mai_Deva
panel2,B,vardial2018/dev,mag,L1,dev:1721,mag_Deva
panel2,B,vardial2018/dev,mag,L1,dev:1724,mag_Deva
panel2,B,vardial2018/dev,mag,L1,dev:1730,mai_Deva
panel2,B,vardial2018/dev,mag,L1,dev:1739,mag_Deva
panel2,B,vardial2018/dev,mag,L1,dev:1741,mag_Deva
panel2,B,vardial2018/dev,mag,L1,dev:1743,bho_Deva
panel2,B,vardial2018/dev,mag,L1,dev:1744,mag_Deva
panel2,B,vardial2018/dev,mag,L1,dev:1747,mag_Deva
panel2,B,vardial2018/dev,mag,L1,dev:1748,awa_Deva
panel2,B,vardial2018/dev,mag,L1,dev:1750,bho_Deva
panel2,B,vardial2018/dev,mag,L1,dev:1768,bho_Deva
panel2,B,vardial2018/dev,mag,L1,dev:1770,hne_Deva
panel2,B,vardial2018/dev,mag,L1,dev:1776,mag_Deva
panel2,B,vardial2018/dev,mag,L1,dev:1781,mai_Deva
panel2,B,vardial2018/dev,mag,L1,dev:1782,bho_Deva
panel2,B,vardial2018/dev,mag,L1,dev:1794,mag_Deva
panel2,B,vardial2018/dev,mag,L1,dev:1800,mag_Deva
panel2,B,vardial2018/dev,mag,L1,dev:1801,mag_Deva
panel2,B,vardial2018/dev,mag,L1,dev:1808,mag_Deva
panel2,B,vardial2018/dev,mag,L1,dev:1809,mup_Deva
panel2,B,vardial2018/dev,mag,L1,dev:1813,mag_Deva
panel2,B,vardial2018/dev,mag,L1,dev:1816,hin_Deva
panel2,B,vardial2018/dev,mag,L1,dev:1822,awa_Deva
panel2,B,vardial2018/dev,mag,L1,dev:1823,hin_Deva
panel2,B,vardial2018/dev,mag,L1,dev:1827,mag_Deva
panel2,B,vardial2018/dev,mag,L1,dev:1829,hin_Deva
panel2,B,vardial2018/dev,mag,L1,dev:1830,bho_Deva
panel2,B,vardial2018/dev,mag,L1,dev:1836,mag_Deva
panel2,B,vardial2018/dev,mag,L1,dev:1839,bho_Deva
panel2,B,vardial2018/dev,mag,L1,dev:1843,mai_Deva
panel2,B,vardial2018/dev,mag,L1,dev:1846,mag_Deva
panel2,B,vardial2018/dev,mag,L1,dev:1854,mai_Deva
panel2,B,vardial2018/dev,mag,L1,dev:1855,mag_Deva
panel2,B,vardial2018/dev,mag,L1,dev:1856,mag_Deva
panel2,B,vardial2018/dev,mag,L1,dev:1858,mai_Deva
panel2,B,vardial2018/dev,mag,L1,dev:1861,bho_Deva
panel2,B,vardial2018/dev,mag,L1,dev:1863,hne_Deva
panel2,B,vardial2018/dev,mag,L1,dev:1866,mag_Deva
panel2,B,vardial2018/dev,mag,L1,dev:1867,bho_Deva
panel2,B,vardial2018/dev,mag,L1,dev:1874,awa_Deva
panel2,B,vardial2018/dev,mag,L1,dev:1875,mag_Deva
panel2,B,vardial2018/dev,mag,L1,dev:1883,awa_Deva
panel2,B,vardial2018/dev,mag,L1,dev:1884,bho_Deva
panel2,B,vardial2018/dev,mag,L1,dev:1885,hin_Deva
panel2,B,vardial2018/dev,mag,L1,dev:1888,mag_Deva
panel2,B,vardial2018/dev,mag,L1,dev:1891,mag_Deva
panel2,B,vardial2018/dev,mag,L1,dev:1894,mag_Deva
panel2,B,vardial2018/dev,mag,L1,dev:1899,awa_Deva
panel2,B,vardial2018/dev,mag,L1,dev:1905,mag_Deva
panel2,B,vardial2018/dev,mag,L1,dev:1906,mai_Deva
panel2,B,vardial2018/dev,mag,L1,dev:1917,bho_Deva
panel2,B,vardial2018/dev,mag,L1,dev:1920,mag_Deva
panel2,B,vardial2018/dev,mag,L1,dev:1925,mag_Deva
panel2,B,vardial2018/dev,mag,L1,dev:1926,mag_Deva
panel2,B,vardial2018/dev,mag,L1,dev:1928,bho_Deva
panel2,B,vardial2018/dev,mag,L1,dev:1930,mag_Deva
panel2,B,vardial2018/dev,mag,L1,dev:1937,hne_Deva
panel2,B,vardial2018/dev,mag,L1,dev:1944,hin_Deva
panel2,B,vardial2018/dev,mag,L1,dev:1956,mag_Deva
panel2,B,vardial2018/dev,mag,L1,dev:1975,hin_Deva
panel2,B,vardial2018/dev,mag,L1,dev:1985,mag_Deva
panel2,B,vardial2018/dev,mag,L1,dev:1991,mai_Deva
panel2,B,vardial2018/dev,mag,L1,dev:2005,bho_Deva
panel2,B,vardial2018/dev,mag,L1,dev:2016,awa_Deva
panel2,B,vardial2018/dev,mag,L1,dev:2017,mag_Deva
panel2,B,vardial2018/dev,mag,L1,dev:2018,mag_Deva
panel2,B,vardial2018/dev,mag,L1,dev:2019,bho_Deva
panel2,B,vardial2018/dev,mag,L1,dev:2022,mag_Deva
panel2,B,vardial2018/dev,mag,L1,dev:2023,mag_Deva
panel2,B,vardial2018/dev,mag,L1,dev:2034,awa_Deva
panel2,B,vardial2018/dev,mag,L1,dev:2042,mag_Deva
panel2,B,vardial2018/dev,mag,L1,dev:2045,mag_Deva
panel2,B,vardial2018/dev,mag,L1,dev:2048,bho_Deva
panel2,B,vardial2018/dev,mag,L1,dev:2052,anp_Deva
panel2,B,vardial2018/dev,mag,L1,dev:2054,hin_Deva
panel2,B,vardial2018/dev,mag,L1,dev:2055,mag_Deva
panel2,B,vardial2018/dev,mag,L1,dev:2058,mag_Deva
panel2,B,vardial2018/dev,mag,L1,dev:2059,mag_Deva
panel2,B,vardial2018/dev,mag,L1,dev:2065,hin_Deva
panel2,B,vardial2018/dev,mag,L1,dev:2070,mag_Deva
panel2,B,vardial2018/dev,mag,L1,dev:2076,mag_Deva
panel2,B,vardial2018/dev,mag,L1,dev:2081,bho_Deva
panel2,B,vardial2018/dev,mag,L1,dev:2083,bho_Deva
panel2,B,vardial2018/dev,mag,L1,dev:2095,mag_Deva
panel2,B,vardial2018/dev,mag,L1,dev:2101,mag_Deva
panel2,B,vardial2018/dev,mag,L1,dev:2105,awa_Deva
panel2,B,vardial2018/dev,mag,L1,dev:2111,bho_Deva
panel2,B,vardial2018/dev,mag,L1,dev:2119,mag_Deva
panel2,B,vardial2018/dev,mag,L1,dev:2120,mag_Deva
panel2,B,vardial2018/dev,mag,L1,dev:2128,mag_Deva
panel2,B,vardial2018/dev,mag,L1,dev:2141,mag_Deva
panel2,B,vardial2018/dev,mag,L1,dev:2145,mag_Deva
panel2,B,vardial2018/dev,mag,L1,dev:2152,hin_Deva
panel2,B,vardial2018/dev,mag,L1,dev:2155,mag_Deva
panel2,B,vardial2018/dev,mag,L1,dev:2177,thl_Deva
panel2,B,vardial2018/dev,mag,L1,dev:2193,mag_Deva
panel2,B,vardial2018/dev,mag,L1,dev:2194,mag_Deva
panel2,B,vardial2018/dev,mag,L1,dev:2203,bho_Deva
panel2,B,vardial2018/dev,mag,L1,dev:2205,mag_Deva
panel2,B,vardial2018/dev,mag,L1,dev:2210,mag_Deva
panel2,B,vardial2018/dev,mag,L1,dev:2216,mag_Deva
panel2,B,vardial2018/dev,mag,L1,dev:2217,bho_Deva
panel2,B,vardial2018/dev,mag,L1,dev:2227,bho_Deva
panel2,B,vardial2018/dev,mag,L1,dev:2235,mag_Deva
panel2,B,vardial2018/dev,mag,L1,dev:2263,mag_Deva
panel2,B,vardial2018/dev,mag,L1,dev:2273,bho_Deva
panel2,B,vardial2018/dev,mag,L1,dev:2274,bho_Deva
panel2,B,vardial2018/dev,mag,L1,dev:2275,mag_Deva
panel2,B,vardial2018/dev,mag,L1,dev:2288,mag_Deva
panel2,B,vardial2018/dev,mag,L1,dev:2293,mag_Deva
panel2,B,vardial2018/dev,mag,L1,dev:2298,mai_Deva
panel2,B,vardial2018/dev,mag,L1,dev:2302,mag_Deva
panel2,B,vardial2018/dev,mag,L1,dev:2303,mai_Deva
panel2,B,vardial2018/dev,mag,L1,dev:2304,awa_Deva
panel2,B,vardial2018/dev,mag,L1,dev:2308,kas_Deva
panel2,B,vardial2018/dev,mag,L1,dev:2309,mag_Deva
panel2,B,vardial2018/dev,mag,L1,dev:2312,hin_Deva
panel2,B,vardial2018/dev,mag,L1,dev:2313,mag_Deva
panel2,B,vardial2018/dev,mag,L1,dev:2314,mag_Deva
panel2,B,vardial2018/dev,mag,L1,dev:2315,mag_Deva
panel2,B,vardial2018/dev,mag,L1,dev:2316,anp_Deva
panel2,B,vardial2018/dev,mag,L1,dev:2325,awa_Deva
panel2,B,vardial2018/dev,mag,L1,dev:2327,awa_Deva
panel2,B,vardial2018/dev,mag,L1,dev:2328,hne_Deva
panel2,B,vardial2018/dev,mag,L1,dev:2341,mag_Deva
panel2,B,vardial2018/dev,mag,L1,dev:2354,mag_Deva
panel2,B,vardial2018/dev,mag,L1,dev:2360,hin_Deva
panel2,B,vardial2018/dev,mag,L1,dev:2363,mag_Deva
panel2,B,vardial2018/dev,mag,L1,dev:2369,mag_Deva
panel2,B,vardial2018/dev,mag,L1,dev:2379,bho_Deva
panel2,B,vardial2018/dev,mag,L1,dev:2384,bho_Deva
panel2,B,vardial2018/dev,mag,L1,dev:2390,bho_Deva
panel2,B,vardial2018/dev,mag,L1,dev:2395,bho_Deva
panel2,B,vardial2018/dev,mag,L1,dev:2400,mag_Deva
panel2,B,vardial2018/dev,mag,L1,dev:2409,mag_Deva
panel2,B,vardial2018/dev,mag,L1,dev:2422,mag_Deva
panel2,B,vardial2018/dev,mag,L1,dev:2423,mag_Deva
panel2,B,vardial2018/dev,mag,L1,dev:2425,mag_Deva
panel2,B,vardial2018/dev,mag,L1,dev:2447,mai_Deva
panel2,B,vardial2018/dev,mag,L1,dev:2450,bho_Deva
panel2,B,vardial2018/dev,mag,L1,dev:2451,mag_Deva
panel2,B,vardial2018/dev,mag,L1,dev:2453,mag_Deva
panel2,B,vardial2018/dev,mag,L1,dev:2462,mag_Deva
panel2,B,vardial2018/dev,mag,L1,dev:2469,mag_Deva
panel2,B,vardial2018/dev,mag,L1,dev:2477,bho_Deva
panel2,B,vardial2018/dev,mag,L1,dev:2483,bho_Deva
panel2,B,vardial2018/dev,mag,L1,dev:2484,mag_Deva
panel2,B,vardial2018/dev,mag,L1,dev:2487,bho_Deva
panel2,B,vardial2018/dev,mag,L1,dev:2489,mag_Deva
panel2,B,vardial2018/dev,mag,L1,dev:2491,awa_Deva
panel2,B,vardial2018/dev,mag,L1,dev:2498,mag_Deva
panel2,B,vardial2018/dev,mag,L1,dev:2506,anp_Deva
panel2,B,vardial2018/dev,mag,L1,dev:2527,mag_Deva
panel2,B,vardial2018/dev,mag,L1,dev:2529,mag_Deva
panel2,B,vardial2018/dev,mag,L1,dev:2534,bho_Deva
panel2,B,vardial2018/dev,mag,L1,dev:2539,mag_Deva
panel2,B,vardial2018/dev,mag,L1,dev:2548,bho_Deva
panel2,B,vardial2018/dev,mag,L1,dev:2552,bho_Deva
panel2,B,vardial2018/dev,mag,L1,dev:2553,hin_Deva
panel2,B,vardial2018/dev,mag,L1,dev:2555,mag_Deva
panel2,B,vardial2018/dev,mag,L1,dev:2556,mag_Deva
panel2,B,vardial2018/dev,mag,L1,dev:2562,hne_Deva
panel2,B,vardial2018/dev,mag,L1,dev:2573,mai_Deva
panel2,B,vardial2018/dev,mag,L1,dev:2574,mai_Deva
panel2,B,vardial2018/dev,mag,L1,dev:2575,mag_Deva
panel2,B,vardial2018/dev,mag,L1,dev:2578,bho_Deva
panel2,B,vardial2018/dev,mag,L1,dev:2583,bho_Deva
panel2,B,vardial2018/dev,mag,L1,dev:2587,mag_Deva
panel2,B,vardial2018/dev,mag,L1,dev:2588,mag_Deva
panel2,B,vardial2018/dev,mag,L1,dev:2590,hin_Deva
panel2,B,vardial2018/dev,mag,L1,dev:2599,mag_Deva
panel2,B,vardial2018/dev,mag,L1,dev:2600,bho_Deva
panel2,B,vardial2018/dev,mag,L1,dev:2601,mag_Deva
panel2,B,vardial2018/dev,mag,L1,dev:2604,bho_Deva
panel2,B,vardial2018/dev,mag,L1,dev:2607,bho_Deva
panel2,B,vardial2018/dev,mag,L1,dev:2619,mag_Deva
panel2,B,vardial2018/dev,mag,L1,dev:2626,mag_Deva
panel2,B,vardial2018/dev,mag,L1,dev:2637,bho_Deva
panel2,B,vardial2018/dev,mag,L1,dev:2640,mag_Deva
panel2,B,vardial2018/dev,mag,L1,dev:2642,bho_Deva
panel2,B,vardial2018/dev,mag,L1,dev:2643,snd_Deva
panel2,B,vardial2018/dev,mag,L1,dev:2645,bho_Deva
panel2,B,vardial2018/dev,mag,L1,dev:2659,mag_Deva
panel2,B,vardial2018/dev,mag,L1,dev:2661,bho_Deva
panel2,B,vardial2018/dev,mag,L1,dev:2676,mag_Deva
panel2,B,vardial2018/dev,mag,L1,dev:2677,mag_Deva
panel2,B,vardial2018/dev,mag,L1,dev:2678,kru_Deva
panel2,B,vardial2018/dev,mag,L1,dev:2685,mag_Deva
panel2,B,vardial2018/dev,mag,L1,dev:2689,anp_Deva
panel2,B,vardial2018/dev,mag,L1,dev:2691,mag_Deva
panel2,B,vardial2018/dev,mag,L1,dev:2692,mag_Deva
panel2,B,vardial2018/dev,mag,L1,dev:2693,mag_Deva
panel2,B,vardial2018/dev,mag,L1,dev:2695,bho_Deva
panel2,B,vardial2018/dev,mag,L1,dev:2697,kas_Deva
panel2,B,vardial2018/dev,mag,L1,dev:2708,mag_Deva
panel2,B,vardial2018/dev,mag,L1,dev:2711,mag_Deva
panel2,B,vardial2018/dev,mag,L1,dev:2713,mai_Deva
panel2,B,vardial2018/dev,mag,L1,dev:2714,mag_Deva
panel2,B,vardial2018/dev,mag,L1,dev:2716,bho_Deva
panel2,B,vardial2018/dev,mag,L1,dev:2718,hin_Deva
panel2,B,vardial2018/dev,mag,L1,dev:2719,mag_Deva
panel2,B,vardial2018/dev,mag,L1,dev:2726,bho_Deva
panel2,B,vardial2018/dev,mag,L1,dev:2734,mag_Deva
panel2,B,vardial2018/dev,mag,L1,dev:2737,mag_Deva
panel2,B,vardial2018/dev,mag,L1,dev:2740,mag_Deva
panel2,B,vardial2018/dev,mag,L1,dev:2741,hin_Deva
panel2,B,vardial2018/dev,mag,L1,dev:2743,mai_Deva
panel2,B,vardial2018/dev,mag,L1,dev:2750,hin_Deva
panel2,B,vardial2018/dev,mag,L1,dev:2762,mag_Deva
panel2,B,vardial2018/dev,mag,L1,dev:2766,mag_Deva
panel2,B,vardial2018/dev,mag,L1,dev:2774,bho_Deva
panel2,B,vardial2018/dev,mag,L1,dev:2776,mag_Deva
panel2,B,vardial2018/dev,mag,L1,dev:2779,bho_Deva
panel2,B,vardial2018/dev,mag,L1,dev:2780,mag_Deva
panel2,B,vardial2018/dev,mag,L1,dev:2781,awa_Deva
panel2,B,vardial2018/dev,mag,L1,dev:2793,mag_Deva
panel2,B,vardial2018/dev,mag,L1,dev:2799,mag_Deva
panel2,B,vardial2018/dev,mag,L1,dev:2803,mai_Deva
panel2,B,vardial2018/dev,mag,L1,dev:2804,mag_Deva
panel2,B,vardial2018/dev,mag,L1,dev:2810,mag_Deva
panel2,B,vardial2018/dev,mag,L1,dev:2811,mag_Deva
panel2,B,vardial2018/dev,mag,L1,dev:2813,mai_Deva
panel2,B,vardial2018/dev,mag,L1,dev:2823,bho_Deva
panel2,B,vardial2018/dev,mag,L1,dev:2824,mag_Deva
panel2,B,vardial2018/dev,mag,L1,dev:2828,mag_Deva
panel2,B,vardial2018/dev,mag,L1,dev:2829,bho_Deva
panel2,B,vardial2018/dev,mag,L1,dev:2831,bho_Deva
panel2,B,vardial2018/dev,mag,L1,dev:2833,mag_Deva
panel2,B,vardial2018/dev,mag,L1,dev:2844,bho_Deva
panel2,B,vardial2018/dev,mag,L1,dev:2846,mag_Deva
panel2,B,vardial2018/dev,mag,L1,dev:2866,mag_Deva
panel2,B,vardial2018/dev,mag,L1,dev:2870,mag_Deva
panel2,B,vardial2018/dev,mag,L1,dev:2874,mai_Deva
panel2,B,vardial2018/dev,mag,L1,dev:2875,bho_Deva
panel2,B,vardial2018/dev,mag,L1,dev:2879,mag_Deva
panel2,B,vardial2018/dev,mag,L1,dev:2880,mag_Deva
panel2,B,vardial2018/dev,mag,L1,dev:2883,awa_Deva
panel2,B,vardial2018/dev,mag,L1,dev:2887,hin_Deva
panel2,B,vardial2018/dev,mag,L1,dev:2888,bho_Deva
panel2,B,vardial2018/dev,mag,L1,dev:2894,bho_Deva
panel2,B,vardial2018/dev,mag,L1,dev:2896,mai_Deva
panel2,B,vardial2018/dev,mag,L1,dev:2897,mag_Deva
panel2,B,vardial2018/dev,mag,L1,dev:2911,bho_Deva
panel2,B,vardial2018/dev,mag,L1,dev:2916,hin_Deva
panel2,B,vardial2018/dev,mag,L1,dev:2919,bho_Deva
panel2,B,vardial2018/dev,mag,L1,dev:2920,mag_Deva
panel2,B,vardial2018/dev,mag,L1,dev:2930,bho_Deva
panel2,B,vardial2018/dev,mag,L1,dev:2931,mag_Deva
panel2,B,vardial2018/dev,mag,L1,dev:2950,mai_Deva
panel2,B,vardial2018/dev,mag,L1,dev:2952,bho_Deva
panel2,B,vardial2018/dev,mag,L1,dev:2960,bho_Deva
panel2,B,vardial2018/dev,mag,L1,dev:2961,hin_Deva
panel2,B,vardial2018/dev,mag,L1,dev:2962,bho_Deva
panel2,B,vardial2018/dev,mag,L1,dev:2965,mag_Deva
panel2,B,vardial2018/dev,mag,L1,dev:2969,hin_Deva
panel2,B,vardial2018/dev,mag,L1,dev:2972,awa_Deva
panel2,B,vardial2018/dev,mag,L1,dev:2981,bho_Deva
panel2,B,vardial2018/dev,mag,L1,dev:2987,hin_Deva
panel2,B,vardial2018/dev,mag,L1,dev:2990,bho_Deva
panel2,B,vardial2018/dev,mag,L1,dev:2992,hne_Deva
panel2,B,vardial2018/dev,mag,L1,dev:2996,mag_Deva
panel2,B,vardial2018/dev,mag,L1,dev:3000,mag_Deva
panel2,B,vardial2018/dev,mag,L1,dev:3002,anp_Deva
panel2,B,vardial2018/dev,mag,L1,dev:3006,bho_Deva
panel2,B,vardial2018/dev,mag,L1,dev:3007,mag_Deva
panel2,B,vardial2018/dev,mag,L1,dev:3008,mai_Deva
panel2,B,vardial2018/dev,mag,L1,dev:3009,bho_Deva
panel2,B,vardial2018/dev,mag,L1,dev:3013,mag_Deva
panel2,B,vardial2018/dev,mag,L1,dev:3021,hin_Deva
panel2,B,vardial2018/dev,mag,L1,dev:3025,mag_Deva
panel2,B,vardial2018/dev,mag,L1,dev:3036,mag_Deva
panel2,B,vardial2018/dev,mag,L1,dev:3039,mag_Deva
panel2,B,vardial2018/dev,mag,L1,dev:3046,doi_Deva
panel2,B,vardial2018/dev,mag,L1,dev:3047,mag_Deva
panel2,B,vardial2018/dev,mag,L1,dev:3050,mag_Deva
panel2,B,vardial2018/dev,mag,L1,dev:3051,mag_Deva
panel2,B,vardial2018/dev,mag,L1,dev:3053,hin_Deva
panel2,B,vardial2018/dev,mag,L1,dev:3054,bho_Deva
panel2,B,vardial2018/dev,mag,L1,dev:3065,mag_Deva
panel2,B,vardial2018/dev,mag,L1,dev:3066,mag_Deva
panel2,B,vardial2018/dev,mag,L1,dev:3082,hin_Deva
panel2,B,vardial2018/dev,mag,L1,dev:3085,hne_Deva
panel2,B,vardial2018/dev,mag,L1,dev:3093,mag_Deva
panel2,B,vardial2018/dev,mag,L1,dev:3095,mag_Deva
panel2,B,vardial2018/dev,mag,L1,dev:3098,bho_Deva
panel2,B,vardial2018/dev,mag,L1,dev:3104,bho_Deva
panel2,B,vardial2018/dev,mag,L1,dev:3112,mag_Deva
panel2,B,vardial2018/dev,mag,L1,dev:3115,doi_Deva
panel2,B,vardial2018/dev,mag,L1,dev:3116,mag_Deva
panel2,B,vardial2018/dev,mag,L1,dev:3121,mag_Deva
panel2,B,vardial2018/dev,mag,L1,dev:3140,mag_Deva
panel2,B,vardial2018/dev,mag,L1,dev:3143,mag_Deva
panel2,B,vardial2018/dev,mag,L1,dev:3148,mag_Deva
panel2,B,vardial2018/dev,mag,L1,dev:3149,mai_Deva
panel2,B,vardial2018/dev,mag,L1,dev:3159,hin_Deva
panel2,B,vardial2018/dev,mag,L1,dev:3166,bho_Deva
panel2,B,vardial2018/dev,mag,L1,dev:3175,mag_Deva
panel2,B,vardial2018/dev,mag,L1,dev:3179,bho_Deva
panel2,B,vardial2018/dev,mag,L1,dev:3181,hin_Deva
panel2,B,vardial2018/dev,mag,L1,dev:3186,hin_Deva
panel2,B,vardial2018/dev,mag,L1,dev:3196,mag_Deva
panel2,B,vardial2018/dev,mag,L1,dev:3202,bho_Deva
panel2,B,vardial2018/dev,mag,L1,dev:3214,mai_Deva
panel2,B,vardial2018/dev,mag,L1,dev:3215,mag_Deva
panel2,B,vardial2018/dev,mag,L1,dev:3216,thl_Deva
panel2,B,vardial2018/dev,mag,L1,dev:3219,mag_Deva
panel2,B,vardial2018/dev,mag,L1,dev:3233,mag_Deva
panel2,B,vardial2018/dev,mag,L1,dev:3235,mai_Deva
panel2,B,vardial2018/dev,mag,L1,dev:3236,mag_Deva
panel2,B,vardial2018/dev,mag,L1,dev:3238,hin_Deva
panel2,B,vardial2018/dev,mag,L1,dev:3241,npi_Deva
panel2,B,vardial2018/dev,mag,L1,dev:3244,awa_Deva
panel2,B,vardial2018/dev,mag,L1,dev:3258,mag_Deva
panel2,B,vardial2018/dev,mag,L1,dev:3265,mai_Deva
panel2,B,vardial2018/dev,mag,L1,dev:3266,mag_Deva
panel2,B,vardial2018/dev,mag,L1,dev:3269,mag_Deva
panel2,B,vardial2018/dev,mag,L1,dev:3276,hin_Deva
panel2,B,vardial2018/dev,mag,L1,dev:3277,bho_Deva
panel2,B,vardial2018/dev,mag,L1,dev:3281,mag_Deva
panel2,B,vardial2018/dev,mag,L1,dev:3282,kas_Deva
panel2,B,vardial2018/dev,mag,L1,dev:3288,mag_Deva
panel2,B,vardial2018/dev,mag,L1,dev:3289,awa_Deva
panel2,B,vardial2018/dev,mag,L1,dev:3304,mag_Deva
panel2,B,vardial2018/dev,mag,L1,dev:3308,mag_Deva
panel2,B,vardial2018/dev,mag,L1,dev:3316,mup_Deva
panel2,B,vardial2018/dev,mag,L1,dev:3317,mag_Deva
panel2,B,vardial2018/dev,mag,L1,dev:3319,mai_Deva
panel2,B,vardial2018/dev,mag,L1,dev:3333,mag_Deva
panel2,B,vardial2018/dev,mag,L1,dev:3335,mai_Deva
panel2,B,vardial2018/dev,mag,L1,dev:3345,mag_Deva
panel2,B,vardial2018/dev,mag,L1,dev:3347,mag_Deva
panel2,B,vardial2018/dev,mag,L1,dev:3352,mag_Deva
panel2,B,vardial2018/dev,mag,L1,dev:3357,mag_Deva
panel2,B,vardial2018/dev,mag,L1,dev:3362,bho_Deva
panel2,B,vardial2018/dev,mag,L1,dev:3389,mag_Deva
panel2,B,vardial2018/dev,mag,L1,dev:3391,mag_Deva
panel2,B,vardial2018/dev,mag,L1,dev:3398,mag_Deva
panel2,B,vardial2018/dev,mag,L1,dev:3399,bho_Deva
panel2,B,vardial2018/dev,mag,L1,dev:3401,npi_Deva
panel2,B,vardial2018/dev,mag,L1,dev:3402,mag_Deva
panel2,B,vardial2018/dev,mag,L1,dev:3404,mup_Deva
panel2,B,vardial2018/dev,mag,L1,dev:3414,mag_Deva
panel2,B,vardial2018/dev,mag,L1,dev:3419,awa_Deva
panel2,B,vardial2018/dev,mag,L1,dev:3421,bho_Deva
panel2,B,vardial2018/dev,mag,L1,dev:3422,mag_Deva
panel2,B,vardial2018/dev,mag,L1,dev:3427,mag_Deva
panel2,B,vardial2018/dev,mag,L1,dev:3430,mag_Deva
panel2,B,vardial2018/dev,mag,L1,dev:3435,mag_Deva
panel2,B,vardial2018/dev,mag,L1,dev:3436,mai_Deva
panel2,B,vardial2018/dev,mag,L1,dev:3438,mag_Deva
panel2,B,vardial2018/dev,mag,L1,dev:3445,hne_Deva
panel2,B,vardial2018/dev,mag,L1,dev:3458,mag_Deva
panel2,B,vardial2018/dev,mag,L1,dev:3467,mag_Deva
panel2,B,vardial2018/dev,mag,L1,dev:3468,mag_Deva
panel2,B,vardial2018/dev,mag,L1,dev:3473,mag_Deva
panel2,B,vardial2018/dev,mag,L1,dev:3486,mag_Deva
panel2,B,vardial2018/dev,mag,L1,dev:3491,mag_Deva
panel2,B,vardial2018/dev,mag,L1,dev:3496,mag_Deva
panel2,B,vardial2018/dev,mag,L1,dev:3510,bho_Deva
panel2,B,vardial2018/dev,mag,L1,dev:3517,mag_Deva
panel2,B,vardial2018/dev,mag,L1,dev:3518,mag_Deva
panel2,B,vardial2018/dev,mag,L1,dev:3528,bho_Deva
panel2,B,vardial2018/dev,mag,L1,dev:3534,mag_Deva
panel2,B,vardial2018/dev,mag,L1,dev:3536,sck_Deva
panel2,B,vardial2018/dev,mag,L1,dev:3549,mag_Deva
panel2,B,vardial2018/dev,mag,L1,dev:3551,hin_Deva
panel2,B,vardial2018/dev,mag,L1,dev:3554,bho_Deva
panel2,B,vardial2018/dev,mag,L1,dev:3562,mag_Deva
panel2,B,vardial2018/dev,mag,L1,dev:3563,anp_Deva
panel2,B,vardial2018/dev,mag,L1,dev:3571,awa_Deva
panel2,B,vardial2018/dev,mag,L1,dev:3578,mag_Deva
panel2,B,vardial2018/dev,mag,L1,dev:3580,bho_Deva
panel2,B,vardial2018/dev,mag,L1,dev:3581,mag_Deva
panel2,B,vardial2018/dev,mag,L1,dev:3583,bho_Deva
panel2,B,vardial2018/dev,mag,L1,dev:3584,mai_Deva
panel2,B,vardial2018/dev,mag,L1,dev:3590,bho_Deva
panel2,B,vardial2018/dev,mag,L1,dev:3591,hne_Deva
panel2,B,vardial2018/dev,mag,L1,dev:3593,mag_Deva
panel2,B,vardial2018/dev,mag,L1,dev:3596,hin_Deva
panel2,B,vardial2018/dev,mag,L1,dev:3597,mag_Deva
panel2,B,vardial2018/dev,mag,L1,dev:3598,bho_Deva
panel2,B,vardial2018/dev,mag,L1,dev:3602,mag_Deva
panel2,B,vardial2018/dev,mag,L1,dev:3603,awa_Deva
panel2,B,vardial2018/dev,mag,L1,dev:3611,mag_Deva
panel2,B,vardial2018/dev,mag,L1,dev:3617,mag_Deva
panel2,B,vardial2018/dev,mag,L1,dev:3618,mag_Deva
panel2,B,vardial2018/dev,mag,L1,dev:3619,mag_Deva
panel2,B,vardial2018/dev,mag,L1,dev:3620,mag_Deva
panel2,B,vardial2018/dev,mag,L1,dev:3623,bho_Deva
panel2,B,vardial2018/dev,mag,L1,dev:3624,mai_Deva
panel2,B,vardial2018/dev,mag,L1,dev:3627,mag_Deva
panel2,B,vardial2018/dev,mag,L1,dev:3630,mai_Deva
panel2,B,vardial2018/dev,mag,L1,dev:3632,mag_Deva
panel2,B,vardial2018/dev,mag,L1,dev:3635,mag_Deva
panel2,B,vardial2018/dev,mag,L1,dev:3645,mag_Deva
panel2,B,vardial2018/dev,mag,L1,dev:3650,mag_Deva
panel2,B,vardial2018/dev,mag,L1,dev:3657,mag_Deva
panel2,B,vardial2018/dev,mag,L1,dev:3663,awa_Deva
panel2,B,vardial2018/dev,mag,L1,dev:3668,awa_Deva
panel2,B,vardial2018/dev,mag,L1,dev:3669,mag_Deva
panel2,B,vardial2018/dev,mag,L1,dev:3670,mai_Deva
panel2,B,vardial2018/dev,mag,L1,dev:3675,bho_Deva
panel2,B,vardial2018/dev,mag,L1,dev:3684,mai_Deva
panel2,B,vardial2018/dev,mag,L1,dev:3691,mag_Deva
panel2,B,vardial2018/dev,mag,L1,dev:3695,mag_Deva
panel2,B,vardial2018/dev,mag,L1,dev:3700,mag_Deva
panel2,B,vardial2018/dev,mag,L1,dev:3701,hne_Deva
panel2,B,vardial2018/dev,mag,L1,dev:3712,mag_Deva
panel2,B,vardial2018/dev,mag,L1,dev:3718,mag_Deva
panel2,B,vardial2018/dev,mag,L1,dev:3722,mag_Deva
panel2,B,vardial2018/dev,mag,L1,dev:3740,mag_Deva
panel2,B,vardial2018/dev,mag,L1,dev:3741,hin_Deva
panel2,B,vardial2018/dev,mag,L1,dev:3746,bho_Deva
panel2,B,vardial2018/dev,mag,L1,dev:3755,hin_Deva
panel2,B,vardial2018/dev,mag,L1,dev:3757,mag_Deva
panel2,B,vardial2018/dev,mag,L1,dev:3760,mag_Deva
panel2,B,vardial2018/dev,mag,L1,dev:3765,mai_Deva
panel2,B,vardial2018/dev,mag,L1,dev:3767,mag_Deva
panel2,B,vardial2018/dev,mag,L1,dev:3774,mag_Deva
panel2,B,vardial2018/dev,mag,L1,dev:3779,mag_Deva
panel2,B,vardial2018/dev,mag,L1,dev:3794,bho_Deva
panel2,B,vardial2018/dev,mag,L1,dev:3795,mai_Deva
panel2,B,vardial2018/dev,mag,L1,dev:3797,mag_Deva
panel2,B,vardial2018/dev,mag,L1,dev:3798,mag_Deva
panel2,B,vardial2018/dev,mag,L1,dev:3799,mag_Deva
panel2,B,vardial2018/dev,mag,L1,dev:3800,mag_Deva
panel2,B,vardial2018/dev,mag,L1,dev:3802,mag_Deva
panel2,B,vardial2018/dev,mag,L1,dev:3804,mag_Deva
panel2,B,vardial2018/dev,mag,L1,dev:3805,awa_Deva
panel2,B,vardial2018/dev,mag,L1,dev:3806,mai_Deva
panel2,B,vardial2018/dev,mag,L1,dev:3808,bho_Deva
panel2,B,vardial2018/dev,mag,L1,dev:3826,hin_Deva
panel2,B,vardial2018/dev,mag,L1,dev:3828,mag_Deva
panel2,B,vardial2018/dev,mag,L1,dev:3835,hin_Deva
panel2,B,vardial2018/dev,mag,L1,dev:3837,bho_Deva
panel2,B,vardial2018/dev,mag,L1,dev:3838,bho_Deva
panel2,B,vardial2018/dev,mag,L1,dev:3841,hin_Deva
panel2,B,vardial2018/dev,mag,L1,dev:3843,bho_Deva
panel2,B,vardial2018/dev,mag,L1,dev:3848,bho_Deva
panel2,B,vardial2018/dev,mag,L1,dev:3851,bho_Deva
panel2,B,vardial2018/dev,mag,L1,dev:3855,bho_Deva
panel2,B,vardial2018/dev,mag,L1,dev:3858,bho_Deva
panel2,B,vardial2018/dev,mag,L1,dev:3859,bho_Deva
panel2,B,vardial2018/dev,mag,L1,dev:3862,mag_Deva
panel2,B,vardial2018/dev,mag,L1,dev:3864,mai_Deva
panel2,B,vardial2018/dev,mag,L1,dev:3872,bho_Deva
panel2,B,vardial2018/dev,mag,L1,dev:3887,mag_Deva
panel2,B,vardial2018/dev,mag,L1,dev:3891,mag_Deva
panel2,B,vardial2018/dev,mag,L1,dev:3905,bho_Deva
panel2,B,vardial2018/dev,mag,L1,dev:3906,kas_Deva
panel2,B,vardial2018/dev,mag,L1,dev:3912,mag_Deva
panel2,B,vardial2018/dev,mag,L1,dev:3919,mag_Deva
panel2,B,vardial2018/dev,mag,L1,dev:3922,mag_Deva
panel2,B,vardial2018/dev,mag,L1,dev:3929,mag_Deva
panel2,B,vardial2018/dev,mag,L1,dev:3940,mag_Deva
panel2,B,vardial2018/dev,mag,L1,dev:3949,hin_Deva
panel2,B,vardial2018/dev,mag,L1,dev:3950,mag_Deva
panel2,B,vardial2018/dev,mag,L1,dev:3952,mag_Deva
panel2,B,vardial2018/dev,mag,L1,dev:3956,mag_Deva
panel2,B,vardial2018/dev,mag,L1,dev:3957,hin_Deva
panel2,B,vardial2018/dev,mag,L1,dev:3962,bho_Deva
panel2,B,vardial2018/dev,mag,L1,dev:3974,mag_Deva
panel2,B,vardial2018/dev,mag,L1,dev:3980,bho_Deva
panel2,B,vardial2018/dev,mag,L1,dev:3986,awa_Deva
panel2,B,vardial2018/dev,mag,L1,dev:3994,bho_Deva
panel2,B,vardial2018/dev,mag,L1,dev:4010,awa_Deva
panel2,B,vardial2018/dev,mag,L1,dev:4026,mag_Deva
panel2,B,vardial2018/dev,mag,L1,dev:4028,bho_Deva
panel2,B,vardial2018/dev,mag,L1,dev:4042,mag_Deva
panel2,B,vardial2018/dev,mag,L1,dev:4045,awa_Deva
panel2,B,vardial2018/dev,mag,L1,dev:4046,bho_Deva
panel2,B,vardial2018/dev,mag,L1,dev:4063,bho_Deva
panel2,B,vardial2018/dev,mag,L1,dev:4068,awa_Deva
panel2,B,vardial2018/dev,mag,L1,dev:4071,mag_Deva
panel2,B,vardial2018/dev,mag,L1,dev:4078,mag_Deva
panel2,B,vardial2018/dev,mag,L1,dev:4084,mai_Deva
panel2,B,vardial2018/dev,mag,L1,dev:4086,mag_Deva
panel2,B,vardial2018/dev,mag,L1,dev:4093,mag_Deva
panel2,B,vardial2018/dev,mag,L1,dev:4099,bho_Deva
panel2,B,vardial2018/dev,mag,L1,dev:4106,awa_Deva
panel2,B,vardial2018/dev,mag,L1,dev:4121,mag_Deva
panel2,B,vardial2018/dev,mag,L1,dev:4124,mag_Deva
panel2,B,vardial2018/dev,mag,L1,dev:4125,bho_Deva
panel2,B,vardial2018/dev,mag,L1,dev:4126,mag_Deva
panel2,B,vardial2018/dev,mag,L1,dev:4129,mag_Deva
panel2,B,vardial2018/dev,mag,L1,dev:4130,mag_Deva
panel2,B,vardial2018/dev,mag,L1,dev:4138,mag_Deva
panel2,B,vardial2018/dev,mag,L1,dev:4141,mag_Deva
panel2,B,vardial2018/dev,mag,L1,dev:4173,mag_Deva
panel2,B,vardial2018/dev,mag,L1,dev:4178,bho_Deva
panel2,B,vardial2018/dev,mag,L1,dev:4179,mag_Deva
panel2,B,vardial2018/dev,mag,L1,dev:4181,hin_Deva
panel2,B,vardial2018/dev,mag,L1,dev:4182,hin_Deva
panel2,B,vardial2018/dev,mag,L1,dev:4187,bho_Deva
panel2,B,vardial2018/dev,mag,L1,dev:4192,bho_Deva
panel2,B,vardial2018/dev,mag,L1,dev:4204,mag_Deva
panel2,B,vardial2018/dev,mag,L1,dev:4208,mag_Deva
panel2,B,vardial2018/dev,mag,L1,dev:4210,awa_Deva
panel2,B,vardial2018/dev,mag,L1,dev:4219,bho_Deva
panel2,B,vardial2018/dev,mag,L1,dev:4222,bho_Deva
panel2,B,vardial2018/dev,mag,L1,dev:4225,mag_Deva
panel2,B,vardial2018/dev,mag,L1,dev:4227,hin_Deva
panel2,B,vardial2018/dev,mag,L1,dev:4231,awa_Deva
panel2,B,vardial2018/dev,mag,L1,dev:4235,hin_Deva
panel2,B,vardial2018/dev,mag,L1,dev:4239,bho_Deva
panel2,B,vardial2018/dev,mag,L1,dev:4241,mag_Deva
panel2,B,vardial2018/dev,mag,L1,dev:4242,mag_Deva
panel2,B,vardial2018/dev,mag,L1,dev:4243,mag_Deva
panel2,B,vardial2018/dev,mag,L1,dev:4247,hin_Deva
panel2,B,vardial2018/dev,mag,L1,dev:4248,mag_Deva
panel2,B,vardial2018/dev,mag,L1,dev:4249,bho_Deva
panel2,B,vardial2018/dev,mag,L1,dev:4254,awa_Deva
panel2,B,vardial2018/dev,mag,L1,dev:4269,mag_Deva
panel2,B,vardial2018/dev,mag,L1,dev:4271,mai_Deva
panel2,B,vardial2018/dev,mag,L1,dev:4277,bho_Deva
panel2,B,vardial2018/dev,mag,L1,dev:4295,sck_Deva
panel2,B,vardial2018/dev,mag,L1,dev:4301,mai_Deva
panel2,B,vardial2018/dev,mag,L1,dev:4304,bho_Deva
panel2,B,vardial2018/dev,mag,L1,dev:4308,bho_Deva
panel2,B,vardial2018/dev,mag,L1,dev:4313,mag_Deva
panel2,B,vardial2018/dev,mag,L1,dev:4314,bho_Deva
panel2,B,vardial2018/dev,mag,L1,dev:4318,mag_Deva
panel2,B,vardial2018/dev,mag,L1,dev:4321,mag_Deva
panel2,B,vardial2018/dev,mag,L1,dev:4324,mag_Deva
panel2,B,vardial2018/dev,mag,L1,dev:4332,mai_Deva
panel2,B,vardial2018/dev,mag,L1,dev:4335,hin_Deva
panel2,B,vardial2018/dev,mag,L1,dev:4341,mag_Deva
panel2,B,vardial2018/dev,mag,L1,dev:4342,mag_Deva
panel2,B,vardial2018/dev,mag,L1,dev:4350,bho_Deva
panel2,B,vardial2018/dev,mag,L1,dev:4352,mag_Deva
panel2,B,vardial2018/dev,mag,L1,dev:4361,mag_Deva
panel2,B,vardial2018/dev,mag,L1,dev:4370,mag_Deva
panel2,B,vardial2018/dev,mag,L1,dev:4372,mag_Deva
panel2,B,vardial2018/dev,mag,L1,dev:4378,mag_Deva
panel2,B,vardial2018/dev,mag,L1,dev:4379,hin_Deva
panel2,B,vardial2018/dev,mag,L1,dev:4395,mag_Deva
panel2,B,vardial2018/dev,mag,L1,dev:4401,mai_Deva
panel2,B,vardial2018/dev,mag,L1,dev:4414,hin_Deva
panel2,B,vardial2018/dev,mag,L1,dev:4416,mag_Deva
panel2,B,vardial2018/dev,mag,L1,dev:4417,mag_Deva
panel2,B,vardial2018/dev,mag,L1,dev:4428,mag_Deva
panel2,B,vardial2018/dev,mag,L1,dev:4432,hin_Deva
panel2,B,vardial2018/dev,mag,L1,dev:4434,mag_Deva
panel2,B,vardial2018/dev,mag,L1,dev:4438,mag_Deva
panel2,B,vardial2018/dev,mag,L1,dev:4446,bho_Deva
panel2,B,vardial2018/dev,mag,L1,dev:4449,mag_Deva
panel2,B,vardial2018/dev,mag,L1,dev:4460,hin_Deva
panel2,B,vardial2018/dev,mag,L1,dev:4464,bho_Deva
panel2,B,vardial2018/dev,mag,L1,dev:4480,bho_Deva
panel2,B,vardial2018/dev,mag,L1,dev:4485,mag_Deva
panel2,B,vardial2018/dev,mag,L1,dev:4488,mag_Deva
panel2,B,vardial2018/dev,mag,L1,dev:4494,mag_Deva
panel2,B,vardial2018/dev,mag,L1,dev:4495,mag_Deva
panel2,B,vardial2018/dev,mag,L1,dev:4503,bho_Deva
panel2,B,vardial2018/dev,mag,L1,dev:4504,awa_Deva
panel2,B,vardial2018/dev,mag,L1,dev:4512,mag_Deva
panel2,B,vardial2018/dev,mag,L1,dev:4514,mag_Deva
panel2,B,vardial2018/dev,mag,L1,dev:4516,awa_Deva
panel2,B,vardial2018/dev,mag,L1,dev:4517,ghe_Deva
panel2,B,vardial2018/dev,mag,L1,dev:4520,mag_Deva
panel2,B,vardial2018/dev,mag,L1,dev:4521,hne_Deva
panel2,B,vardial2018/dev,mag,L1,dev:4528,mag_Deva
panel2,B,vardial2018/dev,mag,L1,dev:4530,mag_Deva
panel2,B,vardial2018/dev,mag,L1,dev:4545,mai_Deva
panel2,B,vardial2018/dev,mag,L1,dev:4547,mag_Deva
panel2,B,vardial2018/dev,mag,L1,dev:4548,mai_Deva
panel2,B,vardial2018/dev,mag,L1,dev:4549,bho_Deva
panel2,B,vardial2018/dev,mag,L1,dev:4566,mag_Deva
panel2,B,vardial2018/dev,mag,L1,dev:4571,mag_Deva
panel2,B,vardial2018/dev,mag,L1,dev:4575,hin_Deva
panel2,B,vardial2018/dev,mag,L1,dev:4583,mag_Deva
panel2,B,vardial2018/dev,mag,L1,dev:4590,mag_Deva
panel2,B,vardial2018/dev,mag,L1,dev:4591,mag_Deva
panel2,B,vardial2018/dev,mag,L1,dev:4601,mai_Deva
panel2,B,vardial2018/dev,mag,L1,dev:4603,awa_Deva
panel2,B,vardial2018/dev,mag,L1,dev:4608,bho_Deva
panel2,B,vardial2018/dev,mag,L1,dev:4616,bho_Deva
panel2,B,vardial2018/dev,mag,L1,dev:4620,hin_Deva
panel2,B,vardial2018/dev,mag,L1,dev:4621,mag_Deva
panel2,B,vardial2018/dev,mag,L1,dev:4631,bho_Deva
panel2,B,vardial2018/dev,mag,L1,dev:4633,kas_Deva
panel2,B,vardial2018/dev,mag,L1,dev:4640,mai_Deva
panel2,B,vardial2018/dev,mag,L1,dev:4647,hne_Deva
panel2,B,vardial2018/dev,mag,L1,dev:4648,mag_Deva
panel2,B,vardial2018/dev,mag,L1,dev:4650,bho_Deva
panel2,B,vardial2018/dev,mag,L1,dev:4653,mai_Deva
panel2,B,vardial2018/dev,mag,L1,dev:4654,bho_Deva
panel2,B,vardial2018/dev,mag,L1,dev:4655,mag_Deva
panel2,B,vardial2018/dev,mag,L1,dev:4657,bho_Deva
panel2,B,vardial2018/dev,mag,L1,dev:4659,mag_Deva
panel2,B,vardial2018/dev,mag,L1,dev:4662,mag_Deva
panel2,B,vardial2018/dev,mag,L1,dev:4666,bho_Deva
panel2,B,vardial2018/dev,mag,L1,dev:4668,awa_Deva
panel2,B,vardial2018/dev,mag,L1,dev:4678,mag_Deva
panel2,B,vardial2018/dev,mag,L1,dev:4692,mag_Deva
panel2,B,vardial2018/dev,mag,L1,dev:4693,mag_Deva
panel2,B,vardial2018/dev,mag,L1,dev:4695,mag_Deva
panel2,B,vardial2018/dev,mag,L1,dev:4696,mai_Deva
panel2,B,vardial2018/dev,mag,L1,dev:4700,mag_Deva
panel2,B,vardial2018/dev,mag,L1,dev:4701,mag_Deva
panel2,B,vardial2018/dev,mag,L1,dev:4708,hin_Deva
panel2,B,vardial2018/dev,mag,L1,dev:4717,awa_Deva
panel2,B,vardial2018/dev,mag,L1,dev:4718,hin_Deva
panel2,B,vardial2018/dev,mag,L1,dev:4722,mag_Deva
panel2,B,vardial2018/dev,mag,L1,dev:4726,hne_Deva
panel2,B,vardial2018/dev,mag,L1,dev:4734,awa_Deva
panel2,B,vardial2018/dev,mag,L1,dev:4739,bho_Deva
panel2,B,vardial2018/dev,mag,L1,dev:4742,mag_Deva
panel2,B,vardial2018/dev,mag,L1,dev:4748,mag_Deva
panel2,B,vardial2018/dev,mag,L1,dev:4752,mag_Deva
panel2,B,vardial2018/dev,mag,L1,dev:4756,mag_Deva
panel2,B,vardial2018/dev,mag,L1,dev:4757,hin_Deva
panel2,B,vardial2018/dev,mag,L1,dev:4767,mai_Deva
panel2,B,vardial2018/dev,mag,L1,dev:4769,bho_Deva
panel2,B,vardial2018/dev,mag,L1,dev:4782,mag_Deva
panel2,B,vardial2018/dev,mag,L1,dev:4788,bho_Deva
panel2,B,vardial2018/dev,mag,L1,dev:4797,bho_Deva
panel2,B,vardial2018/dev,mag,L1,dev:4812,mag_Deva
panel2,B,vardial2018/dev,mag,L1,dev:4816,mag_Deva
panel2,B,vardial2018/dev,mag,L1,dev:4833,bho_Deva
panel2,B,vardial2018/dev,mag,L1,dev:4835,hin_Deva
panel2,B,vardial2018/dev,mag,L1,dev:4859,mag_Deva
panel2,B,vardial2018/dev,mag,L1,dev:4872,hin_Deva
panel2,B,vardial2018/dev,mag,L1,dev:4875,bho_Deva
panel2,B,vardial2018/dev,mag,L1,dev:4876,bho_Deva
panel2,B,vardial2018/dev,mag,L1,dev:4885,mag_Deva
panel2,B,vardial2018/dev,mag,L1,dev:4886,bho_Deva
panel2,B,vardial2018/dev,mag,L1,dev:4888,mag_Deva
panel2,B,vardial2018/dev,mag,L1,dev:4892,mai_Deva
panel2,B,vardial2018/dev,mag,L1,dev:4894,mag_Deva
panel2,B,vardial2018/dev,mag,L1,dev:4896,bho_Deva
panel2,B,vardial2018/dev,mag,L1,dev:4920,mag_Deva
panel2,B,vardial2018/dev,mag,L1,dev:4932,mag_Deva
panel2,B,vardial2018/dev,mag,L1,dev:4937,hne_Deva
panel2,B,vardial2018/dev,mag,L1,dev:4943,mag_Deva
panel2,B,vardial2018/dev,mag,L1,dev:4947,mag_Deva
panel2,B,vardial2018/dev,mag,L1,dev:4959,mag_Deva
panel2,B,vardial2018/dev,mag,L1,dev:4963,bho_Deva
panel2,B,vardial2018/dev,mag,L1,dev:4970,hne_Deva
panel2,B,vardial2018/dev,mag,L1,dev:4972,hne_Deva
panel2,B,vardial2018/dev,mag,L1,dev:4977,hin_Deva
panel2,B,vardial2018/dev,mag,L1,dev:4978,awa_Deva
panel2,B,vardial2018/dev,mag,L1,dev:4980,awa_Deva
panel2,B,vardial2018/dev,mag,L1,dev:4981,mag_Deva
panel2,B,vardial2018/dev,mag,L1,dev:4998,mag_Deva
panel2,B,vardial2018/dev,mag,L1,dev:5002,hne_Deva
panel2,B,vardial2018/dev,mag,L1,dev:5004,bho_Deva
panel2,B,vardial2018/dev,mag,L1,dev:5005,mag_Deva
panel2,B,vardial2018/dev,mag,L1,dev:5011,mag_Deva
panel2,B,vardial2018/dev,mag,L1,dev:5012,bho_Deva
panel2,B,vardial2018/dev,mag,L1,dev:5014,hin_Deva
panel2,B,vardial2018/dev,mag,L1,dev:5017,awa_Deva
panel2,B,vardial2018/dev,mag,L1,dev:5021,hin_Deva
panel2,B,vardial2018/dev,mag,L1,dev:5025,bho_Deva
panel2,B,vardial2018/dev,mag,L1,dev:5030,mag_Deva
panel2,B,vardial2018/dev,mag,L1,dev:5031,bho_Deva
panel2,B,vardial2018/dev,mag,L1,dev:5041,bho_Deva
panel2,B,vardial2018/dev,mag,L1,dev:5054,mag_Deva
panel2,B,vardial2018/dev,mag,L1,dev:5055,bho_Deva
panel2,B,vardial2018/dev,mag,L1,dev:5057,bho_Deva
panel2,B,vardial2018/dev,mag,L1,dev:5062,mag_Deva
panel2,B,vardial2018/dev,mag,L1,dev:5066,hin_Deva
panel2,B,vardial2018/dev,mag,L1,dev:5067,bho_Deva
panel2,B,vardial2018/dev,mag,L1,dev:5071,hin_Deva
panel2,B,vardial2018/dev,mag,L1,dev:5083,mai_Deva
panel2,B,vardial2018/dev,mag,L1,dev:5092,mag_Deva
panel2,B,vardial2018/dev,mag,L1,dev:5103,mag_Deva
panel2,B,vardial2018/dev,mag,L1,dev:5104,awa_Deva
panel2,B,vardial2018/dev,mag,L1,dev:5115,mag_Deva
panel2,B,vardial2018/dev,mag,L1,dev:5127,mag_Deva
panel2,B,vardial2018/dev,mag,L1,dev:5148,mag_Deva
panel2,B,vardial2018/dev,mag,L1,dev:5165,mag_Deva
panel2,B,vardial2018/dev,mag,L1,dev:5185,awa_Deva
panel2,B,vardial2018/dev,mag,L1,dev:5193,mag_Deva
panel2,B,vardial2018/dev,mag,L1,dev:5203,bho_Deva
panel2,B,vardial2018/dev,mag,L1,dev:5218,bho_Deva
panel2,B,vardial2018/dev,mag,L1,dev:5220,mag_Deva
panel2,B,vardial2018/dev,mag,L1,dev:5222,bho_Deva
panel2,B,vardial2018/dev,mag,L1,dev:5223,mag_Deva
panel2,B,vardial2018/dev,mag,L1,dev:5227,mag_Deva
panel2,B,vardial2018/dev,mag,L1,dev:5228,bho_Deva
panel2,B,vardial2018/dev,mag,L1,dev:5232,mag_Deva
panel2,B,vardial2018/dev,mag,L1,dev:5236,mag_Deva
panel2,B,vardial2018/dev,mag,L1,dev:5242,mag_Deva
panel2,B,vardial2018/dev,mag,L1,dev:5248,awa_Deva
panel2,B,vardial2018/dev,mag,L1,dev:5254,bho_Deva
panel2,B,vardial2018/dev,mag,L1,dev:5258,bho_Deva
panel2,B,vardial2018/dev,mag,L1,dev:5263,bho_Deva
panel2,B,vardial2018/dev,mag,L1,dev:5268,awa_Deva
panel2,B,vardial2018/dev,mag,L1,dev:5272,mag_Deva
panel2,B,vardial2018/dev,mag,L1,dev:5274,mag_Deva
panel2,B,vardial2018/dev,mag,L1,dev:5281,mag_Deva
panel2,B,vardial2018/dev,mag,L1,dev:5289,bho_Deva
panel2,B,vardial2018/dev,mag,L1,dev:5295,mag_Deva
panel2,B,vardial2018/dev,mag,L1,dev:5299,bho_Deva
panel2,B,vardial2018/dev,mag,L1,dev:5301,bho_Deva
panel2,B,vardial2018/dev,mag,L1,dev:5314,bho_Deva
panel2,B,vardial2018/dev,mag,L1,dev:5317,mag_Deva
panel2,B,vardial2018/dev,mag,L1,dev:5324,mag_Deva
panel2,B,vardial2018/dev,mag,L1,dev:5328,awa_Deva
panel2,B,vardial2018/dev,mag,L1,dev:5333,mai_Deva
panel2,B,vardial2018/dev,mag,L1,dev:5335,mag_Deva
panel2,B,vardial2018/dev,mag,L1,dev:5337,mag_Deva
panel2,B,vardial2018/dev,mag,L1,dev:5343,thl_Deva
panel2,B,vardial2018/dev,mag,L1,dev:5347,mag_Deva
panel2,B,vardial2018/dev,mag,L1,dev:5348,awa_Deva
panel2,B,vardial2018/dev,mag,L1,dev:5355,mag_Deva
panel2,B,vardial2018/dev,mag,L1,dev:5369,mag_Deva
panel2,B,vardial2018/dev,mag,L1,dev:5375,mag_Deva
panel2,B,vardial2018/dev,mag,L1,dev:5399,mag_Deva
panel2,B,vardial2018/dev,mag,L1,dev:5400,suz_Deva
panel2,B,vardial2018/dev,mag,L1,dev:5405,mag_Deva
panel2,B,vardial2018/dev,mag,L1,dev:5414,bho_Deva
panel2,B,vardial2018/dev,mag,L1,dev:5415,mag_Deva
panel2,B,vardial2018/dev,mag,L1,dev:5418,mag_Deva
panel2,B,vardial2018/dev,mag,L1,dev:5419,mag_Deva
panel2,B,vardial2018/dev,mag,L1,dev:5425,mai_Deva
panel2,B,vardial2018/dev,mag,L1,dev:5426,mag_Deva
panel2,B,vardial2018/dev,mag,L1,dev:5429,mag_Deva
panel2,B,vardial2018/dev,mag,L1,dev:5430,mag_Deva
panel2,B,vardial2018/dev,mag,L1,dev:5437,mag_Deva
panel2,B,vardial2018/dev,mag,L1,dev:5438,hin_Deva
panel2,B,vardial2018/dev,mag,L1,dev:5439,bho_Deva
panel2,B,vardial2018/dev,mag,L1,dev:5443,bho_Deva
panel2,B,vardial2018/dev,mag,L1,dev:5445,hin_Deva
panel2,B,vardial2018/dev,mag,L1,dev:5449,mag_Deva
panel2,B,vardial2018/dev,mag,L1,dev:5450,awa_Deva
panel2,B,vardial2018/dev,mag,L1,dev:5456,mag_Deva
panel2,B,vardial2018/dev,mag,L1,dev:5460,mag_Deva
panel2,B,vardial2018/dev,mag,L1,dev:5462,bho_Deva
panel2,B,vardial2018/dev,mag,L1,dev:5463,mai_Deva
panel2,B,vardial2018/dev,mag,L1,dev:5465,hin_Deva
panel2,B,vardial2018/dev,mag,L1,dev:5467,mag_Deva
panel2,B,vardial2018/dev,mag,L1,dev:5471,mag_Deva
panel2,B,vardial2018/dev,mag,L1,dev:5478,bho_Deva
panel2,B,vardial2018/dev,mag,L1,dev:5480,mag_Deva
panel2,B,vardial2018/dev,mag,L1,dev:5481,hin_Deva
panel2,B,vardial2018/dev,mag,L1,dev:5482,mai_Deva
panel2,B,vardial2018/dev,mag,L1,dev:5486,mag_Deva
panel2,B,vardial2018/dev,mag,L1,dev:5488,mag_Deva
panel2,B,vardial2018/dev,mag,L1,dev:5498,mag_Deva
panel2,B,vardial2018/dev,mag,L1,dev:5522,anp_Deva
panel2,B,vardial2018/dev,mag,L1,dev:5528,hin_Deva
panel2,B,vardial2018/dev,mag,L1,dev:5531,mag_Deva
panel2,B,vardial2018/dev,mag,L1,dev:5536,mai_Deva
panel2,B,vardial2018/dev,mag,L1,dev:5547,mag_Deva
panel2,B,vardial2018/dev,mag,L1,dev:5549,hin_Deva
panel2,B,vardial2018/dev,mag,L1,dev:5558,bho_Deva
panel2,B,vardial2018/dev,mag,L1,dev:5560,doi_Deva
panel2,B,vardial2018/dev,mag,L1,dev:5561,mag_Deva
panel2,B,vardial2018/dev,mag,L1,dev:5563,bho_Deva
panel2,B,vardial2018/dev,mag,L1,dev:5567,npi_Deva
panel2,B,vardial2018/dev,mag,L1,dev:5569,awa_Deva
panel2,B,vardial2018/dev,mag,L1,dev:5574,bho_Deva
panel2,B,vardial2018/dev,mag,L1,dev:5575,bho_Deva
panel2,B,vardial2018/dev,mag,L1,dev:5576,mag_Deva
panel2,B,vardial2018/dev,mag,L1,dev:5580,awa_Deva
panel2,B,vardial2018/dev,mag,L1,dev:5583,mag_Deva
panel2,B,vardial2018/dev,mag,L1,dev:5594,mag_Deva
panel2,B,vardial2018/dev,mag,L1,dev:5595,bho_Deva
panel2,B,vardial2018/dev,mag,L1,dev:5597,mag_Deva
panel2,B,vardial2018/dev,mag,L1,dev:5598,mag_Deva
panel2,B,vardial2018/dev,mag,L1,dev:5600,awa_Deva
panel2,B,vardial2018/dev,mag,L1,dev:5605,mag_Deva
panel2,B,vardial2018/dev,mag,L1,dev:5608,mai_Deva
panel2,B,vardial2018/dev,mag,L1,dev:5613,mai_Deva
panel2,B,vardial2018/dev,mag,L1,dev:5614,mag_Deva
panel2,B,vardial2018/dev,mag,L1,dev:5619,mai_Deva
panel2,B,vardial2018/dev,mag,L1,dev:5621,bho_Deva
panel2,B,vardial2018/dev,mag,L1,dev:5622,bho_Deva
panel2,B,vardial2018/dev,mag,L1,dev:5625,mag_Deva
panel2,B,vardial2018/dev,mag,L1,dev:5631,hin_Deva
panel2,B,vardial2018/dev,mag,L1,dev:5639,awa_Deva
panel2,B,vardial2018/dev,mag,L1,dev:5641,bho_Deva
panel2,B,vardial2018/dev,mag,L1,dev:5647,mag_Deva
panel2,B,vardial2018/dev,mag,L1,dev:5648,mag_Deva
panel2,B,vardial2018/dev,mag,L1,dev:5654,bho_Deva
panel2,B,vardial2018/dev,mag,L1,dev:5657,mag_Deva
panel2,B,vardial2018/dev,mag,L1,dev:5659,mag_Deva
panel2,B,vardial2018/dev,mag,L1,dev:5665,mag_Deva
panel2,B,vardial2018/dev,mag,L1,dev:5668,bho_Deva
panel2,B,vardial2018/dev,mag,L1,dev:5669,mag_Deva
panel2,B,vardial2018/dev,mag,L1,dev:5674,bho_Deva
panel2,B,vardial2018/dev,mag,L1,dev:5675,mag_Deva
panel2,B,vardial2018/dev,mag,L1,dev:5676,mag_Deva
panel2,B,vardial2018/dev,mag,L1,dev:5679,mag_Deva
panel2,B,vardial2018/dev,mag,L1,dev:5680,mag_Deva
panel2,B,vardial2018/dev,mag,L1,dev:5696,bho_Deva
panel2,B,vardial2018/dev,mag,L1,dev:5716,mai_Deva
panel2,B,vardial2018/dev,mag,L1,dev:5718,mag_Deva
panel2,B,vardial2018/dev,mag,L1,dev:5722,mai_Deva
panel2,B,vardial2018/dev,mag,L1,dev:5727,bho_Deva
panel2,B,vardial2018/dev,mag,L1,dev:5734,mag_Deva
panel2,B,vardial2018/dev,mag,L1,dev:5735,bho_Deva
panel2,B,vardial2018/dev,mag,L1,dev:5736,mai_Deva
panel2,B,vardial2018/dev,mag,L1,dev:5742,mai_Deva
panel2,B,vardial2018/dev,mag,L1,dev:5747,mag_Deva
panel2,B,vardial2018/dev,mag,L1,dev:5748,bho_Deva
panel2,B,vardial2018/dev,mag,L1,dev:5750,mag_Deva
panel2,B,vardial2018/dev,mag,L1,dev:5754,mag_Deva
panel2,B,vardial2018/dev,mag,L1,dev:5756,mag_Deva
panel2,B,vardial2018/dev,mag,L1,dev:5764,mai_Deva
panel2,B,vardial2018/dev,mag,L1,dev:5765,bho_Deva
panel2,B,vardial2018/dev,mag,L1,dev:5773,awa_Deva
panel2,B,vardial2018/dev,mag,L1,dev:5776,mai_Deva
panel2,B,vardial2018/dev,mag,L1,dev:5784,bho_Deva
panel2,B,vardial2018/dev,mag,L1,dev:5791,mag_Deva
panel2,B,vardial2018/dev,mag,L1,dev:5793,mag_Deva
panel2,B,vardial2018/dev,mag,L1,dev:5798,mag_Deva
panel2,B,vardial2018/dev,mag,L1,dev:5800,mag_Deva
panel2,B,vardial2018/dev,mag,L1,dev:5806,awa_Deva
panel2,B,vardial2018/dev,mag,L1,dev:5807,mag_Deva
panel2,B,vardial2018/dev,mag,L1,dev:5815,mag_Deva
panel2,B,vardial2018/dev,mag,L1,dev:5820,mag_Deva
panel2,B,vardial2018/dev,mag,L1,dev:5824,mag_Deva
panel2,B,vardial2018/dev,mag,L1,dev:5829,mag_Deva
panel2,B,vardial2018/dev,mag,L1,dev:5830,awa_Deva
panel2,B,vardial2018/dev,mag,L1,dev:5832,mag_Deva
panel2,B,vardial2018/dev,mag,L1,dev:5834,awa_Deva
panel2,B,vardial2018/dev,mag,L1,dev:5835,mag_Deva
panel2,B,vardial2018/dev,mag,L1,dev:5836,mag_Deva
panel2,B,vardial2018/dev,mag,L1,dev:5837,mag_Deva
panel2,B,vardial2018/dev,mag,L1,dev:5843,mag_Deva
panel2,B,vardial2018/dev,mag,L1,dev:5853,mag_Deva
panel2,B,vardial2018/dev,mag,L1,dev:5868,mai_Deva
panel2,B,vardial2018/dev,mag,L1,dev:5877,bho_Deva
panel2,B,vardial2018/dev,mag,L1,dev:5878,mag_Deva
panel2,B,vardial2018/dev,mag,L1,dev:5882,mai_Deva
panel2,B,vardial2018/dev,mag,L1,dev:5890,mag_Deva
panel2,B,vardial2018/dev,mag,L1,dev:5891,mag_Deva
panel2,B,vardial2018/dev,mag,L1,dev:5892,bho_Deva
panel2,B,vardial2018/dev,mag,L1,dev:5894,mag_Deva
panel2,B,vardial2018/dev,mag,L1,dev:5903,bho_Deva
panel2,B,vardial2018/dev,mag,L1,dev:5909,mag_Deva
panel2,B,vardial2018/dev,mag,L1,dev:5910,mag_Deva
panel2,B,vardial2018/dev,mag,L1,dev:5917,awa_Deva
panel2,B,vardial2018/dev,mag,L1,dev:5929,awa_Deva
panel2,B,vardial2018/dev,mag,L1,dev:5930,bho_Deva
panel2,B,vardial2018/dev,mag,L1,dev:5931,mag_Deva
panel2,B,vardial2018/dev,mag,L1,dev:5934,mag_Deva
panel2,B,vardial2018/dev,mag,L1,dev:5935,mag_Deva
panel2,B,vardial2018/dev,mag,L1,dev:5938,bho_Deva
panel2,B,vardial2018/dev,mag,L1,dev:5945,mag_Deva
panel2,B,vardial2018/dev,mag,L1,dev:5946,mai_Deva
panel2,B,vardial2018/dev,mag,L1,dev:5948,bho_Deva
panel2,B,vardial2018/dev,mag,L1,dev:5951,awa_Deva
panel2,B,vardial2018/dev,mag,L1,dev:5954,hin_Deva
panel2,B,vardial2018/dev,mag,L1,dev:5958,awa_Deva
panel2,B,vardial2018/dev,mag,L1,dev:5963,hne_Deva
panel2,B,vardial2018/dev,mag,L1,dev:5964,mag_Deva
panel2,B,vardial2018/dev,mag,L1,dev:5966,mag_Deva
panel2,B,vardial2018/dev,mag,L1,dev:5967,mag_Deva
panel2,B,vardial2018/dev,mag,L1,dev:5974,bho_Deva
panel2,B,vardial2018/dev,mag,L1,dev:5991,bho_Deva
panel2,B,vardial2018/dev,mag,L1,dev:5995,mag_Deva
panel2,B,vardial2018/dev,mag,L1,dev:6000,mag_Deva
panel2,B,vardial2018/dev,mag,L1,dev:6007,mag_Deva
panel2,B,vardial2018/dev,mag,L1,dev:6014,mag_Deva
panel2,B,vardial2018/dev,mag,L1,dev:6018,mai_Deva
panel2,B,vardial2018/dev,mag,L1,dev:6020,awa_Deva
panel2,B,vardial2018/dev,mag,L1,dev:6035,mag_Deva
panel2,B,vardial2018/dev,mag,L1,dev:6037,hne_Deva
panel2,B,vardial2018/dev,mag,L1,dev:6039,mag_Deva
panel2,B,vardial2018/dev,mag,L1,dev:6045,mag_Deva
panel2,B,vardial2018/dev,mag,L1,dev:6047,mag_Deva
panel2,B,vardial2018/dev,mag,L1,dev:6048,hin_Deva
panel2,B,vardial2018/dev,mag,L1,dev:6049,mag_Deva
panel2,B,vardial2018/dev,mag,L1,dev:6057,bho_Deva
panel2,B,vardial2018/dev,mag,L1,dev:6067,mag_Deva
panel2,B,vardial2018/dev,mag,L1,dev:6073,mag_Deva
panel2,B,vardial2018/dev,mag,L1,dev:6077,hin_Deva
panel2,B,vardial2018/dev,mag,L1,dev:6079,mag_Deva
panel2,B,vardial2018/dev,mag,L1,dev:6089,bho_Deva
panel2,B,vardial2018/dev,mag,L1,dev:6096,mai_Deva
panel2,B,vardial2018/dev,mag,L1,dev:6097,awa_Deva
panel2,B,vardial2018/dev,mag,L1,dev:6098,mai_Deva
panel2,B,vardial2018/dev,mag,L1,dev:6111,bho_Deva
panel2,B,vardial2018/dev,mag,L1,dev:6112,bho_Deva
panel2,B,vardial2018/dev,mag,L1,dev:6113,bho_Deva
panel2,B,vardial2018/dev,mag,L1,dev:6117,mag_Deva
panel2,B,vardial2018/dev,mag,L1,dev:6118,bho_Deva
panel2,B,vardial2018/dev,mag,L1,dev:6119,bho_Deva
panel2,B,vardial2018/dev,mag,L1,dev:6142,mag_Deva
panel2,B,vardial2018/dev,mag,L1,dev:6149,mag_Deva
panel2,B,vardial2018/dev,mag,L1,dev:6150,mag_Deva
panel2,B,vardial2018/dev,mag,L1,dev:6154,mag_Deva
panel2,B,vardial2018/dev,mag,L1,dev:6157,hne_Deva
panel2,B,vardial2018/dev,mag,L1,dev:6162,mag_Deva
panel2,B,vardial2018/dev,mag,L1,dev:6165,bho_Deva
panel2,B,vardial2018/dev,mag,L1,dev:6167,mai_Deva
panel2,B,vardial2018/dev,mag,L1,dev:6170,mag_Deva
panel2,B,vardial2018/dev,mag,L1,dev:6171,mag_Deva
panel2,B,vardial2018/dev,mag,L1,dev:6182,mag_Deva
panel2,B,vardial2018/dev,mag,L1,dev:6185,mag_Deva
panel2,B,vardial2018/dev,mag,L1,dev:6188,bho_Deva
panel2,B,vardial2018/dev,mag,L1,dev:6189,mag_Deva
panel2,B,vardial2018/dev,mag,L1,dev:6191,hne_Deva
panel2,B,vardial2018/dev,mag,L1,dev:6192,bho_Deva
panel2,B,vardial2018/dev,mag,L1,dev:6204,mag_Deva
panel2,B,vardial2018/dev,mag,L1,dev:6214,mag_Deva
panel2,B,vardial2018/dev,mag,L1,dev:6216,mag_Deva
panel2,B,vardial2018/dev,mag,L1,dev:6218,mag_Deva
panel2,B,vardial2018/dev,mag,L1,dev:6221,mag_Deva
panel2,B,vardial2018/dev,mag,L1,dev:6223,mag_Deva
panel2,B,vardial2018/dev,mag,L1,dev:6224,bho_Deva
panel2,B,vardial2018/dev,mag,L1,dev:6225,mai_Deva
panel2,B,vardial2018/dev,mag,L1,dev:6236,mag_Deva
panel2,B,vardial2018/dev,mag,L1,dev:6241,mag_Deva
panel2,B,vardial2018/dev,mag,L1,dev:6242,mag_Deva
panel2,B,vardial2018/dev,mag,L1,dev:6243,mag_Deva
panel2,B,vardial2018/dev,mag,L1,dev:6247,mag_Deva
panel2,B,vardial2018/dev,mag,L1,dev:6252,mag_Deva
panel2,B,vardial2018/dev,mag,L1,dev:6256,mag_Deva
panel2,B,vardial2018/dev,mag,L1,dev:6270,mag_Deva
panel2,B,vardial2018/dev,mag,L1,dev:6276,mai_Deva
panel2,B,vardial2018/dev,mag,L1,dev:6287,mag_Deva
panel2,B,vardial2018/dev,mag,L1,dev:6294,mag_Deva
panel2,B,vardial2018/dev,mag,L1,dev:6296,mag_Deva
panel2,B,vardial2018/dev,mag,L1,dev:6298,mag_Deva
panel2,B,vardial2018/dev,mag,L1,dev:6299,bho_Deva
panel2,B,vardial2018/dev,mag,L1,dev:6301,mag_Deva
panel2,B,vardial2018/dev,mag,L1,dev:6308,mai_Deva
panel2,B,vardial2018/dev,mag,L1,dev:6311,mag_Deva
panel2,B,vardial2018/dev,mag,L1,dev:6315,mag_Deva
panel2,B,vardial2018/dev,mag,L1,dev:6318,mar_Deva
panel2,B,vardial2018/dev,mag,L1,dev:6322,bho_Deva
panel2,B,vardial2018/dev,mag,L1,dev:6324,mag_Deva
panel2,B,vardial2018/dev,mag,L1,dev:6325,awa_Deva
panel2,B,vardial2018/dev,mag,L1,dev:6329,mag_Deva
panel2,B,vardial2018/dev,mag,L1,dev:6337,mag_Deva
panel2,B,vardial2018/dev,mag,L1,dev:6340,mag_Deva
panel2,B,vardial2018/dev,mag,L1,dev:6344,bho_Deva
panel2,B,vardial2018/dev,mag,L1,dev:6345,mag_Deva
panel2,B,vardial2018/dev,mag,L1,dev:6348,mag_Deva
panel2,B,vardial2018/dev,mag,L1,dev:6349,awa_Deva
panel2,B,vardial2018/dev,mag,L1,dev:6359,mag_Deva
panel2,B,vardial2018/dev,mag,L1,dev:6363,hin_Deva
panel2,B,vardial2018/dev,mag,L1,dev:6366,mag_Deva
panel2,B,vardial2018/dev,mag,L1,dev:6383,mag_Deva
panel2,B,vardial2018/dev,mag,L1,dev:6384,awa_Deva
panel2,B,vardial2018/dev,mag,L1,dev:6385,mag_Deva
panel2,B,vardial2018/dev,mag,L1,dev:6392,awa_Deva
panel2,B,vardial2018/dev,mag,L1,dev:6415,bho_Deva
panel2,B,vardial2018/dev,mag,L1,dev:6432,mag_Deva
panel2,B,vardial2018/dev,mag,L1,dev:6447,mag_Deva
panel2,B,vardial2018/dev,mag,L1,dev:6456,mag_Deva
panel2,B,vardial2018/dev,mag,L1,dev:6459,mag_Deva
panel2,B,vardial2018/dev,mag,L1,dev:6473,hin_Deva
panel2,B,vardial2018/dev,mag,L1,dev:6474,mag_Deva
panel2,B,vardial2018/dev,mag,L1,dev:6480,bho_Deva
panel2,B,vardial2018/dev,mag,L1,dev:6494,mag_Deva
panel2,B,vardial2018/dev,mag,L1,dev:6502,mag_Deva
panel2,B,vardial2018/dev,mag,L1,dev:6506,mai_Deva
panel2,B,vardial2018/dev,mag,L1,dev:6507,mag_Deva
panel2,B,vardial2018/dev,mag,L1,dev:6512,mai_Deva
panel2,B,vardial2018/dev,mag,L1,dev:6518,mag_Deva
panel2,B,vardial2018/dev,mag,L1,dev:6528,mag_Deva
panel2,B,vardial2018/dev,mag,L1,dev:6533,mag_Deva
panel2,B,vardial2018/dev,mag,L1,dev:6544,mag_Deva
panel2,B,vardial2018/dev,mag,L1,dev:6548,mag_Deva
panel2,B,vardial2018/dev,mag,L1,dev:6550,awa_Deva
panel2,B,vardial2018/dev,mag,L1,dev:6555,mag_Deva
panel2,B,vardial2018/dev,mag,L1,dev:6568,mag_Deva
panel2,B,vardial2018/dev,mag,L1,dev:6569,mag_Deva
panel2,B,vardial2018/dev,mag,L1,dev:6570,npi_Deva
panel2,B,vardial2018/dev,mag,L1,dev:6571,doi_Deva
panel2,B,vardial2018/dev,mag,L1,dev:6572,mag_Deva
panel2,B,vardial2018/dev,mag,L1,dev:6573,mag_Deva
panel2,B,vardial2018/dev,mag,L1,dev:6578,mai_Deva
panel2,B,vardial2018/dev,mag,L1,dev:6586,bho_Deva
panel2,B,vardial2018/dev,mag,L1,dev:6590,mag_Deva
panel2,B,vardial2018/dev,mag,L1,dev:6595,bho_Deva
panel2,B,vardial2018/dev,mag,L1,dev:6602,mag_Deva
panel2,B,vardial2018/dev,mag,L1,dev:6603,mag_Deva
panel2,B,vardial2018/dev,mag,L1,dev:6605,mai_Deva
panel2,B,vardial2018/dev,mag,L1,dev:6607,mag_Deva
panel2,B,vardial2018/dev,mag,L1,dev:6612,rjs_Deva
panel2,B,vardial2018/dev,mag,L1,dev:6615,mag_Deva
panel2,B,vardial2018/dev,mag,L1,dev:6616,mag_Deva
panel2,B,vardial2018/dev,mag,L1,dev:6621,mag_Deva
panel2,B,vardial2018/dev,mag,L1,dev:6622,hin_Deva
panel2,B,vardial2018/dev,mag,L1,dev:6625,mag_Deva
panel2,B,vardial2018/dev,mag,L1,dev:6631,mag_Deva
panel2,B,vardial2018/dev,mag,L1,dev:6637,mag_Deva
panel2,B,vardial2018/dev,mag,L1,dev:6639,mag_Deva
panel2,B,vardial2018/dev,mag,L1,dev:6640,bho_Deva
panel2,B,vardial2018/dev,mag,L1,dev:6641,mai_Deva
panel2,B,vardial2018/dev,mag,L1,dev:6643,mag_Deva
panel2,B,vardial2018/dev,mag,L1,dev:6649,mag_Deva
panel2,B,vardial2018/dev,mag,L1,dev:6650,mag_Deva
panel2,B,vardial2018/dev,mag,L1,dev:6653,mag_Deva
panel2,B,vardial2018/dev,mag,L1,dev:6656,mag_Deva
panel2,B,vardial2018/dev,mag,L1,dev:6661,hin_Deva
panel2,B,vardial2018/dev,mag,L1,dev:6663,awa_Deva
panel2,B,vardial2018/dev,mag,L1,dev:6665,mag_Deva
panel2,B,vardial2018/dev,mag,L1,dev:6666,mag_Deva
panel2,B,vardial2018/dev,mag,L1,dev:6679,bho_Deva
panel2,B,vardial2018/dev,mag,L1,dev:6681,mag_Deva
panel2,B,vardial2018/dev,mag,L1,dev:6682,mag_Deva
panel2,B,vardial2018/dev,mag,L1,dev:6691,hne_Deva
panel2,B,vardial2018/dev,mag,L1,dev:6698,mag_Deva
panel2,B,vardial2018/dev,mag,L1,dev:6703,hin_Deva
panel2,B,vardial2018/dev,mag,L1,dev:6706,bho_Deva
panel2,B,vardial2018/dev,mag,L1,dev:6708,mag_Deva
panel2,B,vardial2018/dev,mag,L1,dev:6713,mag_Deva
panel2,B,vardial2018/dev,mag,L1,dev:6721,mai_Deva
panel2,B,vardial2018/dev,mag,L1,dev:6726,mag_Deva
panel2,B,vardial2018/dev,mag,L1,dev:6727,mag_Deva
panel2,B,vardial2018/dev,mag,L1,dev:6728,mag_Deva
panel2,B,vardial2018/dev,mag,L1,dev:6732,hin_Deva
panel2,B,vardial2018/dev,mag,L1,dev:6744,mag_Deva
panel2,B,vardial2018/dev,mag,L1,dev:6746,mag_Deva
panel2,B,vardial2018/dev,mag,L1,dev:6753,mag_Deva
panel2,B,vardial2018/dev,mag,L1,dev:6778,mai_Deva
panel2,B,vardial2018/dev,mag,L1,dev:6781,mag_Deva
panel2,B,vardial2018/dev,mag,L1,dev:6786,hne_Deva
panel2,B,vardial2018/dev,mag,L1,dev:6797,mag_Deva
panel2,B,vardial2018/dev,mag,L1,dev:6800,mai_Deva
panel2,B,vardial2018/dev,mag,L1,dev:6801,mag_Deva
panel2,B,vardial2018/dev,mag,L1,dev:6821,mag_Deva
panel2,B,vardial2018/dev,mag,L1,dev:6828,mar_Deva
panel2,B,vardial2018/dev,mag,L1,dev:6829,bho_Deva
panel2,B,vardial2018/dev,mag,L1,dev:6834,bho_Deva
panel2,B,vardial2018/dev,mag,L1,dev:6837,mai_Deva
panel2,B,vardial2018/dev,mag,L1,dev:6845,bho_Deva
panel2,B,vardial2018/dev,mag,L1,dev:6855,bho_Deva
panel2,B,vardial2018/dev,mag,L1,dev:6863,mup_Deva
panel2,B,vardial2018/dev,mag,L1,dev:6867,bho_Deva
panel2,B,vardial2018/dev,mag,L1,dev:6877,mai_Deva
panel2,B,vardial2018/dev,mag,L1,dev:6878,awa_Deva
panel2,B,vardial2018/dev,mag,L1,dev:6880,mag_Deva
panel2,B,vardial2018/dev,mag,L1,dev:6882,awa_Deva
panel2,B,vardial2018/dev,mag,L1,dev:6884,bho_Deva
panel2,B,vardial2018/dev,mag,L1,dev:6899,awa_Deva
panel2,B,vardial2018/dev,mag,L1,dev:6905,mag_Deva
panel2,B,vardial2018/dev,mag,L1,dev:6913,bho_Deva
panel2,B,vardial2018/dev,mag,L1,dev:6914,hin_Deva
panel2,B,vardial2018/dev,mag,L1,dev:6920,mai_Deva
panel2,B,vardial2018/dev,mag,L1,dev:6923,mag_Deva
panel2,B,vardial2018/dev,mag,L1,dev:6925,hin_Deva
panel2,B,vardial2018/dev,mag,L1,dev:6927,hin_Deva
panel2,B,vardial2018/dev,mag,L1,dev:6928,mag_Deva
panel2,B,vardial2018/dev,mag,L1,dev:6933,mag_Deva
panel2,B,vardial2018/dev,mag,L1,dev:6936,mag_Deva
panel2,B,vardial2018/dev,mag,L1,dev:6940,mag_Deva
panel2,B,vardial2018/dev,mag,L1,dev:6944,mag_Deva
panel2,B,vardial2018/dev,mag,L1,dev:6946,mag_Deva
panel2,B,vardial2018/dev,mag,L1,dev:6949,mag_Deva
panel2,B,vardial2018/dev,mag,L1,dev:6952,bho_Deva
panel2,B,vardial2018/dev,mag,L1,dev:6962,awa_Deva
panel2,B,vardial2018/dev,mag,L1,dev:6967,anp_Deva
panel2,B,vardial2018/dev,mag,L1,dev:6969,awa_Deva
panel2,B,vardial2018/dev,mag,L1,dev:6970,bho_Deva
panel2,B,vardial2018/dev,mag,L1,dev:6974,hin_Deva
panel2,B,vardial2018/dev,mag,L1,dev:6989,mag_Deva
panel2,B,vardial2018/dev,mag,L1,dev:6990,kru_Deva
panel2,B,vardial2018/dev,mag,L1,dev:6997,mag_Deva
panel2,B,vardial2018/dev,mag,L1,dev:6998,hin_Deva
panel2,B,vardial2018/dev,mag,L1,dev:6999,mag_Deva
panel2,B,vardial2018/dev,mag,L1,dev:7008,mag_Deva
panel2,B,vardial2018/dev,mag,L1,dev:7012,mag_Deva
panel2,B,vardial2018/dev,mag,L1,dev:7013,bho_Deva
panel2,B,vardial2018/dev,mag,L1,dev:7017,bho_Deva
panel2,B,vardial2018/dev,mag,L1,dev:7021,mag_Deva
panel2,B,vardial2018/dev,mag,L1,dev:7022,mag_Deva
panel2,B,vardial2018/dev,mag,L1,dev:7026,mag_Deva
panel2,B,vardial2018/dev,mag,L1,dev:7029,hin_Deva
panel2,B,vardial2018/dev,mag,L1,dev:7035,mag_Deva
panel2,B,vardial2018/dev,mag,L1,dev:7036,mai_Deva
panel2,B,vardial2018/dev,mag,L1,dev:7037,mai_Deva
panel2,B,vardial2018/dev,mag,L1,dev:7051,hin_Deva
panel2,B,vardial2018/dev,mag,L1,dev:7053,mag_Deva
panel2,B,vardial2018/dev,mag,L1,dev:7063,mag_Deva
panel2,B,vardial2018/dev,mag,L1,dev:7068,bho_Deva
panel2,B,vardial2018/dev,mag,L1,dev:7072,awa_Deva
panel2,B,vardial2018/dev,mag,L1,dev:7076,bho_Deva
panel2,B,vardial2018/dev,mag,L1,dev:7086,mag_Deva
panel2,B,vardial2018/dev,mag,L1,dev:7087,bho_Deva
panel2,B,vardial2018/dev,mag,L1,dev:7088,mai_Deva
panel2,B,vardial2018/dev,mag,L1,dev:7089,bho_Deva
panel2,B,vardial2018/dev,mag,L1,dev:7091,mag_Deva
panel2,B,vardial2018/dev,mag,L1,dev:7096,mag_Deva
panel2,B,vardial2018/dev,mag,L1,dev:7118,mag_Deva
panel2,B,vardial2018/dev,mag,L1,dev:7121,mag_Deva
panel2,B,vardial2018/dev,mag,L1,dev:7123,hin_Deva
panel2,B,vardial2018/dev,mag,L1,dev:7126,mag_Deva
panel2,B,vardial2018/dev,mag,L1,dev:7142,mag_Deva
panel2,B,vardial2018/dev,mag,L1,dev:7143,mag_Deva
panel2,B,vardial2018/dev,mag,L1,dev:7144,mag_Deva
panel2,B,vardial2018/dev,mag,L1,dev:7150,bho_Deva
panel2,B,vardial2018/dev,mag,L1,dev:7152,mai_Deva
panel2,B,vardial2018/dev,mag,L1,dev:7158,hin_Deva
panel2,B,vardial2018/dev,mag,L1,dev:7160,mag_Deva
panel2,B,vardial2018/dev,mag,L1,dev:7169,hin_Deva
panel2,B,vardial2018/dev,mag,L1,dev:7182,bho_Deva
panel2,B,vardial2018/dev,mag,L1,dev:7189,hin_Deva
panel2,B,vardial2018/dev,mag,L1,dev:7197,mag_Deva
panel2,B,vardial2018/dev,mag,L1,dev:7202,mag_Deva
panel2,B,vardial2018/dev,mag,L1,dev:7205,mag_Deva
panel2,B,vardial2018/dev,mag,L1,dev:7210,mag_Deva
panel2,B,vardial2018/dev,mag,L1,dev:7213,bho_Deva
panel2,B,vardial2018/dev,mag,L1,dev:7219,mag_Deva
panel2,B,vardial2018/dev,mag,L1,dev:7224,bho_Deva
panel2,B,vardial2018/dev,mag,L1,dev:7235,mag_Deva
panel2,B,vardial2018/dev,mag,L1,dev:7243,hin_Deva
panel2,B,vardial2018/dev,mag,L1,dev:7245,mai_Deva
panel2,B,vardial2018/dev,mag,L1,dev:7248,mag_Deva
panel2,B,vardial2018/dev,mag,L1,dev:7261,doi_Deva
panel2,B,vardial2018/dev,mag,L1,dev:7265,mag_Deva
panel2,B,vardial2018/dev,mag,L1,dev:7271,mag_Deva
panel2,B,vardial2018/dev,mag,L1,dev:7273,mag_Deva
panel2,B,vardial2018/dev,mag,L1,dev:7274,mag_Deva
panel2,B,vardial2018/dev,mag,L1,dev:7280,mag_Deva
panel2,B,vardial2018/dev,mag,L1,dev:7282,mag_Deva
panel2,B,vardial2018/dev,mag,L1,dev:7312,awa_Deva
panel2,B,vardial2018/dev,mag,L1,dev:7315,mai_Deva
panel2,B,vardial2018/dev,mag,L1,dev:7317,mai_Deva
panel2,B,vardial2018/dev,mag,L1,dev:7320,mag_Deva
panel2,B,vardial2018/dev,mag,L1,dev:7323,bho_Deva
panel2,B,vardial2018/dev,mag,L1,dev:7325,mag_Deva
panel2,B,vardial2018/dev,mag,L1,dev:7331,awa_Deva
panel2,B,vardial2018/dev,mag,L1,dev:7341,mag_Deva
panel2,B,vardial2018/dev,mag,L1,dev:7345,mag_Deva
panel2,B,vardial2018/dev,mag,L1,dev:7354,awa_Deva
panel2,B,vardial2018/dev,mag,L1,dev:7364,bho_Deva
panel2,B,vardial2018/dev,mag,L1,dev:7365,mag_Deva
panel2,B,vardial2018/dev,mag,L1,dev:7371,hin_Deva
panel2,B,vardial2018/dev,mag,L1,dev:7379,mag_Deva
panel2,B,vardial2018/dev,mag,L1,dev:7381,mag_Deva
panel2,B,vardial2018/dev,mag,L1,dev:7384,mag_Deva
panel2,B,vardial2018/dev,mag,L1,dev:7388,mai_Deva
panel2,B,vardial2018/dev,mag,L1,dev:7392,mai_Deva
panel2,B,vardial2018/dev,mag,L1,dev:7420,bho_Deva
panel2,B,vardial2018/dev,mag,L1,dev:7432,mag_Deva
panel2,B,vardial2018/dev,mag,L1,dev:7433,mag_Deva
panel2,B,vardial2018/dev,mag,L1,dev:7435,hin_Deva
panel2,B,vardial2018/dev,mag,L1,dev:7439,mag_Deva
panel2,B,vardial2018/dev,mag,L1,dev:7452,ghe_Deva
panel2,B,vardial2018/dev,mag,L1,dev:7453,bho_Deva
panel2,B,vardial2018/dev,mag,L1,dev:7461,bho_Deva
panel2,B,vardial2018/dev,mag,L1,dev:7466,mag_Deva
panel2,B,vardial2018/dev,mag,L1,dev:7478,mag_Deva
panel2,B,vardial2018/dev,mag,L1,dev:7485,hin_Deva
panel2,B,vardial2018/dev,mag,L1,dev:7486,bho_Deva
panel2,B,vardial2018/dev,mag,L1,dev:7488,mai_Deva
panel2,B,vardial2018/dev,mag,L1,dev:7490,mai_Deva
panel2,B,vardial2018/dev,mag,L1,dev:7492,mag_Deva
panel2,B,vardial2018/dev,mag,L1,dev:7494,mag_Deva
panel2,B,vardial2018/dev,mag,L1,dev:7506,awa_Deva
panel2,B,vardial2018/dev,mag,L1,dev:7511,mag_Deva
panel2,B,vardial2018/dev,mag,L1,dev:7512,bho_Deva
panel2,B,vardial2018/dev,mag,L1,dev:7516,mai_Deva
panel2,B,vardial2018/dev,mag,L1,dev:7533,mag_Deva
panel2,B,vardial2018/dev,mag,L1,dev:7535,mag_Deva
panel2,B,vardial2018/dev,mag,L1,dev:7551,awa_Deva
panel2,B,vardial2018/dev,mag,L1,dev:7555,bho_Deva
panel2,B,vardial2018/dev,mag,L1,dev:7559,mag_Deva
panel2,B,vardial2018/dev,mag,L1,dev:7560,bho_Deva
panel2,B,vardial2018/dev,mag,L1,dev:7561,mag_Deva
panel2,B,vardial2018/dev,mag,L1,dev:7563,hin_Deva
panel2,B,vardial2018/dev,mag,L1,dev:7569,mai_Deva
panel2,B,vardial2018/dev,mag,L1,dev:7570,mag_Deva
panel2,B,vardial2018/dev,mag,L1,dev:7583,bho_Deva
panel2,B,vardial2018/dev,mag,L1,dev:7584,bho_Deva
panel2,B,vardial2018/dev,mag,L1,dev:7592,mag_Deva
panel2,B,vardial2018/dev,mag,L1,dev:7600,mai_Deva
panel2,B,vardial2018/dev,mag,L1,dev:7614,bho_Deva
panel2,B,vardial2018/dev,mag,L1,dev:7635,hin_Deva
panel2,B,vardial2018/dev,mag,L1,dev:7637,mai_Deva
panel2,B,vardial2018/dev,mag,L1,dev:7639,mag_Deva
panel2,B,vardial2018/dev,mag,L1,dev:7647,mag_Deva
panel2,B,vardial2018/dev,mag,L1,dev:7648,mag_Deva
panel2,B,vardial2018/dev,mag,L1,dev:7651,awa_Deva
panel2,B,vardial2018/dev,mag,L1,dev:7658,awa_Deva
panel2,B,vardial2018/dev,mag,L1,dev:7659,bho_Deva
panel2,B,vardial2018/dev,mag,L1,dev:7662,mag_Deva
panel2,B,vardial2018/dev,mag,L1,dev:7666,mag_Deva
panel2,B,vardial2018/dev,mag,L1,dev:7667,mag_Deva
panel2,B,vardial2018/dev,mag,L1,dev:7670,awa_Deva
panel2,B,vardial2018/dev,mag,L1,dev:7676,hin_Deva
panel2,B,vardial2018/dev,mag,L1,dev:7678,mag_Deva
panel2,B,vardial2018/dev,mag,L1,dev:7681,bho_Deva
panel2,B,vardial2018/dev,mag,L1,dev:7684,bho_Deva
panel2,B,vardial2018/dev,mag,L1,dev:7687,mai_Deva
panel2,B,vardial2018/dev,mag,L1,dev:7702,mag_Deva
panel2,B,vardial2018/dev,mag,L1,dev:7727,mai_Deva
panel2,B,vardial2018/dev,mag,L1,dev:7728,mag_Deva
panel2,B,vardial2018/dev,mag,L1,dev:7730,hin_Deva
panel2,B,vardial2018/dev,mag,L1,dev:7758,mag_Deva
panel2,B,vardial2018/dev,mag,L1,dev:7762,kas_Deva
panel2,B,vardial2018/dev,mag,L1,dev:7763,mag_Deva
panel2,B,vardial2018/dev,mag,L1,dev:7781,bho_Deva
panel2,B,vardial2018/dev,mag,L1,dev:7782,mag_Deva
panel2,B,vardial2018/dev,mag,L1,dev:7786,mag_Deva
panel2,B,vardial2018/dev,mag,L1,dev:7790,mag_Deva
panel2,B,vardial2018/dev,mag,L1,dev:7802,mag_Deva
panel2,B,vardial2018/dev,mag,L1,dev:7805,mai_Deva
panel2,B,vardial2018/dev,mag,L1,dev:7807,bho_Deva
panel2,B,vardial2018/dev,mag,L1,dev:7814,mag_Deva
panel2,B,vardial2018/dev,mag,L1,dev:7818,mag_Deva
panel2,B,vardial2018/dev,mag,L1,dev:7830,mag_Deva
panel2,B,vardial2018/dev,mag,L1,dev:7834,mag_Deva
panel2,B,vardial2018/dev,mag,L1,dev:7835,bho_Deva
panel2,B,vardial2018/dev,mag,L1,dev:7852,bho_Deva
panel2,B,vardial2018/dev,mag,L1,dev:7859,bho_Deva
panel2,B,vardial2018/dev,mag,L1,dev:7870,bho_Deva
panel2,B,vardial2018/dev,mag,L1,dev:7873,mag_Deva
panel2,B,vardial2018/dev,mag,L1,dev:7881,mag_Deva
panel2,B,vardial2018/dev,mag,L1,dev:7882,mai_Deva
panel2,B,vardial2018/dev,mag,L1,dev:7890,mag_Deva
panel2,B,vardial2018/dev,mag,L1,dev:7894,awa_Deva
panel2,B,vardial2018/dev,mag,L1,dev:7901,mag_Deva
panel2,B,vardial2018/dev,mag,L1,dev:7916,mag_Deva
panel2,B,vardial2018/dev,mag,L1,dev:7918,hin_Deva
panel2,B,vardial2018/dev,mag,L1,dev:7923,mag_Deva
panel2,B,vardial2018/dev,mag,L1,dev:7930,mag_Deva
panel2,B,vardial2018/dev,mag,L1,dev:7939,mag_Deva
panel2,B,vardial2018/dev,mag,L1,dev:7942,mag_Deva
panel2,B,vardial2018/dev,mag,L1,dev:7953,mag_Deva
panel2,B,vardial2018/dev,mag,L1,dev:7956,mai_Deva
panel2,B,vardial2018/dev,mag,L1,dev:7959,mag_Deva
panel2,B,vardial2018/dev,mag,L1,dev:7970,bho_Deva
panel2,B,vardial2018/dev,mag,L1,dev:7976,bho_Deva
panel2,B,vardial2018/dev,mag,L1,dev:7986,bho_Deva
panel2,B,vardial2018/dev,mag,L1,dev:7997,bho_Deva
panel2,B,vardial2018/dev,mag,L1,dev:8008,hin_Deva
panel2,B,vardial2018/dev,mag,L1,dev:8012,hin_Deva
panel2,B,vardial2018/dev,mag,L1,dev:8013,mag_Deva
panel2,B,vardial2018/dev,mag,L1,dev:8014,mag_Deva
panel2,B,vardial2018/dev,mag,L1,dev:8024,awa_Deva
panel2,B,vardial2018/dev,mag,L1,dev:8025,mai_Deva
panel2,B,vardial2018/dev,mag,L1,dev:8033,hin_Deva
panel2,B,vardial2018/dev,mag,L1,dev:8042,mag_Deva
panel2,B,vardial2018/dev,mag,L1,dev:8044,bho_Deva
panel2,B,vardial2018/dev,mag,L1,dev:8045,bho_Deva
panel2,B,vardial2018/dev,mag,L1,dev:8048,mag_Deva
panel2,B,vardial2018/dev,mag,L1,dev:8049,mag_Deva
panel2,B,vardial2018/dev,mag,L1,dev:8057,mag_Deva
panel2,B,vardial2018/dev,mag,L1,dev:8067,bho_Deva
panel2,B,vardial2018/dev,mag,L1,dev:8069,mag_Deva
panel2,B,vardial2018/dev,mag,L1,dev:8070,mag_Deva
panel2,B,vardial2018/dev,mag,L1,dev:8072,awa_Deva
panel2,B,vardial2018/dev,mag,L1,dev:8078,bho_Deva
panel2,B,vardial2018/dev,mag,L1,dev:8089,mag_Deva
panel2,B,vardial2018/dev,mag,L1,dev:8091,hin_Deva
panel2,B,vardial2018/dev,mag,L1,dev:8106,mag_Deva
panel2,B,vardial2018/dev,mag,L1,dev:8110,mai_Deva
panel2,B,vardial2018/dev,mag,L1,dev:8111,hin_Deva
panel2,B,vardial2018/dev,mag,L1,dev:8118,bho_Deva
panel2,B,vardial2018/dev,mag,L1,dev:8122,mag_Deva
panel2,B,vardial2018/dev,mag,L1,dev:8123,hin_Deva
panel2,B,vardial2018/dev,mag,L1,dev:8129,mag_Deva
panel2,B,vardial2018/dev,mag,L1,dev:8130,mai_Deva
panel2,B,vardial2018/dev,mag,L1,dev:8131,mag_Deva
panel2,B,vardial2018/dev,mag,L1,dev:8136,mag_Deva
panel2,B,vardial2018/dev,mag,L1,dev:8140,bho_Deva
panel2,B,vardial2018/dev,mag,L1,dev:8141,mag_Deva
panel2,B,vardial2018/dev,mag,L1,dev:8146,bho_Deva
panel2,B,vardial2018/dev,mag,L1,dev:8153,mag_Deva
panel2,B,vardial2018/dev,mag,L1,dev:8156,npi_Deva
panel2,B,vardial2018/dev,mag,L1,dev:8163,mag_Deva
panel2,B,vardial2018/dev,mag,L1,dev:8165,mag_Deva
panel2,B,vardial2018/dev,mag,L1,dev:8166,npi_Deva
panel2,B,vardial2018/dev,mag,L1,dev:8168,mai_Deva
panel2,B,vardial2018/dev,mag,L1,dev:8175,mag_Deva
panel2,B,vardial2018/dev,mag,L1,dev:8188,mai_Deva
panel2,B,vardial2018/dev,mag,L1,dev:8189,bho_Deva
panel2,B,vardial2018/dev,mag,L1,dev:8190,mag_Deva
panel2,B,vardial2018/dev,mag,L1,dev:8198,mag_Deva
panel2,B,vardial2018/dev,mag,L1,dev:8203,mag_Deva
panel2,B,vardial2018/dev,mag,L1,dev:8221,mag_Deva
panel2,B,vardial2018/dev,mag,L1,dev:8223,hne_Deva
panel2,B,vardial2018/dev,mag,L1,dev:8226,mag_Deva
panel2,B,vardial2018/dev,mag,L1,dev:8227,mai_Deva
panel2,B,vardial2018/dev,mag,L1,dev:8233,mag_Deva
panel2,B,vardial2018/dev,mag,L1,dev:8236,bho_Deva
panel2,B,vardial2018/dev,mag,L1,dev:8243,bho_Deva
panel2,B,vardial2018/dev,mag,L1,dev:8248,bho_Deva
panel2,B,vardial2018/dev,mag,L1,dev:8252,bho_Deva
panel2,B,vardial2018/dev,mag,L1,dev:8253,mag_Deva
panel2,B,vardial2018/dev,mag,L1,dev:8263,mag_Deva
panel2,B,vardial2018/dev,mag,L1,dev:8268,bho_Deva
panel2,B,vardial2018/dev,mag,L1,dev:8269,mag_Deva
panel2,B,vardial2018/dev,mag,L1,dev:8271,mai_Deva
panel2,B,vardial2018/dev,mag,L1,dev:8272,mag_Deva
panel2,B,vardial2018/dev,mag,L1,dev:8275,awa_Deva
panel2,B,vardial2018/dev,mag,L1,dev:8277,hin_Deva
panel2,B,vardial2018/dev,mag,L1,dev:8283,bho_Deva
panel2,B,vardial2018/dev,mag,L1,dev:8287,bho_Deva
panel2,B,vardial2018/dev,mag,L1,dev:8295,kas_Deva
panel2,B,vardial2018/dev,mag,L1,dev:8308,mag_Deva
panel2,B,vardial2018/dev,mag,L1,dev:8310,mup_Deva
panel2,B,vardial2018/dev,mag,L1,dev:8312,mag_Deva
panel2,B,vardial2018/dev,mag,L1,dev:8318,mag_Deva
panel2,B,vardial2018/dev,mag,L1,dev:8332,hin_Deva
panel2,B,vardial2018/dev,mag,L1,dev:8337,bho_Deva
panel2,B,vardial2018/dev,mag,L1,dev:8350,bho_Deva
panel2,B,vardial2018/dev,mag,L1,dev:8354,bho_Deva
panel2,B,vardial2018/dev,mag,L1,dev:8355,mag_Deva
panel2,B,vardial2018/dev,mag,L1,dev:8358,mag_Deva
panel2,B,vardial2018/dev,mag,L1,dev:8370,mag_Deva
panel2,B,vardial2018/dev,mag,L1,dev:8371,anp_Deva
panel2,B,vardial2018/dev,mag,L1,dev:8372,taj_Deva
panel2,B,vardial2018/dev,mag,L1,dev:8377,mag_Deva
panel2,B,vardial2018/dev,mag,L1,dev:8380,mag_Deva
panel2,B,vardial2018/dev,mag,L1,dev:8384,bho_Deva
panel2,B,vardial2018/dev,mag,L1,dev:8392,mag_Deva
panel2,B,vardial2018/dev,mag,L1,dev:8396,mai_Deva
panel2,B,vardial2018/dev,mag,L1,dev:8402,bho_Deva
panel2,B,vardial2018/dev,mag,L1,dev:8409,mag_Deva
panel2,B,vardial2018/dev,mag,L1,dev:8412,bho_Deva
panel2,B,vardial2018/dev,mag,L1,dev:8413,bho_Deva
panel2,B,vardial2018/dev,mag,L1,dev:8414,awa_Deva
panel2,B,vardial2018/dev,mag,L1,dev:8415,mag_Deva
panel2,B,vardial2018/dev,mag,L1,dev:8419,mag_Deva
panel2,B,vardial2018/dev,mag,L1,dev:8420,mag_Deva
panel2,B,vardial2018/dev,mag,L1,dev:8422,mag_Deva
panel2,B,vardial2018/dev,mag,L1,dev:8423,hin_Deva
panel2,B,vardial2018/dev,mag,L1,dev:8428,mag_Deva
panel2,B,vardial2018/dev,mag,L1,dev:8432,mag_Deva
panel2,B,vardial2018/dev,mag,L1,dev:8433,mag_Deva
panel2,B,vardial2018/dev,mag,L1,dev:8435,mag_Deva
panel2,B,vardial2018/dev,mag,L1,dev:8441,mag_Deva
panel2,B,vardial2018/dev,mag,L1,dev:8451,mag_Deva
panel2,B,vardial2018/dev,mag,L1,dev:8453,hin_Deva
panel2,B,vardial2018/dev,mag,L1,dev:8454,mag_Deva
panel2,B,vardial2018/dev,mag,L1,dev:8458,mai_Deva
panel2,B,vardial2018/dev,mag,L1,dev:8460,mag_Deva
panel2,B,vardial2018/dev,mag,L1,dev:8472,hin_Deva
panel2,B,vardial2018/dev,mag,L1,dev:8476,mag_Deva
panel2,B,vardial2018/dev,mag,L1,dev:8477,hin_Deva
panel2,B,vardial2018/dev,mag,L1,dev:8480,hin_Deva
panel2,B,vardial2018/dev,mag,L1,dev:8496,mag_Deva
panel2,B,vardial2018/dev,mag,L1,dev:8498,mag_Deva
panel2,B,vardial2018/dev,mag,L1,dev:8499,bho_Deva
panel2,B,vardial2018/dev,mag,L1,dev:8502,mag_Deva
panel2,B,vardial2018/dev,mag,L1,dev:8515,awa_Deva
panel2,B,vardial2018/dev,mag,L1,dev:8531,bho_Deva
panel2,B,vardial2018/dev,mag,L1,dev:8533,bho_Deva
panel2,B,vardial2018/dev,mag,L1,dev:8536,mag_Deva
panel2,B,vardial2018/dev,mag,L1,dev:8565,mag_Deva
panel2,B,vardial2018/dev,mag,L1,dev:8568,mag_Deva
panel2,B,vardial2018/dev,mag,L1,dev:8571,mag_Deva
panel2,B,vardial2018/dev,mag,L1,dev:8575,hne_Deva
panel2,B,vardial2018/dev,mag,L1,dev:8582,bho_Deva
panel2,B,vardial2018/dev,mag,L1,dev:8587,bho_Deva
panel2,B,vardial2018/dev,mag,L1,dev:8588,awa_Deva
panel2,B,vardial2018/dev,mag,L1,dev:8593,mag_Deva
panel2,B,vardial2018/dev,mag,L1,dev:8597,bho_Deva
panel2,B,vardial2018/dev,mag,L1,dev:8599,npi_Deva
panel2,B,vardial2018/dev,mag,L1,dev:8621,anp_Deva
panel2,B,vardial2018/dev,mag,L1,dev:8622,bho_Deva
panel2,B,vardial2018/dev,mag,L1,dev:8627,mag_Deva
panel2,B,vardial2018/dev,mag,L1,dev:8632,bho_Deva
panel2,B,vardial2018/dev,mag,L1,dev:8637,mag_Deva
panel2,B,vardial2018/dev,mag,L1,dev:8639,hin_Deva
panel2,B,vardial2018/dev,mag,L1,dev:8640,mag_Deva
panel2,B,vardial2018/dev,mag,L1,dev:8641,mag_Deva
panel2,B,vardial2018/dev,mag,L1,dev:8643,hin_Deva
panel2,B,vardial2018/dev,mag,L1,dev:8648,kas_Deva
panel2,B,vardial2018/dev,mag,L1,dev:8649,mai_Deva
panel2,B,vardial2018/dev,mag,L1,dev:8664,mag_Deva
panel2,B,vardial2018/dev,mag,L1,dev:8668,mag_Deva
panel2,B,vardial2018/dev,mag,L1,dev:8671,mag_Deva
panel2,B,vardial2018/dev,mag,L1,dev:8679,mag_Deva
panel2,B,vardial2018/dev,mag,L1,dev:8682,bho_Deva
panel2,B,vardial2018/dev,mag,L1,dev:8687,bho_Deva
panel2,B,vardial2018/dev,mag,L1,dev:8699,mai_Deva
panel2,B,vardial2018/dev,mag,L1,dev:8702,mag_Deva
panel2,B,vardial2018/dev,mag,L1,dev:8708,mag_Deva
panel2,B,vardial2018/dev,mag,L1,dev:8709,mai_Deva
panel2,B,vardial2018/dev,mag,L1,dev:8710,awa_Deva
panel2,B,vardial2018/dev,mag,L1,dev:8711,bho_Deva
panel2,B,vardial2018/dev,mag,L1,dev:8712,bho_Deva
panel2,B,vardial2018/dev,mag,L1,dev:8715,hin_Deva
panel2,B,vardial2018/dev,mag,L1,dev:8718,bho_Deva
panel2,B,vardial2018/dev,mag,L1,dev:8722,mag_Deva
panel2,B,vardial2018/dev,mag,L1,dev:8729,mag_Deva
panel2,B,vardial2018/dev,mag,L1,dev:8730,awa_Deva
panel2,B,vardial2018/dev,mag,L1,dev:8732,mag_Deva
panel2,B,vardial2018/dev,mag,L1,dev:8740,mag_Deva
panel2,B,vardial2018/dev,mag,L1,dev:8742,hin_Deva
panel2,B,vardial2018/dev,mag,L1,dev:8745,mag_Deva
panel2,B,vardial2018/dev,mag,L1,dev:8749,awa_Deva
panel2,B,vardial2018/dev,mag,L1,dev:8753,mag_Deva
panel2,B,vardial2018/dev,mag,L1,dev:8757,bho_Deva
panel2,B,vardial2018/dev,mag,L1,dev:8787,mag_Deva
panel2,B,vardial2018/dev,mag,L1,dev:8808,awa_Deva
panel2,B,vardial2018/dev,mag,L1,dev:8817,mag_Deva
panel2,B,vardial2018/dev,mag,L1,dev:8820,mag_Deva
panel2,B,vardial2018/dev,mag,L1,dev:8828,bho_Deva
panel2,B,vardial2018/dev,mag,L1,dev:8830,mag_Deva
panel2,B,vardial2018/dev,mag,L1,dev:8843,bho_Deva
panel2,B,vardial2018/dev,mag,L1,dev:8844,mag_Deva
panel2,B,vardial2018/dev,mag,L1,dev:8847,bho_Deva
panel2,B,vardial2018/dev,mag,L1,dev:8868,mag_Deva
panel2,B,vardial2018/dev,mag,L1,dev:8875,bho_Deva
panel2,B,vardial2018/dev,mag,L1,dev:8879,mag_Deva
panel2,B,vardial2018/dev,mag,L1,dev:8881,bho_Deva
panel2,B,vardial2018/dev,mag,L1,dev:8884,mag_Deva
panel2,B,vardial2018/dev,mag,L1,dev:8887,mai_Deva
panel2,B,vardial2018/dev,mag,L1,dev:8889,bho_Deva
panel2,B,vardial2018/dev,mag,L1,dev:8890,hin_Deva
panel2,B,vardial2018/dev,mag,L1,dev:8901,mag_Deva
panel2,B,vardial2018/dev,mag,L1,dev:8903,mai_Deva
panel2,B,vardial2018/dev,mag,L1,dev:8904,bho_Deva
panel2,B,vardial2018/dev,mag,L1,dev:8905,bho_Deva
panel2,B,vardial2018/dev,mag,L1,dev:8906,awa_Deva
panel2,B,vardial2018/dev,mag,L1,dev:8913,mag_Deva
panel2,B,vardial2018/dev,mag,L1,dev:8916,mag_Deva
panel2,B,vardial2018/dev,mag,L1,dev:8925,mag_Deva
panel2,B,vardial2018/dev,mag,L1,dev:8934,mag_Deva
panel2,B,vardial2018/dev,mag,L1,dev:8935,mag_Deva
panel2,B,vardial2018/dev,mag,L1,dev:8943,taj_Deva
panel2,B,vardial2018/dev,mag,L1,dev:8947,bho_Deva
panel2,B,vardial2018/dev,mag,L1,dev:8948,bho_Deva
panel2,B,vardial2018/dev,mag,L1,dev:8956,bho_Deva
panel2,B,vardial2018/dev,mag,L1,dev:8961,bho_Deva
panel2,B,vardial2018/dev,mag,L1,dev:8963,mag_Deva
panel2,B,vardial2018/dev,mag,L1,dev:8966,mag_Deva
panel2,B,vardial2018/dev,mag,L1,dev:8968,mag_Deva
panel2,B,vardial2018/dev,mag,L1,dev:8970,hin_Deva
panel2,B,vardial2018/dev,mag,L1,dev:8977,mag_Deva
panel2,B,vardial2018/dev,mag,L1,dev:8987,mag_Deva
panel2,B,vardial2018/dev,mag,L1,dev:8998,awa_Deva
panel2,B,vardial2018/dev,mag,L1,dev:9008,awa_Deva
panel2,B,vardial2018/dev,mag,L1,dev:9017,mag_Deva
panel2,B,vardial2018/dev,mag,L1,dev:9019,mag_Deva
panel2,B,vardial2018/dev,mag,L1,dev:9020,mag_Deva
panel2,B,vardial2018/dev,mag,L1,dev:9021,awa_Deva
panel2,B,vardial2018/dev,mag,L1,dev:9024,mai_Deva
panel2,B,vardial2018/dev,mag,L1,dev:9028,mag_Deva
panel2,B,vardial2018/dev,mag,L1,dev:9038,mai_Deva
panel2,B,vardial2018/dev,mag,L1,dev:9039,bho_Deva
panel2,B,vardial2018/dev,mag,L1,dev:9041,awa_Deva
panel2,B,vardial2018/dev,mag,L1,dev:9048,bho_Deva
panel2,B,vardial2018/dev,mag,L1,dev:9050,mag_Deva
panel2,B,vardial2018/dev,mag,L1,dev:9061,hin_Deva
panel2,B,vardial2018/dev,mag,L1,dev:9075,mai_Deva
panel2,B,vardial2018/dev,mag,L1,dev:9078,hin_Deva
panel2,B,vardial2018/dev,mag,L1,dev:9086,bho_Deva
panel2,B,vardial2018/dev,mag,L1,dev:9088,npi_Deva
panel2,B,vardial2018/dev,mag,L1,dev:9092,mag_Deva
panel2,B,vardial2018/dev,mag,L1,dev:9096,mag_Deva
panel2,B,vardial2018/dev,mag,L1,dev:9104,mag_Deva
panel2,B,vardial2018/dev,mag,L1,dev:9109,bho_Deva
panel2,B,vardial2018/dev,mag,L1,dev:9117,mag_Deva
panel2,B,vardial2018/dev,mag,L1,dev:9118,mag_Deva
panel2,B,vardial2018/dev,mag,L1,dev:9120,mag_Deva
panel2,B,vardial2018/dev,mag,L1,dev:9121,bho_Deva
panel2,B,vardial2018/dev,mag,L1,dev:9138,mag_Deva
panel2,B,vardial2018/dev,mag,L1,dev:9142,awa_Deva
panel2,B,vardial2018/dev,mag,L1,dev:9148,mag_Deva
panel2,B,vardial2018/dev,mag,L1,dev:9150,hin_Deva
panel2,B,vardial2018/dev,mag,L1,dev:9156,awa_Deva
panel2,B,vardial2018/dev,mag,L1,dev:9158,bho_Deva
panel2,B,vardial2018/dev,mag,L1,dev:9162,mag_Deva
panel2,B,vardial2018/dev,mag,L1,dev:9166,bho_Deva
panel2,B,vardial2018/dev,mag,L1,dev:9172,bho_Deva
panel2,B,vardial2018/dev,mag,L1,dev:9192,bho_Deva
panel2,B,vardial2018/dev,mag,L1,dev:9203,mag_Deva
panel2,B,vardial2018/dev,mag,L1,dev:9206,mag_Deva
panel2,B,vardial2018/dev,mag,L1,dev:9211,mag_Deva
panel2,B,vardial2018/dev,mag,L1,dev:9224,awa_Deva
panel2,B,vardial2018/dev,mag,L1,dev:9242,mag_Deva
panel2,B,vardial2018/dev,mag,L1,dev:9247,mag_Deva
panel2,B,vardial2018/dev,mag,L1,dev:9248,mag_Deva
panel2,B,vardial2018/dev,mag,L1,dev:9250,awa_Deva
panel2,B,vardial2018/dev,mag,L1,dev:9251,mag_Deva
panel2,B,vardial2018/dev,mag,L1,dev:9252,bho_Deva
panel2,B,vardial2018/dev,mag,L1,dev:9255,bho_Deva
panel2,B,vardial2018/dev,mag,L1,dev:9265,mag_Deva
panel2,B,vardial2018/dev,mag,L1,dev:9267,mag_Deva
panel2,B,vardial2018/dev,mag,L1,dev:9268,mag_Deva
panel2,B,vardial2018/dev,mag,L1,dev:9273,snd_Deva
panel2,B,vardial2018/dev,mag,L1,dev:9281,mag_Deva
panel2,B,vardial2018/dev,mag,L1,dev:9302,awa_Deva
panel2,B,vardial2018/dev,mag,L1,dev:9307,mag_Deva
panel2,B,vardial2018/dev,mag,L1,dev:9317,mag_Deva
panel2,B,vardial2018/dev,mag,L1,dev:9318,mag_Deva
panel2,B,vardial2018/dev,mag,L1,dev:9322,bho_Deva
panel2,B,vardial2018/dev,mag,L1,dev:9323,mag_Deva
panel2,B,vardial2018/dev,mag,L1,dev:9334,mai_Deva
panel2,B,vardial2018/dev,mag,L1,dev:9335,bho_Deva
panel2,B,vardial2018/dev,mag,L1,dev:9339,hin_Deva
panel2,B,vardial2018/dev,mag,L1,dev:9340,mai_Deva
panel2,B,vardial2018/dev,mag,L1,dev:9346,mag_Deva
panel2,B,vardial2018/dev,mag,L1,dev:9353,mag_Deva
panel2,B,vardial2018/dev,mag,L1,dev:9356,anp_Deva
panel2,B,vardial2018/dev,mag,L1,dev:9362,mai_Deva
panel2,B,vardial2018/dev,mag,L1,dev:9363,mag_Deva
panel2,B,vardial2018/dev,mag,L1,dev:9387,mag_Deva
panel2,B,vardial2018/dev,mag,L1,dev:9388,hne_Deva
panel2,B,vardial2018/dev,mag,L1,dev:9395,bho_Deva
panel2,B,vardial2018/dev,mag,L1,dev:9397,mag_Deva
panel2,B,vardial2018/dev,mag,L1,dev:9400,mag_Deva
panel2,B,vardial2018/dev,mag,L1,dev:9404,awa_Deva
panel2,B,vardial2018/dev,mag,L1,dev:9421,mag_Deva
panel2,B,vardial2018/dev,mag,L1,dev:9427,mag_Deva
panel2,B,vardial2018/dev,mag,L1,dev:9437,mag_Deva
panel2,B,vardial2018/dev,mag,L1,dev:9441,mag_Deva
panel2,B,vardial2018/dev,mag,L1,dev:9444,mag_Deva
panel2,B,vardial2018/dev,mag,L1,dev:9452,bho_Deva
panel2,B,vardial2018/dev,mag,L1,dev:9454,mai_Deva
panel2,B,vardial2018/dev,mag,L1,dev:9459,mag_Deva
panel2,B,vardial2018/dev,mag,L1,dev:9468,hin_Deva
panel2,B,vardial2018/dev,mag,L1,dev:9472,awa_Deva
panel2,B,vardial2018/dev,mag,L1,dev:9478,mup_Deva
panel2,B,vardial2018/dev,mag,L1,dev:9486,mag_Deva
panel2,B,vardial2018/dev,mag,L1,dev:9487,hne_Deva
panel2,B,vardial2018/dev,mag,L1,dev:9490,bho_Deva
panel2,B,vardial2018/dev,mag,L1,dev:9498,mag_Deva
panel2,B,vardial2018/dev,mag,L1,dev:9499,hne_Deva
panel2,B,vardial2018/dev,mag,L1,dev:9504,bho_Deva
panel2,B,vardial2018/dev,mag,L1,dev:9506,bho_Deva
panel2,B,vardial2018/dev,mag,L1,dev:9522,mag_Deva
panel2,B,vardial2018/dev,mag,L1,dev:9525,mag_Deva
panel2,B,vardial2018/dev,mag,L1,dev:9526,mag_Deva
panel2,B,vardial2018/dev,mag,L1,dev:9531,hin_Deva
panel2,B,vardial2018/dev,mag,L1,dev:9533,mag_Deva
panel2,B,vardial2018/dev,mag,L1,dev:9534,hin_Deva
panel2,B,vardial2018/dev,mag,L1,dev:9538,mag_Deva
panel2,B,vardial2018/dev,mag,L1,dev:9541,mag_Deva
panel2,B,vardial2018/dev,mag,L1,dev:9545,bho_Deva
panel2,B,vardial2018/dev,mag,L1,dev:9548,mai_Deva
panel2,B,vardial2018/dev,mag,L1,dev:9555,mai_Deva
panel2,B,vardial2018/dev,mag,L1,dev:9563,bho_Deva
panel2,B,vardial2018/dev,mag,L1,dev:9571,mag_Deva
panel2,B,vardial2018/dev,mag,L1,dev:9585,mai_Deva
panel2,B,vardial2018/dev,mag,L1,dev:9587,mag_Deva
panel2,B,vardial2018/dev,mag,L1,dev:9592,bho_Deva
panel2,B,vardial2018/dev,mag,L1,dev:9596,hne_Deva
panel2,B,vardial2018/dev,mag,L1,dev:9599,mag_Deva
panel2,B,vardial2018/dev,mag,L1,dev:9604,sck_Deva
panel2,B,vardial2018/dev,mag,L1,dev:9608,mag_Deva
panel2,B,vardial2018/dev,mag,L1,dev:9609,mai_Deva
panel2,B,vardial2018/dev,mag,L1,dev:9613,mup_Deva
panel2,B,vardial2018/dev,mag,L1,dev:9614,mag_Deva
panel2,B,vardial2018/dev,mag,L1,dev:9617,mag_Deva
panel2,B,vardial2018/dev,mag,L1,dev:9620,mag_Deva
panel2,B,vardial2018/dev,mag,L1,dev:9621,mag_Deva
panel2,B,vardial2018/dev,mag,L1,dev:9625,anp_Deva
panel2,B,vardial2018/dev,mag,L1,dev:9627,mag_Deva
panel2,B,vardial2018/dev,mag,L1,dev:9629,mag_Deva
panel2,B,vardial2018/dev,mag,L1,dev:9633,bho_Deva
panel2,B,vardial2018/dev,mag,L1,dev:9636,hin_Deva
panel2,B,vardial2018/dev,mag,L1,dev:9638,hin_Deva
panel2,B,vardial2018/dev,mag,L1,dev:9644,mag_Deva
panel2,B,vardial2018/dev,mag,L1,dev:9646,suz_Deva
panel2,B,vardial2018/dev,mag,L1,dev:9653,hin_Deva
panel2,B,vardial2018/dev,mag,L1,dev:9656,mag_Deva
panel2,B,vardial2018/dev,mag,L1,dev:9657,awa_Deva
panel2,B,vardial2018/dev,mag,L1,dev:9658,mag_Deva
panel2,B,vardial2018/dev,mag,L1,dev:9662,bho_Deva
panel2,B,vardial2018/dev,mag,L1,dev:9665,bho_Deva
panel2,B,vardial2018/dev,mag,L1,dev:9669,mag_Deva
panel2,B,vardial2018/dev,mag,L1,dev:9671,bho_Deva
panel2,B,vardial2018/dev,mag,L1,dev:9676,mag_Deva
panel2,B,vardial2018/dev,mag,L1,dev:9691,hne_Deva
panel2,B,vardial2018/dev,mag,L1,dev:9696,mag_Deva
panel2,B,vardial2018/dev,mag,L1,dev:9706,mag_Deva
panel2,B,vardial2018/dev,mag,L1,dev:9717,mag_Deva
panel2,B,vardial2018/dev,mag,L1,dev:9726,hin_Deva
panel2,B,vardial2018/dev,mag,L1,dev:9729,bho_Deva
panel2,B,vardial2018/dev,mag,L1,dev:9730,mag_Deva
panel2,B,vardial2018/dev,mag,L1,dev:9732,bho_Deva
panel2,B,vardial2018/dev,mag,L1,dev:9739,hin_Deva
panel2,B,vardial2018/dev,mag,L1,dev:9750,mai_Deva
panel2,B,vardial2018/dev,mag,L1,dev:9751,bho_Deva
panel2,B,vardial2018/dev,mag,L1,dev:9761,mag_Deva
panel2,B,vardial2018/dev,mag,L1,dev:9781,hin_Deva
panel2,B,vardial2018/dev,mag,L1,dev:9784,mag_Deva
panel2,B,vardial2018/dev,mag,L1,dev:9786,mag_Deva
panel2,B,vardial2018/dev,mag,L1,dev:9787,mag_Deva
panel2,B,vardial2018/dev,mag,L1,dev:9789,bho_Deva
panel2,B,vardial2018/dev,mag,L1,dev:9803,mag_Deva
panel2,B,vardial2018/dev,mag,L1,dev:9815,bho_Deva
panel2,B,vardial2018/dev,mag,L1,dev:9826,bho_Deva
panel2,B,vardial2018/dev,mag,L1,dev:9834,mag_Deva
panel2,B,vardial2018/dev,mag,L1,dev:9837,bho_Deva
panel2,B,vardial2018/dev,mag,L1,dev:9860,mag_Deva
panel2,B,vardial2018/dev,mag,L1,dev:9864,awa_Deva
panel2,B,vardial2018/dev,mag,L1,dev:9867,bho_Deva
panel2,B,vardial2018/dev,mag,L1,dev:9871,bho_Deva
panel2,B,vardial2018/dev,mag,L1,dev:9878,mai_Deva
panel2,B,vardial2018/dev,mag,L1,dev:9889,mag_Deva
panel2,B,vardial2018/dev,mag,L1,dev:9903,mag_Deva
panel2,B,vardial2018/dev,mag,L1,dev:9905,bho_Deva
panel2,B,vardial2018/dev,mag,L1,dev:9908,bho_Deva
panel2,B,vardial2018/dev,mag,L1,dev:9909,mag_Deva
panel2,B,vardial2018/dev,mag,L1,dev:9913,mag_Deva
panel2,B,vardial2018/dev,mag,L1,dev:9919,doi_Deva
panel2,B,vardial2018/dev,mag,L1,dev:9921,mag_Deva
panel2,B,vardial2018/dev,mag,L1,dev:9924,mag_Deva
panel2,B,vardial2018/dev,mag,L1,dev:9925,bho_Deva
panel2,B,vardial2018/dev,mag,L1,dev:9929,bho_Deva
panel2,B,vardial2018/dev,mag,L1,dev:9930,mag_Deva
panel2,B,vardial2018/dev,mag,L1,dev:9934,mai_Deva
panel2,B,vardial2018/dev,mag,L1,dev:9950,hne_Deva
panel2,B,vardial2018/dev,mag,L1,dev:9952,mag_Deva
panel2,B,vardial2018/dev,mag,L1,dev:9963,mag_Deva
panel2,B,vardial2018/dev,mag,L1,dev:9968,mag_Deva
panel2,B,vardial2018/dev,mag,L1,dev:9970,mag_Deva
panel2,B,vardial2018/dev,mag,L1,dev:9971,mai_Deva
panel2,B,vardial2018/dev,mag,L1,dev:9979,hin_Deva
panel2,B,vardial2018/dev,mag,L1,dev:9980,mag_Deva
panel2,B,vardial2018/dev,mag,L1,dev:9989,mag_Deva
panel2,B,vardial2018/dev,mag,L1,dev:9995,mag_Deva
panel2,B,vardial2018/dev,mag,L1,dev:9996,anp_Deva
panel2,B,vardial2018/dev,mag,L1,dev:10003,sck_Deva
panel2,B,vardial2018/dev,mag,L1,dev:10019,mag_Deva
panel2,B,vardial2018/dev,mag,L1,dev:10026,awa_Deva
panel2,B,vardial2018/dev,mag,L1,dev:10030,hin_Deva
panel2,B,vardial2018/dev,mag,L1,dev:10038,bho_Deva
panel2,B,vardial2018/dev,mag,L1,dev:10045,bho_Deva
panel2,B,vardial2018/dev,mag,L1,dev:10049,mag_Deva
panel2,B,vardial2018/dev,mag,L1,dev:10057,hin_Deva
panel2,B,vardial2018/dev,mag,L1,dev:10058,bho_Deva
panel2,B,vardial2018/dev,mag,L1,dev:10063,mai_Deva
panel2,B,vardial2018/dev,mag,L1,dev:10065,mag_Deva
panel2,B,vardial2018/dev,mag,L1,dev:10074,mag_Deva
panel2,B,vardial2018/dev,mag,L1,dev:10078,mai_Deva
panel2,B,vardial2018/dev,mag,L1,dev:10086,awa_Deva
panel2,B,vardial2018/dev,mag,L1,dev:10089,bho_Deva
panel2,B,vardial2018/dev,mag,L1,dev:10090,mag_Deva
panel2,B,vardial2018/dev,mag,L1,dev:10093,mai_Deva
panel2,B,vardial2018/dev,mag,L1,dev:10103,kas_Deva
panel2,B,vardial2018/dev,mag,L1,dev:10105,mag_Deva
panel2,B,vardial2018/dev,mag,L1,dev:10118,bho_Deva
panel2,B,vardial2018/dev,mag,L1,dev:10123,mag_Deva
panel2,B,vardial2018/dev,mag,L1,dev:10127,mag_Deva
panel2,B,vardial2018/dev,mag,L1,dev:10146,mag_Deva
panel2,B,vardial2018/dev,mag,L1,dev:10148,bho_Deva
panel2,B,vardial2018/dev,mag,L1,dev:10149,mag_Deva
panel2,B,vardial2018/dev,mag,L1,dev:10162,mai_Deva
panel2,B,vardial2018/dev,mag,L1,dev:10164,bho_Deva
panel2,B,vardial2018/dev,mag,L1,dev:10165,hin_Deva
panel2,B,vardial2018/dev,mag,L1,dev:10168,hne_Deva
panel2,B,vardial2018/dev,mag,L1,dev:10171,bho_Deva
panel2,B,vardial2018/dev,mag,L1,dev:10173,awa_Deva
panel2,B,vardial2018/dev,mag,L1,dev:10178,mag_Deva
panel2,B,vardial2018/dev,mag,L1,dev:10189,mag_Deva
panel2,B,vardial2018/dev,mag,L1,dev:10192,bho_Deva
panel2,B,vardial2018/dev,mag,L1,dev:10206,mai_Deva
panel2,B,vardial2018/dev,mag,L1,dev:10208,awa_Deva
panel2,B,vardial2018/dev,mag,L1,dev:10213,hin_Deva
panel2,B,vardial2018/dev,mag,L1,dev:10216,mag_Deva
panel2,B,vardial2018/dev,mag,L1,dev:10227,bho_Deva
panel2,B,vardial2018/dev,mag,L1,dev:10231,awa_Deva
panel2,B,vardial2018/dev,mag,L1,dev:10254,mag_Deva
panel2,B,vardial2018/dev,mag,L1,dev:10257,mag_Deva
panel2,B,vardial2018/dev,mag,L1,dev:10271,mag_Deva
panel2,B,vardial2018/dev,mag,L1,dev:10276,hin_Deva
panel2,B,vardial2018/dev,mag,L1,dev:10279,mag_Deva
panel2,B,vardial2018/dev,mag,L1,dev:10280,bho_Deva
panel2,B,vardial2018/dev,mag,L1,dev:10283,mag_Deva
panel2,B,vardial2018/dev,mag,L1,dev:10286,hne_Deva
panel2,B,vardial2018/dev,mag,L1,dev:10287,mag_Deva
panel2,B,vardial2018/dev,mag,L1,dev:10289,mag_Deva
panel2,B,vardial2018/dev,mag,L1,dev:10293,mag_Deva
panel2,B,vardial2018/dev,mag,L1,dev:10295,mag_Deva
panel2,B,vardial2018/dev,mag,L1,dev:10301,bho_Deva
panel2,B,vardial2018/dev,mag,L1,dev:10303,awa_Deva
panel2,B,vardial2018/dev,mag,L1,dev:10305,bho_Deva
panel2,B,vardial2018/dev,mag,L1,dev:10308,hin_Deva
panel2,B,vardial2018/dev,mag,L1,dev:10310,mag_Deva
panel2,B,vardial2018/dev,mag,L1,dev:10319,hin_Deva
panel2,B,vardial2018/dev,mag,L1,dev:10320,hin_Deva
panel2,B,vardial2018/dev,mag,L1,dev:10328,hin_Deva
panel2,B,vardial2018/test,mag,L1,test:1,mag_Deva
panel2,B,vardial2018/test,mag,L1,test:3,bho_Deva
panel2,B,vardial2018/test,mag,L1,test:4,hin_Deva
panel2,B,vardial2018/test,mag,L1,test:7,mag_Deva
panel2,B,vardial2018/test,mag,L1,test:8,bho_Deva
panel2,B,vardial2018/test,mag,L1,test:9,mag_Deva
panel2,B,vardial2018/test,mag,L1,test:11,bho_Deva
panel2,B,vardial2018/test,mag,L1,test:18,mag_Deva
panel2,B,vardial2018/test,mag,L1,test:21,mag_Deva
panel2,B,vardial2018/test,mag,L1,test:25,anp_Deva
panel2,B,vardial2018/test,mag,L1,test:26,mag_Deva
panel2,B,vardial2018/test,mag,L1,test:28,mag_Deva
panel2,B,vardial2018/test,mag,L1,test:30,mag_Deva
panel2,B,vardial2018/test,mag,L1,test:40,bho_Deva
panel2,B,vardial2018/test,mag,L1,test:44,mag_Deva
panel2,B,vardial2018/test,mag,L1,test:51,kas_Deva
panel2,B,vardial2018/test,mag,L1,test:59,mag_Deva
panel2,B,vardial2018/test,mag,L1,test:72,hin_Deva
panel2,B,vardial2018/test,mag,L1,test:76,mag_Deva
panel2,B,vardial2018/test,mag,L1,test:77,mag_Deva
panel2,B,vardial2018/test,mag,L1,test:86,mag_Deva
panel2,B,vardial2018/test,mag,L1,test:93,mai_Deva
panel2,B,vardial2018/test,mag,L1,test:98,bho_Deva
panel2,B,vardial2018/test,mag,L1,test:109,hne_Deva
panel2,B,vardial2018/test,mag,L1,test:115,hne_Deva
panel2,B,vardial2018/test,mag,L1,test:118,mag_Deva
panel2,B,vardial2018/test,mag,L1,test:131,mag_Deva
panel2,B,vardial2018/test,mag,L1,test:133,mag_Deva
panel2,B,vardial2018/test,mag,L1,test:142,mag_Deva
panel2,B,vardial2018/test,mag,L1,test:145,mag_Deva
panel2,B,vardial2018/test,mag,L1,test:153,hne_Deva
panel2,B,vardial2018/test,mag,L1,test:160,bho_Deva
panel2,B,vardial2018/test,mag,L1,test:162,mag_Deva
panel2,B,vardial2018/test,mag,L1,test:164,hne_Deva
panel2,B,vardial2018/test,mag,L1,test:166,hne_Deva
panel2,B,vardial2018/test,mag,L1,test:168,mag_Deva
panel2,B,vardial2018/test,mag,L1,test:169,bho_Deva
panel2,B,vardial2018/test,mag,L1,test:172,mag_Deva
panel2,B,vardial2018/test,mag,L1,test:173,mag_Deva
panel2,B,vardial2018/test,mag,L1,test:177,mai_Deva
panel2,B,vardial2018/test,mag,L1,test:183,mag_Deva
panel2,B,vardial2018/test,mag,L1,test:195,mag_Deva
panel2,B,vardial2018/test,mag,L1,test:197,mag_Deva
panel2,B,vardial2018/test,mag,L1,test:200,hne_Deva
panel2,B,vardial2018/test,mag,L1,test:201,mag_Deva
panel2,B,vardial2018/test,mag,L1,test:215,bho_Deva
panel2,B,vardial2018/test,mag,L1,test:225,mag_Deva
panel2,B,vardial2018/test,mag,L1,test:229,mag_Deva
panel2,B,vardial2018/test,mag,L1,test:234,bho_Deva
panel2,B,vardial2018/test,mag,L1,test:240,bho_Deva
panel2,B,vardial2018/test,mag,L1,test:248,mag_Deva
panel2,B,vardial2018/test,mag,L1,test:258,mag_Deva
panel2,B,vardial2018/test,mag,L1,test:259,mag_Deva
panel2,B,vardial2018/test,mag,L1,test:260,mag_Deva
panel2,B,vardial2018/test,mag,L1,test:264,mai_Deva
panel2,B,vardial2018/test,mag,L1,test:272,mag_Deva
panel2,B,vardial2018/test,mag,L1,test:275,hne_Deva
panel2,B,vardial2018/test,mag,L1,test:276,bho_Deva
panel2,B,vardial2018/test,mag,L1,test:280,hne_Deva
panel2,B,vardial2018/test,mag,L1,test:282,mag_Deva
panel2,B,vardial2018/test,mag,L1,test:284,mag_Deva
panel2,B,vardial2018/test,mag,L1,test:289,mag_Deva
panel2,B,vardial2018/test,mag,L1,test:295,mag_Deva
panel2,B,vardial2018/test,mag,L1,test:297,mag_Deva
panel2,B,vardial2018/test,mag,L1,test:299,mag_Deva
panel2,B,vardial2018/test,mag,L1,test:300,bho_Deva
panel2,B,vardial2018/test,mag,L1,test:304,hne_Deva
panel2,B,vardial2018/test,mag,L1,test:305,mag_Deva
panel2,B,vardial2018/test,mag,L1,test:310,bho_Deva
panel2,B,vardial2018/test,mag,L1,test:312,hne_Deva
panel2,B,vardial2018/test,mag,L1,test:315,mag_Deva
panel2,B,vardial2018/test,mag,L1,test:316,mag_Deva
panel2,B,vardial2018/test,mag,L1,test:328,mag_Deva
panel2,B,vardial2018/test,mag,L1,test:332,hin_Deva
panel2,B,vardial2018/test,mag,L1,test:333,mag_Deva
panel2,B,vardial2018/test,mag,L1,test:338,mai_Deva
panel2,B,vardial2018/test,mag,L1,test:339,mag_Deva
panel2,B,vardial2018/test,mag,L1,test:345,mag_Deva
panel2,B,vardial2018/test,mag,L1,test:358,hne_Deva
panel2,B,vardial2018/test,mag,L1,test:366,mag_Deva
panel2,B,vardial2018/test,mag,L1,test:375,hne_Deva
panel2,B,vardial2018/test,mag,L1,test:377,mag_Deva
panel2,B,vardial2018/test,mag,L1,test:379,bho_Deva
panel2,B,vardial2018/test,mag,L1,test:382,hin_Deva
panel2,B,vardial2018/test,mag,L1,test:397,mag_Deva
panel2,B,vardial2018/test,mag,L1,test:400,mag_Deva
panel2,B,vardial2018/test,mag,L1,test:412,mag_Deva
panel2,B,vardial2018/test,mag,L1,test:415,mag_Deva
panel2,B,vardial2018/test,mag,L1,test:416,mag_Deva
panel2,B,vardial2018/test,mag,L1,test:417,mag_Deva
panel2,B,vardial2018/test,mag,L1,test:418,bho_Deva
panel2,B,vardial2018/test,mag,L1,test:422,mag_Deva
panel2,B,vardial2018/test,mag,L1,test:423,mag_Deva
panel2,B,vardial2018/test,mag,L1,test:424,bho_Deva
panel2,B,vardial2018/test,mag,L1,test:429,mag_Deva
panel2,B,vardial2018/test,mag,L1,test:435,bho_Deva
panel2,B,vardial2018/test,mag,L1,test:444,mag_Deva
panel2,B,vardial2018/test,mag,L1,test:446,mag_Deva
panel2,B,vardial2018/test,mag,L1,test:449,mag_Deva
panel2,B,vardial2018/test,mag,L1,test:456,bho_Deva
panel2,B,vardial2018/test,mag,L1,test:464,mag_Deva
panel2,B,vardial2018/test,mag,L1,test:468,mag_Deva
panel2,B,vardial2018/test,mag,L1,test:472,mag_Deva
panel2,B,vardial2018/test,mag,L1,test:477,mag_Deva
panel2,B,vardial2018/test,mag,L1,test:479,mai_Deva
panel2,B,vardial2018/test,mag,L1,test:483,bho_Deva
panel2,B,vardial2018/test,mag,L1,test:488,mai_Deva
panel2,B,vardial2018/test,mag,L1,test:492,hin_Deva
panel2,B,vardial2018/test,mag,L1,test:506,mai_Deva
panel2,B,vardial2018/test,mag,L1,test:508,hne_Deva
panel2,B,vardial2018/test,mag,L1,test:510,mag_Deva
panel2,B,vardial2018/test,mag,L1,test:516,mai_Deva
panel2,B,vardial2018/test,mag,L1,test:529,awa_Deva
panel2,B,vardial2018/test,mag,L1,test:537,mag_Deva
panel2,B,vardial2018/test,mag,L1,test:538,mag_Deva
panel2,B,vardial2018/test,mag,L1,test:541,mag_Deva
panel2,B,vardial2018/test,mag,L1,test:542,bho_Deva
panel2,B,vardial2018/test,mag,L1,test:544,mag_Deva
panel2,B,vardial2018/test,mag,L1,test:545,mag_Deva
panel2,B,vardial2018/test,mag,L1,test:547,bho_Deva
panel2,B,vardial2018/test,mag,L1,test:549,bho_Deva
panel2,B,vardial2018/test,mag,L1,test:552,mag_Deva
panel2,B,vardial2018/test,mag,L1,test:555,mag_Deva
panel2,B,vardial2018/test,mag,L1,test:558,doi_Deva
panel2,B,vardial2018/test,mag,L1,test:565,bho_Deva
panel2,B,vardial2018/test,mag,L1,test:567,mag_Deva
panel2,B,vardial2018/test,mag,L1,test:568,mag_Deva
panel2,B,vardial2018/test,mag,L1,test:569,mag_Deva
panel2,B,vardial2018/test,mag,L1,test:570,hne_Deva
panel2,B,vardial2018/test,mag,L1,test:578,bho_Deva
panel2,B,vardial2018/test,mag,L1,test:579,awa_Deva
panel2,B,vardial2018/test,mag,L1,test:584,mag_Deva
panel2,B,vardial2018/test,mag,L1,test:588,anp_Deva
panel2,B,vardial2018/test,mag,L1,test:593,mag_Deva
panel2,B,vardial2018/test,mag,L1,test:611,mag_Deva
panel2,B,vardial2018/test,mag,L1,test:620,ghe_Deva
panel2,B,vardial2018/test,mag,L1,test:623,bho_Deva
panel2,B,vardial2018/test,mag,L1,test:626,mai_Deva
panel2,B,vardial2018/test,mag,L1,test:635,mag_Deva
panel2,B,vardial2018/test,mag,L1,test:636,mag_Deva
panel2,B,vardial2018/test,mag,L1,test:639,bho_Deva
panel2,B,vardial2018/test,mag,L1,test:644,mag_Deva
panel2,B,vardial2018/test,mag,L1,test:645,mag_Deva
panel2,B,vardial2018/test,mag,L1,test:646,mag_Deva
panel2,B,vardial2018/test,mag,L1,test:650,mag_Deva
panel2,B,vardial2018/test,mag,L1,test:656,mag_Deva
panel2,B,vardial2018/test,mag,L1,test:661,mag_Deva
panel2,B,vardial2018/test,mag,L1,test:664,bho_Deva
panel2,B,vardial2018/test,mag,L1,test:668,hne_Deva
panel2,B,vardial2018/test,mag,L1,test:678,mag_Deva
panel2,B,vardial2018/test,mag,L1,test:690,awa_Deva
panel2,B,vardial2018/test,mag,L1,test:691,mag_Deva
panel2,B,vardial2018/test,mag,L1,test:703,mag_Deva
panel2,B,vardial2018/test,mag,L1,test:712,mag_Deva
panel2,B,vardial2018/test,mag,L1,test:722,mag_Deva
panel2,B,vardial2018/test,mag,L1,test:728,mai_Deva
panel2,B,vardial2018/test,mag,L1,test:734,mag_Deva
panel2,B,vardial2018/test,mag,L1,test:736,mag_Deva
panel2,B,vardial2018/test,mag,L1,test:746,mag_Deva
panel2,B,vardial2018/test,mag,L1,test:747,hin_Deva
panel2,B,vardial2018/test,mag,L1,test:751,kru_Deva
panel2,B,vardial2018/test,mag,L1,test:758,mag_Deva
panel2,B,vardial2018/test,mag,L1,test:759,mag_Deva
panel2,B,vardial2018/test,mag,L1,test:764,mag_Deva
panel2,B,vardial2018/test,mag,L1,test:769,mag_Deva
panel2,B,vardial2018/test,mag,L1,test:772,mag_Deva
panel2,B,vardial2018/test,mag,L1,test:780,mai_Deva
panel2,B,vardial2018/test,mag,L1,test:791,mag_Deva
panel2,B,vardial2018/test,mag,L1,test:796,mag_Deva
panel2,B,vardial2018/test,mag,L1,test:797,bho_Deva
panel2,B,vardial2018/test,mag,L1,test:802,bho_Deva
panel2,B,vardial2018/test,mag,L1,test:806,mag_Deva
panel2,B,vardial2018/test,mag,L1,test:808,bho_Deva
panel2,B,vardial2018/test,mag,L1,test:810,mai_Deva
panel2,B,vardial2018/test,mag,L1,test:835,mag_Deva
panel2,B,vardial2018/test,mag,L1,test:837,hin_Deva
panel2,B,vardial2018/test,mag,L1,test:838,bho_Deva
panel2,B,vardial2018/test,mag,L1,test:840,anp_Deva
panel2,B,vardial2018/test,mag,L1,test:846,npi_Deva
panel2,B,vardial2018/test,mag,L1,test:847,bho_Deva
panel2,B,vardial2018/test,mag,L1,test:853,mag_Deva
panel2,B,vardial2018/test,mag,L1,test:865,mag_Deva
panel2,B,vardial2018/test,mag,L1,test:868,bho_Deva
panel2,B,vardial2018/test,mag,L1,test:887,mai_Deva
panel2,B,vardial2018/test,mag,L1,test:889,mag_Deva
panel2,B,vardial2018/test,mag,L1,test:891,hin_Deva
panel2,B,vardial2018/test,mag,L1,test:895,mag_Deva
panel2,B,vardial2018/test,mag,L1,test:896,bho_Deva
panel2,B,vardial2018/test,mag,L1,test:902,hin_Deva
panel2,B,vardial2018/test,mag,L1,test:909,mai_Deva
panel2,B,vardial2018/test,mag,L1,test:928,bho_Deva
panel2,B,vardial2018/test,mag,L1,test:929,mai_Deva
panel2,B,vardial2018/test,mag,L1,test:931,mag_Deva
panel2,B,vardial2018/test,mag,L1,test:932,bho_Deva
panel2,B,vardial2018/test,mag,L1,test:941,bho_Deva
panel2,B,vardial2018/test,mag,L1,test:942,mag_Deva
panel2,B,vardial2018/test,mag,L1,test:947,mag_Deva
panel2,B,vardial2018/test,mag,L1,test:950,mag_Deva
panel2,B,vardial2018/test,mag,L1,test:961,mag_Deva
panel2,B,vardial2018/test,mag,L1,test:967,bho_Deva
panel2,B,vardial2018/test,mag,L1,test:971,mag_Deva
panel2,B,vardial2018/test,mag,L1,test:974,mag_Deva
panel2,B,vardial2018/test,mag,L1,test:976,mag_Deva
panel2,B,vardial2018/test,mag,L1,test:978,bho_Deva
panel2,B,vardial2018/test,mag,L1,test:981,mai_Deva
panel2,B,vardial2018/test,mag,L1,test:986,bho_Deva
panel2,B,vardial2018/test,mag,L1,test:992,bho_Deva
panel2,B,vardial2018/test,mag,L1,test:994,mag_Deva
panel2,B,vardial2018/test,mag,L1,test:996,bho_Deva
panel2,B,vardial2018/test,mag,L1,test:997,bho_Deva
panel2,B,vardial2018/test,mag,L1,test:1010,bho_Deva
panel2,B,vardial2018/test,mag,L1,test:1014,mag_Deva
panel2,B,vardial2018/test,mag,L1,test:1016,hne_Deva
panel2,B,vardial2018/test,mag,L1,test:1020,hin_Deva
panel2,B,vardial2018/test,mag,L1,test:1032,mag_Deva
panel2,B,vardial2018/test,mag,L1,test:1035,hne_Deva
panel2,B,vardial2018/test,mag,L1,test:1039,hne_Deva
panel2,B,vardial2018/test,mag,L1,test:1067,sck_Deva
panel2,B,vardial2018/test,mag,L1,test:1070,mag_Deva
panel2,B,vardial2018/test,mag,L1,test:1071,mag_Deva
panel2,B,vardial2018/test,mag,L1,test:1078,hin_Deva
panel2,B,vardial2018/test,mag,L1,test:1079,bho_Deva
panel2,B,vardial2018/test,mag,L1,test:1083,bho_Deva
panel2,B,vardial2018/test,mag,L1,test:1084,awa_Deva
panel2,B,vardial2018/test,mag,L1,test:1089,bho_Deva
panel2,B,vardial2018/test,mag,L1,test:1092,mag_Deva
panel2,B,vardial2018/test,mag,L1,test:1100,mag_Deva
panel2,B,vardial2018/test,mag,L1,test:1107,bho_Deva
panel2,B,vardial2018/test,mag,L1,test:1111,mag_Deva
panel2,B,vardial2018/test,mag,L1,test:1115,bho_Deva
panel2,B,vardial2018/test,mag,L1,test:1117,hin_Deva
panel2,B,vardial2018/test,mag,L1,test:1121,bho_Deva
panel2,B,vardial2018/test,mag,L1,test:1124,mag_Deva
panel2,B,vardial2018/test,mag,L1,test:1125,mag_Deva
panel2,B,vardial2018/test,mag,L1,test:1142,bho_Deva
panel2,B,vardial2018/test,mag,L1,test:1145,hin_Deva
panel2,B,vardial2018/test,mag,L1,test:1150,mag_Deva
panel2,B,vardial2018/test,mag,L1,test:1155,mag_Deva
panel2,B,vardial2018/test,mag,L1,test:1159,mag_Deva
panel2,B,vardial2018/test,mag,L1,test:1160,bho_Deva
panel2,B,vardial2018/test,mag,L1,test:1161,hne_Deva
panel2,B,vardial2018/test,mag,L1,test:1164,hin_Deva
panel2,B,vardial2018/test,mag,L1,test:1171,mag_Deva
panel2,B,vardial2018/test,mag,L1,test:1172,mag_Deva
panel2,B,vardial2018/test,mag,L1,test:1173,hin_Deva
panel2,B,vardial2018/test,mag,L1,test:1180,mag_Deva
panel2,B,vardial2018/test,mag,L1,test:1182,mag_Deva
panel2,B,vardial2018/test,mag,L1,test:1184,hne_Deva
panel2,B,vardial2018/test,mag,L1,test:1189,mai_Deva
panel2,B,vardial2018/test,mag,L1,test:1197,mag_Deva
panel2,B,vardial2018/test,mag,L1,test:1201,mai_Deva
panel2,B,vardial2018/test,mag,L1,test:1204,mag_Deva
panel2,B,vardial2018/test,mag,L1,test:1207,bho_Deva
panel2,B,vardial2018/test,mag,L1,test:1215,mag_Deva
panel2,B,vardial2018/test,mag,L1,test:1225,bho_Deva
panel2,B,vardial2018/test,mag,L1,test:1228,mag_Deva
panel2,B,vardial2018/test,mag,L1,test:1231,mag_Deva
panel2,B,vardial2018/test,mag,L1,test:1248,hne_Deva
panel2,B,vardial2018/test,mag,L1,test:1252,mag_Deva
panel2,B,vardial2018/test,mag,L1,test:1259,mag_Deva
panel2,B,vardial2018/test,mag,L1,test:1260,mag_Deva
panel2,B,vardial2018/test,mag,L1,test:1270,mag_Deva
panel2,B,vardial2018/test,mag,L1,test:1271,mag_Deva
panel2,B,vardial2018/test,mag,L1,test:1278,mag_Deva
panel2,B,vardial2018/test,mag,L1,test:1279,mup_Deva
panel2,B,vardial2018/test,mag,L1,test:1287,mag_Deva
panel2,B,vardial2018/test,mag,L1,test:1288,bho_Deva
panel2,B,vardial2018/test,mag,L1,test:1290,mai_Deva
panel2,B,vardial2018/test,mag,L1,test:1295,bho_Deva
panel2,B,vardial2018/test,mag,L1,test:1303,mag_Deva
panel2,B,vardial2018/test,mag,L1,test:1304,mag_Deva
panel2,B,vardial2018/test,mag,L1,test:1307,bho_Deva
panel2,B,vardial2018/test,mag,L1,test:1308,mag_Deva
panel2,B,vardial2018/test,mag,L1,test:1312,mag_Deva
panel2,B,vardial2018/test,mag,L1,test:1317,hin_Deva
panel2,B,vardial2018/test,mag,L1,test:1320,hin_Deva
panel2,B,vardial2018/test,mag,L1,test:1324,hne_Deva
panel2,B,vardial2018/test,mag,L1,test:1326,mag_Deva
panel2,B,vardial2018/test,mag,L1,test:1332,bho_Deva
panel2,B,vardial2018/test,mag,L1,test:1338,mag_Deva
panel2,B,vardial2018/test,mag,L1,test:1341,bho_Deva
panel2,B,vardial2018/test,mag,L1,test:1342,mag_Deva
panel2,B,vardial2018/test,mag,L1,test:1344,bho_Deva
panel2,B,vardial2018/test,mag,L1,test:1351,mag_Deva
panel2,B,vardial2018/test,mag,L1,test:1358,mag_Deva
panel2,B,vardial2018/test,mag,L1,test:1368,mag_Deva
panel2,B,vardial2018/test,mag,L1,test:1379,mai_Deva
panel2,B,vardial2018/test,mag,L1,test:1382,hin_Deva
panel2,B,vardial2018/test,mag,L1,test:1385,mag_Deva
panel2,B,vardial2018/test,mag,L1,test:1388,mag_Deva
panel2,B,vardial2018/test,mag,L1,test:1392,anp_Deva
panel2,B,vardial2018/test,mag,L1,test:1394,bho_Deva
panel2,B,vardial2018/test,mag,L1,test:1396,mag_Deva
panel2,B,vardial2018/test,mag,L1,test:1398,bho_Deva
panel2,B,vardial2018/test,mag,L1,test:1403,mag_Deva
panel2,B,vardial2018/test,mag,L1,test:1407,mag_Deva
panel2,B,vardial2018/test,mag,L1,test:1409,hne_Deva
panel2,B,vardial2018/test,mag,L1,test:1416,mag_Deva
panel2,B,vardial2018/test,mag,L1,test:1419,bho_Deva
panel2,B,vardial2018/test,mag,L1,test:1422,mag_Deva
panel2,B,vardial2018/test,mag,L1,test:1429,hne_Deva
panel2,B,vardial2018/test,mag,L1,test:1430,mag_Deva
panel2,B,vardial2018/test,mag,L1,test:1431,bho_Deva
panel2,B,vardial2018/test,mag,L1,test:1432,mag_Deva
panel2,B,vardial2018/test,mag,L1,test:1442,bho_Deva
panel2,B,vardial2018/test,mag,L1,test:1450,mag_Deva
panel2,B,vardial2018/test,mag,L1,test:1451,hin_Deva
panel2,B,vardial2018/test,mag,L1,test:1455,mag_Deva
panel2,B,vardial2018/test,mag,L1,test:1456,hne_Deva
panel2,B,vardial2018/test,mag,L1,test:1457,mag_Deva
panel2,B,vardial2018/test,mag,L1,test:1462,bho_Deva
panel2,B,vardial2018/test,mag,L1,test:1466,bho_Deva
panel2,B,vardial2018/test,mag,L1,test:1467,mai_Deva
panel2,B,vardial2018/test,mag,L1,test:1470,mag_Deva
panel2,B,vardial2018/test,mag,L1,test:1476,bho_Deva
panel2,B,vardial2018/test,mag,L1,test:1479,mag_Deva
panel2,B,vardial2018/test,mag,L1,test:1483,hin_Deva
panel2,B,vardial2018/test,mag,L1,test:1492,mag_Deva
panel2,B,vardial2018/test,mag,L1,test:1494,mag_Deva
panel2,B,vardial2018/test,mag,L1,test:1505,bho_Deva
panel2,B,vardial2018/test,mag,L1,test:1509,bho_Deva
panel2,B,vardial2018/test,mag,L1,test:1513,mag_Deva
panel2,B,vardial2018/test,mag,L1,test:1518,mag_Deva
panel2,B,vardial2018/test,mag,L1,test:1521,hin_Deva
panel2,B,vardial2018/test,mag,L1,test:1522,mag_Deva
panel2,B,vardial2018/test,mag,L1,test:1526,bho_Deva
panel2,B,vardial2018/test,mag,L1,test:1527,awa_Deva
panel2,B,vardial2018/test,mag,L1,test:1537,mag_Deva
panel2,B,vardial2018/test,mag,L1,test:1548,mag_Deva
panel2,B,vardial2018/test,mag,L1,test:1556,mag_Deva
panel2,B,vardial2018/test,mag,L1,test:1569,hne_Deva
panel2,B,vardial2018/test,mag,L1,test:1571,mag_Deva
panel2,B,vardial2018/test,mag,L1,test:1576,bho_Deva
panel2,B,vardial2018/test,mag,L1,test:1577,mag_Deva
panel2,B,vardial2018/test,mag,L1,test:1582,bho_Deva
panel2,B,vardial2018/test,mag,L1,test:1583,mag_Deva
panel2,B,vardial2018/test,mag,L1,test:1584,bho_Deva
panel2,B,vardial2018/test,mag,L1,test:1587,mag_Deva
panel2,B,vardial2018/test,mag,L1,test:1595,mai_Deva
panel2,B,vardial2018/test,mag,L1,test:1597,mag_Deva
panel2,B,vardial2018/test,mag,L1,test:1601,mag_Deva
panel2,B,vardial2018/test,mag,L1,test:1606,mag_Deva
panel2,B,vardial2018/test,mag,L1,test:1608,awa_Deva
panel2,B,vardial2018/test,mag,L1,test:1609,bho_Deva
panel2,B,vardial2018/test,mag,L1,test:1610,mag_Deva
panel2,B,vardial2018/test,mag,L1,test:1616,mag_Deva
panel2,B,vardial2018/test,mag,L1,test:1618,hne_Deva
panel2,B,vardial2018/test,mag,L1,test:1619,mag_Deva
panel2,B,vardial2018/test,mag,L1,test:1621,mag_Deva
panel2,B,vardial2018/test,mag,L1,test:1622,mag_Deva
panel2,B,vardial2018/test,mag,L1,test:1623,hne_Deva
panel2,B,vardial2018/test,mag,L1,test:1625,bho_Deva
panel2,B,vardial2018/test,mag,L1,test:1628,hin_Deva
panel2,B,vardial2018/test,mag,L1,test:1630,mai_Deva
panel2,B,vardial2018/test,mag,L1,test:1633,mag_Deva
panel2,B,vardial2018/test,mag,L1,test:1634,mag_Deva
panel2,B,vardial2018/test,mag,L1,test:1639,mag_Deva
panel2,B,vardial2018/test,mag,L1,test:1646,mag_Deva
panel2,B,vardial2018/test,mag,L1,test:1647,bho_Deva
panel2,B,vardial2018/test,mag,L1,test:1652,bho_Deva
panel2,B,vardial2018/test,mag,L1,test:1658,hin_Deva
panel2,B,vardial2018/test,mag,L1,test:1661,mag_Deva
panel2,B,vardial2018/test,mag,L1,test:1665,mag_Deva
panel2,B,vardial2018/test,mag,L1,test:1666,hin_Deva
panel2,B,vardial2018/test,mag,L1,test:1671,mai_Deva
panel2,B,vardial2018/test,mag,L1,test:1672,bho_Deva
panel2,B,vardial2018/test,mag,L1,test:1675,mag_Deva
panel2,B,vardial2018/test,mag,L1,test:1690,mag_Deva
panel2,B,vardial2018/test,mag,L1,test:1693,mag_Deva
panel2,B,vardial2018/test,mag,L1,test:1695,hin_Deva
panel2,B,vardial2018/test,mag,L1,test:1700,mag_Deva
panel2,B,vardial2018/test,mag,L1,test:1702,mag_Deva
panel2,B,vardial2018/test,mag,L1,test:1712,mag_Deva
panel2,B,vardial2018/test,mag,L1,test:1716,bho_Deva
panel2,B,vardial2018/test,mag,L1,test:1717,bho_Deva
panel2,B,vardial2018/test,mag,L1,test:1720,hne_Deva
panel2,B,vardial2018/test,mag,L1,test:1721,bho_Deva
panel2,B,vardial2018/test,mag,L1,test:1732,mag_Deva
panel2,B,vardial2018/test,mag,L1,test:1737,mag_Deva
panel2,B,vardial2018/test,mag,L1,test:1742,mag_Deva
panel2,B,vardial2018/test,mag,L1,test:1745,awa_Deva
panel2,B,vardial2018/test,mag,L1,test:1748,hne_Deva
panel2,B,vardial2018/test,mag,L1,test:1750,bho_Deva
panel2,B,vardial2018/test,mag,L1,test:1754,mag_Deva
panel2,B,vardial2018/test,mag,L1,test:1758,awa_Deva
panel2,B,vardial2018/test,mag,L1,test:1759,mag_Deva
panel2,B,vardial2018/test,mag,L1,test:1762,sck_Deva
panel2,B,vardial2018/test,mag,L1,test:1769,bho_Deva
panel2,B,vardial2018/test,mag,L1,test:1772,bho_Deva
panel2,B,vardial2018/test,mag,L1,test:1777,mag_Deva
panel2,B,vardial2018/test,mag,L1,test:1790,mag_Deva
panel2,B,vardial2018/test,mag,L1,test:1793,mai_Deva
panel2,B,vardial2018/test,mag,L1,test:1803,mag_Deva
panel2,B,vardial2018/test,mag,L1,test:1807,mag_Deva
panel2,B,vardial2018/test,mag,L1,test:1812,mag_Deva
panel2,B,vardial2018/test,mag,L1,test:1814,mag_Deva
panel2,B,vardial2018/test,mag,L1,test:1817,mag_Deva
panel2,B,vardial2018/test,mag,L1,test:1819,hne_Deva
panel2,B,vardial2018/test,mag,L1,test:1822,anp_Deva
panel2,B,vardial2018/test,mag,L1,test:1824,bho_Deva
panel2,B,vardial2018/test,mag,L1,test:1826,mag_Deva
panel2,B,vardial2018/test,mag,L1,test:1829,mag_Deva
panel2,B,vardial2018/test,mag,L1,test:1832,mag_Deva
panel2,B,vardial2018/test,mag,L1,test:1834,mag_Deva
panel2,B,vardial2018/test,mag,L1,test:1841,mag_Deva
panel2,B,vardial2018/test,mag,L1,test:1847,mag_Deva
panel2,B,vardial2018/test,mag,L1,test:1850,mag_Deva
panel2,B,vardial2018/test,mag,L1,test:1857,ghe_Deva
panel2,B,vardial2018/test,mag,L1,test:1861,mag_Deva
panel2,B,vardial2018/test,mag,L1,test:1870,hne_Deva
panel2,B,vardial2018/test,mag,L1,test:1876,mai_Deva
panel2,B,vardial2018/test,mag,L1,test:1877,mai_Deva
panel2,B,vardial2018/test,mag,L1,test:1880,mag_Deva
panel2,B,vardial2018/test,mag,L1,test:1887,mai_Deva
panel2,B,vardial2018/test,mag,L1,test:1890,bho_Deva
panel2,B,vardial2018/test,mag,L1,test:1893,mag_Deva
panel2,B,vardial2018/test,mag,L1,test:1895,hne_Deva
panel2,B,vardial2018/test,mag,L1,test:1896,hne_Deva
panel2,B,vardial2018/test,mag,L1,test:1900,bho_Deva
panel2,B,vardial2018/test,mag,L1,test:1903,mag_Deva
panel2,B,vardial2018/test,mag,L1,test:1907,hne_Deva
panel2,B,vardial2018/test,mag,L1,test:1914,mag_Deva
panel2,B,vardial2018/test,mag,L1,test:1915,mag_Deva
panel2,B,vardial2018/test,mag,L1,test:1916,mag_Deva
panel2,B,vardial2018/test,mag,L1,test:1917,bho_Deva
panel2,B,vardial2018/test,mag,L1,test:1919,mag_Deva
panel2,B,vardial2018/test,mag,L1,test:1924,hne_Deva
panel2,B,vardial2018/test,mag,L1,test:1927,mag_Deva
panel2,B,vardial2018/test,mag,L1,test:1928,bho_Deva
panel2,B,vardial2018/test,mag,L1,test:1933,mag_Deva
panel2,B,vardial2018/test,mag,L1,test:1935,mag_Deva
panel2,B,vardial2018/test,mag,L1,test:1936,mag_Deva
panel2,B,vardial2018/test,mag,L1,test:1941,bho_Deva
panel2,B,vardial2018/test,mag,L1,test:1943,bho_Deva
panel2,B,vardial2018/test,mag,L1,test:1944,mag_Deva
panel2,B,vardial2018/test,mag,L1,test:1945,npi_Deva
panel2,B,vardial2018/test,mag,L1,test:1956,awa_Deva
panel2,B,vardial2018/test,mag,L1,test:1961,mag_Deva
panel2,B,vardial2018/test,mag,L1,test:1974,bho_Deva
panel2,B,vardial2018/test,mag,L1,test:1979,mai_Deva
panel2,B,vardial2018/test,mag,L1,test:1985,mai_Deva
panel2,B,vardial2018/test,mag,L1,test:1986,mag_Deva
panel2,B,vardial2018/test,mag,L1,test:1989,mag_Deva
panel2,B,vardial2018/test,mag,L1,test:1991,mag_Deva
panel2,B,vardial2018/test,mag,L1,test:1993,mag_Deva
panel2,B,vardial2018/test,mag,L1,test:1996,mag_Deva
panel2,B,vardial2018/test,mag,L1,test:1997,npi_Deva
panel2,B,vardial2018/test,mag,L1,test:2000,bho_Deva
panel2,B,vardial2018/test,mag,L1,test:2002,mag_Deva
panel2,B,vardial2018/test,mag,L1,test:2004,bho_Deva
panel2,B,vardial2018/test,mag,L1,test:2006,awa_Deva
panel2,B,vardial2018/test,mag,L1,test:2007,mai_Deva
panel2,B,vardial2018/test,mag,L1,test:2008,mag_Deva
panel2,B,vardial2018/test,mag,L1,test:2014,hin_Deva
panel2,B,vardial2018/test,mag,L1,test:2016,awa_Deva
panel2,B,vardial2018/test,mag,L1,test:2025,mag_Deva
panel2,B,vardial2018/test,mag,L1,test:2038,awa_Deva
panel2,B,vardial2018/test,mag,L1,test:2039,anp_Deva
panel2,B,vardial2018/test,mag,L1,test:2041,mag_Deva
panel2,B,vardial2018/test,mag,L1,test:2044,bho_Deva
panel2,B,vardial2018/test,mag,L1,test:2050,mag_Deva
panel2,B,vardial2018/test,mag,L1,test:2052,mag_Deva
panel2,B,vardial2018/test,mag,L1,test:2054,bho_Deva
panel2,B,vardial2018/test,mag,L1,test:2058,hin_Deva
panel2,B,vardial2018/test,mag,L1,test:2060,hne_Deva
panel2,B,vardial2018/test,mag,L1,test:2061,bho_Deva
panel2,B,vardial2018/test,mag,L1,test:2076,bho_Deva
panel2,B,vardial2018/test,mag,L1,test:2077,mag_Deva
panel2,B,vardial2018/test,mag,L1,test:2079,mag_Deva
panel2,B,vardial2018/test,mag,L1,test:2080,hin_Deva
panel2,B,vardial2018/test,mag,L1,test:2081,hin_Deva
panel2,B,vardial2018/test,mag,L1,test:2090,mag_Deva
panel2,B,vardial2018/test,mag,L1,test:2100,bho_Deva
panel2,B,vardial2018/test,mag,L1,test:2104,mag_Deva
panel2,B,vardial2018/test,mag,L1,test:2114,mag_Deva
panel2,B,vardial2018/test,mag,L1,test:2117,hin_Deva
panel2,B,vardial2018/test,mag,L1,test:2122,mag_Deva
panel2,B,vardial2018/test,mag,L1,test:2124,mag_Deva
panel2,B,vardial2018/test,mag,L1,test:2128,bho_Deva
panel2,B,vardial2018/test,mag,L1,test:2133,bho_Deva
panel2,B,vardial2018/test,mag,L1,test:2134,mag_Deva
panel2,B,vardial2018/test,mag,L1,test:2135,mag_Deva
panel2,B,vardial2018/test,mag,L1,test:2137,mag_Deva
panel2,B,vardial2018/test,mag,L1,test:2140,mag_Deva
panel2,B,vardial2018/test,mag,L1,test:2141,mag_Deva
panel2,B,vardial2018/test,mag,L1,test:2142,mag_Deva
panel2,B,vardial2018/test,mag,L1,test:2150,mag_Deva
panel2,B,vardial2018/test,mag,L1,test:2153,mai_Deva
panel2,B,vardial2018/test,mag,L1,test:2155,bho_Deva
panel2,B,vardial2018/test,mag,L1,test:2157,mag_Deva
panel2,B,vardial2018/test,mag,L1,test:2158,hin_Deva
panel2,B,vardial2018/test,mag,L1,test:2162,mag_Deva
panel2,B,vardial2018/test,mag,L1,test:2166,hne_Deva
panel2,B,vardial2018/test,mag,L1,test:2185,mag_Deva
panel2,B,vardial2018/test,mag,L1,test:2191,mai_Deva
panel2,B,vardial2018/test,mag,L1,test:2196,bho_Deva
panel2,B,vardial2018/test,mag,L1,test:2203,mag_Deva
panel2,B,vardial2018/test,mag,L1,test:2209,hin_Deva
panel2,B,vardial2018/test,mag,L1,test:2211,mai_Deva
panel2,B,vardial2018/test,mag,L1,test:2221,mag_Deva
panel2,B,vardial2018/test,mag,L1,test:2222,mag_Deva
panel2,B,vardial2018/test,mag,L1,test:2227,mag_Deva
panel2,B,vardial2018/test,mag,L1,test:2231,hin_Deva
panel2,B,vardial2018/test,mag,L1,test:2233,hne_Deva
panel2,B,vardial2018/test,mag,L1,test:2234,bho_Deva
panel2,B,vardial2018/test,mag,L1,test:2235,mag_Deva
panel2,B,vardial2018/test,mag,L1,test:2236,mag_Deva
panel2,B,vardial2018/test,mag,L1,test:2240,bho_Deva
panel2,B,vardial2018/test,mag,L1,test:2246,awa_Deva
panel2,B,vardial2018/test,mag,L1,test:2255,mag_Deva
panel2,B,vardial2018/test,mag,L1,test:2261,bho_Deva
panel2,B,vardial2018/test,mag,L1,test:2273,bho_Deva
panel2,B,vardial2018/test,mag,L1,test:2276,bho_Deva
panel2,B,vardial2018/test,mag,L1,test:2282,hin_Deva
panel2,B,vardial2018/test,mag,L1,test:2283,mag_Deva
panel2,B,vardial2018/test,mag,L1,test:2284,hne_Deva
panel2,B,vardial2018/test,mag,L1,test:2300,mag_Deva
panel2,B,vardial2018/test,mag,L1,test:2302,hne_Deva
panel2,B,vardial2018/test,mag,L1,test:2304,mag_Deva
panel2,B,vardial2018/test,mag,L1,test:2313,doi_Deva
panel2,B,vardial2018/test,mag,L1,test:2319,mag_Deva
panel2,B,vardial2018/test,mag,L1,test:2322,doi_Deva
panel2,B,vardial2018/test,mag,L1,test:2323,mag_Deva
panel2,B,vardial2018/test,mag,L1,test:2326,mag_Deva
panel2,B,vardial2018/test,mag,L1,test:2327,hne_Deva
panel2,B,vardial2018/test,mag,L1,test:2332,awa_Deva
panel2,B,vardial2018/test,mag,L1,test:2333,mag_Deva
panel2,B,vardial2018/test,mag,L1,test:2334,bho_Deva
panel2,B,vardial2018/test,mag,L1,test:2355,hin_Deva
panel2,B,vardial2018/test,mag,L1,test:2357,mag_Deva
panel2,B,vardial2018/test,mag,L1,test:2360,mag_Deva
panel2,B,vardial2018/test,mag,L1,test:2361,hin_Deva
panel2,B,vardial2018/test,mag,L1,test:2362,mag_Deva
panel2,B,vardial2018/test,mag,L1,test:2363,hne_Deva
panel2,B,vardial2018/test,mag,L1,test:2368,mag_Deva
panel2,B,vardial2018/test,mag,L1,test:2370,mai_Deva
panel2,B,vardial2018/test,mag,L1,test:2371,mag_Deva
panel2,B,vardial2018/test,mag,L1,test:2374,mag_Deva
panel2,B,vardial2018/test,mag,L1,test:2377,hne_Deva
panel2,B,vardial2018/test,mag,L1,test:2381,mag_Deva
panel2,B,vardial2018/test,mag,L1,test:2382,mag_Deva
panel2,B,vardial2018/test,mag,L1,test:2383,mai_Deva
panel2,B,vardial2018/test,mag,L1,test:2387,hin_Deva
panel2,B,vardial2018/test,mag,L1,test:2388,mag_Deva
panel2,B,vardial2018/test,mag,L1,test:2393,mai_Deva
panel2,B,vardial2018/test,mag,L1,test:2397,bho_Deva
panel2,B,vardial2018/test,mag,L1,test:2400,mag_Deva
panel2,B,vardial2018/test,mag,L1,test:2406,mag_Deva
panel2,B,vardial2018/test,mag,L1,test:2407,hin_Deva
panel2,B,vardial2018/test,mag,L1,test:2411,hne_Deva
panel2,B,vardial2018/test,mag,L1,test:2417,mag_Deva
panel2,B,vardial2018/test,mag,L1,test:2421,bho_Deva
panel2,B,vardial2018/test,mag,L1,test:2423,mag_Deva
panel2,B,vardial2018/test,mag,L1,test:2429,mai_Deva
panel2,B,vardial2018/test,mag,L1,test:2435,mag_Deva
panel2,B,vardial2018/test,mag,L1,test:2443,mag_Deva
panel2,B,vardial2018/test,mag,L1,test:2451,mag_Deva
panel2,B,vardial2018/test,mag,L1,test:2453,hne_Deva
panel2,B,vardial2018/test,mag,L1,test:2469,mag_Deva
panel2,B,vardial2018/test,mag,L1,test:2475,bho_Deva
panel2,B,vardial2018/test,mag,L1,test:2478,mag_Deva
panel2,B,vardial2018/test,mag,L1,test:2485,mag_Deva
panel2,B,vardial2018/test,mag,L1,test:2486,bho_Deva
panel2,B,vardial2018/test,mag,L1,test:2490,hne_Deva
panel2,B,vardial2018/test,mag,L1,test:2505,mag_Deva
panel2,B,vardial2018/test,mag,L1,test:2509,mag_Deva
panel2,B,vardial2018/test,mag,L1,test:2513,hin_Deva
panel2,B,vardial2018/test,mag,L1,test:2516,mag_Deva
panel2,B,vardial2018/test,mag,L1,test:2519,bho_Deva
panel2,B,vardial2018/test,mag,L1,test:2521,hne_Deva
panel2,B,vardial2018/test,mag,L1,test:2522,mai_Deva
panel2,B,vardial2018/test,mag,L1,test:2525,hin_Deva
panel2,B,vardial2018/test,mag,L1,test:2526,bho_Deva
panel2,B,vardial2018/test,mag,L1,test:2527,mai_Deva
panel2,B,vardial2018/test,mag,L1,test:2528,mag_Deva
panel2,B,vardial2018/test,mag,L1,test:2529,mag_Deva
panel2,B,vardial2018/test,mag,L1,test:2535,hne_Deva
panel2,B,vardial2018/test,mag,L1,test:2540,mag_Deva
panel2,B,vardial2018/test,mag,L1,test:2542,mag_Deva
panel2,B,vardial2018/test,mag,L1,test:2545,mag_Deva
panel2,B,vardial2018/test,mag,L1,test:2548,bho_Deva
panel2,B,vardial2018/test,mag,L1,test:2551,hin_Deva
panel2,B,vardial2018/test,mag,L1,test:2560,anp_Deva
panel2,B,vardial2018/test,mag,L1,test:2562,mai_Deva
panel2,B,vardial2018/test,mag,L1,test:2568,hne_Deva
panel2,B,vardial2018/test,mag,L1,test:2569,mag_Deva
panel2,B,vardial2018/test,mag,L1,test:2570,mag_Deva
panel2,B,vardial2018/test,mag,L1,test:2577,mag_Deva
panel2,B,vardial2018/test,mag,L1,test:2582,mag_Deva
panel2,B,vardial2018/test,mag,L1,test:2586,hne_Deva
panel2,B,vardial2018/test,mag,L1,test:2589,mag_Deva
panel2,B,vardial2018/test,mag,L1,test:2591,mag_Deva
panel2,B,vardial2018/test,mag,L1,test:2595,mag_Deva
panel2,B,vardial2018/test,mag,L1,test:2597,hin_Deva
panel2,B,vardial2018/test,mag,L1,test:2610,hne_Deva
panel2,B,vardial2018/test,mag,L1,test:2613,mag_Deva
panel2,B,vardial2018/test,mag,L1,test:2614,mag_Deva
panel2,B,vardial2018/test,mag,L1,test:2621,mag_Deva
panel2,B,vardial2018/test,mag,L1,test:2626,mai_Deva
panel2,B,vardial2018/test,mag,L1,test:2629,mag_Deva
panel2,B,vardial2018/test,mag,L1,test:2639,mag_Deva
panel2,B,vardial2018/test,mag,L1,test:2649,mag_Deva
panel2,B,vardial2018/test,mag,L1,test:2653,sck_Deva
panel2,B,vardial2018/test,mag,L1,test:2655,mag_Deva
panel2,B,vardial2018/test,mag,L1,test:2657,bho_Deva
panel2,B,vardial2018/test,mag,L1,test:2662,mag_Deva
panel2,B,vardial2018/test,mag,L1,test:2668,mag_Deva
panel2,B,vardial2018/test,mag,L1,test:2681,mag_Deva
panel2,B,vardial2018/test,mag,L1,test:2682,hin_Deva
panel2,B,vardial2018/test,mag,L1,test:2686,mag_Deva
panel2,B,vardial2018/test,mag,L1,test:2688,mag_Deva
panel2,B,vardial2018/test,mag,L1,test:2698,hin_Deva
panel2,B,vardial2018/test,mag,L1,test:2706,hin_Deva
panel2,B,vardial2018/test,mag,L1,test:2714,kru_Deva
panel2,B,vardial2018/test,mag,L1,test:2720,awa_Deva
panel2,B,vardial2018/test,mag,L1,test:2726,mag_Deva
panel2,B,vardial2018/test,mag,L1,test:2727,mag_Deva
panel2,B,vardial2018/test,mag,L1,test:2731,hin_Deva
panel2,B,vardial2018/test,mag,L1,test:2736,mag_Deva
panel2,B,vardial2018/test,mag,L1,test:2743,bho_Deva
panel2,B,vardial2018/test,mag,L1,test:2744,mag_Deva
panel2,B,vardial2018/test,mag,L1,test:2751,mai_Deva
panel2,B,vardial2018/test,mag,L1,test:2752,mai_Deva
panel2,B,vardial2018/test,mag,L1,test:2760,mai_Deva
panel2,B,vardial2018/test,mag,L1,test:2764,bho_Deva
panel2,B,vardial2018/test,mag,L1,test:2768,mag_Deva
panel2,B,vardial2018/test,mag,L1,test:2789,mag_Deva
panel2,B,vardial2018/test,mag,L1,test:2793,mag_Deva
panel2,B,vardial2018/test,mag,L1,test:2802,bho_Deva
panel2,B,vardial2018/test,mag,L1,test:2803,mag_Deva
panel2,B,vardial2018/test,mag,L1,test:2809,mag_Deva
panel2,B,vardial2018/test,mag,L1,test:2810,mag_Deva
panel2,B,vardial2018/test,mag,L1,test:2812,hne_Deva
panel2,B,vardial2018/test,mag,L1,test:2824,bho_Deva
panel2,B,vardial2018/test,mag,L1,test:2826,mag_Deva
panel2,B,vardial2018/test,mag,L1,test:2829,mai_Deva
panel2,B,vardial2018/test,mag,L1,test:2832,mag_Deva
panel2,B,vardial2018/test,mag,L1,test:2834,mag_Deva
panel2,B,vardial2018/test,mag,L1,test:2837,mag_Deva
panel2,B,vardial2018/test,mag,L1,test:2839,anp_Deva
panel2,B,vardial2018/test,mag,L1,test:2849,mag_Deva
panel2,B,vardial2018/test,mag,L1,test:2851,mag_Deva
panel2,B,vardial2018/test,mag,L1,test:2852,hne_Deva
panel2,B,vardial2018/test,mag,L1,test:2859,kas_Deva
panel2,B,vardial2018/test,mag,L1,test:2862,mag_Deva
panel2,B,vardial2018/test,mag,L1,test:2865,bho_Deva
panel2,B,vardial2018/test,mag,L1,test:2866,doi_Deva
panel2,B,vardial2018/test,mag,L1,test:2880,mag_Deva
panel2,B,vardial2018/test,mag,L1,test:2884,bho_Deva
panel2,B,vardial2018/test,mag,L1,test:2885,bho_Deva
panel2,B,vardial2018/test,mag,L1,test:2892,bho_Deva
panel2,B,vardial2018/test,mag,L1,test:2895,hin_Deva
panel2,B,vardial2018/test,mag,L1,test:2904,mag_Deva
panel2,B,vardial2018/test,mag,L1,test:2905,bho_Deva
panel2,B,vardial2018/test,mag,L1,test:2908,mai_Deva
panel2,B,vardial2018/test,mag,L1,test:2915,bho_Deva
panel2,B,vardial2018/test,mag,L1,test:2920,mag_Deva
panel2,B,vardial2018/test,mag,L1,test:2926,mag_Deva
panel2,B,vardial2018/test,mag,L1,test:2936,awa_Deva
panel2,B,vardial2018/test,mag,L1,test:2937,mag_Deva
panel2,B,vardial2018/test,mag,L1,test:2946,mag_Deva
panel2,B,vardial2018/test,mag,L1,test:2949,mag_Deva
panel2,B,vardial2018/test,mag,L1,test:2951,hin_Deva
panel2,B,vardial2018/test,mag,L1,test:2952,hne_Deva
panel2,B,vardial2018/test,mag,L1,test:2954,mag_Deva
panel2,B,vardial2018/test,mag,L1,test:2959,mag_Deva
panel2,B,vardial2018/test,mag,L1,test:2961,mag_Deva
panel2,B,vardial2018/test,mag,L1,test:2965,hin_Deva
panel2,B,vardial2018/test,mag,L1,test:2968,bho_Deva
panel2,B,vardial2018/test,mag,L1,test:2971,mag_Deva
panel2,B,vardial2018/test,mag,L1,test:2973,bho_Deva
panel2,B,vardial2018/test,mag,L1,test:2984,mag_Deva
panel2,B,vardial2018/test,mag,L1,test:2986,mar_Deva
panel2,B,vardial2018/test,mag,L1,test:2987,bho_Deva
panel2,B,vardial2018/test,mag,L1,test:2989,awa_Deva
panel2,B,vardial2018/test,mag,L1,test:2993,mag_Deva
panel2,B,vardial2018/test,mag,L1,test:2995,mag_Deva
panel2,B,vardial2018/test,mag,L1,test:2996,mag_Deva
panel2,B,vardial2018/test,mag,L1,test:3001,hin_Deva
panel2,B,vardial2018/test,mag,L1,test:3008,mag_Deva
panel2,B,vardial2018/test,mag,L1,test:3011,bho_Deva
panel2,B,vardial2018/test,mag,L1,test:3014,mag_Deva
panel2,B,vardial2018/test,mag,L1,test:3015,mag_Deva
panel2,B,vardial2018/test,mag,L1,test:3016,mag_Deva
panel2,B,vardial2018/test,mag,L1,test:3017,awa_Deva
panel2,B,vardial2018/test,mag,L1,test:3021,mag_Deva
panel2,B,vardial2018/test,mag,L1,test:3033,mag_Deva
panel2,B,vardial2018/test,mag,L1,test:3040,mag_Deva
panel2,B,vardial2018/test,mag,L1,test:3041,hin_Deva
panel2,B,vardial2018/test,mag,L1,test:3042,hne_Deva
panel2,B,vardial2018/test,mag,L1,test:3056,mag_Deva
panel2,B,vardial2018/test,mag,L1,test:3068,bho_Deva
panel2,B,vardial2018/test,mag,L1,test:3071,mag_Deva
panel2,B,vardial2018/test,mag,L1,test:3076,mag_Deva
panel2,B,vardial2018/test,mag,L1,test:3081,mup_Deva
panel2,B,vardial2018/test,mag,L1,test:3083,mag_Deva
panel2,B,vardial2018/test,mag,L1,test:3101,bho_Deva
panel2,B,vardial2018/test,mag,L1,test:3106,bho_Deva
panel2,B,vardial2018/test,mag,L1,test:3110,mag_Deva
panel2,B,vardial2018/test,mag,L1,test:3119,mag_Deva
panel2,B,vardial2018/test,mag,L1,test:3124,mag_Deva
panel2,B,vardial2018/test,mag,L1,test:3131,mag_Deva
panel2,B,vardial2018/test,mag,L1,test:3136,anp_Deva
panel2,B,vardial2018/test,mag,L1,test:3144,mag_Deva
panel2,B,vardial2018/test,mag,L1,test:3146,hin_Deva
panel2,B,vardial2018/test,mag,L1,test:3147,hne_Deva
panel2,B,vardial2018/test,mag,L1,test:3150,mag_Deva
panel2,B,vardial2018/test,mag,L1,test:3151,hin_Deva
panel2,B,vardial2018/test,mag,L1,test:3161,mag_Deva
panel2,B,vardial2018/test,mag,L1,test:3163,hin_Deva
panel2,B,vardial2018/test,mag,L1,test:3173,hne_Deva
panel2,B,vardial2018/test,mag,L1,test:3174,hin_Deva
panel2,B,vardial2018/test,mag,L1,test:3176,mag_Deva
panel2,B,vardial2018/test,mag,L1,test:3181,bho_Deva
panel2,B,vardial2018/test,mag,L1,test:3185,bho_Deva
panel2,B,vardial2018/test,mag,L1,test:3187,mag_Deva
panel2,B,vardial2018/test,mag,L1,test:3197,hin_Deva
panel2,B,vardial2018/test,mag,L1,test:3200,mag_Deva
panel2,B,vardial2018/test,mag,L1,test:3206,bho_Deva
panel2,B,vardial2018/test,mag,L1,test:3209,bho_Deva
panel2,B,vardial2018/test,mag,L1,test:3218,mag_Deva
panel2,B,vardial2018/test,mag,L1,test:3231,bho_Deva
panel2,B,vardial2018/test,mag,L1,test:3234,bho_Deva
panel2,B,vardial2018/test,mag,L1,test:3242,mag_Deva
panel2,B,vardial2018/test,mag,L1,test:3258,bho_Deva
panel2,B,vardial2018/test,mag,L1,test:3270,bho_Deva
panel2,B,vardial2018/test,mag,L1,test:3272,mai_Deva
panel2,B,vardial2018/test,mag,L1,test:3280,bho_Deva
panel2,B,vardial2018/test,mag,L1,test:3291,bho_Deva
panel2,B,vardial2018/test,mag,L1,test:3295,mag_Deva
panel2,B,vardial2018/test,mag,L1,test:3301,bho_Deva
panel2,B,vardial2018/test,mag,L1,test:3314,mag_Deva
panel2,B,vardial2018/test,mag,L1,test:3316,mag_Deva
panel2,B,vardial2018/test,mag,L1,test:3328,kru_Deva
panel2,B,vardial2018/test,mag,L1,test:3330,mag_Deva
panel2,B,vardial2018/test,mag,L1,test:3337,hin_Deva
panel2,B,vardial2018/test,mag,L1,test:3340,mag_Deva
panel2,B,vardial2018/test,mag,L1,test:3343,hne_Deva
panel2,B,vardial2018/test,mag,L1,test:3347,bho_Deva
panel2,B,vardial2018/test,mag,L1,test:3348,anp_Deva
panel2,B,vardial2018/test,mag,L1,test:3349,npi_Deva
panel2,B,vardial2018/test,mag,L1,test:3352,kas_Deva
panel2,B,vardial2018/test,mag,L1,test:3353,mag_Deva
panel2,B,vardial2018/test,mag,L1,test:3354,bho_Deva
panel2,B,vardial2018/test,mag,L1,test:3357,mag_Deva
panel2,B,vardial2018/test,mag,L1,test:3358,mag_Deva
panel2,B,vardial2018/test,mag,L1,test:3361,mag_Deva
panel2,B,vardial2018/test,mag,L1,test:3363,mag_Deva
panel2,B,vardial2018/test,mag,L1,test:3365,mag_Deva
panel2,B,vardial2018/test,mag,L1,test:3373,mag_Deva
panel2,B,vardial2018/test,mag,L1,test:3378,hin_Deva
panel2,B,vardial2018/test,mag,L1,test:3385,mag_Deva
panel2,B,vardial2018/test,mag,L1,test:3387,mag_Deva
panel2,B,vardial2018/test,mag,L1,test:3391,bho_Deva
panel2,B,vardial2018/test,mag,L1,test:3392,mag_Deva
panel2,B,vardial2018/test,mag,L1,test:3405,mag_Deva
panel2,B,vardial2018/test,mag,L1,test:3407,bho_Deva
panel2,B,vardial2018/test,mag,L1,test:3421,mag_Deva
panel2,B,vardial2018/test,mag,L1,test:3425,bho_Deva
panel2,B,vardial2018/test,mag,L1,test:3429,hin_Deva
panel2,B,vardial2018/test,mag,L1,test:3439,bho_Deva
panel2,B,vardial2018/test,mag,L1,test:3448,mag_Deva
panel2,B,vardial2018/test,mag,L1,test:3450,bho_Deva
panel2,B,vardial2018/test,mag,L1,test:3455,mag_Deva
panel2,B,vardial2018/test,mag,L1,test:3458,anp_Deva
panel2,B,vardial2018/test,mag,L1,test:3463,mai_Deva
panel2,B,vardial2018/test,mag,L1,test:3467,mag_Deva
panel2,B,vardial2018/test,mag,L1,test:3472,mag_Deva
panel2,B,vardial2018/test,mag,L1,test:3473,sck_Deva
panel2,B,vardial2018/test,mag,L1,test:3477,bho_Deva
panel2,B,vardial2018/test,mag,L1,test:3480,hne_Deva
panel2,B,vardial2018/test,mag,L1,test:3481,mag_Deva
panel2,B,vardial2018/test,mag,L1,test:3483,mag_Deva
panel2,B,vardial2018/test,mag,L1,test:3488,mai_Deva
panel2,B,vardial2018/test,mag,L1,test:3503,mup_Deva
panel2,B,vardial2018/test,mag,L1,test:3508,awa_Deva
panel2,B,vardial2018/test,mag,L1,test:3511,sck_Deva
panel2,B,vardial2018/test,mag,L1,test:3512,hin_Deva
panel2,B,vardial2018/test,mag,L1,test:3529,mag_Deva
panel2,B,vardial2018/test,mag,L1,test:3530,mag_Deva
panel2,B,vardial2018/test,mag,L1,test:3535,bho_Deva
panel2,B,vardial2018/test,mag,L1,test:3537,hin_Deva
panel2,B,vardial2018/test,mag,L1,test:3541,mag_Deva
panel2,B,vardial2018/test,mag,L1,test:3544,mag_Deva
panel2,B,vardial2018/test,mag,L1,test:3549,bho_Deva
panel2,B,vardial2018/test,mag,L1,test:3552,bho_Deva
panel2,B,vardial2018/test,mag,L1,test:3556,new_Deva
panel2,B,vardial2018/test,mag,L1,test:3558,mag_Deva
panel2,B,vardial2018/test,mag,L1,test:3570,mag_Deva
panel2,B,vardial2018/test,mag,L1,test:3580,sck_Deva
panel2,B,vardial2018/test,mag,L1,test:3583,mag_Deva
panel2,B,vardial2018/test,mag,L1,test:3587,awa_Deva
panel2,B,vardial2018/test,mag,L1,test:3590,hin_Deva
panel2,B,vardial2018/test,mag,L1,test:3606,hne_Deva
panel2,B,vardial2018/test,mag,L1,test:3607,mag_Deva
panel2,B,vardial2018/test,mag,L1,test:3608,mag_Deva
panel2,B,vardial2018/test,mag,L1,test:3621,bho_Deva
panel2,B,vardial2018/test,mag,L1,test:3622,mag_Deva
panel2,B,vardial2018/test,mag,L1,test:3623,mag_Deva
panel2,B,vardial2018/test,mag,L1,test:3628,mag_Deva
panel2,B,vardial2018/test,mag,L1,test:3631,bho_Deva
panel2,B,vardial2018/test,mag,L1,test:3635,kas_Deva
panel2,B,vardial2018/test,mag,L1,test:3638,mag_Deva
panel2,B,vardial2018/test,mag,L1,test:3643,hin_Deva
panel2,B,vardial2018/test,mag,L1,test:3649,mai_Deva
panel2,B,vardial2018/test,mag,L1,test:3655,mag_Deva
panel2,B,vardial2018/test,mag,L1,test:3661,bho_Deva
panel2,B,vardial2018/test,mag,L1,test:3673,hin_Deva
panel2,B,vardial2018/test,mag,L1,test:3675,mag_Deva
panel2,B,vardial2018/test,mag,L1,test:3676,mag_Deva
panel2,B,vardial2018/test,mag,L1,test:3677,mag_Deva
panel2,B,vardial2018/test,mag,L1,test:3685,hne_Deva
panel2,B,vardial2018/test,mag,L1,test:3691,mag_Deva
panel2,B,vardial2018/test,mag,L1,test:3699,bho_Deva
panel2,B,vardial2018/test,mag,L1,test:3702,bho_Deva
panel2,B,vardial2018/test,mag,L1,test:3714,mai_Deva
panel2,B,vardial2018/test,mag,L1,test:3716,bho_Deva
panel2,B,vardial2018/test,mag,L1,test:3721,awa_Deva
panel2,B,vardial2018/test,mag,L1,test:3725,mag_Deva
panel2,B,vardial2018/test,mag,L1,test:3730,mag_Deva
panel2,B,vardial2018/test,mag,L1,test:3731,mag_Deva
panel2,B,vardial2018/test,mag,L1,test:3734,awa_Deva
panel2,B,vardial2018/test,mag,L1,test:3739,hne_Deva
panel2,B,vardial2018/test,mag,L1,test:3741,mag_Deva
panel2,B,vardial2018/test,mag,L1,test:3754,mag_Deva
panel2,B,vardial2018/test,mag,L1,test:3755,bho_Deva
panel2,B,vardial2018/test,mag,L1,test:3760,mai_Deva
panel2,B,vardial2018/test,mag,L1,test:3764,mag_Deva
panel2,B,vardial2018/test,mag,L1,test:3766,mag_Deva
panel2,B,vardial2018/test,mag,L1,test:3770,mag_Deva
panel2,B,vardial2018/test,mag,L1,test:3772,hne_Deva
panel2,B,vardial2018/test,mag,L1,test:3773,hne_Deva
panel2,B,vardial2018/test,mag,L1,test:3774,bho_Deva
panel2,B,vardial2018/test,mag,L1,test:3775,bho_Deva
panel2,B,vardial2018/test,mag,L1,test:3780,taj_Deva
panel2,B,vardial2018/test,mag,L1,test:3791,bho_Deva
panel2,B,vardial2018/test,mag,L1,test:3798,mag_Deva
panel2,B,vardial2018/test,mag,L1,test:3800,mag_Deva
panel2,B,vardial2018/test,mag,L1,test:3801,hne_Deva
panel2,B,vardial2018/test,mag,L1,test:3806,mag_Deva
panel2,B,vardial2018/test,mag,L1,test:3811,mag_Deva
panel2,B,vardial2018/test,mag,L1,test:3812,mag_Deva
panel2,B,vardial2018/test,mag,L1,test:3817,mag_Deva
panel2,B,vardial2018/test,mag,L1,test:3836,anp_Deva
panel2,B,vardial2018/test,mag,L1,test:3838,mai_Deva
panel2,B,vardial2018/test,mag,L1,test:3839,mag_Deva
panel2,B,vardial2018/test,mag,L1,test:3846,anp_Deva
panel2,B,vardial2018/test,mag,L1,test:3852,hin_Deva
panel2,B,vardial2018/test,mag,L1,test:3857,mag_Deva
panel2,B,vardial2018/test,mag,L1,test:3860,hne_Deva
panel2,B,vardial2018/test,mag,L1,test:3863,mag_Deva
panel2,B,vardial2018/test,mag,L1,test:3864,mag_Deva
panel2,B,vardial2018/test,mag,L1,test:3867,bho_Deva
panel2,B,vardial2018/test,mag,L1,test:3872,bho_Deva
panel2,B,vardial2018/test,mag,L1,test:3875,awa_Deva
panel2,B,vardial2018/test,mag,L1,test:3879,bho_Deva
panel2,B,vardial2018/test,mag,L1,test:3890,bho_Deva
panel2,B,vardial2018/test,mag,L1,test:3892,mag_Deva
panel2,B,vardial2018/test,mag,L1,test:3900,mag_Deva
panel2,B,vardial2018/test,mag,L1,test:3907,mag_Deva
panel2,B,vardial2018/test,mag,L1,test:3908,mag_Deva
panel2,B,vardial2018/test,mag,L1,test:3918,hin_Deva
panel2,B,vardial2018/test,mag,L1,test:3922,mag_Deva
panel2,B,vardial2018/test,mag,L1,test:3923,hne_Deva
panel2,B,vardial2018/test,mag,L1,test:3924,mag_Deva
panel2,B,vardial2018/test,mag,L1,test:3933,hin_Deva
panel2,B,vardial2018/test,mag,L1,test:3934,mag_Deva
panel2,B,vardial2018/test,mag,L1,test:3939,mag_Deva
panel2,B,vardial2018/test,mag,L1,test:3940,mag_Deva
panel2,B,vardial2018/test,mag,L1,test:3941,mag_Deva
panel2,B,vardial2018/test,mag,L1,test:3954,hin_Deva
panel2,B,vardial2018/test,mag,L1,test:3963,bho_Deva
panel2,B,vardial2018/test,mag,L1,test:3976,mai_Deva
panel2,B,vardial2018/test,mag,L1,test:3978,bho_Deva
panel2,B,vardial2018/test,mag,L1,test:3979,mai_Deva
panel2,B,vardial2018/test,mag,L1,test:3983,mai_Deva
panel2,B,vardial2018/test,mag,L1,test:3984,mag_Deva
panel2,B,vardial2018/test,mag,L1,test:3986,mai_Deva
panel2,B,vardial2018/test,mag,L1,test:3988,mag_Deva
panel2,B,vardial2018/test,mag,L1,test:3990,mag_Deva
panel2,B,vardial2018/test,mag,L1,test:3994,mag_Deva
panel2,B,vardial2018/test,mag,L1,test:3995,bho_Deva
panel2,B,vardial2018/test,mag,L1,test:3998,hin_Deva
panel2,B,vardial2018/test,mag,L1,test:4002,mag_Deva
panel2,B,vardial2018/test,mag,L1,test:4007,mag_Deva
panel2,B,vardial2018/test,mag,L1,test:4013,mag_Deva
panel2,B,vardial2018/test,mag,L1,test:4015,mag_Deva
panel2,B,vardial2018/test,mag,L1,test:4025,hin_Deva
panel2,B,vardial2018/test,mag,L1,test:4026,mag_Deva
panel2,B,vardial2018/test,mag,L1,test:4030,mag_Deva
panel2,B,vardial2018/test,mag,L1,test:4033,bho_Deva
panel2,B,vardial2018/test,mag,L1,test:4034,mai_Deva
panel2,B,vardial2018/test,mag,L1,test:4043,mag_Deva
panel2,B,vardial2018/test,mag,L1,test:4044,mai_Deva
panel2,B,vardial2018/test,mag,L1,test:4051,bho_Deva
panel2,B,vardial2018/test,mag,L1,test:4054,mag_Deva
panel2,B,vardial2018/test,mag,L1,test:4057,bho_Deva
panel2,B,vardial2018/test,mag,L1,test:4060,mag_Deva
panel2,B,vardial2018/test,mag,L1,test:4062,hne_Deva
panel2,B,vardial2018/test,mag,L1,test:4065,bho_Deva
panel2,B,vardial2018/test,mag,L1,test:4067,hin_Deva
panel2,B,vardial2018/test,mag,L1,test:4068,bho_Deva
panel2,B,vardial2018/test,mag,L1,test:4080,bho_Deva
panel2,B,vardial2018/test,mag,L1,test:4082,mag_Deva
panel2,B,vardial2018/test,mag,L1,test:4083,mag_Deva
panel2,B,vardial2018/test,mag,L1,test:4096,bho_Deva
panel2,B,vardial2018/test,mag,L1,test:4098,mag_Deva
panel2,B,vardial2018/test,mag,L1,test:4104,mai_Deva
panel2,B,vardial2018/test,mag,L1,test:4106,bho_Deva
panel2,B,vardial2018/test,mag,L1,test:4108,hne_Deva
panel2,B,vardial2018/test,mag,L1,test:4120,bho_Deva
panel2,B,vardial2018/test,mag,L1,test:4122,bho_Deva
panel2,B,vardial2018/test,mag,L1,test:4124,hin_Deva
panel2,B,vardial2018/test,mag,L1,test:4127,mag_Deva
panel2,B,vardial2018/test,mag,L1,test:4128,mag_Deva
panel2,B,vardial2018/test,mag,L1,test:4129,bho_Deva
panel2,B,vardial2018/test,mag,L1,test:4131,mag_Deva
panel2,B,vardial2018/test,mag,L1,test:4132,mag_Deva
panel2,B,vardial2018/test,mag,L1,test:4135,mag_Deva
panel2,B,vardial2018/test,mag,L1,test:4140,mai_Deva
panel2,B,vardial2018/test,mag,L1,test:4142,mag_Deva
panel2,B,vardial2018/test,mag,L1,test:4151,mag_Deva
panel2,B,vardial2018/test,mag,L1,test:4153,hin_Deva
panel2,B,vardial2018/test,mag,L1,test:4154,hne_Deva
panel2,B,vardial2018/test,mag,L1,test:4160,mag_Deva
panel2,B,vardial2018/test,mag,L1,test:4166,mag_Deva
panel2,B,vardial2018/test,mag,L1,test:4170,ghe_Deva
panel2,B,vardial2018/test,mag,L1,test:4174,bho_Deva
panel2,B,vardial2018/test,mag,L1,test:4178,mag_Deva
panel2,B,vardial2018/test,mag,L1,test:4181,mag_Deva
panel2,B,vardial2018/test,mag,L1,test:4185,mai_Deva
panel2,B,vardial2018/test,mag,L1,test:4186,awa_Deva
panel2,B,vardial2018/test,mag,L1,test:4189,hne_Deva
panel2,B,vardial2018/test,mag,L1,test:4190,mag_Deva
panel2,B,vardial2018/test,mag,L1,test:4193,mag_Deva
panel2,B,vardial2018/test,mag,L1,test:4194,mai_Deva
panel2,B,vardial2018/test,mag,L1,test:4200,mai_Deva
panel2,B,vardial2018/test,mag,L1,test:4203,mag_Deva
panel2,B,vardial2018/test,mag,L1,test:4206,bho_Deva
panel2,B,vardial2018/test,mag,L1,test:4224,awa_Deva
panel2,B,vardial2018/test,mag,L1,test:4225,mag_Deva
panel2,B,vardial2018/test,mag,L1,test:4237,bho_Deva
panel2,B,vardial2018/test,mag,L1,test:4239,mag_Deva
panel2,B,vardial2018/test,mag,L1,test:4241,mag_Deva
panel2,B,vardial2018/test,mag,L1,test:4249,hin_Deva
panel2,B,vardial2018/test,mag,L1,test:4250,mag_Deva
panel2,B,vardial2018/test,mag,L1,test:4255,hin_Deva
panel2,B,vardial2018/test,mag,L1,test:4257,mag_Deva
panel2,B,vardial2018/test,mag,L1,test:4261,hin_Deva
panel2,B,vardial2018/test,mag,L1,test:4263,new_Deva
panel2,B,vardial2018/test,mag,L1,test:4264,hin_Deva
panel2,B,vardial2018/test,mag,L1,test:4271,bho_Deva
panel2,B,vardial2018/test,mag,L1,test:4279,hin_Deva
panel2,B,vardial2018/test,mag,L1,test:4289,bho_Deva
panel2,B,vardial2018/test,mag,L1,test:4291,mag_Deva
panel2,B,vardial2018/test,mag,L1,test:4294,mai_Deva
panel2,B,vardial2018/test,mag,L1,test:4300,bho_Deva
panel2,B,vardial2018/test,mag,L1,test:4311,bho_Deva
panel2,B,vardial2018/test,mag,L1,test:4316,mag_Deva
panel2,B,vardial2018/test,mag,L1,test:4318,mag_Deva
panel2,B,vardial2018/test,mag,L1,test:4323,mag_Deva
panel2,B,vardial2018/test,mag,L1,test:4328,mag_Deva
panel2,B,vardial2018/test,mag,L1,test:4330,mag_Deva
panel2,B,vardial2018/test,mag,L1,test:4332,mag_Deva
panel2,B,vardial2018/test,mag,L1,test:4335,bho_Deva
panel2,B,vardial2018/test,mag,L1,test:4336,bho_Deva
panel2,B,vardial2018/test,mag,L1,test:4348,mag_Deva
panel2,B,vardial2018/test,mag,L1,test:4352,mag_Deva
panel2,B,vardial2018/test,mag,L1,test:4358,mai_Deva
panel2,B,vardial2018/test,mag,L1,test:4360,kas_Deva
panel2,B,vardial2018/test,mag,L1,test:4362,bho_Deva
panel2,B,vardial2018/test,mag,L1,test:4364,mag_Deva
panel2,B,vardial2018/test,mag,L1,test:4365,mag_Deva
panel2,B,vardial2018/test,mag,L1,test:4377,mag_Deva
panel2,B,vardial2018/test,mag,L1,test:4387,hne_Deva
panel2,B,vardial2018/test,mag,L1,test:4392,hne_Deva
panel2,B,vardial2018/test,mag,L1,test:4394,dty_Deva
panel2,B,vardial2018/test,mag,L1,test:4399,hin_Deva
panel2,B,vardial2018/test,mag,L1,test:4405,mag_Deva
panel2,B,vardial2018/test,mag,L1,test:4406,awa_Deva
panel2,B,vardial2018/test,mag,L1,test:4410,bho_Deva
panel2,B,vardial2018/test,mag,L1,test:4418,bho_Deva
panel2,B,vardial2018/test,mag,L1,test:4425,awa_Deva
panel2,B,vardial2018/test,mag,L1,test:4432,hne_Deva
panel2,B,vardial2018/test,mag,L1,test:4436,mai_Deva
panel2,B,vardial2018/test,mag,L1,test:4445,mai_Deva
panel2,B,vardial2018/test,mag,L1,test:4454,mag_Deva
panel2,B,vardial2018/test,mag,L1,test:4457,mag_Deva
panel2,B,vardial2018/test,mag,L1,test:4472,bho_Deva
panel2,B,vardial2018/test,mag,L1,test:4478,bho_Deva
panel2,B,vardial2018/test,mag,L1,test:4489,mag_Deva
panel2,B,vardial2018/test,mag,L1,test:4498,mag_Deva
panel2,B,vardial2018/test,mag,L1,test:4500,bho_Deva
panel2,B,vardial2018/test,mag,L1,test:4502,bho_Deva
panel2,B,vardial2018/test,mag,L1,test:4507,bho_Deva
panel2,B,vardial2018/test,mag,L1,test:4516,mag_Deva
panel2,B,vardial2018/test,mag,L1,test:4517,mag_Deva
panel2,B,vardial2018/test,mag,L1,test:4519,bho_Deva
panel2,B,vardial2018/test,mag,L1,test:4521,mag_Deva
panel2,B,vardial2018/test,mag,L1,test:4524,mag_Deva
panel2,B,vardial2018/test,mag,L1,test:4526,bho_Deva
panel2,B,vardial2018/test,mag,L1,test:4528,mag_Deva
panel2,B,vardial2018/test,mag,L1,test:4530,mag_Deva
panel2,B,vardial2018/test,mag,L1,test:4531,mag_Deva
panel2,B,vardial2018/test,mag,L1,test:4532,bho_Deva
panel2,B,vardial2018/test,mag,L1,test:4534,mai_Deva
panel2,B,vardial2018/test,mag,L1,test:4546,kas_Deva
panel2,B,vardial2018/test,mag,L1,test:4554,awa_Deva
panel2,B,vardial2018/test,mag,L1,test:4555,bho_Deva
panel2,B,vardial2018/test,mag,L1,test:4561,awa_Deva
panel2,B,vardial2018/test,mag,L1,test:4565,hin_Deva
panel2,B,vardial2018/test,mag,L1,test:4569,mag_Deva
panel2,B,vardial2018/test,mag,L1,test:4574,mag_Deva
panel2,B,vardial2018/test,mag,L1,test:4575,mag_Deva
panel2,B,vardial2018/test,mag,L1,test:4576,mag_Deva
panel2,B,vardial2018/test,mag,L1,test:4583,mag_Deva
panel2,B,vardial2018/test,mag,L1,test:4585,hne_Deva
panel2,B,vardial2018/test,mag,L1,test:4587,mai_Deva
panel2,B,vardial2018/test,mag,L1,test:4596,bho_Deva
panel2,B,vardial2018/test,mag,L1,test:4597,mag_Deva
panel2,B,vardial2018/test,mag,L1,test:4604,bho_Deva
panel2,B,vardial2018/test,mag,L1,test:4620,mag_Deva
panel2,B,vardial2018/test,mag,L1,test:4621,mag_Deva
panel2,B,vardial2018/test,mag,L1,test:4627,bho_Deva
panel2,B,vardial2018/test,mag,L1,test:4631,mag_Deva
panel2,B,vardial2018/test,mag,L1,test:4633,bho_Deva
panel2,B,vardial2018/test,mag,L1,test:4641,bho_Deva
panel2,B,vardial2018/test,mag,L1,test:4646,mag_Deva
panel2,B,vardial2018/test,mag,L1,test:4648,mag_Deva
panel2,B,vardial2018/test,mag,L1,test:4653,mag_Deva
panel2,B,vardial2018/test,mag,L1,test:4654,bho_Deva
panel2,B,vardial2018/test,mag,L1,test:4656,bho_Deva
panel2,B,vardial2018/test,mag,L1,test:4660,hin_Deva
panel2,B,vardial2018/test,mag,L1,test:4663,mag_Deva
panel2,B,vardial2018/test,mag,L1,test:4671,mag_Deva
panel2,B,vardial2018/test,mag,L1,test:4672,mag_Deva
panel2,B,vardial2018/test,mag,L1,test:4678,mag_Deva
panel2,B,vardial2018/test,mag,L1,test:4686,anp_Deva
panel2,B,vardial2018/test,mag,L1,test:4687,mag_Deva
panel2,B,vardial2018/test,mag,L1,test:4688,mag_Deva
panel2,B,vardial2018/test,mag,L1,test:4691,anp_Deva
panel2,B,vardial2018/test,mag,L1,test:4694,bho_Deva
panel2,B,vardial2018/test,mag,L1,test:4696,bho_Deva
panel2,B,vardial2018/test,mag,L1,test:4697,hne_Deva
panel2,B,vardial2018/test,mag,L1,test:4699,mag_Deva
panel2,B,vardial2018/test,mag,L1,test:4701,mag_Deva
panel2,B,vardial2018/test,mag,L1,test:4702,bho_Deva
panel2,B,vardial2018/test,mag,L1,test:4703,mag_Deva
panel2,B,vardial2018/test,mag,L1,test:4708,mag_Deva
panel2,B,vardial2018/test,mag,L1,test:4710,mag_Deva
panel2,B,vardial2018/test,mag,L1,test:4713,bho_Deva
panel2,B,vardial2018/test,mag,L1,test:4716,mag_Deva
panel2,B,vardial2018/test,mag,L1,test:4719,mai_Deva
panel2,B,vardial2018/test,mag,L1,test:4725,mag_Deva
panel2,B,vardial2018/test,mag,L1,test:4727,mag_Deva
panel2,B,vardial2018/test,mag,L1,test:4734,mag_Deva
panel2,B,vardial2018/test,mag,L1,test:4736,bho_Deva
panel2,B,vardial2018/test,mag,L1,test:4738,hin_Deva
panel2,B,vardial2018/test,mag,L1,test:4746,mag_Deva
panel2,B,vardial2018/test,mag,L1,test:4763,bho_Deva
panel2,B,vardial2018/test,mag,L1,test:4764,mag_Deva
panel2,B,vardial2018/test,mag,L1,test:4765,mag_Deva
panel2,B,vardial2018/test,mag,L1,test:4766,bho_Deva
panel2,B,vardial2018/test,mag,L1,test:4774,mag_Deva
panel2,B,vardial2018/test,mag,L1,test:4780,mai_Deva
panel2,B,vardial2018/test,mag,L1,test:4786,bho_Deva
panel2,B,vardial2018/test,mag,L1,test:4789,bho_Deva
panel2,B,vardial2018/test,mag,L1,test:4792,new_Deva
panel2,B,vardial2018/test,mag,L1,test:4794,mag_Deva
panel2,B,vardial2018/test,mag,L1,test:4796,mag_Deva
panel2,B,vardial2018/test,mag,L1,test:4810,mag_Deva
panel2,B,vardial2018/test,mag,L1,test:4812,awa_Deva
panel2,B,vardial2018/test,mag,L1,test:4813,hne_Deva
panel2,B,vardial2018/test,mag,L1,test:4827,hin_Deva
panel2,B,vardial2018/test,mag,L1,test:4828,bho_Deva
panel2,B,vardial2018/test,mag,L1,test:4830,awa_Deva
panel2,B,vardial2018/test,mag,L1,test:4831,mag_Deva
panel2,B,vardial2018/test,mag,L1,test:4832,hin_Deva
panel2,B,vardial2018/test,mag,L1,test:4833,bho_Deva
panel2,B,vardial2018/test,mag,L1,test:4834,mag_Deva
panel2,B,vardial2018/test,mag,L1,test:4839,mag_Deva
panel2,B,vardial2018/test,mag,L1,test:4840,mag_Deva
panel2,B,vardial2018/test,mag,L1,test:4858,bho_Deva
panel2,B,vardial2018/test,mag,L1,test:4860,mag_Deva
panel2,B,vardial2018/test,mag,L1,test:4872,hne_Deva
panel2,B,vardial2018/test,mag,L1,test:4874,bho_Deva
panel2,B,vardial2018/test,mag,L1,test:4883,mai_Deva
panel2,B,vardial2018/test,mag,L1,test:4890,mag_Deva
panel2,B,vardial2018/test,mag,L1,test:4891,bho_Deva
panel2,B,vardial2018/test,mag,L1,test:4892,hin_Deva
panel2,B,vardial2018/test,mag,L1,test:4895,mag_Deva
panel2,B,vardial2018/test,mag,L1,test:4905,mag_Deva
panel2,B,vardial2018/test,mag,L1,test:4911,mag_Deva
panel2,B,vardial2018/test,mag,L1,test:4912,mag_Deva
panel2,B,vardial2018/test,mag,L1,test:4918,mag_Deva
panel2,B,vardial2018/test,mag,L1,test:4926,hin_Deva
panel2,B,vardial2018/test,mag,L1,test:4928,mag_Deva
panel2,B,vardial2018/test,mag,L1,test:4929,mag_Deva
panel2,B,vardial2018/test,mag,L1,test:4932,mai_Deva
panel2,B,vardial2018/test,mag,L1,test:4937,mag_Deva
panel2,B,vardial2018/test,mag,L1,test:4940,mag_Deva
panel2,B,vardial2018/test,mag,L1,test:4955,mag_Deva
panel2,B,vardial2018/test,mag,L1,test:4959,bho_Deva
panel2,B,vardial2018/test,mag,L1,test:4962,bho_Deva
panel2,B,vardial2018/test,mag,L1,test:4963,mag_Deva
panel2,B,vardial2018/test,mag,L1,test:4967,mag_Deva
panel2,B,vardial2018/test,mag,L1,test:4968,mag_Deva
panel2,B,vardial2018/test,mag,L1,test:4973,mai_Deva
panel2,B,vardial2018/test,mag,L1,test:4974,mag_Deva
panel2,B,vardial2018/test,mag,L1,test:4976,mag_Deva
panel2,B,vardial2018/test,mag,L1,test:4986,mag_Deva
panel2,B,vardial2018/test,mag,L1,test:4993,mai_Deva
panel2,B,vardial2018/test,mag,L1,test:4997,mag_Deva
panel2,B,vardial2018/test,mag,L1,test:5000,bho_Deva
panel2,B,vardial2018/test,mag,L1,test:5014,bho_Deva
panel2,B,vardial2018/test,mag,L1,test:5015,mag_Deva
panel2,B,vardial2018/test,mag,L1,test:5021,mag_Deva
panel2,B,vardial2018/test,mag,L1,test:5027,mag_Deva
panel2,B,vardial2018/test,mag,L1,test:5029,mai_Deva
panel2,B,vardial2018/test,mag,L1,test:5034,mag_Deva
panel2,B,vardial2018/test,mag,L1,test:5050,mag_Deva
panel2,B,vardial2018/test,mag,L1,test:5058,mai_Deva
panel2,B,vardial2018/test,mag,L1,test:5061,bho_Deva
panel2,B,vardial2018/test,mag,L1,test:5074,mag_Deva
panel2,B,vardial2018/test,mag,L1,test:5075,hin_Deva
panel2,B,vardial2018/test,mag,L1,test:5076,mag_Deva
panel2,B,vardial2018/test,mag,L1,test:5077,mag_Deva
panel2,B,vardial2018/test,mag,L1,test:5091,mag_Deva
panel2,B,vardial2018/test,mag,L1,test:5100,mag_Deva
panel2,B,vardial2018/test,mag,L1,test:5107,mag_Deva
panel2,B,vardial2018/test,mag,L1,test:5109,mag_Deva
panel2,B,vardial2018/test,mag,L1,test:5111,mag_Deva
panel2,B,vardial2018/test,mag,L1,test:5113,bho_Deva
panel2,B,vardial2018/test,mag,L1,test:5119,bho_Deva
panel2,B,vardial2018/test,mag,L1,test:5121,bho_Deva
panel2,B,vardial2018/test,mag,L1,test:5122,mag_Deva
panel2,B,vardial2018/test,mag,L1,test:5125,bho_Deva
panel2,B,vardial2018/test,mag,L1,test:5131,hne_Deva
panel2,B,vardial2018/test,mag,L1,test:5137,mag_Deva
panel2,B,vardial2018/test,mag,L1,test:5138,mai_Deva
panel2,B,vardial2018/test,mag,L1,test:5139,doi_Deva
panel2,B,vardial2018/test,mag,L1,test:5146,hin_Deva
panel2,B,vardial2018/test,mag,L1,test:5150,mag_Deva
panel2,B,vardial2018/test,mag,L1,test:5154,hne_Deva
panel2,B,vardial2018/test,mag,L1,test:5156,bho_Deva
panel2,B,vardial2018/test,mag,L1,test:5177,bho_Deva
panel2,B,vardial2018/test,mag,L1,test:5178,bho_Deva
panel2,B,vardial2018/test,mag,L1,test:5182,mag_Deva
panel2,B,vardial2018/test,mag,L1,test:5183,bho_Deva
panel2,B,vardial2018/test,mag,L1,test:5190,mag_Deva
panel2,B,vardial2018/test,mag,L1,test:5205,mai_Deva
panel2,B,vardial2018/test,mag,L1,test:5207,mag_Deva
panel2,B,vardial2018/test,mag,L1,test:5210,mag_Deva
panel2,B,vardial2018/test,mag,L1,test:5214,mag_Deva
panel2,B,vardial2018/test,mag,L1,test:5221,mai_Deva
panel2,B,vardial2018/test,mag,L1,test:5223,bho_Deva
panel2,B,vardial2018/test,mag,L1,test:5224,mai_Deva
panel2,B,vardial2018/test,mag,L1,test:5228,bho_Deva
panel2,B,vardial2018/test,mag,L1,test:5245,mag_Deva
panel2,B,vardial2018/test,mag,L1,test:5246,hin_Deva
panel2,B,vardial2018/test,mag,L1,test:5251,mag_Deva
panel2,B,vardial2018/test,mag,L1,test:5255,bho_Deva
panel2,B,vardial2018/test,mag,L1,test:5262,mag_Deva
panel2,B,vardial2018/test,mag,L1,test:5289,mai_Deva
panel2,B,vardial2018/test,mag,L1,test:5290,mag_Deva
panel2,B,vardial2018/test,mag,L1,test:5301,mag_Deva
panel2,B,vardial2018/test,mag,L1,test:5304,mai_Deva
panel2,B,vardial2018/test,mag,L1,test:5305,bho_Deva
panel2,B,vardial2018/test,mag,L1,test:5314,hin_Deva
panel2,B,vardial2018/test,mag,L1,test:5317,bho_Deva
panel2,B,vardial2018/test,mag,L1,test:5324,mag_Deva
panel2,B,vardial2018/test,mag,L1,test:5327,mag_Deva
panel2,B,vardial2018/test,mag,L1,test:5332,mai_Deva
panel2,B,vardial2018/test,mag,L1,test:5336,mag_Deva
panel2,B,vardial2018/test,mag,L1,test:5337,mag_Deva
panel2,B,vardial2018/test,mag,L1,test:5339,hin_Deva
panel2,B,vardial2018/test,mag,L1,test:5340,anp_Deva
panel2,B,vardial2018/test,mag,L1,test:5344,anp_Deva
panel2,B,vardial2018/test,mag,L1,test:5346,mag_Deva
panel2,B,vardial2018/test,mag,L1,test:5354,bho_Deva
panel2,B,vardial2018/test,mag,L1,test:5356,bho_Deva
panel2,B,vardial2018/test,mag,L1,test:5357,bho_Deva
panel2,B,vardial2018/test,mag,L1,test:5361,bho_Deva
panel2,B,vardial2018/test,mag,L1,test:5372,mag_Deva
panel2,B,vardial2018/test,mag,L1,test:5379,hin_Deva
panel2,B,vardial2018/test,mag,L1,test:5386,mag_Deva
panel2,B,vardial2018/test,mag,L1,test:5411,bho_Deva
panel2,B,vardial2018/test,mag,L1,test:5414,bho_Deva
panel2,B,vardial2018/test,mag,L1,test:5418,mai_Deva
panel2,B,vardial2018/test,mag,L1,test:5422,bho_Deva
panel2,B,vardial2018/test,mag,L1,test:5425,mag_Deva
panel2,B,vardial2018/test,mag,L1,test:5426,mag_Deva
panel2,B,vardial2018/test,mag,L1,test:5430,mag_Deva
panel2,B,vardial2018/test,mag,L1,test:5436,bho_Deva
panel2,B,vardial2018/test,mag,L1,test:5438,mag_Deva
panel2,B,vardial2018/test,mag,L1,test:5442,mag_Deva
panel2,B,vardial2018/test,mag,L1,test:5453,mag_Deva
panel2,B,vardial2018/test,mag,L1,test:5459,mag_Deva
panel2,B,vardial2018/test,mag,L1,test:5464,mag_Deva
panel2,B,vardial2018/test,mag,L1,test:5465,mag_Deva
panel2,B,vardial2018/test,mag,L1,test:5466,bho_Deva
panel2,B,vardial2018/test,mag,L1,test:5474,bho_Deva
panel2,B,vardial2018/test,mag,L1,test:5484,bho_Deva
panel2,B,vardial2018/test,mag,L1,test:5492,sck_Deva
panel2,B,vardial2018/test,mag,L1,test:5497,mag_Deva
panel2,B,vardial2018/test,mag,L1,test:5504,bho_Deva
panel2,B,vardial2018/test,mag,L1,test:5505,awa_Deva
panel2,B,vardial2018/test,mag,L1,test:5506,hne_Deva
panel2,B,vardial2018/test,mag,L1,test:5509,bho_Deva
panel2,B,vardial2018/test,mag,L1,test:5510,mai_Deva
panel2,B,vardial2018/test,mag,L1,test:5512,hin_Deva
panel2,B,vardial2018/test,mag,L1,test:5520,mai_Deva
panel2,B,vardial2018/test,mag,L1,test:5526,anp_Deva
panel2,B,vardial2018/test,mag,L1,test:5534,hne_Deva
panel2,B,vardial2018/test,mag,L1,test:5537,mai_Deva
panel2,B,vardial2018/test,mag,L1,test:5544,doi_Deva
panel2,B,vardial2018/test,mag,L1,test:5549,mag_Deva
panel2,B,vardial2018/test,mag,L1,test:5563,awa_Deva
panel2,B,vardial2018/test,mag,L1,test:5578,mag_Deva
panel2,B,vardial2018/test,mag,L1,test:5579,awa_Deva
panel2,B,vardial2018/test,mag,L1,test:5581,mag_Deva
panel2,B,vardial2018/test,mag,L1,test:5583,mag_Deva
panel2,B,vardial2018/test,mag,L1,test:5585,mag_Deva
panel2,B,vardial2018/test,mag,L1,test:5587,mag_Deva
panel2,B,vardial2018/test,mag,L1,test:5589,mag_Deva
panel2,B,vardial2018/test,mag,L1,test:5590,hne_Deva
panel2,B,vardial2018/test,mag,L1,test:5593,bho_Deva
panel2,B,vardial2018/test,mag,L1,test:5607,hin_Deva
panel2,B,vardial2018/test,mag,L1,test:5612,mag_Deva
panel2,B,vardial2018/test,mag,L1,test:5613,bho_Deva
panel2,B,vardial2018/test,mag,L1,test:5614,mag_Deva
panel2,B,vardial2018/test,mag,L1,test:5619,bho_Deva
panel2,B,vardial2018/test,mag,L1,test:5621,mag_Deva
panel2,B,vardial2018/test,mag,L1,test:5626,mag_Deva
panel2,B,vardial2018/test,mag,L1,test:5628,mag_Deva
panel2,B,vardial2018/test,mag,L1,test:5637,bho_Deva
panel2,B,vardial2018/test,mag,L1,test:5640,mai_Deva
panel2,B,vardial2018/test,mag,L1,test:5643,mai_Deva
panel2,B,vardial2018/test,mag,L1,test:5645,bho_Deva
panel2,B,vardial2018/test,mag,L1,test:5649,mag_Deva
panel2,B,vardial2018/test,mag,L1,test:5650,hne_Deva
panel2,B,vardial2018/test,mag,L1,test:5651,bho_Deva
panel2,B,vardial2018/test,mag,L1,test:5652,mag_Deva
panel2,B,vardial2018/test,mag,L1,test:5665,bho_Deva
panel2,B,vardial2018/test,mag,L1,test:5673,mag_Deva
panel2,B,vardial2018/test,mag,L1,test:5674,mag_Deva
panel2,B,vardial2018/test,mag,L1,test:5682,mag_Deva
panel2,B,vardial2018/test,mag,L1,test:5687,mag_Deva
panel2,B,vardial2018/test,mag,L1,test:5693,mag_Deva
panel2,B,vardial2018/test,mag,L1,test:5697,mag_Deva
panel2,B,vardial2018/test,mag,L1,test:5701,hne_Deva
panel2,B,vardial2018/test,mag,L1,test:5711,mag_Deva
panel2,B,vardial2018/test,mag,L1,test:5719,mag_Deva
panel2,B,vardial2018/test,mag,L1,test:5721,mag_Deva
panel2,B,vardial2018/test,mag,L1,test:5727,mai_Deva
panel2,B,vardial2018/test,mag,L1,test:5729,mag_Deva
panel2,B,vardial2018/test,mag,L1,test:5738,hin_Deva
panel2,B,vardial2018/test,mag,L1,test:5742,mag_Deva
panel2,B,vardial2018/test,mag,L1,test:5761,sck_Deva
panel2,B,vardial2018/test,mag,L1,test:5763,hne_Deva
panel2,B,vardial2018/test,mag,L1,test:5766,mag_Deva
panel2,B,vardial2018/test,mag,L1,test:5772,mag_Deva
panel2,B,vardial2018/test,mag,L1,test:5780,mag_Deva
panel2,B,vardial2018/test,mag,L1,test:5781,mag_Deva
panel2,B,vardial2018/test,mag,L1,test:5785,mag_Deva
panel2,B,vardial2018/test,mag,L1,test:5786,mag_Deva
panel2,B,vardial2018/test,mag,L1,test:5787,mag_Deva
panel2,B,vardial2018/test,mag,L1,test:5792,mai_Deva
panel2,B,vardial2018/test,mag,L1,test:5794,bho_Deva
panel2,B,vardial2018/test,mag,L1,test:5795,mag_Deva
panel2,B,vardial2018/test,mag,L1,test:5796,mag_Deva
panel2,B,vardial2018/test,mag,L1,test:5797,mag_Deva
panel2,B,vardial2018/test,mag,L1,test:5799,hin_Deva
panel2,B,vardial2018/test,mag,L1,test:5805,mag_Deva
panel2,B,vardial2018/test,mag,L1,test:5810,mag_Deva
panel2,B,vardial2018/test,mag,L1,test:5822,mag_Deva
panel2,B,vardial2018/test,mag,L1,test:5823,mag_Deva
panel2,B,vardial2018/test,mag,L1,test:5824,hin_Deva
panel2,B,vardial2018/test,mag,L1,test:5828,mag_Deva
panel2,B,vardial2018/test,mag,L1,test:5834,bho_Deva
panel2,B,vardial2018/test,mag,L1,test:5835,bho_Deva
panel2,B,vardial2018/test,mag,L1,test:5837,bho_Deva
panel2,B,vardial2018/test,mag,L1,test:5838,bho_Deva
panel2,B,vardial2018/test,mag,L1,test:5846,mag_Deva
panel2,B,vardial2018/test,mag,L1,test:5857,bho_Deva
panel2,B,vardial2018/test,mag,L1,test:5860,mag_Deva
panel2,B,vardial2018/test,mag,L1,test:5866,mag_Deva
panel2,B,vardial2018/test,mag,L1,test:5867,mag_Deva
panel2,B,vardial2018/test,mag,L1,test:5874,bho_Deva
panel2,B,vardial2018/test,mag,L1,test:5881,bho_Deva
panel2,B,vardial2018/test,mag,L1,test:5885,mag_Deva
panel2,B,vardial2018/test,mag,L1,test:5892,mag_Deva
panel2,B,vardial2018/test,mag,L1,test:5897,bho_Deva
panel2,B,vardial2018/test,mag,L1,test:5906,bho_Deva
panel2,B,vardial2018/test,mag,L1,test:5908,bho_Deva
panel2,B,vardial2018/test,mag,L1,test:5910,mag_Deva
panel2,B,vardial2018/test,mag,L1,test:5916,hin_Deva
panel2,B,vardial2018/test,mag,L1,test:5924,hne_Deva
panel2,B,vardial2018/test,mag,L1,test:5927,hne_Deva
panel2,B,vardial2018/test,mag,L1,test:5928,mag_Deva
panel2,B,vardial2018/test,mag,L1,test:5933,bho_Deva
panel2,B,vardial2018/test,mag,L1,test:5935,mag_Deva
panel2,B,vardial2018/test,mag,L1,test:5943,hin_Deva
panel2,B,vardial2018/test,mag,L1,test:5947,bho_Deva
panel2,B,vardial2018/test,mag,L1,test:5948,bho_Deva
panel2,B,vardial2018/test,mag,L1,test:5950,mai_Deva
panel2,B,vardial2018/test,mag,L1,test:5952,mag_Deva
panel2,B,vardial2018/test,mag,L1,test:5953,bho_Deva
panel2,B,vardial2018/test,mag,L1,test:5954,hne_Deva
panel2,B,vardial2018/test,mag,L1,test:5955,mag_Deva
panel2,B,vardial2018/test,mag,L1,test:5959,bho_Deva
panel2,B,vardial2018/test,mag,L1,test:5964,mag_Deva
panel2,B,vardial2018/test,mag,L1,test:5967,bho_Deva
panel2,B,vardial2018/test,mag,L1,test:5974,bho_Deva
panel2,B,vardial2018/test,mag,L1,test:5978,mai_Deva
panel2,B,vardial2018/test,mag,L1,test:5983,mag_Deva
panel2,B,vardial2018/test,mag,L1,test:5992,mai_Deva
panel2,B,vardial2018/test,mag,L1,test:5996,mai_Deva
panel2,B,vardial2018/test,mag,L1,test:5998,bho_Deva
panel2,B,vardial2018/test,mag,L1,test:6004,mag_Deva
panel2,B,vardial2018/test,mag,L1,test:6012,awa_Deva
panel2,B,vardial2018/test,mag,L1,test:6015,bho_Deva
panel2,B,vardial2018/test,mag,L1,test:6017,mag_Deva
panel2,B,vardial2018/test,mag,L1,test:6021,mag_Deva
panel2,B,vardial2018/test,mag,L1,test:6025,mag_Deva
panel2,B,vardial2018/test,mag,L1,test:6026,mag_Deva
panel2,B,vardial2018/test,mag,L1,test:6039,mag_Deva
panel2,B,vardial2018/test,mag,L1,test:6040,mag_Deva
panel2,B,vardial2018/test,mag,L1,test:6041,mag_Deva
panel2,B,vardial2018/test,mag,L1,test:6042,mag_Deva
panel2,B,vardial2018/test,mag,L1,test:6044,mag_Deva
panel2,B,vardial2018/test,mag,L1,test:6058,mag_Deva
panel2,B,vardial2018/test,mag,L1,test:6060,bho_Deva
panel2,B,vardial2018/test,mag,L1,test:6067,mag_Deva
panel2,B,vardial2018/test,mag,L1,test:6068,mag_Deva
panel2,B,vardial2018/test,mag,L1,test:6069,bho_Deva
panel2,B,vardial2018/test,mag,L1,test:6076,hin_Deva
panel2,B,vardial2018/test,mag,L1,test:6078,bho_Deva
panel2,B,vardial2018/test,mag,L1,test:6081,bho_Deva
panel2,B,vardial2018/test,mag,L1,test:6087,mag_Deva
panel2,B,vardial2018/test,mag,L1,test:6088,bho_Deva
panel2,B,vardial2018/test,mag,L1,test:6092,bho_Deva
panel2,B,vardial2018/test,mag,L1,test:6098,mai_Deva
panel2,B,vardial2018/test,mag,L1,test:6099,awa_Deva
panel2,B,vardial2018/test,mag,L1,test:6104,hin_Deva
panel2,B,vardial2018/test,mag,L1,test:6106,mag_Deva
panel2,B,vardial2018/test,mag,L1,test:6108,mag_Deva
panel2,B,vardial2018/test,mag,L1,test:6109,mag_Deva
panel2,B,vardial2018/test,mag,L1,test:6110,mag_Deva
panel2,B,vardial2018/test,mag,L1,test:6118,hin_Deva
panel2,B,vardial2018/test,mag,L1,test:6124,mag_Deva
panel2,B,vardial2018/test,mag,L1,test:6127,hne_Deva
panel2,B,vardial2018/test,mag,L1,test:6129,mag_Deva
panel2,B,vardial2018/test,mag,L1,test:6132,mag_Deva
panel2,B,vardial2018/test,mag,L1,test:6135,bho_Deva
panel2,B,vardial2018/test,mag,L1,test:6136,awa_Deva
panel2,B,vardial2018/test,mag,L1,test:6139,mai_Deva
panel2,B,vardial2018/test,mag,L1,test:6144,sck_Deva
panel2,B,vardial2018/test,mag,L1,test:6145,mag_Deva
panel2,B,vardial2018/test,mag,L1,test:6149,mag_Deva
panel2,B,vardial2018/test,mag,L1,test:6154,mag_Deva
panel2,B,vardial2018/test,mag,L1,test:6156,mag_Deva
panel2,B,vardial2018/test,mag,L1,test:6177,bho_Deva
panel2,B,vardial2018/test,mag,L1,test:6179,mag_Deva
panel2,B,vardial2018/test,mag,L1,test:6180,mag_Deva
panel2,B,vardial2018/test,mag,L1,test:6182,mag_Deva
panel2,B,vardial2018/test,mag,L1,test:6185,hne_Deva
panel2,B,vardial2018/test,mag,L1,test:6187,bho_Deva
panel2,B,vardial2018/test,mag,L1,test:6189,bho_Deva
panel2,B,vardial2018/test,mag,L1,test:6191,awa_Deva
panel2,B,vardial2018/test,mag,L1,test:6193,bho_Deva
panel2,B,vardial2018/test,mag,L1,test:6196,mag_Deva
panel2,B,vardial2018/test,mag,L1,test:6198,mag_Deva
panel2,B,vardial2018/test,mag,L1,test:6201,mag_Deva
panel2,B,vardial2018/test,mag,L1,test:6203,mai_Deva
panel2,B,vardial2018/test,mag,L1,test:6205,hne_Deva
panel2,B,vardial2018/test,mag,L1,test:6209,mai_Deva
panel2,B,vardial2018/test,mag,L1,test:6212,mag_Deva
panel2,B,vardial2018/test,mag,L1,test:6219,mai_Deva
panel2,B,vardial2018/test,mag,L1,test:6220,mag_Deva
panel2,B,vardial2018/test,mag,L1,test:6225,mag_Deva
panel2,B,vardial2018/test,mag,L1,test:6230,mag_Deva
panel2,B,vardial2018/test,mag,L1,test:6234,mag_Deva
panel2,B,vardial2018/test,mag,L1,test:6239,bho_Deva
panel2,B,vardial2018/test,mag,L1,test:6240,mag_Deva
panel2,B,vardial2018/test,mag,L1,test:6243,mag_Deva
panel2,B,vardial2018/test,mag,L1,test:6245,mai_Deva
panel2,B,vardial2018/test,mag,L1,test:6247,hin_Deva
panel2,B,vardial2018/test,mag,L1,test:6251,mag_Deva
panel2,B,vardial2018/test,mag,L1,test:6254,mag_Deva
panel2,B,vardial2018/test,mag,L1,test:6273,mag_Deva
panel2,B,vardial2018/test,mag,L1,test:6276,bho_Deva
panel2,B,vardial2018/test,mag,L1,test:6279,bho_Deva
panel2,B,vardial2018/test,mag,L1,test:6282,bho_Deva
panel2,B,vardial2018/test,mag,L1,test:6284,mag_Deva
panel2,B,vardial2018/test,mag,L1,test:6285,bho_Deva
panel2,B,vardial2018/test,mag,L1,test:6292,mag_Deva
panel2,B,vardial2018/test,mag,L1,test:6294,hin_Deva
panel2,B,vardial2018/test,mag,L1,test:6304,awa_Deva
panel2,B,vardial2018/test,mag,L1,test:6309,awa_Deva
panel2,B,vardial2018/test,mag,L1,test:6312,mag_Deva
panel2,B,vardial2018/test,mag,L1,test:6313,mag_Deva
panel2,B,vardial2018/test,mag,L1,test:6334,hne_Deva
panel2,B,vardial2018/test,mag,L1,test:6337,mag_Deva
panel2,B,vardial2018/test,mag,L1,test:6357,mag_Deva
panel2,B,vardial2018/test,mag,L1,test:6369,bho_Deva
panel2,B,vardial2018/test,mag,L1,test:6375,bho_Deva
panel2,B,vardial2018/test,mag,L1,test:6379,hne_Deva
panel2,B,vardial2018/test,mag,L1,test:6387,mag_Deva
panel2,B,vardial2018/test,mag,L1,test:6389,hin_Deva
panel2,B,vardial2018/test,mag,L1,test:6391,bho_Deva
panel2,B,vardial2018/test,mag,L1,test:6392,mag_Deva
panel2,B,vardial2018/test,mag,L1,test:6393,awa_Deva
panel2,B,vardial2018/test,mag,L1,test:6398,awa_Deva
panel2,B,vardial2018/test,mag,L1,test:6399,mag_Deva
panel2,B,vardial2018/test,mag,L1,test:6401,mag_Deva
panel2,B,vardial2018/test,mag,L1,test:6408,mag_Deva
panel2,B,vardial2018/test,mag,L1,test:6410,mag_Deva
panel2,B,vardial2018/test,mag,L1,test:6415,mag_Deva
panel2,B,vardial2018/test,mag,L1,test:6416,hin_Deva
panel2,B,vardial2018/test,mag,L1,test:6421,mag_Deva
panel2,B,vardial2018/test,mag,L1,test:6427,kru_Deva
panel2,B,vardial2018/test,mag,L1,test:6434,bho_Deva
panel2,B,vardial2018/test,mag,L1,test:6441,mai_Deva
panel2,B,vardial2018/test,mag,L1,test:6447,mag_Deva
panel2,B,vardial2018/test,mag,L1,test:6448,bho_Deva
panel2,B,vardial2018/test,mag,L1,test:6457,mag_Deva
panel2,B,vardial2018/test,mag,L1,test:6464,mai_Deva
panel2,B,vardial2018/test,mag,L1,test:6465,hin_Deva
panel2,B,vardial2018/test,mag,L1,test:6471,mag_Deva
panel2,B,vardial2018/test,mag,L1,test:6472,mai_Deva
panel2,B,vardial2018/test,mag,L1,test:6473,mag_Deva
panel2,B,vardial2018/test,mag,L1,test:6474,hne_Deva
panel2,B,vardial2018/test,mag,L1,test:6479,mag_Deva
panel2,B,vardial2018/test,mag,L1,test:6483,mag_Deva
panel2,B,vardial2018/test,mag,L1,test:6485,mag_Deva
panel2,B,vardial2018/test,mag,L1,test:6486,hne_Deva
panel2,B,vardial2018/test,mag,L1,test:6493,anp_Deva
panel2,B,vardial2018/test,mag,L1,test:6497,mag_Deva
panel2,B,vardial2018/test,mag,L1,test:6498,awa_Deva
panel2,B,vardial2018/test,mag,L1,test:6499,hne_Deva
panel2,B,vardial2018/test,mag,L1,test:6503,mag_Deva
panel2,B,vardial2018/test,mag,L1,test:6504,mag_Deva
panel2,B,vardial2018/test,mag,L1,test:6506,mup_Deva
panel2,B,vardial2018/test,mag,L1,test:6517,mag_Deva
panel2,B,vardial2018/test,mag,L1,test:6520,mag_Deva
panel2,B,vardial2018/test,mag,L1,test:6529,mag_Deva
panel2,B,vardial2018/test,mag,L1,test:6530,mag_Deva
panel2,B,vardial2018/test,mag,L1,test:6531,mag_Deva
panel2,B,vardial2018/test,mag,L1,test:6532,mag_Deva
panel2,B,vardial2018/test,mag,L1,test:6536,bho_Deva
panel2,B,vardial2018/test,mag,L1,test:6538,mag_Deva
panel2,B,vardial2018/test,mag,L1,test:6543,mag_Deva
panel2,B,vardial2018/test,mag,L1,test:6546,sck_Deva
panel2,B,vardial2018/test,mag,L1,test:6549,hne_Deva
panel2,B,vardial2018/test,mag,L1,test:6554,bho_Deva
panel2,B,vardial2018/test,mag,L1,test:6555,hin_Deva
panel2,B,vardial2018/test,mag,L1,test:6556,hin_Deva
panel2,B,vardial2018/test,mag,L1,test:6560,mai_Deva
panel2,B,vardial2018/test,mag,L1,test:6561,hin_Deva
panel2,B,vardial2018/test,mag,L1,test:6564,mag_Deva
panel2,B,vardial2018/test,mag,L1,test:6569,awa_Deva
panel2,B,vardial2018/test,mag,L1,test:6570,mag_Deva
panel2,B,vardial2018/test,mag,L1,test:6572,mag_Deva
panel2,B,vardial2018/test,mag,L1,test:6573,mag_Deva
panel2,B,vardial2018/test,mag,L1,test:6577,mag_Deva
panel2,B,vardial2018/test,mag,L1,test:6579,mag_Deva
panel2,B,vardial2018/test,mag,L1,test:6580,hin_Deva
panel2,B,vardial2018/test,mag,L1,test:6582,mag_Deva
panel2,B,vardial2018/test,mag,L1,test:6591,mag_Deva
panel2,B,vardial2018/test,mag,L1,test:6592,mag_Deva
panel2,B,vardial2018/test,mag,L1,test:6601,hne_Deva
panel2,B,vardial2018/test,mag,L1,test:6603,mag_Deva
panel2,B,vardial2018/test,mag,L1,test:6616,bho_Deva
panel2,B,vardial2018/test,mag,L1,test:6617,mag_Deva
panel2,B,vardial2018/test,mag,L1,test:6621,mag_Deva
panel2,B,vardial2018/test,mag,L1,test:6624,mag_Deva
panel2,B,vardial2018/test,mag,L1,test:6625,mag_Deva
panel2,B,vardial2018/test,mag,L1,test:6627,anp_Deva
panel2,B,vardial2018/test,mag,L1,test:6636,mag_Deva
panel2,B,vardial2018/test,mag,L1,test:6644,mag_Deva
panel2,B,vardial2018/test,mag,L1,test:6649,sck_Deva
panel2,B,vardial2018/test,mag,L1,test:6651,awa_Deva
panel2,B,vardial2018/test,mag,L1,test:6657,mag_Deva
panel2,B,vardial2018/test,mag,L1,test:6658,hin_Deva
panel2,B,vardial2018/test,mag,L1,test:6660,mag_Deva
panel2,B,vardial2018/test,mag,L1,test:6675,bho_Deva
panel2,B,vardial2018/test,mag,L1,test:6676,mag_Deva
panel2,B,vardial2018/test,mag,L1,test:6677,awa_Deva
panel2,B,vardial2018/test,mag,L1,test:6683,mag_Deva
panel2,B,vardial2018/test,mag,L1,test:6684,mag_Deva
panel2,B,vardial2018/test,mag,L1,test:6687,mag_Deva
panel2,B,vardial2018/test,mag,L1,test:6689,mag_Deva
panel2,B,vardial2018/test,mag,L1,test:6690,hin_Deva
panel2,B,vardial2018/test,mag,L1,test:6693,hin_Deva
panel2,B,vardial2018/test,mag,L1,test:6700,mag_Deva
panel2,B,vardial2018/test,mag,L1,test:6701,hin_Deva
panel2,B,vardial2018/test,mag,L1,test:6715,hin_Deva
panel2,B,vardial2018/test,mag,L1,test:6720,npi_Deva
panel2,B,vardial2018/test,mag,L1,test:6725,awa_Deva
panel2,B,vardial2018/test,mag,L1,test:6727,mag_Deva
panel2,B,vardial2018/test,mag,L1,test:6728,bho_Deva
panel2,B,vardial2018/test,mag,L1,test:6732,mag_Deva
panel2,B,vardial2018/test,mag,L1,test:6746,hne_Deva
panel2,B,vardial2018/test,mag,L1,test:6747,mag_Deva
panel2,B,vardial2018/test,mag,L1,test:6749,mag_Deva
panel2,B,vardial2018/test,mag,L1,test:6754,mag_Deva
panel2,B,vardial2018/test,mag,L1,test:6756,bho_Deva
panel2,B,vardial2018/test,mag,L1,test:6757,bho_Deva
panel2,B,vardial2018/test,mag,L1,test:6770,bho_Deva
panel2,B,vardial2018/test,mag,L1,test:6771,npi_Deva
panel2,B,vardial2018/test,mag,L1,test:6772,bho_Deva
panel2,B,vardial2018/test,mag,L1,test:6778,hin_Deva
panel2,B,vardial2018/test,mag,L1,test:6786,hne_Deva
panel2,B,vardial2018/test,mag,L1,test:6790,awa_Deva
panel2,B,vardial2018/test,mag,L1,test:6791,mag_Deva
panel2,B,vardial2018/test,mag,L1,test:6793,mag_Deva
panel2,B,vardial2018/test,mag,L1,test:6794,hne_Deva
panel2,B,vardial2018/test,mag,L1,test:6795,bho_Deva
panel2,B,vardial2018/test,mag,L1,test:6801,hne_Deva
panel2,B,vardial2018/test,mag,L1,test:6802,mag_Deva
panel2,B,vardial2018/test,mag,L1,test:6803,bho_Deva
panel2,B,vardial2018/test,mag,L1,test:6811,mag_Deva
panel2,B,vardial2018/test,mag,L1,test:6812,mag_Deva
panel2,B,vardial2018/test,mag,L1,test:6813,mag_Deva
panel2,B,vardial2018/test,mag,L1,test:6814,mag_Deva
panel2,B,vardial2018/test,mag,L1,test:6816,mai_Deva
panel2,B,vardial2018/test,mag,L1,test:6820,awa_Deva
panel2,B,vardial2018/test,mag,L1,test:6826,hne_Deva
panel2,B,vardial2018/test,mag,L1,test:6835,bho_Deva
panel2,B,vardial2018/test,mag,L1,test:6852,mag_Deva
panel2,B,vardial2018/test,mag,L1,test:6857,bho_Deva
panel2,B,vardial2018/test,mag,L1,test:6858,bho_Deva
panel2,B,vardial2018/test,mag,L1,test:6865,mag_Deva
panel2,B,vardial2018/test,mag,L1,test:6868,mai_Deva
panel2,B,vardial2018/test,mag,L1,test:6873,mag_Deva
panel2,B,vardial2018/test,mag,L1,test:6877,hin_Deva
panel2,B,vardial2018/test,mag,L1,test:6880,mai_Deva
panel2,B,vardial2018/test,mag,L1,test:6884,hne_Deva
panel2,B,vardial2018/test,mag,L1,test:6885,mag_Deva
panel2,B,vardial2018/test,mag,L1,test:6894,bho_Deva
panel2,B,vardial2018/test,mag,L1,test:6901,bho_Deva
panel2,B,vardial2018/test,mag,L1,test:6907,mag_Deva
panel2,B,vardial2018/test,mag,L1,test:6909,mag_Deva
panel2,B,vardial2018/test,mag,L1,test:6910,mag_Deva
panel2,B,vardial2018/test,mag,L1,test:6915,mag_Deva
panel2,B,vardial2018/test,mag,L1,test:6919,bho_Deva
panel2,B,vardial2018/test,mag,L1,test:6920,bho_Deva
panel2,B,vardial2018/test,mag,L1,test:6923,mag_Deva
panel2,B,vardial2018/test,mag,L1,test:6924,mag_Deva
panel2,B,vardial2018/test,mag,L1,test:6930,mag_Deva
panel2,B,vardial2018/test,mag,L1,test:6933,mag_Deva
panel2,B,vardial2018/test,mag,L1,test:6936,mar_Deva
panel2,B,vardial2018/test,mag,L1,test:6940,mag_Deva
panel2,B,vardial2018/test,mag,L1,test:6943,mag_Deva
panel2,B,vardial2018/test,mag,L1,test:6947,bho_Deva
panel2,B,vardial2018/test,mag,L1,test:6949,mag_Deva
panel2,B,vardial2018/test,mag,L1,test:6951,mag_Deva
panel2,B,vardial2018/test,mag,L1,test:6952,mag_Deva
panel2,B,vardial2018/test,mag,L1,test:6955,mag_Deva
panel2,B,vardial2018/test,mag,L1,test:6956,mag_Deva
panel2,B,vardial2018/test,mag,L1,test:6964,bho_Deva
panel2,B,vardial2018/test,mag,L1,test:6966,mag_Deva
panel2,B,vardial2018/test,mag,L1,test:6970,hin_Deva
panel2,B,vardial2018/test,mag,L1,test:6971,mag_Deva
panel2,B,vardial2018/test,mag,L1,test:6979,mag_Deva
panel2,B,vardial2018/test,mag,L1,test:6985,mag_Deva
panel2,B,vardial2018/test,mag,L1,test:6986,mag_Deva
panel2,B,vardial2018/test,mag,L1,test:6993,mag_Deva
panel2,B,vardial2018/test,mag,L1,test:6994,hin_Deva
panel2,B,vardial2018/test,mag,L1,test:6996,kru_Deva
panel2,B,vardial2018/test,mag,L1,test:7001,mai_Deva
panel2,B,vardial2018/test,mag,L1,test:7003,awa_Deva
panel2,B,vardial2018/test,mag,L1,test:7008,bho_Deva
panel2,B,vardial2018/test,mag,L1,test:7022,bho_Deva
panel2,B,vardial2018/test,mag,L1,test:7034,mag_Deva
panel2,B,vardial2018/test,mag,L1,test:7037,bho_Deva
panel2,B,vardial2018/test,mag,L1,test:7041,hne_Deva
panel2,B,vardial2018/test,mag,L1,test:7042,mag_Deva
panel2,B,vardial2018/test,mag,L1,test:7043,mag_Deva
panel2,B,vardial2018/test,mag,L1,test:7050,mag_Deva
panel2,B,vardial2018/test,mag,L1,test:7053,mag_Deva
panel2,B,vardial2018/test,mag,L1,test:7054,hin_Deva
panel2,B,vardial2018/test,mag,L1,test:7056,mag_Deva
panel2,B,vardial2018/test,mag,L1,test:7058,mag_Deva
panel2,B,vardial2018/test,mag,L1,test:7069,mag_Deva
panel2,B,vardial2018/test,mag,L1,test:7077,bho_Deva
panel2,B,vardial2018/test,mag,L1,test:7089,bho_Deva
panel2,B,vardial2018/test,mag,L1,test:7093,hne_Deva
panel2,B,vardial2018/test,mag,L1,test:7094,hin_Deva
panel2,B,vardial2018/test,mag,L1,test:7106,mag_Deva
panel2,B,vardial2018/test,mag,L1,test:7109,mag_Deva
panel2,B,vardial2018/test,mag,L1,test:7111,bho_Deva
panel2,B,vardial2018/test,mag,L1,test:7123,mag_Deva
panel2,B,vardial2018/test,mag,L1,test:7124,hne_Deva
panel2,B,vardial2018/test,mag,L1,test:7131,mag_Deva
panel2,B,vardial2018/test,mag,L1,test:7136,mag_Deva
panel2,B,vardial2018/test,mag,L1,test:7138,mag_Deva
panel2,B,vardial2018/test,mag,L1,test:7139,hin_Deva
panel2,B,vardial2018/test,mag,L1,test:7141,mag_Deva
panel2,B,vardial2018/test,mag,L1,test:7145,mag_Deva
panel2,B,vardial2018/test,mag,L1,test:7148,mag_Deva
panel2,B,vardial2018/test,mag,L1,test:7151,bho_Deva
panel2,B,vardial2018/test,mag,L1,test:7153,bho_Deva
panel2,B,vardial2018/test,mag,L1,test:7157,mag_Deva
panel2,B,vardial2018/test,mag,L1,test:7161,bho_Deva
panel2,B,vardial2018/test,mag,L1,test:7167,mag_Deva
panel2,B,vardial2018/test,mag,L1,test:7168,hin_Deva
panel2,B,vardial2018/test,mag,L1,test:7179,hin_Deva
panel2,B,vardial2018/test,mag,L1,test:7180,mag_Deva
panel2,B,vardial2018/test,mag,L1,test:7184,bho_Deva
panel2,B,vardial2018/test,mag,L1,test:7194,bho_Deva
panel2,B,vardial2018/test,mag,L1,test:7198,mag_Deva
panel2,B,vardial2018/test,mag,L1,test:7206,mai_Deva
panel2,B,vardial2018/test,mag,L1,test:7208,awa_Deva
panel2,B,vardial2018/test,mag,L1,test:7209,hin_Deva
panel2,B,vardial2018/test,mag,L1,test:7210,mag_Deva
panel2,B,vardial2018/test,mag,L1,test:7218,mag_Deva
panel2,B,vardial2018/test,mag,L1,test:7220,mag_Deva
panel2,B,vardial2018/test,mag,L1,test:7223,mag_Deva
panel2,B,vardial2018/test,mag,L1,test:7225,hne_Deva
panel2,B,vardial2018/test,mag,L1,test:7230,bho_Deva
panel2,B,vardial2018/test,mag,L1,test:7232,mag_Deva
panel2,B,vardial2018/test,mag,L1,test:7240,bho_Deva
panel2,B,vardial2018/test,mag,L1,test:7247,mag_Deva
panel2,B,vardial2018/test,mag,L1,test:7250,bho_Deva
panel2,B,vardial2018/test,mag,L1,test:7261,mag_Deva
panel2,B,vardial2018/test,mag,L1,test:7262,mag_Deva
panel2,B,vardial2018/test,mag,L1,test:7272,hne_Deva
panel2,B,vardial2018/test,mag,L1,test:7276,mag_Deva
panel2,B,vardial2018/test,mag,L1,test:7279,mag_Deva
panel2,B,vardial2018/test,mag,L1,test:7282,awa_Deva
panel2,B,vardial2018/test,mag,L1,test:7283,mag_Deva
panel2,B,vardial2018/test,mag,L1,test:7284,mai_Deva
panel2,B,vardial2018/test,mag,L1,test:7285,mag_Deva
panel2,B,vardial2018/test,mag,L1,test:7288,hin_Deva
panel2,B,vardial2018/test,mag,L1,test:7295,mag_Deva
panel2,B,vardial2018/test,mag,L1,test:7296,mag_Deva
panel2,B,vardial2018/test,mag,L1,test:7298,mag_Deva
panel2,B,vardial2018/test,mag,L1,test:7300,hne_Deva
panel2,B,vardial2018/test,mag,L1,test:7303,mag_Deva
panel2,B,vardial2018/test,mag,L1,test:7310,mag_Deva
panel2,B,vardial2018/test,mag,L1,test:7311,bho_Deva
panel2,B,vardial2018/test,mag,L1,test:7314,mag_Deva
panel2,B,vardial2018/test,mag,L1,test:7325,bho_Deva
panel2,B,vardial2018/test,mag,L1,test:7328,mag_Deva
panel2,B,vardial2018/test,mag,L1,test:7329,bho_Deva
panel2,B,vardial2018/test,mag,L1,test:7332,hne_Deva
panel2,B,vardial2018/test,mag,L1,test:7336,hne_Deva
panel2,B,vardial2018/test,mag,L1,test:7337,bho_Deva
panel2,B,vardial2018/test,mag,L1,test:7342,mag_Deva
panel2,B,vardial2018/test,mag,L1,test:7356,mag_Deva
panel2,B,vardial2018/test,mag,L1,test:7360,mag_Deva
panel2,B,vardial2018/test,mag,L1,test:7363,mag_Deva
panel2,B,vardial2018/test,mag,L1,test:7364,mag_Deva
panel2,B,vardial2018/test,mag,L1,test:7367,mag_Deva
panel2,B,vardial2018/test,mag,L1,test:7368,anp_Deva
panel2,B,vardial2018/test,mag,L1,test:7370,mag_Deva
panel2,B,vardial2018/test,mag,L1,test:7373,bho_Deva
panel2,B,vardial2018/test,mag,L1,test:7377,mag_Deva
panel2,B,vardial2018/test,mag,L1,test:7380,bho_Deva
panel2,B,vardial2018/test,mag,L1,test:7382,mag_Deva
panel2,B,vardial2018/test,mag,L1,test:7384,mag_Deva
panel2,B,vardial2018/test,mag,L1,test:7386,mai_Deva
panel2,B,vardial2018/test,mag,L1,test:7387,mag_Deva
panel2,B,vardial2018/test,mag,L1,test:7396,mag_Deva
panel2,B,vardial2018/test,mag,L1,test:7398,mag_Deva
panel2,B,vardial2018/test,mag,L1,test:7402,bho_Deva
panel2,B,vardial2018/test,mag,L1,test:7406,mag_Deva
panel2,B,vardial2018/test,mag,L1,test:7410,mag_Deva
panel2,B,vardial2018/test,mag,L1,test:7414,bho_Deva
panel2,B,vardial2018/test,mag,L1,test:7420,bho_Deva
panel2,B,vardial2018/test,mag,L1,test:7427,mag_Deva
panel2,B,vardial2018/test,mag,L1,test:7429,bho_Deva
panel2,B,vardial2018/test,mag,L1,test:7432,mai_Deva
panel2,B,vardial2018/test,mag,L1,test:7436,hin_Deva
panel2,B,vardial2018/test,mag,L1,test:7437,mag_Deva
panel2,B,vardial2018/test,mag,L1,test:7439,mag_Deva
panel2,B,vardial2018/test,mag,L1,test:7445,mag_Deva
panel2,B,vardial2018/test,mag,L1,test:7446,mag_Deva
panel2,B,vardial2018/test,mag,L1,test:7449,bho_Deva
panel2,B,vardial2018/test,mag,L1,test:7451,mai_Deva
panel2,B,vardial2018/test,mag,L1,test:7456,mai_Deva
panel2,B,vardial2018/test,mag,L1,test:7458,hin_Deva
panel2,B,vardial2018/test,mag,L1,test:7461,bho_Deva
panel2,B,vardial2018/test,mag,L1,test:7469,mag_Deva
panel2,B,vardial2018/test,mag,L1,test:7481,bho_Deva
panel2,B,vardial2018/test,mag,L1,test:7483,mag_Deva
panel2,B,vardial2018/test,mag,L1,test:7491,mag_Deva
panel2,B,vardial2018/test,mag,L1,test:7492,bho_Deva
panel2,B,vardial2018/test,mag,L1,test:7498,mag_Deva
panel2,B,vardial2018/test,mag,L1,test:7500,mag_Deva
panel2,B,vardial2018/test,mag,L1,test:7503,bho_Deva
panel2,B,vardial2018/test,mag,L1,test:7505,mag_Deva
panel2,B,vardial2018/test,mag,L1,test:7514,bho_Deva
panel2,B,vardial2018/test,mag,L1,test:7519,mag_Deva
panel2,B,vardial2018/test,mag,L1,test:7523,bho_Deva
panel2,B,vardial2018/test,mag,L1,test:7524,hne_Deva
panel2,B,vardial2018/test,mag,L1,test:7535,mag_Deva
panel2,B,vardial2018/test,mag,L1,test:7548,mag_Deva
panel2,B,vardial2018/test,mag,L1,test:7558,hin_Deva
panel2,B,vardial2018/test,mag,L1,test:7560,mai_Deva
panel2,B,vardial2018/test,mag,L1,test:7571,hin_Deva
panel2,B,vardial2018/test,mag,L1,test:7572,mai_Deva
panel2,B,vardial2018/test,mag,L1,test:7575,mag_Deva
panel2,B,vardial2018/test,mag,L1,test:7579,mai_Deva
panel2,B,vardial2018/test,mag,L1,test:7584,mag_Deva
panel2,B,vardial2018/test,mag,L1,test:7589,bho_Deva
panel2,B,vardial2018/test,mag,L1,test:7590,mag_Deva
panel2,B,vardial2018/test,mag,L1,test:7597,bho_Deva
panel2,B,vardial2018/test,mag,L1,test:7598,mag_Deva
panel2,B,vardial2018/test,mag,L1,test:7605,mag_Deva
panel2,B,vardial2018/test,mag,L1,test:7611,mag_Deva
panel2,B,vardial2018/test,mag,L1,test:7612,mag_Deva
panel2,B,vardial2018/test,mag,L1,test:7620,mag_Deva
panel2,B,vardial2018/test,mag,L1,test:7628,mag_Deva
panel2,B,vardial2018/test,mag,L1,test:7634,bho_Deva
panel2,B,vardial2018/test,mag,L1,test:7637,mag_Deva
panel2,B,vardial2018/test,mag,L1,test:7638,mag_Deva
panel2,B,vardial2018/test,mag,L1,test:7642,mag_Deva
panel2,B,vardial2018/test,mag,L1,test:7657,mag_Deva
panel2,B,vardial2018/test,mag,L1,test:7659,mag_Deva
panel2,B,vardial2018/test,mag,L1,test:7661,mag_Deva
panel2,B,vardial2018/test,mag,L1,test:7665,mai_Deva
panel2,B,vardial2018/test,mag,L1,test:7666,mag_Deva
panel2,B,vardial2018/test,mag,L1,test:7668,mag_Deva
panel2,B,vardial2018/test,mag,L1,test:7670,mag_Deva
panel2,B,vardial2018/test,mag,L1,test:7672,mai_Deva
panel2,B,vardial2018/test,mag,L1,test:7674,hne_Deva
panel2,B,vardial2018/test,mag,L1,test:7679,mag_Deva
panel2,B,vardial2018/test,mag,L1,test:7682,mag_Deva
panel2,B,vardial2018/test,mag,L1,test:7695,hne_Deva
panel2,B,vardial2018/test,mag,L1,test:7709,awa_Deva
panel2,B,vardial2018/test,mag,L1,test:7711,hne_Deva
panel2,B,vardial2018/test,mag,L1,test:7712,mag_Deva
panel2,B,vardial2018/test,mag,L1,test:7713,mag_Deva
panel2,B,vardial2018/test,mag,L1,test:7714,hne_Deva
panel2,B,vardial2018/test,mag,L1,test:7718,mag_Deva
panel2,B,vardial2018/test,mag,L1,test:7725,mag_Deva
panel2,B,vardial2018/test,mag,L1,test:7745,mag_Deva
panel2,B,vardial2018/test,mag,L1,test:7746,bho_Deva
panel2,B,vardial2018/test,mag,L1,test:7747,mag_Deva
panel2,B,vardial2018/test,mag,L1,test:7748,bho_Deva
panel2,B,vardial2018/test,mag,L1,test:7750,mag_Deva
panel2,B,vardial2018/test,mag,L1,test:7757,bho_Deva
panel2,B,vardial2018/test,mag,L1,test:7758,mag_Deva
panel2,B,vardial2018/test,mag,L1,test:7759,hne_Deva
panel2,B,vardial2018/test,mag,L1,test:7765,mag_Deva
panel2,B,vardial2018/test,mag,L1,test:7766,mai_Deva
panel2,B,vardial2018/test,mag,L1,test:7768,mai_Deva
panel2,B,vardial2018/test,mag,L1,test:7774,bho_Deva
panel2,B,vardial2018/test,mag,L1,test:7778,mag_Deva
panel2,B,vardial2018/test,mag,L1,test:7779,bho_Deva
panel2,B,vardial2018/test,mag,L1,test:7782,mag_Deva
panel2,B,vardial2018/test,mag,L1,test:7786,mai_Deva
panel2,B,vardial2018/test,mag,L1,test:7787,mai_Deva
panel2,B,vardial2018/test,mag,L1,test:7794,hin_Deva
panel2,B,vardial2018/test,mag,L1,test:7807,mai_Deva
panel2,B,vardial2018/test,mag,L1,test:7818,mai_Deva
panel2,B,vardial2018/test,mag,L1,test:7819,bho_Deva
panel2,B,vardial2018/test,mag,L1,test:7823,bho_Deva
panel2,B,vardial2018/test,mag,L1,test:7825,mai_Deva
panel2,B,vardial2018/test,mag,L1,test:7827,mag_Deva
panel2,B,vardial2018/test,mag,L1,test:7834,hne_Deva
panel2,B,vardial2018/test,mag,L1,test:7838,anp_Deva
panel2,B,vardial2018/test,mag,L1,test:7841,bho_Deva
panel2,B,vardial2018/test,mag,L1,test:7843,mag_Deva
panel2,B,vardial2018/test,mag,L1,test:7850,mai_Deva
panel2,B,vardial2018/test,mag,L1,test:7858,mag_Deva
panel2,B,vardial2018/test,mag,L1,test:7859,mai_Deva
panel2,B,vardial2018/test,mag,L1,test:7861,mag_Deva
panel2,B,vardial2018/test,mag,L1,test:7862,hin_Deva
panel2,B,vardial2018/test,mag,L1,test:7874,mag_Deva
panel2,B,vardial2018/test,mag,L1,test:7877,mag_Deva
panel2,B,vardial2018/test,mag,L1,test:7883,mag_Deva
panel2,B,vardial2018/test,mag,L1,test:7884,bho_Deva
panel2,B,vardial2018/test,mag,L1,test:7888,bho_Deva
panel2,B,vardial2018/test,mag,L1,test:7891,mag_Deva
panel2,B,vardial2018/test,mag,L1,test:7892,anp_Deva
panel2,B,vardial2018/test,mag,L1,test:7893,mag_Deva
panel2,B,vardial2018/test,mag,L1,test:7896,bho_Deva
panel2,B,vardial2018/test,mag,L1,test:7899,mai_Deva
panel2,B,vardial2018/test,mag,L1,test:7903,mag_Deva
panel2,B,vardial2018/test,mag,L1,test:7905,mag_Deva
panel2,B,vardial2018/test,mag,L1,test:7910,mag_Deva
panel2,B,vardial2018/test,mag,L1,test:7919,mag_Deva
panel2,B,vardial2018/test,mag,L1,test:7920,hin_Deva
panel2,B,vardial2018/test,mag,L1,test:7922,mup_Deva
panel2,B,vardial2018/test,mag,L1,test:7923,mag_Deva
panel2,B,vardial2018/test,mag,L1,test:7938,mag_Deva
panel2,B,vardial2018/test,mag,L1,test:7941,hin_Deva
panel2,B,vardial2018/test,mag,L1,test:7945,hin_Deva
panel2,B,vardial2018/test,mag,L1,test:7949,mag_Deva
panel2,B,vardial2018/test,mag,L1,test:7952,hin_Deva
panel2,B,vardial2018/test,mag,L1,test:7961,hne_Deva
panel2,B,vardial2018/test,mag,L1,test:7965,anp_Deva
panel2,B,vardial2018/test,mag,L1,test:7966,hne_Deva
panel2,B,vardial2018/test,mag,L1,test:7968,mag_Deva
panel2,B,vardial2018/test,mag,L1,test:7972,bho_Deva
panel2,B,vardial2018/test,mag,L1,test:7976,mai_Deva
panel2,B,vardial2018/test,mag,L1,test:7979,mag_Deva
panel2,B,vardial2018/test,mag,L1,test:7982,hin_Deva
panel2,B,vardial2018/test,mag,L1,test:7985,bho_Deva
panel2,B,vardial2018/test,mag,L1,test:7987,bho_Deva
panel2,B,vardial2018/test,mag,L1,test:7990,bho_Deva
panel2,B,vardial2018/test,mag,L1,test:7997,mag_Deva
panel2,B,vardial2018/test,mag,L1,test:7998,mag_Deva
panel2,B,vardial2018/test,mag,L1,test:7999,mag_Deva
panel2,B,vardial2018/test,mag,L1,test:8004,mag_Deva
panel2,B,vardial2018/test,mag,L1,test:8005,hne_Deva
panel2,B,vardial2018/test,mag,L1,test:8006,mag_Deva
panel2,B,vardial2018/test,mag,L1,test:8012,mag_Deva
panel2,B,vardial2018/test,mag,L1,test:8013,mag_Deva
panel2,B,vardial2018/test,mag,L1,test:8024,hin_Deva
panel2,B,vardial2018/test,mag,L1,test:8027,hin_Deva
panel2,B,vardial2018/test,mag,L1,test:8038,mag_Deva
panel2,B,vardial2018/test,mag,L1,test:8041,mag_Deva
panel2,B,vardial2018/test,mag,L1,test:8042,anp_Deva
panel2,B,vardial2018/test,mag,L1,test:8051,mag_Deva
panel2,B,vardial2018/test,mag,L1,test:8052,mag_Deva
panel2,B,vardial2018/test,mag,L1,test:8057,mag_Deva
panel2,B,vardial2018/test,mag,L1,test:8062,mag_Deva
panel2,B,vardial2018/test,mag,L1,test:8069,bho_Deva
panel2,B,vardial2018/test,mag,L1,test:8070,doi_Deva
panel2,B,vardial2018/test,mag,L1,test:8074,mag_Deva
panel2,B,vardial2018/test,mag,L1,test:8076,mag_Deva
panel2,B,vardial2018/test,mag,L1,test:8079,npi_Deva
panel2,B,vardial2018/test,mag,L1,test:8081,mag_Deva
panel2,B,vardial2018/test,mag,L1,test:8082,mag_Deva
panel2,B,vardial2018/test,mag,L1,test:8091,mag_Deva
panel2,B,vardial2018/test,mag,L1,test:8094,hne_Deva
panel2,B,vardial2018/test,mag,L1,test:8119,hin_Deva
panel2,B,vardial2018/test,mag,L1,test:8127,mag_Deva
panel2,B,vardial2018/test,mag,L1,test:8129,mag_Deva
panel2,B,vardial2018/test,mag,L1,test:8133,mag_Deva
panel2,B,vardial2018/test,mag,L1,test:8134,bho_Deva
panel2,B,vardial2018/test,mag,L1,test:8135,bho_Deva
panel2,B,vardial2018/test,mag,L1,test:8137,hin_Deva
panel2,B,vardial2018/test,mag,L1,test:8143,mag_Deva
panel2,B,vardial2018/test,mag,L1,test:8148,mai_Deva
panel2,B,vardial2018/test,mag,L1,test:8160,bho_Deva
panel2,B,vardial2018/test,mag,L1,test:8173,mag_Deva
panel2,B,vardial2018/test,mag,L1,test:8175,mag_Deva
panel2,B,vardial2018/test,mag,L1,test:8186,mag_Deva
panel2,B,vardial2018/test,mag,L1,test:8187,mag_Deva
panel2,B,vardial2018/test,mag,L1,test:8188,hne_Deva
panel2,B,vardial2018/test,mag,L1,test:8191,bho_Deva
panel2,B,vardial2018/test,mag,L1,test:8192,bho_Deva
panel2,B,vardial2018/test,mag,L1,test:8194,mag_Deva
panel2,B,vardial2018/test,mag,L1,test:8196,bho_Deva
panel2,B,vardial2018/test,mag,L1,test:8209,mag_Deva
panel2,B,vardial2018/test,mag,L1,test:8210,mag_Deva
panel2,B,vardial2018/test,mag,L1,test:8211,mag_Deva
panel2,B,vardial2018/test,mag,L1,test:8213,bho_Deva
panel2,B,vardial2018/test,mag,L1,test:8215,bho_Deva
panel2,B,vardial2018/test,mag,L1,test:8216,mag_Deva
panel2,B,vardial2018/test,mag,L1,test:8225,bho_Deva
panel2,B,vardial2018/test,mag,L1,test:8228,hne_Deva
panel2,B,vardial2018/test,mag,L1,test:8232,mag_Deva
panel2,B,vardial2018/test,mag,L1,test:8239,hin_Deva
panel2,B,vardial2018/test,mag,L1,test:8243,bho_Deva
panel2,B,vardial2018/test,mag,L1,test:8246,mag_Deva
panel2,B,vardial2018/test,mag,L1,test:8247,bho_Deva
panel2,B,vardial2018/test,mag,L1,test:8253,mag_Deva
panel2,B,vardial2018/test,mag,L1,test:8263,hin_Deva
panel2,B,vardial2018/test,mag,L1,test:8269,mag_Deva
panel2,B,vardial2018/test,mag,L1,test:8274,mag_Deva
panel2,B,vardial2018/test,mag,L1,test:8281,mai_Deva
panel2,B,vardial2018/test,mag,L1,test:8285,mai_Deva
panel2,B,vardial2018/test,mag,L1,test:8288,mag_Deva
panel2,B,vardial2018/test,mag,L1,test:8289,san_Deva
panel2,B,vardial2018/test,mag,L1,test:8290,mai_Deva
panel2,B,vardial2018/test,mag,L1,test:8305,anp_Deva
panel2,B,vardial2018/test,mag,L1,test:8306,awa_Deva
panel2,B,vardial2018/test,mag,L1,test:8307,mag_Deva
panel2,B,vardial2018/test,mag,L1,test:8310,bho_Deva
panel2,B,vardial2018/test,mag,L1,test:8311,bho_Deva
panel2,B,vardial2018/test,mag,L1,test:8314,mai_Deva
panel2,B,vardial2018/test,mag,L1,test:8319,mag_Deva
panel2,B,vardial2018/test,mag,L1,test:8338,mai_Deva
panel2,B,vardial2018/test,mag,L1,test:8339,mag_Deva
panel2,B,vardial2018/test,mag,L1,test:8340,mag_Deva
panel2,B,vardial2018/test,mag,L1,test:8346,hin_Deva
panel2,B,vardial2018/test,mag,L1,test:8349,mag_Deva
panel2,B,vardial2018/test,mag,L1,test:8355,bho_Deva
panel2,B,vardial2018/test,mag,L1,test:8363,mag_Deva
panel2,B,vardial2018/test,mag,L1,test:8371,bho_Deva
panel2,B,vardial2018/test,mag,L1,test:8372,mai_Deva
panel2,B,vardial2018/test,mag,L1,test:8376,mag_Deva
panel2,B,vardial2018/test,mag,L1,test:8378,bho_Deva
panel2,B,vardial2018/test,mag,L1,test:8383,mag_Deva
panel2,B,vardial2018/test,mag,L1,test:8384,bho_Deva
panel2,B,vardial2018/test,mag,L1,test:8393,mag_Deva
panel2,B,vardial2018/test,mag,L1,test:8399,mag_Deva
panel2,B,vardial2018/test,mag,L1,test:8405,mai_Deva
panel2,B,vardial2018/test,mag,L1,test:8408,hin_Deva
panel2,B,vardial2018/test,mag,L1,test:8414,doi_Deva
panel2,B,vardial2018/test,mag,L1,test:8419,bho_Deva
panel2,B,vardial2018/test,mag,L1,test:8424,awa_Deva
panel2,B,vardial2018/test,mag,L1,test:8425,mag_Deva
panel2,B,vardial2018/test,mag,L1,test:8426,mag_Deva
panel2,B,vardial2018/test,mag,L1,test:8427,bho_Deva
panel2,B,vardial2018/test,mag,L1,test:8428,mag_Deva
panel2,B,vardial2018/test,mag,L1,test:8432,mag_Deva
panel2,B,vardial2018/test,mag,L1,test:8435,mag_Deva
panel2,B,vardial2018/test,mag,L1,test:8436,mag_Deva
panel2,B,vardial2018/test,mag,L1,test:8437,mag_Deva
panel2,B,vardial2018/test,mag,L1,test:8451,mag_Deva
panel2,B,vardial2018/test,mag,L1,test:8455,mai_Deva
panel2,B,vardial2018/test,mag,L1,test:8459,bho_Deva
panel2,B,vardial2018/test,mag,L1,test:8463,mag_Deva
panel2,B,vardial2018/test,mag,L1,test:8466,mag_Deva
panel2,B,vardial2018/test,mag,L1,test:8470,mag_Deva
panel2,B,vardial2018/test,mag,L1,test:8474,mag_Deva
panel2,B,vardial2018/test,mag,L1,test:8475,mag_Deva
panel2,B,vardial2018/test,mag,L1,test:8481,bho_Deva
panel2,B,vardial2018/test,mag,L1,test:8484,mag_Deva
panel2,B,vardial2018/test,mag,L1,test:8488,mag_Deva
panel2,B,vardial2018/test,mag,L1,test:8491,mag_Deva
panel2,B,vardial2018/test,mag,L1,test:8494,bho_Deva
panel2,B,vardial2018/test,mag,L1,test:8495,hne_Deva
panel2,B,vardial2018/test,mag,L1,test:8500,mag_Deva
panel2,B,vardial2018/test,mag,L1,test:8503,mag_Deva
panel2,B,vardial2018/test,mag,L1,test:8504,mai_Deva
panel2,B,vardial2018/test,mag,L1,test:8516,bho_Deva
panel2,B,vardial2018/test,mag,L1,test:8522,hin_Deva
panel2,B,vardial2018/test,mag,L1,test:8526,awa_Deva
panel2,B,vardial2018/test,mag,L1,test:8528,mag_Deva
panel2,B,vardial2018/test,mag,L1,test:8530,bho_Deva
panel2,B,vardial2018/test,mag,L1,test:8531,mag_Deva
panel2,B,vardial2018/test,mag,L1,test:8537,mag_Deva
panel2,B,vardial2018/test,mag,L1,test:8543,mag_Deva
panel2,B,vardial2018/test,mag,L1,test:8552,bho_Deva
panel2,B,vardial2018/test,mag,L1,test:8561,anp_Deva
panel2,B,vardial2018/test,mag,L1,test:8564,mag_Deva
panel2,B,vardial2018/test,mag,L1,test:8572,bho_Deva
panel2,B,vardial2018/test,mag,L1,test:8573,awa_Deva
panel2,B,vardial2018/test,mag,L1,test:8578,mup_Deva
panel2,B,vardial2018/test,mag,L1,test:8585,awa_Deva
panel2,B,vardial2018/test,mag,L1,test:8587,mag_Deva
panel2,B,vardial2018/test,mag,L1,test:8590,bho_Deva
panel2,B,vardial2018/test,mag,L1,test:8591,bho_Deva
panel2,B,vardial2018/test,mag,L1,test:8600,hne_Deva
panel2,B,vardial2018/test,mag,L1,test:8608,bho_Deva
panel2,B,vardial2018/test,mag,L1,test:8609,bho_Deva
panel2,B,vardial2018/test,mag,L1,test:8622,awa_Deva
panel2,B,vardial2018/test,mag,L1,test:8626,mag_Deva
panel2,B,vardial2018/test,mag,L1,test:8631,bho_Deva
panel2,B,vardial2018/test,mag,L1,test:8635,mag_Deva
panel2,B,vardial2018/test,mag,L1,test:8645,bho_Deva
panel2,B,vardial2018/test,mag,L1,test:8649,mag_Deva
panel2,B,vardial2018/test,mag,L1,test:8650,mag_Deva
panel2,B,vardial2018/test,mag,L1,test:8656,bho_Deva
panel2,B,vardial2018/test,mag,L1,test:8675,bho_Deva
panel2,B,vardial2018/test,mag,L1,test:8676,hne_Deva
panel2,B,vardial2018/test,mag,L1,test:8677,bho_Deva
panel2,B,vardial2018/test,mag,L1,test:8695,bho_Deva
panel2,B,vardial2018/test,mag,L1,test:8708,mai_Deva
panel2,B,vardial2018/test,mag,L1,test:8711,anp_Deva
panel2,B,vardial2018/test,mag,L1,test:8712,awa_Deva
panel2,B,vardial2018/test,mag,L1,test:8714,bho_Deva
panel2,B,vardial2018/test,mag,L1,test:8721,hin_Deva
panel2,B,vardial2018/test,mag,L1,test:8723,mag_Deva
panel2,B,vardial2018/test,mag,L1,test:8724,mag_Deva
panel2,B,vardial2018/test,mag,L1,test:8729,bho_Deva
panel2,B,vardial2018/test,mag,L1,test:8732,bho_Deva
panel2,B,vardial2018/test,mag,L1,test:8733,mag_Deva
panel2,B,vardial2018/test,mag,L1,test:8734,hne_Deva
panel2,B,vardial2018/test,mag,L1,test:8735,bho_Deva
panel2,B,vardial2018/test,mag,L1,test:8736,bho_Deva
panel2,B,vardial2018/test,mag,L1,test:8738,mag_Deva
panel2,B,vardial2018/test,mag,L1,test:8740,mag_Deva
panel2,B,vardial2018/test,mag,L1,test:8753,mag_Deva
panel2,B,vardial2018/test,mag,L1,test:8755,hne_Deva
panel2,B,vardial2018/test,mag,L1,test:8756,bho_Deva
panel2,B,vardial2018/test,mag,L1,test:8761,bho_Deva
panel2,B,vardial2018/test,mag,L1,test:8774,mag_Deva
panel2,B,vardial2018/test,mag,L1,test:8783,bho_Deva
panel2,B,vardial2018/test,mag,L1,test:8790,mag_Deva
panel2,B,vardial2018/test,mag,L1,test:8791,hin_Deva
panel2,B,vardial2018/test,mag,L1,test:8801,bho_Deva
panel2,B,vardial2018/test,mag,L1,test:8804,mag_Deva
panel2,B,vardial2018/test,mag,L1,test:8822,hne_Deva
panel2,B,vardial2018/test,mag,L1,test:8823,mag_Deva
panel2,B,vardial2018/test,mag,L1,test:8824,mag_Deva
panel2,B,vardial2018/test,mag,L1,test:8825,hin_Deva
panel2,B,vardial2018/test,mag,L1,test:8830,new_Deva
panel2,B,vardial2018/test,mag,L1,test:8835,mai_Deva
panel2,B,vardial2018/test,mag,L1,test:8836,mag_Deva
panel2,B,vardial2018/test,mag,L1,test:8838,mag_Deva
panel2,B,vardial2018/test,mag,L1,test:8839,mag_Deva
panel2,B,vardial2018/test,mag,L1,test:8840,bho_Deva
panel2,B,vardial2018/test,mag,L1,test:8847,mag_Deva
panel2,B,vardial2018/test,mag,L1,test:8857,mag_Deva
panel2,B,vardial2018/test,mag,L1,test:8862,mag_Deva
panel2,B,vardial2018/test,mag,L1,test:8866,mag_Deva
panel2,B,vardial2018/test,mag,L1,test:8868,awa_Deva
panel2,B,vardial2018/test,mag,L1,test:8869,bho_Deva
panel2,B,vardial2018/test,mag,L1,test:8878,hne_Deva
panel2,B,vardial2018/test,mag,L1,test:8884,bho_Deva
panel2,B,vardial2018/test,mag,L1,test:8886,mag_Deva
panel2,B,vardial2018/test,mag,L1,test:8889,mag_Deva
panel2,B,vardial2018/test,mag,L1,test:8895,mag_Deva
panel2,B,vardial2018/test,mag,L1,test:8898,bho_Deva
panel2,B,vardial2018/test,mag,L1,test:8899,hin_Deva
panel2,B,vardial2018/test,mag,L1,test:8907,mag_Deva
panel2,B,vardial2018/test,mag,L1,test:8908,bho_Deva
panel2,B,vardial2018/test,mag,L1,test:8911,mag_Deva
panel2,B,vardial2018/test,mag,L1,test:8913,mag_Deva
panel2,B,vardial2018/test,mag,L1,test:8919,hin_Deva
panel2,B,vardial2018/test,mag,L1,test:8929,mag_Deva
panel2,B,vardial2018/test,mag,L1,test:8930,mag_Deva
panel2,B,vardial2018/test,mag,L1,test:8932,hne_Deva
panel2,B,vardial2018/test,mag,L1,test:8933,mag_Deva
panel2,B,vardial2018/test,mag,L1,test:8936,awa_Deva
panel2,B,vardial2018/test,mag,L1,test:8938,hne_Deva
panel2,B,vardial2018/test,mag,L1,test:8940,mag_Deva
panel2,B,vardial2018/test,mag,L1,test:8944,mag_Deva
panel2,B,vardial2018/test,mag,L1,test:8945,mag_Deva
panel2,B,vardial2018/test,mag,L1,test:8946,mag_Deva
panel2,B,vardial2018/test,mag,L1,test:8949,bho_Deva
panel2,B,vardial2018/test,mag,L1,test:8951,mag_Deva
panel2,B,vardial2018/test,mag,L1,test:8954,bho_Deva
panel2,B,vardial2018/test,mag,L1,test:8955,hne_Deva
panel2,B,vardial2018/test,mag,L1,test:8961,hne_Deva
panel2,B,vardial2018/test,mag,L1,test:8965,mag_Deva
panel2,B,vardial2018/test,mag,L1,test:8973,mag_Deva
panel2,B,vardial2018/test,mag,L1,test:8975,mag_Deva
panel2,B,vardial2018/test,mag,L1,test:8977,mag_Deva
panel2,B,vardial2018/test,mag,L1,test:8983,mag_Deva
panel2,B,vardial2018/test,mag,L1,test:8984,bho_Deva
panel2,B,vardial2018/test,mag,L1,test:8985,bho_Deva
panel2,B,vardial2018/test,mag,L1,test:8987,mag_Deva
panel2,B,vardial2018/test,mag,L1,test:8988,mag_Deva
panel2,B,vardial2018/test,mag,L1,test:8993,mag_Deva
panel2,B,vardial2018/test,mag,L1,test:9000,mag_Deva
panel2,B,vardial2018/test,mag,L1,test:9006,anp_Deva
panel2,B,vardial2018/test,mag,L1,test:9007,mag_Deva
panel2,B,vardial2018/test,mag,L1,test:9015,bho_Deva
panel2,B,vardial2018/test,mag,L1,test:9016,mai_Deva
panel2,B,vardial2018/test,mag,L1,test:9017,bho_Deva
panel2,B,vardial2018/test,mag,L1,test:9022,mag_Deva
panel2,B,vardial2018/test,mag,L1,test:9024,hin_Deva
panel2,B,vardial2018/test,mag,L1,test:9025,mag_Deva
panel2,B,vardial2018/test,mag,L1,test:9027,awa_Deva
panel2,B,vardial2018/test,mag,L1,test:9028,hne_Deva
panel2,B,vardial2018/test,mag,L1,test:9034,bho_Deva
panel2,B,vardial2018/test,mag,L1,test:9037,mag_Deva
panel2,B,vardial2018/test,mag,L1,test:9040,awa_Deva
panel2,B,vardial2018/test,mag,L1,test:9043,bho_Deva
panel2,B,vardial2018/test,mag,L1,test:9045,mag_Deva
panel2,B,vardial2018/test,mag,L1,test:9046,mag_Deva
panel2,B,vardial2018/test,mag,L1,test:9048,mag_Deva
panel2,B,vardial2018/test,mag,L1,test:9063,mag_Deva
panel2,B,vardial2018/test,mag,L1,test:9069,hin_Deva
panel2,B,vardial2018/test,mag,L1,test:9073,bho_Deva
panel2,B,vardial2018/test,mag,L1,test:9081,mag_Deva
panel2,B,vardial2018/test,mag,L1,test:9082,bho_Deva
panel2,B,vardial2018/test,mag,L1,test:9090,mai_Deva
panel2,B,vardial2018/test,mag,L1,test:9095,mag_Deva
panel2,B,vardial2018/test,mag,L1,test:9096,mag_Deva
panel2,B,vardial2018/test,mag,L1,test:9103,mag_Deva
panel2,B,vardial2018/test,mag,L1,test:9107,bho_Deva
panel2,B,vardial2018/test,mag,L1,test:9109,mag_Deva
panel2,B,vardial2018/test,mag,L1,test:9115,bho_Deva
panel2,B,vardial2018/test,mag,L1,test:9121,mag_Deva
panel2,B,vardial2018/test,mag,L1,test:9142,mai_Deva
panel2,B,vardial2018/test,mag,L1,test:9143,awa_Deva
panel2,B,vardial2018/test,mag,L1,test:9144,bho_Deva
panel2,B,vardial2018/test,mag,L1,test:9155,mag_Deva
panel2,B,vardial2018/test,mag,L1,test:9157,mag_Deva
panel2,B,vardial2018/test,mag,L1,test:9159,mag_Deva
panel2,B,vardial2018/test,mag,L1,test:9166,bho_Deva
panel2,B,vardial2018/test,mag,L1,test:9168,mai_Deva
panel2,B,vardial2018/test,mag,L1,test:9175,bho_Deva
panel2,B,vardial2018/test,mag,L1,test:9178,hne_Deva
panel2,B,vardial2018/test,mag,L1,test:9180,bho_Deva
panel2,B,vardial2018/test,mag,L1,test:9182,mag_Deva
panel2,B,vardial2018/test,mag,L1,test:9186,mag_Deva
panel2,B,vardial2018/test,mag,L1,test:9198,mag_Deva
panel2,B,vardial2018/test,mag,L1,test:9205,hin_Deva
panel2,B,vardial2018/test,mag,L1,test:9207,mag_Deva
panel2,B,vardial2018/test,mag,L1,test:9215,mag_Deva
panel2,B,vardial2018/test,mag,L1,test:9217,anp_Deva
panel2,B,vardial2018/test,mag,L1,test:9223,hin_Deva
panel2,B,vardial2018/test,mag,L1,test:9231,bho_Deva
panel2,B,vardial2018/test,mag,L1,test:9233,mag_Deva
panel2,B,vardial2018/test,mag,L1,test:9236,bho_Deva
panel2,B,vardial2018/test,mag,L1,test:9241,mag_Deva
panel2,B,vardial2018/test,mag,L1,test:9243,mag_Deva
panel2,B,vardial2018/test,mag,L1,test:9246,mag_Deva
panel2,B,vardial2018/test,mag,L1,test:9247,bho_Deva
panel2,B,vardial2018/test,mag,L1,test:9249,bho_Deva
panel2,B,vardial2018/test,mag,L1,test:9251,bho_Deva
panel2,B,vardial2018/test,mag,L1,test:9253,hin_Deva
panel2,B,vardial2018/test,mag,L1,test:9262,bho_Deva
panel2,B,vardial2018/test,mag,L1,test:9264,bho_Deva
panel2,B,vardial2018/test,mag,L1,test:9269,bho_Deva
panel2,B,vardial2018/test,mag,L1,test:9274,bho_Deva
panel2,B,vardial2018/test,mag,L1,test:9277,mag_Deva
panel2,B,vardial2018/test,mag,L1,test:9281,hin_Deva
panel2,B,vardial2018/test,mag,L1,test:9285,hin_Deva
panel2,B,vardial2018/test,mag,L1,test:9288,mag_Deva
panel2,B,vardial2018/test,mag,L1,test:9296,mai_Deva
panel2,B,vardial2018/test,mag,L1,test:9303,mag_Deva
panel2,B,vardial2018/test,mag,L1,test:9304,mag_Deva
panel2,B,vardial2018/test,mag,L1,test:9305,hin_Deva
panel2,B,vardial2018/test,mag,L1,test:9308,hin_Deva
panel2,B,vardial2018/test,mag,L1,test:9310,mag_Deva
panel2,B,vardial2018/test,mag,L1,test:9314,mag_Deva
panel2,B,vardial2018/test,mag,L1,test:9317,mai_Deva
panel2,B,vardial2018/test,mag,L1,test:9324,mag_Deva
panel2,B,vardial2018/test,mag,L1,test:9328,mag_Deva
panel2,B,vardial2018/test,mag,L1,test:9329,hin_Deva
panel2,B,vardial2018/test,mag,L1,test:9331,hne_Deva
panel2,B,vardial2018/test,mag,L1,test:9332,mag_Deva
panel2,B,vardial2018/test,mag,L1,test:9333,mag_Deva
panel2,B,vardial2018/test,mag,L1,test:9342,hin_Deva
panel2,B,vardial2018/test,mag,L1,test:9343,bho_Deva
panel2,B,vardial2018/test,mag,L1,test:9344,mag_Deva
panel2,B,vardial2018/test,mag,L1,test:9351,bho_Deva
panel2,B,vardial2018/test,mag,L1,test:9353,mag_Deva
panel2,B,vardial2018/test,mag,L1,test:9354,mag_Deva
panel2,B,vardial2018/test,mag,L1,test:9359,hne_Deva
panel2,B,vardial2018/test,mag,L1,test:9361,mag_Deva
panel2,B,vardial2018/test,mag,L1,test:9363,mag_Deva
panel2,B,vardial2018/test,mag,L1,test:9374,bho_Deva
panel2,B,vardial2018/test,mag,L1,test:9375,mag_Deva
panel2,B,vardial2018/test,mag,L1,test:9377,npi_Deva
panel2,B,vardial2018/test,mag,L1,test:9380,mag_Deva
panel2,B,vardial2018/test,mag,L1,test:9381,hin_Deva
panel2,B,vardial2018/test,mag,L1,test:9383,mag_Deva
panel2,B,vardial2018/test,mag,L1,test:9389,mai_Deva
panel2,B,vardial2018/test,mag,L1,test:9390,bho_Deva
panel2,B,vardial2018/test,mag,L1,test:9397,awa_Deva
panel2,B,vardial2018/test,mag,L1,test:9398,mag_Deva
panel2,B,vardial2018/test,mag,L1,test:9399,mag_Deva
panel2,B,vardial2018/test,mag,L1,test:9405,bho_Deva
panel2,B,vardial2018/test,mag,L1,test:9407,hne_Deva
panel2,B,vardial2018/test,mag,L1,test:9409,bho_Deva
panel2,B,vardial2018/test,mag,L1,test:9412,hne_Deva
panel2,B,vardial2018/test,mag,L1,test:9415,bho_Deva
panel2,B,vardial2018/test,mag,L1,test:9427,mai_Deva
panel2,B,vardial2018/test,mag,L1,test:9430,mag_Deva
panel2,B,vardial2018/test,mag,L1,test:9435,mag_Deva
panel2,B,vardial2018/test,mag,L1,test:9436,bho_Deva
panel2,B,vardial2018/test,mag,L1,test:9440,mag_Deva
panel2,B,vardial2018/test,mag,L1,test:9444,mag_Deva
panel2,B,vardial2018/test,mag,L1,test:9449,bho_Deva
panel2,B,vardial2018/test,mag,L1,test:9450,bho_Deva
panel2,B,vardial2018/test,mag,L1,test:9452,mag_Deva
panel2,B,vardial2018/test,mag,L1,test:9474,bho_Deva
panel2,B,vardial2018/test,mag,L1,test:9478,mag_Deva
panel2,B,vardial2018/test,mag,L1,test:9480,bho_Deva
panel2,B,vardial2018/test,mag,L1,test:9488,mag_Deva
panel2,B,vardial2018/test,mag,L1,test:9489,mag_Deva
panel2,B,vardial2018/test,mag,L1,test:9494,bho_Deva
panel2,B,vardial2018/test,mag,L1,test:9496,mag_Deva
panel2,B,vardial2018/test,mag,L1,test:9498,mai_Deva
panel2,B,vardial2018/test,mag,L1,test:9502,mag_Deva
panel2,B,vardial2018/test,mag,L1,test:9503,awa_Deva
panel2,B,vardial2018/test,mag,L1,test:9505,mag_Deva
panel2,B,vardial2018/test,mag,L1,test:9507,mag_Deva
panel2,B,vardial2018/test,mag,L1,test:9512,mag_Deva
panel2,B,vardial2018/test,mag,L1,test:9519,mag_Deva
panel2,B,vardial2018/test,mag,L1,test:9534,mag_Deva
panel2,B,vardial2018/test,mag,L1,test:9535,mag_Deva
panel2,B,vardial2018/test,mag,L1,test:9536,hne_Deva
panel2,B,vardial2018/test,mag,L1,test:9541,mag_Deva
panel2,B,vardial2018/test,mag,L1,test:9542,bho_Deva
panel2,B,vardial2018/test,mag,L1,test:9544,bho_Deva
panel2,B,vardial2018/test,mag,L1,test:9546,mag_Deva
panel2,B,vardial2018/test,mag,L1,test:9548,mag_Deva
panel2,B,vardial2018/test,mag,L1,test:9549,bho_Deva
panel2,B,vardial2018/test,mag,L1,test:9554,mag_Deva
panel2,B,vardial2018/test,mag,L1,test:9555,bho_Deva
panel2,B,vardial2018/test,mag,L1,test:9560,mag_Deva
panel2,B,vardial2018/test,mag,L1,test:9567,mag_Deva
panel2,B,vardial2018/test,mag,L1,test:9575,mag_Deva
panel2,B,vardial2018/test,mag,L1,test:9583,mag_Deva
panel2,B,vardial2018/test,mag,L1,test:9596,bho_Deva
panel2,B,vardial2018/test,mag,L1,test:9611,hin_Deva
panel2,B,vardial2018/test,mag,L1,test:9612,mag_Deva
panel2,B,vardial2018/test,mag,L1,test:9615,bho_Deva
panel2,B,vardial2018/test,mag,L1,test:9625,awa_Deva
panel2,B,vardial2018/test,mag,L1,test:9629,hne_Deva
panel2,B,vardial2018/test,mag,L1,test:9631,mag_Deva
panel2,B,vardial2018/test,mag,L1,test:9635,mag_Deva
panel2,B,vardial2018/test,mag,L1,test:9637,hne_Deva
panel2,B,vardial2018/test,mag,L1,test:9640,mag_Deva
panel2,B,vardial2018/test,mag,L1,test:9644,bho_Deva
panel2,B,vardial2018/test,mag,L1,test:9652,mag_Deva
panel2,B,vardial2018/test,mag,L1,test:9656,mag_Deva
panel2,B,vardial2018/test,mag,L1,test:9664,mag_Deva
panel2,B,vardial2018/test,mag,L1,test:9666,awa_Deva
panel2,B,vardial2018/test,mag,L1,test:9669,mag_Deva
panel2,B,vardial2018/test,mag,L1,test:9670,mag_Deva
panel2,B,vardial2018/test,mag,L1,test:9674,mag_Deva
panel2,B,vardial2018/test,mag,L1,test:9675,bho_Deva
panel2,B,vardial2018/test,mag,L1,test:9681,mag_Deva
panel2,B,vardial2018/test,mag,L1,test:9687,hin_Deva
panel2,B,vardial2018/test,mag,L1,test:9692,bho_Deva
panel2,B,vardial2018/train,mag,L1,train:29,awa_Deva
panel2,B,vardial2018/train,mag,L1,train:39,bho_Deva
panel2,B,vardial2018/train,mag,L1,train:41,awa_Deva
panel2,B,vardial2018/train,mag,L1,train:48,mag_Deva
panel2,B,vardial2018/train,mag,L1,train:98,bho_Deva
panel2,B,vardial2018/train,mag,L1,train:153,mag_Deva
panel2,B,vardial2018/train,mag,L1,train:161,mag_Deva
panel2,B,vardial2018/train,mag,L1,train:163,mag_Deva
panel2,B,vardial2018/train,mag,L1,train:169,mag_Deva
panel2,B,vardial2018/train,mag,L1,train:220,mag_Deva
panel2,B,vardial2018/train,mag,L1,train:233,mag_Deva
panel2,B,vardial2018/train,mag,L1,train:254,awa_Deva
panel2,B,vardial2018/train,mag,L1,train:257,mag_Deva
panel2,B,vardial2018/train,mag,L1,train:264,mag_Deva
panel2,B,vardial2018/train,mag,L1,train:294,bho_Deva
panel2,B,vardial2018/train,mag,L1,train:397,mai_Deva
panel2,B,vardial2018/train,mag,L1,train:400,mag_Deva
panel2,B,vardial2018/train,mag,L1,train:506,mag_Deva
panel2,B,vardial2018/train,mag,L1,train:584,bho_Deva
panel2,B,vardial2018/train,mag,L1,train:587,bho_Deva
panel2,B,vardial2018/train,mag,L1,train:614,mai_Deva
panel2,B,vardial2018/train,mag,L1,train:630,mai_Deva
panel2,B,vardial2018/train,mag,L1,train:671,mag_Deva
panel2,B,vardial2018/train,mag,L1,train:744,mag_Deva
panel2,B,vardial2018/train,mag,L1,train:764,mag_Deva
panel2,B,vardial2018/train,mag,L1,train:801,mag_Deva
panel2,B,vardial2018/train,mag,L1,train:805,mag_Deva
panel2,B,vardial2018/train,mag,L1,train:812,mag_Deva
panel2,B,vardial2018/train,mag,L1,train:830,mag_Deva
panel2,B,vardial2018/train,mag,L1,train:838,awa_Deva
panel2,B,vardial2018/train,mag,L1,train:884,awa_Deva
panel2,B,vardial2018/train,mag,L1,train:890,mag_Deva
panel2,B,vardial2018/train,mag,L1,train:900,mag_Deva
panel2,B,vardial2018/train,mag,L1,train:911,mai_Deva
panel2,B,vardial2018/train,mag,L1,train:936,mag_Deva
panel2,B,vardial2018/train,mag,L1,train:984,bho_Deva
panel2,B,vardial2018/train,mag,L1,train:1100,mag_Deva
panel2,B,vardial2018/train,mag,L1,train:1134,mag_Deva
panel2,B,vardial2018/train,mag,L1,train:1149,bho_Deva
panel2,B,vardial2018/train,mag,L1,train:1187,mai_Deva
panel2,B,vardial2018/train,mag,L1,train:1208,mag_Deva
panel2,B,vardial2018/train,mag,L1,train:1236,mai_Deva
panel2,B,vardial2018/train,mag,L1,train:1246,awa_Deva
panel2,B,vardial2018/train,mag,L1,train:1283,mag_Deva
panel2,B,vardial2018/train,mag,L1,train:1350,bho_Deva
panel2,B,vardial2018/train,mag,L1,train:1351,mag_Deva
panel2,B,vardial2018/train,mag,L1,train:1371,mai_Deva
panel2,B,vardial2018/train,mag,L1,train:1394,bho_Deva
panel2,B,vardial2018/train,mag,L1,train:1431,mag_Deva
panel2,B,vardial2018/train,mag,L1,train:1444,mag_Deva
panel2,B,vardial2018/train,mag,L1,train:1457,mag_Deva
panel2,B,vardial2018/train,mag,L1,train:1528,mag_Deva
panel2,B,vardial2018/train,mag,L1,train:1543,bho_Deva
panel2,B,vardial2018/train,mag,L1,train:1544,doi_Deva
panel2,B,vardial2018/train,mag,L1,train:1565,bho_Deva
panel2,B,vardial2018/train,mag,L1,train:1626,mag_Deva
panel2,B,vardial2018/train,mag,L1,train:1637,mag_Deva
panel2,B,vardial2018/train,mag,L1,train:1658,mag_Deva
panel2,B,vardial2018/train,mag,L1,train:1676,bho_Deva
panel2,B,vardial2018/train,mag,L1,train:1691,mag_Deva
panel2,B,vardial2018/train,mag,L1,train:1703,mag_Deva
panel2,B,vardial2018/train,mag,L1,train:1706,mag_Deva
panel2,B,vardial2018/train,mag,L1,train:1708,bho_Deva
panel2,B,vardial2018/train,mag,L1,train:1742,mag_Deva
panel2,B,vardial2018/train,mag,L1,train:1851,mag_Deva
panel2,B,vardial2018/train,mag,L1,train:1907,bho_Deva
panel2,B,vardial2018/train,mag,L1,train:1922,mag_Deva
panel2,B,vardial2018/train,mag,L1,train:1924,mag_Deva
panel2,B,vardial2018/train,mag,L1,train:1937,mag_Deva
panel2,B,vardial2018/train,mag,L1,train:1974,mag_Deva
panel2,B,vardial2018/train,mag,L1,train:2037,mag_Deva
panel2,B,vardial2018/train,mag,L1,train:2078,mag_Deva
panel2,B,vardial2018/train,mag,L1,train:2163,hin_Deva
panel2,B,vardial2018/train,mag,L1,train:2203,mag_Deva
panel2,B,vardial2018/train,mag,L1,train:2207,mag_Deva
panel2,B,vardial2018/train,mag,L1,train:2241,bho_Deva
panel2,B,vardial2018/train,mag,L1,train:2341,mag_Deva
panel2,B,vardial2018/train,mag,L1,train:2355,bho_Deva
panel2,B,vardial2018/train,mag,L1,train:2393,mag_Deva
panel2,B,vardial2018/train,mag,L1,train:2454,hin_Deva
panel2,B,vardial2018/train,mag,L1,train:2456,mag_Deva
panel2,B,vardial2018/train,mag,L1,train:2457,mag_Deva
panel2,B,vardial2018/train,mag,L1,train:2464,mag_Deva
panel2,B,vardial2018/train,mag,L1,train:2513,mag_Deva
panel2,B,vardial2018/train,mag,L1,train:2519,mag_Deva
panel2,B,vardial2018/train,mag,L1,train:2553,mag_Deva
panel2,B,vardial2018/train,mag,L1,train:2565,bho_Deva
panel2,B,vardial2018/train,mag,L1,train:2634,mai_Deva
panel2,B,vardial2018/train,mag,L1,train:2678,ghe_Deva
panel2,B,vardial2018/train,mag,L1,train:2770,hne_Deva
panel2,B,vardial2018/train,mag,L1,train:2786,hin_Deva
panel2,B,vardial2018/train,mag,L1,train:2826,bho_Deva
panel2,B,vardial2018/train,mag,L1,train:2901,mag_Deva
panel2,B,vardial2018/train,mag,L1,train:3000,mai_Deva
panel2,B,vardial2018/train,mag,L1,train:3018,mag_Deva
panel2,B,vardial2018/train,mag,L1,train:3085,mag_Deva
panel2,B,vardial2018/train,mag,L1,train:3090,mag_Deva
panel2,B,vardial2018/train,mag,L1,train:3135,mai_Deva
panel2,B,vardial2018/train,mag,L1,train:3178,mag_Deva
panel2,B,vardial2018/train,mag,L1,train:3190,mai_Deva
panel2,B,vardial2018/train,mag,L1,train:3200,mag_Deva
panel2,B,vardial2018/train,mag,L1,train:3345,mag_Deva
panel2,B,vardial2018/train,mag,L1,train:3350,mag_Deva
panel2,B,vardial2018/train,mag,L1,train:3366,awa_Deva
panel2,B,vardial2018/train,mag,L1,train:3421,bho_Deva
panel2,B,vardial2018/train,mag,L1,train:3439,mag_Deva
panel2,B,vardial2018/train,mag,L1,train:3445,mag_Deva
panel2,B,vardial2018/train,mag,L1,train:3446,hne_Deva
panel2,B,vardial2018/train,mag,L1,train:3452,mag_Deva
panel2,B,vardial2018/train,mag,L1,train:3462,bho_Deva
panel2,B,vardial2018/train,mag,L1,train:3497,kas_Deva
panel2,B,vardial2018/train,mag,L1,train:3500,mag_Deva
panel2,B,vardial2018/train,mag,L1,train:3533,mag_Deva
panel2,B,vardial2018/train,mag,L1,train:3578,mag_Deva
panel2,B,vardial2018/train,mag,L1,train:3622,awa_Deva
panel2,B,vardial2018/train,mag,L1,train:3680,mai_Deva
panel2,B,vardial2018/train,mag,L1,train:3682,awa_Deva
panel2,B,vardial2018/train,mag,L1,train:3709,hin_Deva
panel2,B,vardial2018/train,mag,L1,train:3720,bho_Deva
panel2,B,vardial2018/train,mag,L1,train:3782,mai_Deva
panel2,B,vardial2018/train,mag,L1,train:3790,mag_Deva
panel2,B,vardial2018/train,mag,L1,train:3804,mag_Deva
panel2,B,vardial2018/train,mag,L1,train:3863,mag_Deva
panel2,B,vardial2018/train,mag,L1,train:3893,mag_Deva
panel2,B,vardial2018/train,mag,L1,train:3919,mai_Deva
panel2,B,vardial2018/train,mag,L1,train:3932,mag_Deva
panel2,B,vardial2018/train,mag,L1,train:3948,bho_Deva
panel2,B,vardial2018/train,mag,L1,train:3975,mag_Deva
panel2,B,vardial2018/train,mag,L1,train:3986,mag_Deva
panel2,B,vardial2018/train,mag,L1,train:3993,mag_Deva
panel2,B,vardial2018/train,mag,L1,train:4020,mag_Deva
panel2,B,vardial2018/train,mag,L1,train:4068,mag_Deva
panel2,B,vardial2018/train,mag,L1,train:4074,awa_Deva
panel2,B,vardial2018/train,mag,L1,train:4093,mag_Deva
panel2,B,vardial2018/train,mag,L1,train:4162,mag_Deva
panel2,B,vardial2018/train,mag,L1,train:4237,mag_Deva
panel2,B,vardial2018/train,mag,L1,train:4285,mag_Deva
panel2,B,vardial2018/train,mag,L1,train:4311,anp_Deva
panel2,B,vardial2018/train,mag,L1,train:4369,bho_Deva
panel2,B,vardial2018/train,mag,L1,train:4397,mag_Deva
panel2,B,vardial2018/train,mag,L1,train:4454,mag_Deva
panel2,B,vardial2018/train,mag,L1,train:4485,bho_Deva
panel2,B,vardial2018/train,mag,L1,train:4566,mag_Deva
panel2,B,vardial2018/train,mag,L1,train:4601,mag_Deva
panel2,B,vardial2018/train,mag,L1,train:4651,mag_Deva
panel2,B,vardial2018/train,mag,L1,train:4689,bho_Deva
panel2,B,vardial2018/train,mag,L1,train:4698,mai_Deva
panel2,B,vardial2018/train,mag,L1,train:4747,mag_Deva
panel2,B,vardial2018/train,mag,L1,train:4823,mag_Deva
panel2,B,vardial2018/train,mag,L1,train:4974,mag_Deva
panel2,B,vardial2018/train,mag,L1,train:4980,anp_Deva
panel2,B,vardial2018/train,mag,L1,train:4992,mag_Deva
panel2,B,vardial2018/train,mag,L1,train:5060,bho_Deva
panel2,B,vardial2018/train,mag,L1,train:5087,mai_Deva
panel2,B,vardial2018/train,mag,L1,train:5181,mag_Deva
panel2,B,vardial2018/train,mag,L1,train:5210,mag_Deva
panel2,B,vardial2018/train,mag,L1,train:5240,mag_Deva
panel2,B,vardial2018/train,mag,L1,train:5281,mag_Deva
panel2,B,vardial2018/train,mag,L1,train:5301,mag_Deva
panel2,B,vardial2018/train,mag,L1,train:5325,hne_Deva
panel2,B,vardial2018/train,mag,L1,train:5354,mag_Deva
panel2,B,vardial2018/train,mag,L1,train:5390,mag_Deva
panel2,B,vardial2018/train,mag,L1,train:5401,mag_Deva
panel2,B,vardial2018/train,mag,L1,train:5426,mag_Deva
panel2,B,vardial2018/train,mag,L1,train:5434,bho_Deva
panel2,B,vardial2018/train,mag,L1,train:5456,mag_Deva
panel2,B,vardial2018/train,mag,L1,train:5476,mag_Deva
panel2,B,vardial2018/train,mag,L1,train:5555,sck_Deva
panel2,B,vardial2018/train,mag,L1,train:5560,mag_Deva
panel2,B,vardial2018/train,mag,L1,train:5566,mag_Deva
panel2,B,vardial2018/train,mag,L1,train:5613,mai_Deva
panel2,B,vardial2018/train,mag,L1,train:5619,mag_Deva
panel2,B,vardial2018/train,mag,L1,train:5665,mag_Deva
panel2,B,vardial2018/train,mag,L1,train:5702,mag_Deva
panel2,B,vardial2018/train,mag,L1,train:5738,bho_Deva
panel2,B,vardial2018/train,mag,L1,train:5829,bho_Deva
panel2,B,vardial2018/train,mag,L1,train:6007,bho_Deva
panel2,B,vardial2018/train,mag,L1,train:6021,mag_Deva
panel2,B,vardial2018/train,mag,L1,train:6035,awa_Deva
panel2,B,vardial2018/train,mag,L1,train:6177,mag_Deva
panel2,B,vardial2018/train,mag,L1,train:6189,mag_Deva
panel2,B,vardial2018/train,mag,L1,train:6218,bho_Deva
panel2,B,vardial2018/train,mag,L1,train:6240,bho_Deva
panel2,B,vardial2018/train,mag,L1,train:6243,mai_Deva
panel2,B,vardial2018/train,mag,L1,train:6257,mag_Deva
panel2,B,vardial2018/train,mag,L1,train:6280,bho_Deva
panel2,B,vardial2018/train,mag,L1,train:6311,mag_Deva
panel2,B,vardial2018/train,mag,L1,train:6320,mai_Deva
panel2,B,vardial2018/train,mag,L1,train:6330,bho_Deva
panel2,B,vardial2018/train,mag,L1,train:6345,anp_Deva
panel2,B,vardial2018/train,mag,L1,train:6408,bho_Deva
panel2,B,vardial2018/train,mag,L1,train:6422,mag_Deva
panel2,B,vardial2018/train,mag,L1,train:6451,mag_Deva
panel2,B,vardial2018/train,mag,L1,train:6485,mag_Deva
panel2,B,vardial2018/train,mag,L1,train:6524,mag_Deva
panel2,B,vardial2018/train,mag,L1,train:6592,mag_Deva
panel2,B,vardial2018/train,mag,L1,train:6611,bho_Deva
panel2,B,vardial2018/train,mag,L1,train:6621,mag_Deva
panel2,B,vardial2018/train,mag,L1,train:6735,bho_Deva
panel2,B,vardial2018/train,mag,L1,train:6747,bho_Deva
panel2,B,vardial2018/train,mag,L1,train:6749,mag_Deva
panel2,B,vardial2018/train,mag,L1,train:6812,bho_Deva
panel2,B,vardial2018/train,mag,L1,train:6819,bho_Deva
panel2,B,vardial2018/train,mag,L1,train:6829,mag_Deva
panel2,B,vardial2018/train,mag,L1,train:6853,mag_Deva
panel2,B,vardial2018/train,mag,L1,train:6925,hin_Deva
panel2,B,vardial2018/train,mag,L1,train:6949,mag_Deva
panel2,B,vardial2018/train,mag,L1,train:7036,mag_Deva
panel2,B,vardial2018/train,mag,L1,train:7140,mag_Deva
panel2,B,vardial2018/train,mag,L1,train:7179,mag_Deva
panel2,B,vardial2018/train,mag,L1,train:7190,mag_Deva
panel2,B,vardial2018/train,mag,L1,train:7234,mag_Deva
panel2,B,vardial2018/train,mag,L1,train:7247,mag_Deva
panel2,B,vardial2018/train,mag,L1,train:7251,mag_Deva
panel2,B,vardial2018/train,mag,L1,train:7262,mag_Deva
panel2,B,vardial2018/train,mag,L1,train:7274,mag_Deva
panel2,B,vardial2018/train,mag,L1,train:7281,mag_Deva
panel2,B,vardial2018/train,mag,L1,train:7297,mag_Deva
panel2,B,vardial2018/train,mag,L1,train:7341,mai_Deva
panel2,B,vardial2018/train,mag,L1,train:7347,mag_Deva
panel2,B,vardial2018/train,mag,L1,train:7365,mag_Deva
panel2,B,vardial2018/train,mag,L1,train:7396,mai_Deva
panel2,B,vardial2018/train,mag,L1,train:7446,mag_Deva
panel2,B,vardial2018/train,mag,L1,train:7473,mag_Deva
panel2,B,vardial2018/train,mag,L1,train:7496,bho_Deva
panel2,B,vardial2018/train,mag,L1,train:7507,mag_Deva
panel2,B,vardial2018/train,mag,L1,train:7535,mag_Deva
panel2,B,vardial2018/train,mag,L1,train:7541,mag_Deva
panel2,B,vardial2018/train,mag,L1,train:7560,mai_Deva
panel2,B,vardial2018/train,mag,L1,train:7582,mag_Deva
panel2,B,vardial2018/train,mag,L1,train:7616,mai_Deva
panel2,B,vardial2018/train,mag,L1,train:7617,mag_Deva
panel2,B,vardial2018/train,mag,L1,train:7661,mag_Deva
panel2,B,vardial2018/train,mag,L1,train:7668,mag_Deva
panel2,B,vardial2018/train,mag,L1,train:7681,mai_Deva
panel2,B,vardial2018/train,mag,L1,train:7690,mag_Deva
panel2,B,vardial2018/train,mag,L1,train:7718,mag_Deva
panel2,B,vardial2018/train,mag,L1,train:7746,bho_Deva
panel2,B,vardial2018/train,mag,L1,train:7762,mag_Deva
panel2,B,vardial2018/train,mag,L1,train:7784,mag_Deva
panel2,B,vardial2018/train,mag,L1,train:7817,mag_Deva
panel2,B,vardial2018/train,mag,L1,train:7818,mag_Deva
panel2,B,vardial2018/train,mag,L1,train:7859,doi_Deva
panel2,B,vardial2018/train,mag,L1,train:7866,mag_Deva
panel2,B,vardial2018/train,mag,L1,train:7921,mag_Deva
panel2,B,vardial2018/train,mag,L1,train:7950,mag_Deva
panel2,B,vardial2018/train,mag,L1,train:8050,mag_Deva
panel2,B,vardial2018/train,mag,L1,train:8072,bho_Deva
panel2,B,vardial2018/train,mag,L1,train:8084,mag_Deva
panel2,B,vardial2018/train,mag,L1,train:8132,mai_Deva
panel2,B,vardial2018/train,mag,L1,train:8135,bho_Deva
panel2,B,vardial2018/train,mag,L1,train:8152,bho_Deva
panel2,B,vardial2018/train,mag,L1,train:8178,mag_Deva
panel2,B,vardial2018/train,mag,L1,train:8189,mag_Deva
panel2,B,vardial2018/train,mag,L1,train:8288,mag_Deva
panel2,B,vardial2018/train,mag,L1,train:8291,mag_Deva
panel2,B,vardial2018/train,mag,L1,train:8308,mag_Deva
panel2,B,vardial2018/train,mag,L1,train:8373,mag_Deva
panel2,B,vardial2018/train,mag,L1,train:8456,mag_Deva
panel2,B,vardial2018/train,mag,L1,train:8509,sck_Deva
panel2,B,vardial2018/train,mag,L1,train:8595,bho_Deva
panel2,B,vardial2018/train,mag,L1,train:8690,mag_Deva
panel2,B,vardial2018/train,mag,L1,train:8750,bho_Deva
panel2,B,vardial2018/train,mag,L1,train:8751,bho_Deva
panel2,B,vardial2018/train,mag,L1,train:8812,mag_Deva
panel2,B,vardial2018/train,mag,L1,train:8915,awa_Deva
panel2,B,vardial2018/train,mag,L1,train:8980,mag_Deva
panel2,B,vardial2018/train,mag,L1,train:9007,mag_Deva
panel2,B,vardial2018/train,mag,L1,train:9011,mag_Deva
panel2,B,vardial2018/train,mag,L1,train:9028,mag_Deva
panel2,B,vardial2018/train,mag,L1,train:9074,mag_Deva
panel2,B,vardial2018/train,mag,L1,train:9114,mai_Deva
panel2,B,vardial2018/train,mag,L1,train:9197,mag_Deva
panel2,B,vardial2018/train,mag,L1,train:9231,hin_Deva
panel2,B,vardial2018/train,mag,L1,train:9282,mag_Deva
panel2,B,vardial2018/train,mag,L1,train:9350,mag_Deva
panel2,B,vardial2018/train,mag,L1,train:9399,mai_Deva
panel2,B,vardial2018/train,mag,L1,train:9441,mag_Deva
panel2,B,vardial2018/train,mag,L1,train:9476,mag_Deva
panel2,B,vardial2018/train,mag,L1,train:9482,mag_Deva
panel2,B,vardial2018/train,mag,L1,train:9486,mag_Deva
panel2,B,vardial2018/train,mag,L1,train:9488,mag_Deva
panel2,B,vardial2018/train,mag,L1,train:9563,mag_Deva
panel2,B,vardial2018/train,mag,L1,train:9603,mag_Deva
panel2,B,vardial2018/train,mag,L1,train:9631,mai_Deva
panel2,B,vardial2018/train,mag,L1,train:9632,mag_Deva
panel2,B,vardial2018/train,mag,L1,train:9653,bho_Deva
panel2,B,vardial2018/train,mag,L1,train:9655,bho_Deva
panel2,B,vardial2018/train,mag,L1,train:9681,mai_Deva
panel2,B,vardial2018/train,mag,L1,train:9694,mag_Deva
panel2,B,vardial2018/train,mag,L1,train:9735,mag_Deva
panel2,B,vardial2018/train,mag,L1,train:9740,awa_Deva
panel2,B,vardial2018/train,mag,L1,train:9745,mag_Deva
panel2,B,vardial2018/train,mag,L1,train:9756,mai_Deva
panel2,B,vardial2018/train,mag,L1,train:9769,bho_Deva
panel2,B,vardial2018/train,mag,L1,train:9814,mag_Deva
panel2,B,vardial2018/train,mag,L1,train:9860,bho_Deva
panel2,B,vardial2018/train,mag,L1,train:9882,mag_Deva
panel2,B,vardial2018/train,mag,L1,train:9934,mag_Deva
panel2,B,vardial2018/train,mag,L1,train:9935,bho_Deva
panel2,B,vardial2018/train,mag,L1,train:9940,mag_Deva
panel2,B,vardial2018/train,mag,L1,train:10039,mag_Deva
panel2,B,vardial2018/train,mag,L1,train:10135,bho_Deva
panel2,B,vardial2018/train,mag,L1,train:10148,mag_Deva
panel2,B,vardial2018/train,mag,L1,train:10199,mai_Deva
panel2,B,vardial2018/train,mag,L1,train:10229,bho_Deva
panel2,B,vardial2018/train,mag,L1,train:10269,mag_Deva
panel2,B,vardial2018/train,mag,L1,train:10311,bho_Deva
panel2,B,vardial2018/train,mag,L1,train:10323,mag_Deva
panel2,B,vardial2018/train,mag,L1,train:10328,mag_Deva
panel2,B,vardial2018/train,mag,L1,train:10329,bho_Deva
panel2,B,vardial2018/train,mag,L1,train:10341,mag_Deva
panel2,B,vardial2018/train,mag,L1,train:10395,mag_Deva
panel2,B,vardial2018/train,mag,L1,train:10396,mai_Deva
panel2,B,vardial2018/train,mag,L1,train:10427,anp_Deva
panel2,B,vardial2018/train,mag,L1,train:10449,mag_Deva
panel2,B,vardial2018/train,mag,L1,train:10451,mag_Deva
panel2,B,vardial2018/train,mag,L1,train:10452,bho_Deva
panel2,B,vardial2018/train,mag,L1,train:10594,mag_Deva
panel2,B,vardial2018/train,mag,L1,train:10637,bho_Deva
panel2,B,vardial2018/train,mag,L1,train:10638,mag_Deva
panel2,B,vardial2018/train,mag,L1,train:10647,bho_Deva
panel2,B,vardial2018/train,mag,L1,train:10661,mag_Deva
panel2,B,vardial2018/train,mag,L1,train:10670,mag_Deva
panel2,B,vardial2018/train,mag,L1,train:10672,bho_Deva
panel2,B,vardial2018/train,mag,L1,train:10910,mag_Deva
panel2,B,vardial2018/train,mag,L1,train:10912,mai_Deva
panel2,B,vardial2018/train,mag,L1,train:10950,mag_Deva
panel2,B,vardial2018/train,mag,L1,train:10971,mag_Deva
panel2,B,vardial2018/train,mag,L1,train:10972,mag_Deva
panel2,B,vardial2018/train,mag,L1,train:10977,mag_Deva
panel2,B,vardial2018/train,mag,L1,train:10985,mag_Deva
panel2,B,vardial2018/train,mag,L1,train:11020,mag_Deva
panel2,B,vardial2018/train,mag,L1,train:11046,mag_Deva
panel2,B,vardial2018/train,mag,L1,train:11135,mag_Deva
panel2,B,vardial2018/train,mag,L1,train:11290,mag_Deva
panel2,B,vardial2018/train,mag,L1,train:11299,mag_Deva
panel2,B,vardial2018/train,mag,L1,train:11381,bho_Deva
panel2,B,vardial2018/train,mag,L1,train:11386,hin_Deva
panel2,B,vardial2018/train,mag,L1,train:11399,bho_Deva
panel2,B,vardial2018/train,mag,L1,train:11477,lif_Deva
panel2,B,vardial2018/train,mag,L1,train:11494,mag_Deva
panel2,B,vardial2018/train,mag,L1,train:11535,mag_Deva
panel2,B,vardial2018/train,mag,L1,train:11544,mag_Deva
panel2,B,vardial2018/train,mag,L1,train:11597,bho_Deva
panel2,B,vardial2018/train,mag,L1,train:11748,bho_Deva
panel2,B,vardial2018/train,mag,L1,train:11822,mai_Deva
panel2,B,vardial2018/train,mag,L1,train:11830,bho_Deva
panel2,B,vardial2018/train,mag,L1,train:11859,bho_Deva
panel2,B,vardial2018/train,mag,L1,train:11866,mag_Deva
panel2,B,vardial2018/train,mag,L1,train:11867,mai_Deva
panel2,B,vardial2018/train,mag,L1,train:11944,mag_Deva
panel2,B,vardial2018/train,mag,L1,train:11967,mag_Deva
panel2,B,vardial2018/train,mag,L1,train:12009,mag_Deva
panel2,B,vardial2018/train,mag,L1,train:12053,bho_Deva
panel2,B,vardial2018/train,mag,L1,train:12083,mag_Deva
panel2,B,vardial2018/train,mag,L1,train:12149,mag_Deva
panel2,B,vardial2018/train,mag,L1,train:12190,awa_Deva
panel2,B,vardial2018/train,mag,L1,train:12204,mag_Deva
panel2,B,vardial2018/train,mag,L1,train:12217,mag_Deva
panel2,B,vardial2018/train,mag,L1,train:12219,doi_Deva
panel2,B,vardial2018/train,mag,L1,train:12259,bho_Deva
panel2,B,vardial2018/train,mag,L1,train:12318,bho_Deva
panel2,B,vardial2018/train,mag,L1,train:12338,mag_Deva
panel2,B,vardial2018/train,mag,L1,train:12341,mai_Deva
panel2,B,vardial2018/train,mag,L1,train:12383,mag_Deva
panel2,B,vardial2018/train,mag,L1,train:12409,mag_Deva
panel2,B,vardial2018/train,mag,L1,train:12573,mag_Deva
panel2,B,vardial2018/train,mag,L1,train:12624,awa_Deva
panel2,B,vardial2018/train,mag,L1,train:12633,mag_Deva
panel2,B,vardial2018/train,mag,L1,train:12662,bho_Deva
panel2,B,vardial2018/train,mag,L1,train:12698,bho_Deva
panel2,B,vardial2018/train,mag,L1,train:12710,mag_Deva
panel2,B,vardial2018/train,mag,L1,train:12717,bho_Deva
panel2,B,vardial2018/train,mag,L1,train:12768,mag_Deva
panel2,B,vardial2018/train,mag,L1,train:12793,mag_Deva
panel2,B,vardial2018/train,mag,L1,train:12820,mag_Deva
panel2,B,vardial2018/train,mag,L1,train:12846,mag_Deva
panel2,B,vardial2018/train,mag,L1,train:12882,mag_Deva
panel2,B,vardial2018/train,mag,L1,train:12890,bho_Deva
panel2,B,vardial2018/train,mag,L1,train:12896,mag_Deva
panel2,B,vardial2018/train,mag,L1,train:12971,bho_Deva
panel2,B,vardial2018/train,mag,L1,train:13009,mag_Deva
panel2,B,vardial2018/train,mag,L1,train:13038,mag_Deva
panel2,B,vardial2018/train,mag,L1,train:13122,mag_Deva
panel2,B,vardial2018/train,mag,L1,train:13134,mai_Deva
panel2,B,vardial2018/train,mag,L1,train:13137,mag_Deva
panel2,B,vardial2018/train,mag,L1,train:13151,mag_Deva
panel2,B,vardial2018/train,mag,L1,train:13187,hin_Deva
panel2,B,vardial2018/train,mag,L1,train:13243,awa_Deva
panel2,B,vardial2018/train,mag,L1,train:13246,mai_Deva
panel2,B,vardial2018/train,mag,L1,train:13260,bho_Deva
panel2,B,vardial2018/train,mag,L1,train:13298,mag_Deva
panel2,B,vardial2018/train,mag,L1,train:13324,mag_Deva
panel2,B,vardial2018/train,mag,L1,train:13326,mag_Deva
panel2,B,vardial2018/train,mag,L1,train:13373,mag_Deva
panel2,B,vardial2018/train,mag,L1,train:13382,mag_Deva
panel2,B,vardial2018/train,mag,L1,train:13387,mag_Deva
panel2,B,vardial2018/train,mag,L1,train:13409,bho_Deva
panel2,B,vardial2018/train,mag,L1,train:13476,mag_Deva
panel2,B,vardial2018/train,mag,L1,train:13494,mag_Deva
panel2,B,vardial2018/train,mag,L1,train:13533,mai_Deva
panel2,B,vardial2018/train,mag,L1,train:13546,awa_Deva
panel2,B,vardial2018/train,mag,L1,train:13591,mai_Deva
panel2,B,vardial2018/train,mag,L1,train:13604,mag_Deva
panel2,B,vardial2018/train,mag,L1,train:13685,mag_Deva
panel2,B,vardial2018/train,mag,L1,train:13693,mag_Deva
panel2,B,vardial2018/train,mag,L1,train:13756,hin_Deva
panel2,B,vardial2018/train,mag,L1,train:13790,mai_Deva
panel2,B,vardial2018/train,mag,L1,train:13828,mag_Deva
panel2,B,vardial2018/train,mag,L1,train:13845,bho_Deva
panel2,B,vardial2018/train,mag,L1,train:13854,mag_Deva
panel2,B,vardial2018/train,mag,L1,train:13876,mag_Deva
panel2,B,vardial2018/train,mag,L1,train:13908,mag_Deva
panel2,B,vardial2018/train,mag,L1,train:13963,mag_Deva
panel2,B,vardial2018/train,mag,L1,train:13973,mag_Deva
panel2,B,vardial2018/train,mag,L1,train:13985,mag_Deva
panel2,B,vardial2018/train,mag,L1,train:14002,mag_Deva
panel2,B,vardial2018/train,mag,L1,train:14003,bho_Deva
panel2,B,vardial2018/train,mag,L1,train:14104,mai_Deva
panel2,B,vardial2018/train,mag,L1,train:14112,mag_Deva
panel2,B,vardial2018/train,mag,L1,train:14144,mag_Deva
panel2,B,vardial2018/train,mag,L1,train:14155,mag_Deva
panel2,B,vardial2018/train,mag,L1,train:14185,mag_Deva
panel2,B,vardial2018/train,mag,L1,train:14255,mag_Deva
panel2,B,vardial2018/train,mag,L1,train:14261,bho_Deva
panel2,B,vardial2018/train,mag,L1,train:14339,mag_Deva
panel2,B,vardial2018/train,mag,L1,train:14386,bho_Deva
panel2,B,vardial2018/train,mag,L1,train:14401,bho_Deva
panel2,B,vardial2018/train,mag,L1,train:14437,mag_Deva
panel2,B,vardial2018/train,mag,L1,train:14447,sck_Deva
panel2,B,vardial2018/train,mag,L1,train:14465,bho_Deva
panel2,B,vardial2018/train,mag,L1,train:14470,mag_Deva
panel2,B,vardial2018/train,mag,L1,train:14543,mag_Deva
panel2,B,vardial2018/train,mag,L1,train:14623,mag_Deva
panel2,B,vardial2018/train,mag,L1,train:14635,awa_Deva
panel2,B,vardial2018/train,mag,L1,train:14650,mag_Deva
panel2,B,vardial2018/train,mag,L1,train:14659,mag_Deva
panel2,B,vardial2018/train,mag,L1,train:14667,mag_Deva
panel2,B,vardial2018/train,mag,L1,train:14757,bho_Deva
panel2,B,vardial2018/train,mag,L1,train:14762,mag_Deva
panel2,B,vardial2018/train,mag,L1,train:14827,mag_Deva
panel2,B,vardial2018/train,mag,L1,train:14903,mag_Deva
panel2,B,vardial2018/train,mag,L1,train:14911,mag_Deva
panel2,B,vardial2018/train,mag,L1,train:14919,mag_Deva
panel2,B,vardial2018/train,mag,L1,train:14930,mag_Deva
panel2,B,vardial2018/train,mag,L1,train:14978,mag_Deva
panel2,B,vardial2018/train,mag,L1,train:15096,hne_Deva
panel2,B,vardial2018/train,mag,L1,train:15104,mag_Deva
panel2,B,vardial2018/train,mag,L1,train:15218,mag_Deva
panel2,B,vardial2018/train,mag,L1,train:15267,mag_Deva
panel2,B,vardial2018/train,mag,L1,train:15270,mai_Deva
panel2,B,vardial2018/train,mag,L1,train:15329,mag_Deva
panel2,B,vardial2018/train,mag,L1,train:15341,mag_Deva
panel2,B,vardial2018/train,mag,L1,train:15389,mai_Deva
panel2,B,vardial2018/train,mag,L1,train:15403,mag_Deva
panel2,B,vardial2018/train,mag,L1,train:15450,mag_Deva
panel2,B,vardial2018/train,mag,L1,train:15457,mag_Deva
panel2,B,vardial2018/train,mag,L1,train:15490,mag_Deva
panel2,B,vardial2018/train,mag,L1,train:15541,mag_Deva
panel2,B,vardial2018/train,mag,L1,train:15571,bho_Deva
panel2,B,vardial2018/train,mag,L1,train:15647,bho_Deva
panel2,B,vardial2018/train,mag,L1,train:15677,bho_Deva
panel2,B,vardial2018/train,mag,L1,train:15717,mag_Deva
panel2,B,vardial2018/train,mag,L1,train:15815,mag_Deva
panel2,B,vardial2018/train,mag,L1,train:15985,mag_Deva
panel2,B,vardial2018/train,mag,L1,train:15986,mag_Deva
panel2,B,vardial2018/train,mag,L1,train:16000,mag_Deva
panel2,B,vardial2018/train,mag,L1,train:16002,mag_Deva
panel2,B,vardial2018/train,mag,L1,train:16008,mag_Deva
panel2,B,vardial2018/train,mag,L1,train:16045,bho_Deva
panel2,B,vardial2018/train,mag,L1,train:16058,mai_Deva
panel2,B,vardial2018/train,mag,L1,train:16117,mag_Deva
panel2,B,vardial2018/train,mag,L1,train:16135,mag_Deva
panel2,B,vardial2018/train,mag,L1,train:16149,mag_Deva
panel2,B,vardial2018/train,mag,L1,train:16180,mai_Deva
panel2,B,vardial2018/train,mag,L1,train:16213,mag_Deva
panel2,B,vardial2018/train,mag,L1,train:16273,mag_Deva
panel2,B,vardial2018/train,mag,L1,train:16278,mag_Deva
panel2,B,vardial2018/train,mag,L1,train:16321,bho_Deva
panel2,B,vardial2018/train,mag,L1,train:16456,hin_Deva
panel2,B,vardial2018/train,mag,L1,train:16458,mag_Deva
panel2,B,vardial2018/train,mag,L1,train:16468,mag_Deva
panel2,B,vardial2018/train,mag,L1,train:16475,bho_Deva
panel2,B,vardial2018/train,mag,L1,train:16500,bho_Deva
panel2,B,vardial2018/train,mag,L1,train:16515,mag_Deva
panel2,B,vardial2018/train,mag,L1,train:16528,mai_Deva
panel2,B,vardial2018/train,mag,L1,train:16563,mag_Deva
panel2,B,vardial2018/train,mag,L1,train:16629,bho_Deva
panel2,B,vardial2018/train,mag,L1,train:16655,bho_Deva
panel2,B,vardial2018/train,mag,L1,train:16706,mag_Deva
panel2,B,vardial2018/train,mag,L1,train:16887,mai_Deva
panel2,B,vardial2018/train,mag,L1,train:16896,mai_Deva
panel2,B,vardial2018/train,mag,L1,train:16897,mag_Deva
panel2,B,vardial2018/train,mag,L1,train:16924,bho_Deva
panel2,B,vardial2018/train,mag,L1,train:16988,mag_Deva
panel2,B,vardial2018/train,mag,L1,train:17051,mag_Deva
panel2,B,vardial2018/train,mag,L1,train:17057,awa_Deva
panel2,B,vardial2018/train,mag,L1,train:17068,mag_Deva
panel2,B,vardial2018/train,mag,L1,train:17112,mag_Deva
panel2,B,vardial2018/train,mag,L1,train:17240,bho_Deva
panel2,B,vardial2018/train,mag,L1,train:17262,mag_Deva
panel2,B,vardial2018/train,mag,L1,train:17289,bho_Deva
panel2,B,vardial2018/train,mag,L1,train:17317,mag_Deva
panel2,B,vardial2018/train,mag,L1,train:17334,mag_Deva
panel2,B,vardial2018/train,mag,L1,train:17377,mai_Deva
panel2,B,vardial2018/train,mag,L1,train:17446,mag_Deva
panel2,B,vardial2018/train,mag,L1,train:17452,mai_Deva
panel2,B,vardial2018/train,mag,L1,train:17467,mag_Deva
panel2,B,vardial2018/train,mag,L1,train:17477,mag_Deva
panel2,B,vardial2018/train,mag,L1,train:17481,mag_Deva
panel2,B,vardial2018/train,mag,L1,train:17495,mag_Deva
panel2,B,vardial2018/train,mag,L1,train:17545,mag_Deva
panel2,B,vardial2018/train,mag,L1,train:17580,mag_Deva
panel2,B,vardial2018/train,mag,L1,train:17588,mai_Deva
panel2,B,vardial2018/train,mag,L1,train:17660,mag_Deva
panel2,B,vardial2018/train,mag,L1,train:17662,mag_Deva
panel2,B,vardial2018/train,mag,L1,train:17730,mag_Deva
panel2,B,vardial2018/train,mag,L1,train:17734,mai_Deva
panel2,B,vardial2018/train,mag,L1,train:17799,mag_Deva
panel2,B,vardial2018/train,mag,L1,train:17807,mag_Deva
panel2,B,vardial2018/train,mag,L1,train:17846,mag_Deva
panel2,B,vardial2018/train,mag,L1,train:17866,mag_Deva
panel2,B,vardial2018/train,mag,L1,train:17927,mag_Deva
panel2,B,vardial2018/train,mag,L1,train:17994,mag_Deva
panel2,B,vardial2018/train,mag,L1,train:18008,bho_Deva
panel2,B,vardial2018/train,mag,L1,train:18009,mag_Deva
panel2,B,vardial2018/train,mag,L1,train:18018,mag_Deva
panel2,B,vardial2018/train,mag,L1,train:18022,mag_Deva
panel2,B,vardial2018/train,mag,L1,train:18131,mag_Deva
panel2,B,vardial2018/train,mag,L1,train:18145,bho_Deva
panel2,B,vardial2018/train,mag,L1,train:18153,mag_Deva
panel2,B,vardial2018/train,mag,L1,train:18243,awa_Deva
panel2,B,vardial2018/train,mag,L1,train:18275,mag_Deva
panel2,B,vardial2018/train,mag,L1,train:18286,mag_Deva
panel2,B,vardial2018/train,mag,L1,train:18287,bho_Deva
panel2,B,vardial2018/train,mag,L1,train:18301,mag_Deva
panel2,B,vardial2018/train,mag,L1,train:18325,mag_Deva
panel2,B,vardial2018/train,mag,L1,train:18348,mag_Deva
panel2,B,vardial2018/train,mag,L1,train:18363,mag_Deva
panel2,B,vardial2018/train,mag,L1,train:18375,bho_Deva
panel2,B,vardial2018/train,mag,L1,train:18389,mag_Deva
panel2,B,vardial2018/train,mag,L1,train:18402,mag_Deva
panel2,B,vardial2018/train,mag,L1,train:18409,bho_Deva
panel2,B,vardial2018/train,mag,L1,train:18429,anp_Deva
panel2,B,vardial2018/train,mag,L1,train:18527,mag_Deva
panel2,B,vardial2018/train,mag,L1,train:18542,mag_Deva
panel2,B,vardial2018/train,mag,L1,train:18607,bho_Deva
panel2,B,vardial2018/train,mag,L1,train:18659,mag_Deva
panel2,B,vardial2018/train,mag,L1,train:18661,mag_Deva
panel2,B,vardial2018/train,mag,L1,train:18684,mag_Deva
panel2,B,vardial2018/train,mag,L1,train:18745,bho_Deva
panel2,B,vardial2018/train,mag,L1,train:18773,mag_Deva
panel2,B,vardial2018/train,mag,L1,train:18800,mag_Deva
panel2,B,vardial2018/train,mag,L1,train:18826,mag_Deva
panel2,B,vardial2018/train,mag,L1,train:18870,mag_Deva
panel2,B,vardial2018/train,mag,L1,train:18908,mai_Deva
panel2,B,vardial2018/train,mag,L1,train:18929,mai_Deva
panel2,B,vardial2018/train,mag,L1,train:18932,awa_Deva
panel2,B,vardial2018/train,mag,L1,train:18947,mai_Deva
panel2,B,vardial2018/train,mag,L1,train:19010,kas_Deva
panel2,B,vardial2018/train,mag,L1,train:19028,hne_Deva
panel2,B,vardial2018/train,mag,L1,train:19061,mag_Deva
panel2,B,vardial2018/train,mag,L1,train:19103,hin_Deva
panel2,B,vardial2018/train,mag,L1,train:19194,mag_Deva
panel2,B,vardial2018/train,mag,L1,train:19230,mag_Deva
panel2,B,vardial2018/train,mag,L1,train:19238,mag_Deva
panel2,B,vardial2018/train,mag,L1,train:19316,mag_Deva
panel2,B,vardial2018/train,mag,L1,train:19322,hin_Deva
panel2,B,vardial2018/train,mag,L1,train:19345,sck_Deva
panel2,B,vardial2018/train,mag,L1,train:19394,mag_Deva
panel2,B,vardial2018/train,mag,L1,train:19426,mag_Deva
panel2,B,vardial2018/train,mag,L1,train:19453,mag_Deva
panel2,B,vardial2018/train,mag,L1,train:19509,mag_Deva
panel2,B,vardial2018/train,mag,L1,train:19727,mag_Deva
panel2,B,vardial2018/train,mag,L1,train:19793,bho_Deva
panel2,B,vardial2018/train,mag,L1,train:19819,bho_Deva
panel2,B,vardial2018/train,mag,L1,train:19849,bho_Deva
panel2,B,vardial2018/train,mag,L1,train:19871,mai_Deva
panel2,B,vardial2018/train,mag,L1,train:19960,bho_Deva
panel2,B,vardial2018/train,mag,L1,train:19977,mag_Deva
panel2,B,vardial2018/train,mag,L1,train:20114,bho_Deva
panel2,B,vardial2018/train,mag,L1,train:20175,bho_Deva
panel2,B,vardial2018/train,mag,L1,train:20219,bho_Deva
panel2,B,vardial2018/train,mag,L1,train:20340,mag_Deva
panel2,B,vardial2018/train,mag,L1,train:20511,mag_Deva
panel2,B,vardial2018/train,mag,L1,train:20523,mag_Deva
panel2,B,vardial2018/train,mag,L1,train:20525,bho_Deva
panel2,B,vardial2018/train,mag,L1,train:20553,thl_Deva
panel2,B,vardial2018/train,mag,L1,train:20614,mag_Deva
panel2,B,vardial2018/train,mag,L1,train:20615,mag_Deva
panel2,B,vardial2018/train,mag,L1,train:20661,bho_Deva
panel2,B,vardial2018/train,mag,L1,train:20764,awa_Deva
panel2,B,vardial2018/train,mag,L1,train:20845,mag_Deva
panel2,B,vardial2018/train,mag,L1,train:20873,mag_Deva
panel2,B,vardial2018/train,mag,L1,train:20890,mag_Deva
panel2,B,vardial2018/train,mag,L1,train:20908,mag_Deva
panel2,B,vardial2018/train,mag,L1,train:20945,bho_Deva
panel2,B,vardial2018/train,mag,L1,train:21022,mag_Deva
panel2,B,vardial2018/train,mag,L1,train:21096,mai_Deva
panel2,B,vardial2018/train,mag,L1,train:21117,mag_Deva
panel2,B,vardial2018/train,mag,L1,train:21143,bho_Deva
panel2,B,vardial2018/train,mag,L1,train:21207,bho_Deva
panel2,B,vardial2018/train,mag,L1,train:21256,mai_Deva
panel2,B,vardial2018/train,mag,L1,train:21291,mag_Deva
panel2,B,vardial2018/train,mag,L1,train:21296,bho_Deva
panel2,B,vardial2018/train,mag,L1,train:21352,awa_Deva
panel2,B,vardial2018/train,mag,L1,train:21375,mai_Deva
panel2,B,vardial2018/train,mag,L1,train:21422,doi_Deva
panel2,B,vardial2018/train,mag,L1,train:21449,mag_Deva
panel2,B,vardial2018/train,mag,L1,train:21465,mag_Deva
panel2,B,vardial2018/train,mag,L1,train:21466,mag_Deva
panel2,B,vardial2018/train,mag,L1,train:21471,mag_Deva
panel2,B,vardial2018/train,mag,L1,train:21491,mag_Deva
panel2,B,vardial2018/train,mag,L1,train:21547,mag_Deva
panel2,B,vardial2018/train,mag,L1,train:21601,hin_Deva
panel2,B,vardial2018/train,mag,L1,train:21618,bho_Deva
panel2,B,vardial2018/train,mag,L1,train:21665,awa_Deva
panel2,B,vardial2018/train,mag,L1,train:21742,bho_Deva
panel2,B,vardial2018/train,mag,L1,train:21768,bho_Deva
panel2,B,vardial2018/train,mag,L1,train:21809,mag_Deva
panel2,B,vardial2018/train,mag,L1,train:21827,mag_Deva
panel2,B,vardial2018/train,mag,L1,train:21839,mag_Deva
panel2,B,vardial2018/train,mag,L1,train:21885,mag_Deva
panel2,B,vardial2018/train,mag,L1,train:21938,mag_Deva
panel2,B,vardial2018/train,mag,L1,train:22014,mag_Deva
panel2,B,vardial2018/train,mag,L1,train:22022,mag_Deva
panel2,B,vardial2018/train,mag,L1,train:22038,mag_Deva
panel2,B,vardial2018/train,mag,L1,train:22148,mag_Deva
panel2,B,vardial2018/train,mag,L1,train:22154,bho_Deva
panel2,B,vardial2018/train,mag,L1,train:22207,mag_Deva
panel2,B,vardial2018/train,mag,L1,train:22248,mag_Deva
panel2,B,vardial2018/train,mag,L1,train:22258,bho_Deva
panel2,B,vardial2018/train,mag,L1,train:22284,mag_Deva
panel2,B,vardial2018/train,mag,L1,train:22328,mag_Deva
panel2,B,vardial2018/train,mag,L1,train:22362,bho_Deva
panel2,B,vardial2018/train,mag,L1,train:22397,mag_Deva
panel2,B,vardial2018/train,mag,L1,train:22422,mag_Deva
panel2,B,vardial2018/train,mag,L1,train:22429,bho_Deva
panel2,B,vardial2018/train,mag,L1,train:22452,bho_Deva
panel2,B,vardial2018/train,mag,L1,train:22504,mag_Deva
panel2,B,vardial2018/train,mag,L1,train:22566,bho_Deva
panel2,B,vardial2018/train,mag,L1,train:22590,mag_Deva
panel2,B,vardial2018/train,mag,L1,train:22661,mag_Deva
panel2,B,vardial2018/train,mag,L1,train:22708,anp_Deva
panel2,B,vardial2018/train,mag,L1,train:22739,awa_Deva
panel2,B,vardial2018/train,mag,L1,train:22745,mag_Deva
panel2,B,vardial2018/train,mag,L1,train:22783,mag_Deva
panel2,B,vardial2018/train,mag,L1,train:22795,mai_Deva
panel2,B,vardial2018/train,mag,L1,train:22812,bho_Deva
panel2,B,vardial2018/train,mag,L1,train:22827,mag_Deva
panel2,B,vardial2018/train,mag,L1,train:22929,mag_Deva
panel2,B,vardial2018/train,mag,L1,train:22953,hin_Deva
panel2,B,vardial2018/train,mag,L1,train:23009,mag_Deva
panel2,B,vardial2018/train,mag,L1,train:23025,mai_Deva
panel2,B,vardial2018/train,mag,L1,train:23060,mag_Deva
panel2,B,vardial2018/train,mag,L1,train:23135,mag_Deva
panel2,B,vardial2018/train,mag,L1,train:23148,mag_Deva
panel2,B,vardial2018/train,mag,L1,train:23218,awa_Deva
panel2,B,vardial2018/train,mag,L1,train:23227,mag_Deva
panel2,B,vardial2018/train,mag,L1,train:23262,mai_Deva
panel2,B,vardial2018/train,mag,L1,train:23278,mag_Deva
panel2,B,vardial2018/train,mag,L1,train:23294,mag_Deva
panel2,B,vardial2018/train,mag,L1,train:23322,bho_Deva
panel2,B,vardial2018/train,mag,L1,train:23358,mag_Deva
panel2,B,vardial2018/train,mag,L1,train:23404,mag_Deva
panel2,B,vardial2018/train,mag,L1,train:23418,hin_Deva
panel2,B,vardial2018/train,mag,L1,train:23509,bho_Deva
panel2,B,vardial2018/train,mag,L1,train:23531,mai_Deva
panel2,B,vardial2018/train,mag,L1,train:23621,bho_Deva
panel2,B,vardial2018/train,mag,L1,train:23686,mag_Deva
panel2,B,vardial2018/train,mag,L1,train:23733,mag_Deva
panel2,B,vardial2018/train,mag,L1,train:23762,mag_Deva
panel2,B,vardial2018/train,mag,L1,train:23809,mag_Deva
panel2,B,vardial2018/train,mag,L1,train:23820,bho_Deva
panel2,B,vardial2018/train,mag,L1,train:23841,mag_Deva
panel2,B,vardial2018/train,mag,L1,train:23855,bho_Deva
panel2,B,vardial2018/train,mag,L1,train:23860,mag_Deva
panel2,B,vardial2018/train,mag,L1,train:23873,mag_Deva
panel2,B,vardial2018/train,mag,L1,train:23882,npi_Deva
panel2,B,vardial2018/train,mag,L1,train:23890,bho_Deva
panel2,B,vardial2018/train,mag,L1,train:23933,mag_Deva
panel2,B,vardial2018/train,mag,L1,train:23943,mag_Deva
panel2,B,vardial2018/train,mag,L1,train:23944,anp_Deva
panel2,B,vardial2018/train,mag,L1,train:23948,mag_Deva
panel2,B,vardial2018/train,mag,L1,train:24035,bho_Deva
panel2,B,vardial2018/train,mag,L1,train:24139,mag_Deva
panel2,B,vardial2018/train,mag,L1,train:24250,mag_Deva
panel2,B,vardial2018/train,mag,L1,train:24281,mag_Deva
panel2,B,vardial2018/train,mag,L1,train:24293,hin_Deva
panel2,B,vardial2018/train,mag,L1,train:24316,mag_Deva
panel2,B,vardial2018/train,mag,L1,train:24440,awa_Deva
panel2,B,vardial2018/train,mag,L1,train:24447,mag_Deva
panel2,B,vardial2018/train,mag,L1,train:24526,bho_Deva
panel2,B,vardial2018/train,mag,L1,train:24547,mag_Deva
panel2,B,vardial2018/train,mag,L1,train:24583,mag_Deva
panel2,B,vardial2018/train,mag,L1,train:24586,mag_Deva
panel2,B,vardial2018/train,mag,L1,train:24672,awa_Deva
panel2,B,vardial2018/train,mag,L1,train:24779,mag_Deva
panel2,B,vardial2018/train,mag,L1,train:24832,mag_Deva
panel2,B,vardial2018/train,mag,L1,train:24847,mag_Deva
panel2,B,vardial2018/train,mag,L1,train:24866,bho_Deva
panel2,B,vardial2018/train,mag,L1,train:24873,bho_Deva
panel2,B,vardial2018/train,mag,L1,train:24895,mag_Deva
panel2,B,vardial2018/train,mag,L1,train:24956,bho_Deva
panel2,B,vardial2018/train,mag,L1,train:24997,bho_Deva
panel2,B,vardial2018/train,mag,L1,train:25003,mag_Deva
panel2,B,vardial2018/train,mag,L1,train:25024,mag_Deva
panel2,B,vardial2018/train,mag,L1,train:25076,hin_Deva
panel2,B,vardial2018/train,mag,L1,train:25084,mag_Deva
panel2,B,vardial2018/train,mag,L1,train:25087,mag_Deva
panel2,B,vardial2018/train,mag,L1,train:25109,mag_Deva
panel2,B,vardial2018/train,mag,L1,train:25111,bho_Deva
panel2,B,vardial2018/train,mag,L1,train:25143,mag_Deva
panel2,B,vardial2018/train,mag,L1,train:25166,mag_Deva
panel2,B,vardial2018/train,mag,L1,train:25171,mag_Deva
panel2,B,vardial2018/train,mag,L1,train:25177,mag_Deva
panel2,B,vardial2018/train,mag,L1,train:25184,bho_Deva
panel2,B,vardial2018/train,mag,L1,train:25187,mag_Deva
panel2,B,vardial2018/train,mag,L1,train:25198,anp_Deva
panel2,B,vardial2018/train,mag,L1,train:25224,mag_Deva
panel2,B,vardial2018/train,mag,L1,train:25254,bho_Deva
panel2,B,vardial2018/train,mag,L1,train:25266,mag_Deva
panel2,B,vardial2018/train,mag,L1,train:25321,mag_Deva
panel2,B,vardial2018/train,mag,L1,train:25377,mag_Deva
panel2,B,vardial2018/train,mag,L1,train:25389,mag_Deva
panel2,B,vardial2018/train,mag,L1,train:25392,mag_Deva
panel2,B,vardial2018/train,mag,L1,train:25420,mag_Deva
panel2,B,vardial2018/train,mag,L1,train:25444,awa_Deva
panel2,B,vardial2018/train,mag,L1,train:25472,bho_Deva
panel2,B,vardial2018/train,mag,L1,train:25488,hin_Deva
panel2,B,vardial2018/train,mag,L1,train:25510,mag_Deva
panel2,B,vardial2018/train,mag,L1,train:25514,bho_Deva
panel2,B,vardial2018/train,mag,L1,train:25664,bho_Deva
panel2,B,vardial2018/train,mag,L1,train:25726,mag_Deva
panel2,B,vardial2018/train,mag,L1,train:25776,mag_Deva
panel2,B,vardial2018/train,mag,L1,train:25794,awa_Deva
panel2,B,vardial2018/train,mag,L1,train:25810,mag_Deva
panel2,B,vardial2018/train,mag,L1,train:25919,mag_Deva
panel2,B,vardial2018/train,mag,L1,train:25925,mag_Deva
panel2,B,vardial2018/train,mag,L1,train:25941,mag_Deva
panel2,B,vardial2018/train,mag,L1,train:25956,mag_Deva
panel2,B,vardial2018/train,mag,L1,train:25958,mai_Deva
panel2,B,vardial2018/train,mag,L1,train:25975,mai_Deva
panel2,B,vardial2018/train,mag,L1,train:26018,mag_Deva
panel2,B,vardial2018/train,mag,L1,train:26031,sck_Deva
panel2,B,vardial2018/train,mag,L1,train:26045,mag_Deva
panel2,B,vardial2018/train,mag,L1,train:26065,mag_Deva
panel2,B,vardial2018/train,mag,L1,train:26223,mag_Deva
panel2,B,vardial2018/train,mag,L1,train:26311,mag_Deva
panel2,B,vardial2018/train,mag,L1,train:26375,mag_Deva
panel2,B,vardial2018/train,mag,L1,train:26387,bho_Deva
panel2,B,vardial2018/train,mag,L1,train:26397,bho_Deva
panel2,B,vardial2018/train,mag,L1,train:26454,mai_Deva
panel2,B,vardial2018/train,mag,L1,train:26474,bho_Deva
panel2,B,vardial2018/train,mag,L1,train:26509,mag_Deva
panel2,B,vardial2018/train,mag,L1,train:26521,bho_Deva
panel2,B,vardial2018/train,mag,L1,train:26526,bho_Deva
panel2,B,vardial2018/train,mag,L1,train:26546,awa_Deva
panel2,B,vardial2018/train,mag,L1,train:26557,mag_Deva
panel2,B,vardial2018/train,mag,L1,train:26585,mag_Deva
panel2,B,vardial2018/train,mag,L1,train:26687,sck_Deva
panel2,B,vardial2018/train,mag,L1,train:26704,bho_Deva
panel2,B,vardial2018/train,mag,L1,train:26709,bho_Deva
panel2,B,vardial2018/train,mag,L1,train:26725,hne_Deva
panel2,B,vardial2018/train,mag,L1,train:26739,awa_Deva
panel2,B,vardial2018/train,mag,L1,train:26759,bho_Deva
panel2,B,vardial2018/train,mag,L1,train:26783,mai_Deva
panel2,B,vardial2018/train,mag,L1,train:26814,mar_Deva
panel2,B,vardial2018/train,mag,L1,train:26862,anp_Deva
panel2,B,vardial2018/train,mag,L1,train:26880,bho_Deva
panel2,B,vardial2018/train,mag,L1,train:26907,mag_Deva
panel2,B,vardial2018/train,mag,L1,train:26927,mag_Deva
panel2,B,vardial2018/train,mag,L1,train:26928,mag_Deva
panel2,B,vardial2018/train,mag,L1,train:26932,mag_Deva
panel2,B,vardial2018/train,mag,L1,train:26996,awa_Deva
panel2,B,vardial2018/train,mag,L1,train:27045,bho_Deva
panel2,B,vardial2018/train,mag,L1,train:27052,bho_Deva
panel2,B,vardial2018/train,mag,L1,train:27088,mag_Deva
panel2,B,vardial2018/train,mag,L1,train:27125,mag_Deva
panel2,B,vardial2018/train,mag,L1,train:27207,mag_Deva
panel2,B,vardial2018/train,mag,L1,train:27214,mai_Deva
panel2,B,vardial2018/train,mag,L1,train:27231,bho_Deva
panel2,B,vardial2018/train,mag,L1,train:27313,mag_Deva
panel2,B,vardial2018/train,mag,L1,train:27323,mag_Deva
panel2,B,vardial2018/train,mag,L1,train:27329,bho_Deva
panel2,B,vardial2018/train,mag,L1,train:27372,mag_Deva
panel2,B,vardial2018/train,mag,L1,train:27393,hin_Deva
panel2,B,vardial2018/train,mag,L1,train:27493,bho_Deva
panel2,B,vardial2018/train,mag,L1,train:27534,mai_Deva
panel2,B,vardial2018/train,mag,L1,train:27578,mag_Deva
panel2,B,vardial2018/train,mag,L1,train:27649,mag_Deva
panel2,B,vardial2018/train,mag,L1,train:27650,mag_Deva
panel2,B,vardial2018/train,mag,L1,train:27661,mag_Deva
panel2,B,vardial2018/train,mag,L1,train:27663,bho_Deva
panel2,B,vardial2018/train,mag,L1,train:27686,mag_Deva
panel2,B,vardial2018/train,mag,L1,train:27706,mag_Deva
panel2,B,vardial2018/train,mag,L1,train:27720,mag_Deva
panel2,B,vardial2018/train,mag,L1,train:27755,mag_Deva
panel2,B,vardial2018/train,mag,L1,train:27790,mag_Deva
panel2,B,vardial2018/train,mag,L1,train:27883,bho_Deva
panel2,B,vardial2018/train,mag,L1,train:27887,mag_Deva
panel2,B,vardial2018/train,mag,L1,train:27975,mag_Deva
panel2,B,vardial2018/train,mag,L1,train:27977,mai_Deva
panel2,B,vardial2018/train,mag,L1,train:27985,bho_Deva
panel2,B,vardial2018/train,mag,L1,train:28036,bho_Deva
panel2,B,vardial2018/train,mag,L1,train:28037,mag_Deva
panel2,B,vardial2018/train,mag,L1,train:28158,awa_Deva
panel2,B,vardial2018/train,mag,L1,train:28263,mag_Deva
panel2,B,vardial2018/train,mag,L1,train:28280,mag_Deva
panel2,B,vardial2018/train,mag,L1,train:28304,mag_Deva
panel2,B,vardial2018/train,mag,L1,train:28316,mag_Deva
panel2,B,vardial2018/train,mag,L1,train:28320,mag_Deva
panel2,B,vardial2018/train,mag,L1,train:28399,bho_Deva
panel2,B,vardial2018/train,mag,L1,train:28451,mag_Deva
panel2,B,vardial2018/train,mag,L1,train:28534,mag_Deva
panel2,B,vardial2018/train,mag,L1,train:28548,hin_Deva
panel2,B,vardial2018/train,mag,L1,train:28566,mag_Deva
panel2,B,vardial2018/train,mag,L1,train:28617,bho_Deva
panel2,B,vardial2018/train,mag,L1,train:28640,mag_Deva
panel2,B,vardial2018/train,mag,L1,train:28690,bho_Deva
panel2,B,vardial2018/train,mag,L1,train:28738,mag_Deva
panel2,B,vardial2018/train,mag,L1,train:28742,bho_Deva
panel2,B,vardial2018/train,mag,L1,train:28782,mag_Deva
panel2,B,vardial2018/train,mag,L1,train:28785,awa_Deva
panel2,B,vardial2018/train,mag,L1,train:28794,mag_Deva
panel2,B,vardial2018/train,mag,L1,train:28836,bho_Deva
panel2,B,vardial2018/train,mag,L1,train:28878,awa_Deva
panel2,B,vardial2018/train,mag,L1,train:28922,mai_Deva
panel2,B,vardial2018/train,mag,L1,train:28940,mag_Deva
panel2,B,vardial2018/train,mag,L1,train:28946,awa_Deva
panel2,B,vardial2018/train,mag,L1,train:28971,mai_Deva
panel2,B,vardial2018/train,mag,L1,train:29015,mag_Deva
panel2,B,vardial2018/train,mag,L1,train:29188,hin_Deva
panel2,B,vardial2018/train,mag,L1,train:29226,hin_Deva
panel2,B,vardial2018/train,mag,L1,train:29272,bho_Deva
panel2,B,vardial2018/train,mag,L1,train:29289,bho_Deva
panel2,B,vardial2018/train,mag,L1,train:29323,mag_Deva
panel2,B,vardial2018/train,mag,L1,train:29360,doi_Deva
panel2,B,vardial2018/train,mag,L1,train:29376,mag_Deva
panel2,B,vardial2018/train,mag,L1,train:29407,mag_Deva
panel2,B,vardial2018/train,mag,L1,train:29442,mag_Deva
panel2,B,vardial2018/train,mag,L1,train:29485,awa_Deva
panel2,B,vardial2018/train,mag,L1,train:29509,mag_Deva
panel2,B,vardial2018/train,mag,L1,train:29578,bho_Deva
panel2,B,vardial2018/train,mag,L1,train:29635,mag_Deva
panel2,B,vardial2018/train,mag,L1,train:29675,awa_Deva
panel2,B,vardial2018/train,mag,L1,train:29684,mag_Deva
panel2,B,vardial2018/train,mag,L1,train:29685,mag_Deva
panel2,B,vardial2018/train,mag,L1,train:29720,mag_Deva
panel2,B,vardial2018/train,mag,L1,train:29740,mag_Deva
panel2,B,vardial2018/train,mag,L1,train:29763,mag_Deva
panel2,B,vardial2018/train,mag,L1,train:29782,mag_Deva
panel2,B,vardial2018/train,mag,L1,train:29802,bho_Deva
panel2,B,vardial2018/train,mag,L1,train:29851,mag_Deva
panel2,B,vardial2018/train,mag,L1,train:29876,bho_Deva
panel2,B,vardial2018/train,mag,L1,train:29887,mag_Deva
panel2,B,vardial2018/train,mag,L1,train:29912,bho_Deva
panel2,B,vardial2018/train,mag,L1,train:29946,bho_Deva
panel2,B,vardial2018/train,mag,L1,train:29967,mag_Deva
panel2,B,vardial2018/train,mag,L1,train:29975,mag_Deva
panel2,B,vardial2018/train,mag,L1,train:29985,mag_Deva
panel2,B,vardial2018/train,mag,L1,train:30032,awa_Deva
panel2,B,vardial2018/train,mag,L1,train:30041,mag_Deva
panel2,B,vardial2018/train,mag,L1,train:30109,awa_Deva
panel2,B,vardial2018/train,mag,L1,train:30150,mag_Deva
panel2,B,vardial2018/train,mag,L1,train:30179,mag_Deva
panel2,B,vardial2018/train,mag,L1,train:30224,mag_Deva
panel2,B,vardial2018/train,mag,L1,train:30230,mag_Deva
panel2,B,vardial2018/train,mag,L1,train:30324,mag_Deva
panel2,B,vardial2018/train,mag,L1,train:30454,bho_Deva
panel2,B,vardial2018/train,mag,L1,train:30468,mag_Deva
panel2,B,vardial2018/train,mag,L1,train:30469,mag_Deva
panel2,B,vardial2018/train,mag,L1,train:30498,mag_Deva
panel2,B,vardial2018/train,mag,L1,train:30500,mag_Deva
panel2,B,vardial2018/train,mag,L1,train:30503,mag_Deva
panel2,B,vardial2018/train,mag,L1,train:30510,mag_Deva
panel2,B,vardial2018/train,mag,L1,train:30570,mag_Deva
panel2,B,vardial2018/train,mag,L1,train:30588,mag_Deva
panel2,B,vardial2018/train,mag,L1,train:30592,mag_Deva
panel2,B,vardial2018/train,mag,L1,train:30599,mag_Deva
panel2,B,vardial2018/train,mag,L1,train:30611,mag_Deva
panel2,B,vardial2018/train,mag,L1,train:30718,mag_Deva
panel2,B,vardial2018/train,mag,L1,train:30743,bho_Deva
panel2,B,vardial2018/train,mag,L1,train:30745,mag_Deva
panel2,B,vardial2018/train,mag,L1,train:30769,anp_Deva
panel2,B,vardial2018/train,mag,L1,train:30809,mag_Deva
panel2,B,vardial2018/train,mag,L1,train:30810,mai_Deva
panel2,B,vardial2018/train,mag,L1,train:30815,hin_Deva
panel2,B,vardial2018/train,mag,L1,train:30932,mag_Deva
panel2,B,vardial2018/train,mag,L1,train:30981,mag_Deva
panel2,B,vardial2018/train,mag,L1,train:30986,mag_Deva
panel2,B,vardial2018/train,mag,L1,train:31019,mag_Deva
panel2,B,vardial2018/train,mag,L1,train:31036,bho_Deva
panel2,B,vardial2018/train,mag,L1,train:31079,mag_Deva
panel2,B,vardial2018/train,mag,L1,train:31092,bho_Deva
panel2,B,vardial2018/train,mag,L1,train:31103,mag_Deva
panel2,B,vardial2018/train,mag,L1,train:31241,mag_Deva
panel2,B,vardial2018/train,mag,L1,train:31291,mag_Deva
panel2,B,vardial2018/train,mag,L1,train:31346,bho_Deva
panel2,B,vardial2018/train,mag,L1,train:31386,bho_Deva
panel2,B,vardial2018/train,mag,L1,train:31403,mag_Deva
panel2,B,vardial2018/train,mag,L1,train:31425,mag_Deva
panel2,B,vardial2018/train,mag,L1,train:31508,mai_Deva
panel2,B,vardial2018/train,mag,L1,train:31589,mag_Deva
panel2,B,vardial2018/train,mag,L1,train:31606,doi_Deva
panel2,B,vardial2018/train,mag,L1,train:31629,mag_Deva
panel2,B,vardial2018/train,mag,L1,train:31700,awa_Deva
panel2,B,vardial2018/train,mag,L1,train:31701,mag_Deva
panel2,B,vardial2018/train,mag,L1,train:31708,awa_Deva
panel2,B,vardial2018/train,mag,L1,train:31746,mag_Deva
panel2,B,vardial2018/train,mag,L1,train:31887,hne_Deva
panel2,B,vardial2018/train,mag,L1,train:31913,mag_Deva
panel2,B,vardial2018/train,mag,L1,train:31954,hin_Deva
panel2,B,vardial2018/train,mag,L1,train:32000,mag_Deva
panel2,B,vardial2018/train,mag,L1,train:32034,mag_Deva
panel2,B,vardial2018/train,mag,L1,train:32106,mag_Deva
panel2,B,vardial2018/train,mag,L1,train:32247,mag_Deva
panel2,B,vardial2018/train,mag,L1,train:32278,mag_Deva
panel2,B,vardial2018/train,mag,L1,train:32283,mag_Deva
panel2,B,vardial2018/train,mag,L1,train:32284,mai_Deva
panel2,B,vardial2018/train,mag,L1,train:32291,mag_Deva
panel2,B,vardial2018/train,mag,L1,train:32297,mag_Deva
panel2,B,vardial2018/train,mag,L1,train:32348,mag_Deva
panel2,B,vardial2018/train,mag,L1,train:32353,mag_Deva
panel2,B,vardial2018/train,mag,L1,train:32373,mag_Deva
panel2,B,vardial2018/train,mag,L1,train:32413,bho_Deva
panel2,B,vardial2018/train,mag,L1,train:32483,mag_Deva
panel2,B,vardial2018/train,mag,L1,train:32502,mag_Deva
panel2,B,vardial2018/train,mag,L1,train:32506,mag_Deva
panel2,B,vardial2018/train,mag,L1,train:32597,mag_Deva
panel2,B,vardial2018/train,mag,L1,train:32609,mag_Deva
panel2,B,vardial2018/train,mag,L1,train:32613,mag_Deva
panel2,B,vardial2018/train,mag,L1,train:32712,mag_Deva
panel2,B,vardial2018/train,mag,L1,train:32736,mag_Deva
panel2,B,vardial2018/train,mag,L1,train:32737,mag_Deva
panel2,B,vardial2018/train,mag,L1,train:32752,bho_Deva
panel2,B,vardial2018/train,mag,L1,train:32801,mag_Deva
panel2,B,vardial2018/train,mag,L1,train:32838,mag_Deva
panel2,B,vardial2018/train,mag,L1,train:32975,mag_Deva
panel2,B,vardial2018/train,mag,L1,train:32988,mag_Deva
panel2,B,vardial2018/train,mag,L1,train:33069,bho_Deva
panel2,B,vardial2018/train,mag,L1,train:33070,awa_Deva
panel2,B,vardial2018/train,mag,L1,train:33201,mag_Deva
panel2,B,vardial2018/train,mag,L1,train:33218,mag_Deva
panel2,B,vardial2018/train,mag,L1,train:33234,bho_Deva
panel2,B,vardial2018/train,mag,L1,train:33251,mag_Deva
panel2,B,vardial2018/train,mag,L1,train:33256,mag_Deva
panel2,B,vardial2018/train,mag,L1,train:33317,mag_Deva
panel2,B,vardial2018/train,mag,L1,train:33318,mag_Deva
panel2,B,vardial2018/train,mag,L1,train:33332,awa_Deva
panel2,B,vardial2018/train,mag,L1,train:33341,mag_Deva
panel2,B,vardial2018/train,mag,L1,train:33351,hin_Deva
panel2,B,vardial2018/train,mag,L1,train:33366,mag_Deva
panel2,B,vardial2018/train,mag,L1,train:33413,mag_Deva
panel2,B,vardial2018/train,mag,L1,train:33415,mag_Deva
panel2,B,vardial2018/train,mag,L1,train:33456,mag_Deva
panel2,B,vardial2018/train,mag,L1,train:33491,mag_Deva
panel2,B,vardial2018/train,mag,L1,train:33592,mag_Deva
panel2,B,vardial2018/train,mag,L1,train:33611,mag_Deva
panel2,B,vardial2018/train,mag,L1,train:33636,mag_Deva
panel2,B,vardial2018/train,mag,L1,train:33666,mag_Deva
panel2,B,vardial2018/train,mag,L1,train:33695,mag_Deva
panel2,B,vardial2018/train,mag,L1,train:33781,mag_Deva
panel2,B,vardial2018/train,mag,L1,train:33812,mag_Deva
panel2,B,vardial2018/train,mag,L1,train:33865,bho_Deva
panel2,B,vardial2018/train,mag,L1,train:33870,mag_Deva
panel2,B,vardial2018/train,mag,L1,train:33882,mag_Deva
panel2,B,vardial2018/train,mag,L1,train:33901,mag_Deva
panel2,B,vardial2018/train,mag,L1,train:33905,bho_Deva
panel2,B,vardial2018/train,mag,L1,train:33958,anp_Deva
panel2,B,vardial2018/train,mag,L1,train:33985,mag_Deva
panel2,B,vardial2018/train,mag,L1,train:34009,bho_Deva
panel2,B,vardial2018/train,mag,L1,train:34024,mag_Deva
panel2,B,vardial2018/train,mag,L1,train:34206,bho_Deva
panel2,B,vardial2018/train,mag,L1,train:34209,mag_Deva
panel2,B,vardial2018/train,mag,L1,train:34222,bho_Deva
panel2,B,vardial2018/train,mag,L1,train:34228,awa_Deva
panel2,B,vardial2018/train,mag,L1,train:34234,mag_Deva
panel2,B,vardial2018/train,mag,L1,train:34291,bho_Deva
panel2,B,vardial2018/train,mag,L1,train:34295,mag_Deva
panel2,B,vardial2018/train,mag,L1,train:34298,mag_Deva
panel2,B,vardial2018/train,mag,L1,train:34348,mag_Deva
panel2,B,vardial2018/train,mag,L1,train:34351,mag_Deva
panel2,B,vardial2018/train,mag,L1,train:34354,mag_Deva
panel2,B,vardial2018/train,mag,L1,train:34366,bho_Deva
panel2,B,vardial2018/train,mag,L1,train:34513,mag_Deva
panel2,B,vardial2018/train,mag,L1,train:34557,mag_Deva
panel2,B,vardial2018/train,mag,L1,train:34590,mag_Deva
panel2,B,vardial2018/train,mag,L1,train:34591,mag_Deva
panel2,B,vardial2018/train,mag,L1,train:34597,awa_Deva
panel2,B,vardial2018/train,mag,L1,train:34616,mai_Deva
panel2,B,vardial2018/train,mag,L1,train:34661,bho_Deva
panel2,B,vardial2018/train,mag,L1,train:34669,mag_Deva
panel2,B,vardial2018/train,mag,L1,train:34674,mai_Deva
panel2,B,vardial2018/train,mag,L1,train:34676,bho_Deva
panel2,B,vardial2018/train,mag,L1,train:34692,mai_Deva
panel2,B,vardial2018/train,mag,L1,train:34708,mai_Deva
panel2,B,vardial2018/train,mag,L1,train:34815,sck_Deva
panel2,B,vardial2018/train,mag,L1,train:34820,mai_Deva
panel2,B,vardial2018/train,mag,L1,train:34838,mag_Deva
panel2,B,vardial2018/train,mag,L1,train:34925,mag_Deva
panel2,B,vardial2018/train,mag,L1,train:35019,mai_Deva
panel2,B,vardial2018/train,mag,L1,train:35020,bho_Deva
panel2,B,vardial2018/train,mag,L1,train:35109,mag_Deva
panel2,B,vardial2018/train,mag,L1,train:35127,mag_Deva
panel2,B,vardial2018/train,mag,L1,train:35144,bho_Deva
panel2,B,vardial2018/train,mag,L1,train:35164,mag_Deva
panel2,B,vardial2018/train,mag,L1,train:35188,mai_Deva
panel2,B,vardial2018/train,mag,L1,train:35301,mag_Deva
panel2,B,vardial2018/train,mag,L1,train:35421,mag_Deva
panel2,B,vardial2018/train,mag,L1,train:35478,mag_Deva
panel2,B,vardial2018/train,mag,L1,train:35612,mag_Deva
panel2,B,vardial2018/train,mag,L1,train:35668,hne_Deva
panel2,B,vardial2018/train,mag,L1,train:35682,mag_Deva
panel2,B,vardial2018/train,mag,L1,train:35688,mag_Deva
panel2,B,vardial2018/train,mag,L1,train:35712,bho_Deva
panel2,B,vardial2018/train,mag,L1,train:35764,mag_Deva
panel2,B,vardial2018/train,mag,L1,train:35843,mai_Deva
panel2,B,vardial2018/train,mag,L1,train:35881,mag_Deva
panel2,B,vardial2018/train,mag,L1,train:35898,sck_Deva
panel2,B,vardial2018/train,mag,L1,train:35919,hne_Deva
panel2,B,vardial2018/train,mag,L1,train:35947,bho_Deva
panel2,B,vardial2018/train,mag,L1,train:35949,mag_Deva
panel2,B,vardial2018/train,mag,L1,train:36004,mag_Deva
panel2,B,vardial2018/train,mag,L1,train:36009,mai_Deva
panel2,B,vardial2018/train,mag,L1,train:36019,bho_Deva
panel2,B,vardial2018/train,mag,L1,train:36124,bho_Deva
panel2,B,vardial2018/train,mag,L1,train:36133,mag_Deva
panel2,B,vardial2018/train,mag,L1,train:36174,mag_Deva
panel2,B,vardial2018/train,mag,L1,train:36213,mag_Deva
panel2,B,vardial2018/train,mag,L1,train:36253,mag_Deva
panel2,B,vardial2018/train,mag,L1,train:36265,mai_Deva
panel2,B,vardial2018/train,mag,L1,train:36299,mag_Deva
panel2,B,vardial2018/train,mag,L1,train:36322,mai_Deva
panel2,B,vardial2018/train,mag,L1,train:36323,mag_Deva
panel2,B,vardial2018/train,mag,L1,train:36331,mag_Deva
panel2,B,vardial2018/train,mag,L1,train:36370,mag_Deva
panel2,B,vardial2018/train,mag,L1,train:36376,hne_Deva
panel2,B,vardial2018/train,mag,L1,train:36439,bho_Deva
panel2,B,vardial2018/train,mag,L1,train:36447,bho_Deva
panel2,B,vardial2018/train,mag,L1,train:36473,mag_Deva
panel2,B,vardial2018/train,mag,L1,train:36478,mai_Deva
panel2,B,vardial2018/train,mag,L1,train:36497,mag_Deva
panel2,B,vardial2018/train,mag,L1,train:36575,mai_Deva
panel2,B,vardial2018/train,mag,L1,train:36586,mag_Deva
panel2,B,vardial2018/train,mag,L1,train:36687,hin_Deva
panel2,B,vardial2018/train,mag,L1,train:36793,mag_Deva
panel2,B,vardial2018/train,mag,L1,train:36812,bho_Deva
panel2,B,vardial2018/train,mag,L1,train:36856,mag_Deva
panel2,B,vardial2018/train,mag,L1,train:36871,mai_Deva
panel2,B,vardial2018/train,mag,L1,train:36877,mai_Deva
panel2,B,vardial2018/train,mag,L1,train:36944,mai_Deva
panel2,B,vardial2018/train,mag,L1,train:37033,mag_Deva
panel2,B,vardial2018/train,mag,L1,train:37041,bho_Deva
panel2,B,vardial2018/train,mag,L1,train:37058,mag_Deva
panel2,B,vardial2018/train,mag,L1,train:37114,mai_Deva
panel2,B,vardial2018/train,mag,L1,train:37124,mag_Deva
panel2,B,vardial2018/train,mag,L1,train:37149,bho_Deva
panel2,B,vardial2018/train,mag,L1,train:37181,mag_Deva
panel2,B,vardial2018/train,mag,L1,train:37204,mag_Deva
panel2,B,vardial2018/train,mag,L1,train:37266,mag_Deva
panel2,B,vardial2018/train,mag,L1,train:37280,mag_Deva
panel2,B,vardial2018/train,mag,L1,train:37284,mag_Deva
panel2,B,vardial2018/train,mag,L1,train:37320,mag_Deva
panel2,B,vardial2018/train,mag,L1,train:37327,bho_Deva
panel2,B,vardial2018/train,mag,L1,train:37350,mag_Deva
panel2,B,vardial2018/train,mag,L1,train:37376,bho_Deva
panel2,B,vardial2018/train,mag,L1,train:37404,mag_Deva
panel2,B,vardial2018/train,mag,L1,train:37406,awa_Deva
panel2,B,vardial2018/train,mag,L1,train:37407,bho_Deva
panel2,B,vardial2018/train,mag,L1,train:37450,thl_Deva
panel2,B,vardial2018/train,mag,L1,train:37470,mag_Deva
panel2,B,vardial2018/train,mag,L1,train:37479,mag_Deva
panel2,B,vardial2018/train,mag,L1,train:37593,mag_Deva
panel2,B,vardial2018/train,mag,L1,train:37600,mag_Deva
panel2,B,vardial2018/train,mag,L1,train:37643,mag_Deva
panel2,B,vardial2018/train,mag,L1,train:37657,mag_Deva
panel2,B,vardial2018/train,mag,L1,train:37684,mag_Deva
panel2,B,vardial2018/train,mag,L1,train:37716,mag_Deva
panel2,B,vardial2018/train,mag,L1,train:37740,mag_Deva
panel2,B,vardial2018/train,mag,L1,train:37875,mag_Deva
panel2,B,vardial2018/train,mag,L1,train:37881,mag_Deva
panel2,B,vardial2018/train,mag,L1,train:37909,awa_Deva
panel2,B,vardial2018/train,mag,L1,train:37921,mag_Deva
panel2,B,vardial2018/train,mag,L1,train:38119,mag_Deva
panel2,B,vardial2018/train,mag,L1,train:38210,mai_Deva
panel2,B,vardial2018/train,mag,L1,train:38225,hne_Deva
panel2,B,vardial2018/train,mag,L1,train:38226,mag_Deva
panel2,B,vardial2018/train,mag,L1,train:38249,mag_Deva
panel2,B,vardial2018/train,mag,L1,train:38257,mag_Deva
panel2,B,vardial2018/train,mag,L1,train:38264,bho_Deva
panel2,B,vardial2018/train,mag,L1,train:38349,mag_Deva
panel2,B,vardial2018/train,mag,L1,train:38354,bho_Deva
panel2,B,vardial2018/train,mag,L1,train:38366,mag_Deva
panel2,B,vardial2018/train,mag,L1,train:38393,mag_Deva
panel2,B,vardial2018/train,mag,L1,train:38429,mag_Deva
panel2,B,vardial2018/train,mag,L1,train:38478,mag_Deva
panel2,B,vardial2018/train,mag,L1,train:38521,mai_Deva
panel2,B,vardial2018/train,mag,L1,train:38536,mag_Deva
panel2,B,vardial2018/train,mag,L1,train:38586,hne_Deva
panel2,B,vardial2018/train,mag,L1,train:38620,mag_Deva
panel2,B,vardial2018/train,mag,L1,train:38631,mai_Deva
panel2,B,vardial2018/train,mag,L1,train:38760,mag_Deva
panel2,B,vardial2018/train,mag,L1,train:38808,mag_Deva
panel2,B,vardial2018/train,mag,L1,train:38827,mag_Deva
panel2,B,vardial2018/train,mag,L1,train:38837,mag_Deva
panel2,B,vardial2018/train,mag,L1,train:38853,hne_Deva
panel2,B,vardial2018/train,mag,L1,train:38875,bho_Deva
panel2,B,vardial2018/train,mag,L1,train:38933,mag_Deva
panel2,B,vardial2018/train,mag,L1,train:38947,bho_Deva
panel2,B,vardial2018/train,mag,L1,train:38991,bho_Deva
panel2,B,vardial2018/train,mag,L1,train:38995,mai_Deva
panel2,B,vardial2018/train,mag,L1,train:39014,mag_Deva
panel2,B,vardial2018/train,mag,L1,train:39097,mai_Deva
panel2,B,vardial2018/train,mag,L1,train:39101,mag_Deva
panel2,B,vardial2018/train,mag,L1,train:39130,mag_Deva
panel2,B,vardial2018/train,mag,L1,train:39166,bho_Deva
panel2,B,vardial2018/train,mag,L1,train:39214,mag_Deva
panel2,B,vardial2018/train,mag,L1,train:39229,bho_Deva
panel2,B,vardial2018/train,mag,L1,train:39335,bho_Deva
panel2,B,vardial2018/train,mag,L1,train:39359,bho_Deva
panel2,B,vardial2018/train,mag,L1,train:39447,mag_Deva
panel2,B,vardial2018/train,mag,L1,train:39550,bho_Deva
panel2,B,vardial2018/train,mag,L1,train:39593,mag_Deva
panel2,B,vardial2018/train,mag,L1,train:39594,mag_Deva
panel2,B,vardial2018/train,mag,L1,train:39624,mag_Deva
panel2,B,vardial2018/train,mag,L1,train:39631,mag_Deva
panel2,B,vardial2018/train,mag,L1,train:39675,bho_Deva
panel2,B,vardial2018/train,mag,L1,train:39747,mag_Deva
panel2,B,vardial2018/train,mag,L1,train:39794,bho_Deva
panel2,B,vardial2018/train,mag,L1,train:39877,bho_Deva
panel2,B,vardial2018/train,mag,L1,train:39994,bho_Deva
panel2,B,vardial2018/train,mag,L1,train:40008,mag_Deva
panel2,B,vardial2018/train,mag,L1,train:40060,awa_Deva
panel2,B,vardial2018/train,mag,L1,train:40065,mai_Deva
panel2,B,vardial2018/train,mag,L1,train:40075,mag_Deva
panel2,B,vardial2018/train,mag,L1,train:40097,bho_Deva
panel2,B,vardial2018/train,mag,L1,train:40142,mai_Deva
panel2,B,vardial2018/train,mag,L1,train:40190,bho_Deva
panel2,B,vardial2018/train,mag,L1,train:40210,mag_Deva
panel2,B,vardial2018/train,mag,L1,train:40249,bho_Deva
panel2,B,vardial2018/train,mag,L1,train:40275,mag_Deva
panel2,B,vardial2018/train,mag,L1,train:40297,mag_Deva
panel2,B,vardial2018/train,mag,L1,train:40344,bho_Deva
panel2,B,vardial2018/train,mag,L1,train:40369,bho_Deva
panel2,B,vardial2018/train,mag,L1,train:40370,mag_Deva
panel2,B,vardial2018/train,mag,L1,train:40430,mag_Deva
panel2,B,vardial2018/train,mag,L1,train:40477,mag_Deva
panel2,B,vardial2018/train,mag,L1,train:40513,mag_Deva
panel2,B,vardial2018/train,mag,L1,train:40584,mag_Deva
panel2,B,vardial2018/train,mag,L1,train:40604,mai_Deva
panel2,B,vardial2018/train,mag,L1,train:40668,bho_Deva
panel2,B,vardial2018/train,mag,L1,train:40684,mag_Deva
panel2,B,vardial2018/train,mag,L1,train:40711,mag_Deva
panel2,B,vardial2018/train,mag,L1,train:40751,bho_Deva
panel2,B,vardial2018/train,mag,L1,train:40774,bho_Deva
panel2,B,vardial2018/train,mag,L1,train:40776,mag_Deva
panel2,B,vardial2018/train,mag,L1,train:40871,mag_Deva
panel2,B,vardial2018/train,mag,L1,train:40895,awa_Deva
panel2,B,vardial2018/train,mag,L1,train:40998,mag_Deva
panel2,B,vardial2018/train,mag,L1,train:41010,mag_Deva
panel2,B,vardial2018/train,mag,L1,train:41131,hne_Deva
panel2,B,vardial2018/train,mag,L1,train:41146,mag_Deva
panel2,B,vardial2018/train,mag,L1,train:41161,mai_Deva
panel2,B,vardial2018/train,mag,L1,train:41195,bho_Deva
panel2,B,vardial2018/train,mag,L1,train:41219,mag_Deva
panel2,B,vardial2018/train,mag,L1,train:41238,mag_Deva
panel2,B,vardial2018/train,mag,L1,train:41285,awa_Deva
panel2,B,vardial2018/train,mag,L1,train:41328,mag_Deva
panel2,B,vardial2018/train,mag,L1,train:41360,mag_Deva
panel2,B,vardial2018/train,mag,L1,train:41463,hin_Deva
panel2,B,vardial2018/train,mag,L1,train:41489,mag_Deva
panel2,B,vardial2018/train,mag,L1,train:41544,mag_Deva
panel2,B,vardial2018/train,mag,L1,train:41581,bho_Deva
panel2,B,vardial2018/train,mag,L1,train:41612,mag_Deva
panel2,B,vardial2018/train,mag,L1,train:41630,mai_Deva
panel2,B,vardial2018/train,mag,L1,train:41641,mag_Deva
panel2,B,vardial2018/train,mag,L1,train:41643,mag_Deva
panel2,B,vardial2018/train,mag,L1,train:41657,bho_Deva
panel2,B,vardial2018/train,mag,L1,train:41697,mag_Deva
panel2,B,vardial2018/train,mag,L1,train:41745,bho_Deva
panel2,B,vardial2018/train,mag,L1,train:41755,hin_Deva
panel2,B,vardial2018/train,mag,L1,train:41782,mag_Deva
panel2,B,vardial2018/train,mag,L1,train:41800,kas_Deva
panel2,B,vardial2018/train,mag,L1,train:41848,mag_Deva
panel2,B,vardial2018/train,mag,L1,train:41890,mag_Deva
panel2,B,vardial2018/train,mag,L1,train:41985,mai_Deva
panel2,B,vardial2018/train,mag,L1,train:41995,bho_Deva
panel2,B,vardial2018/train,mag,L1,train:42056,mag_Deva
panel2,B,vardial2018/train,mag,L1,train:42076,mag_Deva
panel2,B,vardial2018/train,mag,L1,train:42095,mag_Deva
panel2,B,vardial2018/train,mag,L1,train:42120,mag_Deva
panel2,B,vardial2018/train,mag,L1,train:42131,mag_Deva
panel2,B,vardial2018/train,mag,L1,train:42248,bho_Deva
panel2,B,vardial2018/train,mag,L1,train:42274,mag_Deva
panel2,B,vardial2018/train,mag,L1,train:42277,mag_Deva
panel2,B,vardial2018/train,mag,L1,train:42351,bho_Deva
panel2,B,vardial2018/train,mag,L1,train:42386,bho_Deva
panel2,B,vardial2018/train,mag,L1,train:42411,bho_Deva
panel2,B,vardial2018/train,mag,L1,train:42486,mag_Deva
panel2,B,vardial2018/train,mag,L1,train:42504,bho_Deva
panel2,B,vardial2018/train,mag,L1,train:42534,bho_Deva
panel2,B,vardial2018/train,mag,L1,train:42535,mag_Deva
panel2,B,vardial2018/train,mag,L1,train:42540,mag_Deva
panel2,B,vardial2018/train,mag,L1,train:42657,bho_Deva
panel2,B,vardial2018/train,mag,L1,train:42692,mag_Deva
panel2,B,vardial2018/train,mag,L1,train:42762,mag_Deva
panel2,B,vardial2018/train,mag,L1,train:42813,mag_Deva
panel2,B,vardial2018/train,mag,L1,train:42828,mag_Deva
panel2,B,vardial2018/train,mag,L1,train:42838,mag_Deva
panel2,B,vardial2018/train,mag,L1,train:42949,mag_Deva
panel2,B,vardial2018/train,mag,L1,train:42958,bho_Deva
panel2,B,vardial2018/train,mag,L1,train:42985,mag_Deva
panel2,B,vardial2018/train,mag,L1,train:42997,bho_Deva
panel2,B,vardial2018/train,mag,L1,train:43047,mag_Deva
panel2,B,vardial2018/train,mag,L1,train:43148,bho_Deva
panel2,B,vardial2018/train,mag,L1,train:43166,hne_Deva
panel2,B,vardial2018/train,mag,L1,train:43238,mag_Deva
panel2,B,vardial2018/train,mag,L1,train:43370,mag_Deva
panel2,B,vardial2018/train,mag,L1,train:43387,mag_Deva
panel2,B,vardial2018/train,mag,L1,train:43428,kas_Deva
panel2,B,vardial2018/train,mag,L1,train:43444,mag_Deva
panel2,B,vardial2018/train,mag,L1,train:43450,mag_Deva
panel2,B,vardial2018/train,mag,L1,train:43459,bho_Deva
panel2,B,vardial2018/train,mag,L1,train:43461,mag_Deva
panel2,B,vardial2018/train,mag,L1,train:43464,mag_Deva
panel2,B,vardial2018/train,mag,L1,train:43505,mag_Deva
panel2,B,vardial2018/train,mag,L1,train:43520,anp_Deva
panel2,B,vardial2018/train,mag,L1,train:43538,bho_Deva
panel2,B,vardial2018/train,mag,L1,train:43579,hin_Deva
panel2,B,vardial2018/train,mag,L1,train:43588,mag_Deva
panel2,B,vardial2018/train,mag,L1,train:43613,mag_Deva
panel2,B,vardial2018/train,mag,L1,train:43626,mag_Deva
panel2,B,vardial2018/train,mag,L1,train:43636,mag_Deva
panel2,B,vardial2018/train,mag,L1,train:43640,mag_Deva
panel2,B,vardial2018/train,mag,L1,train:43643,mag_Deva
panel2,B,vardial2018/train,mag,L1,train:43659,mag_Deva
panel2,B,vardial2018/train,mag,L1,train:43679,bho_Deva
panel2,B,vardial2018/train,mag,L1,train:43714,mag_Deva
panel2,B,vardial2018/train,mag,L1,train:43735,bho_Deva
panel2,B,vardial2018/train,mag,L1,train:43748,mag_Deva
panel2,B,vardial2018/train,mag,L1,train:43767,bho_Deva
panel2,B,vardial2018/train,mag,L1,train:43791,awa_Deva
panel2,B,vardial2018/train,mag,L1,train:43806,mag_Deva
panel2,B,vardial2018/train,mag,L1,train:43820,bho_Deva
panel2,B,vardial2018/train,mag,L1,train:43841,mag_Deva
panel2,B,vardial2018/train,mag,L1,train:43852,mag_Deva
panel2,B,vardial2018/train,mag,L1,train:43868,mag_Deva
panel2,B,vardial2018/train,mag,L1,train:43869,awa_Deva
panel2,B,vardial2018/train,mag,L1,train:43891,mag_Deva
panel2,B,vardial2018/train,mag,L1,train:44056,mag_Deva
panel2,B,vardial2018/train,mag,L1,train:44057,mag_Deva
panel2,B,vardial2018/train,mag,L1,train:44135,bho_Deva
panel2,B,vardial2018/train,mag,L1,train:44142,bho_Deva
panel2,B,vardial2018/train,mag,L1,train:44354,mag_Deva
panel2,B,vardial2018/train,mag,L1,train:44373,mag_Deva
panel2,B,vardial2018/train,mag,L1,train:44456,mag_Deva
panel2,B,vardial2018/train,mag,L1,train:44459,bho_Deva
panel2,B,vardial2018/train,mag,L1,train:44534,mag_Deva
panel2,B,vardial2018/train,mag,L1,train:44574,bho_Deva
panel2,B,vardial2018/train,mag,L1,train:44584,mai_Deva
panel2,B,vardial2018/train,mag,L1,train:44613,mag_Deva
panel2,B,vardial2018/train,mag,L1,train:44646,mag_Deva
panel2,B,vardial2018/train,mag,L1,train:44652,mag_Deva
panel2,B,vardial2018/train,mag,L1,train:44718,awa_Deva
panel2,B,vardial2018/train,mag,L1,train:44740,bho_Deva
panel2,B,vardial2018/train,mag,L1,train:44755,awa_Deva
panel2,B,vardial2018/train,mag,L1,train:44775,mag_Deva
panel2,B,vardial2018/train,mag,L1,train:44779,bho_Deva
panel2,B,vardial2018/train,mag,L1,train:44810,kru_Deva
panel2,B,vardial2018/train,mag,L1,train:44930,mag_Deva
panel2,B,vardial2018/train,mag,L1,train:44946,mag_Deva
panel2,B,vardial2018/train,mag,L1,train:44969,mai_Deva
panel2,B,vardial2018/train,mag,L1,train:44985,mai_Deva
panel2,B,vardial2018/train,mag,L1,train:45000,mag_Deva
panel2,B,vardial2018/train,mag,L1,train:45079,mag_Deva
panel2,B,vardial2018/train,mag,L1,train:45140,hin_Deva
panel2,B,vardial2018/train,mag,L1,train:45153,mag_Deva
panel2,B,vardial2018/train,mag,L1,train:45155,mag_Deva
panel2,B,vardial2018/train,mag,L1,train:45185,mag_Deva
panel2,B,vardial2018/train,mag,L1,train:45190,mag_Deva
panel2,B,vardial2018/train,mag,L1,train:45208,mag_Deva
panel2,B,vardial2018/train,mag,L1,train:45219,bho_Deva
panel2,B,vardial2018/train,mag,L1,train:45246,hne_Deva
panel2,B,vardial2018/train,mag,L1,train:45315,hin_Deva
panel2,B,vardial2018/train,mag,L1,train:45343,bho_Deva
panel2,B,vardial2018/train,mag,L1,train:45389,bho_Deva
panel2,B,vardial2018/train,mag,L1,train:45393,mag_Deva
panel2,B,vardial2018/train,mag,L1,train:45412,mag_Deva
panel2,B,vardial2018/train,mag,L1,train:45459,mag_Deva
panel2,B,vardial2018/train,mag,L1,train:45473,mai_Deva
panel2,B,vardial2018/train,mag,L1,train:45497,hne_Deva
panel2,B,vardial2018/train,mag,L1,train:45498,bho_Deva
panel2,B,vardial2018/train,mag,L1,train:45509,mai_Deva
panel2,B,vardial2018/train,mag,L1,train:45512,mag_Deva
panel2,B,vardial2018/train,mag,L1,train:45522,mag_Deva
panel2,B,vardial2018/train,mag,L1,train:45626,mag_Deva
panel2,B,vardial2018/train,mag,L1,train:45639,mag_Deva
panel2,B,vardial2018/train,mag,L1,train:45642,mag_Deva
panel2,B,vardial2018/train,mag,L1,train:45695,mag_Deva
panel2,B,vardial2018/train,mag,L1,train:45723,mag_Deva
panel2,B,vardial2018/train,mag,L1,train:45757,mag_Deva
panel2,B,vardial2018/train,mag,L1,train:45761,mai_Deva
panel2,B,vardial2018/train,mag,L1,train:45775,mag_Deva
panel2,B,vardial2018/train,mag,L1,train:45882,mag_Deva
panel2,B,vardial2018/train,mag,L1,train:45934,bho_Deva
panel2,B,vardial2018/train,mag,L1,train:45960,mag_Deva
panel2,B,vardial2018/train,mag,L1,train:45967,mag_Deva
panel2,B,vardial2018/train,mag,L1,train:45998,mag_Deva
panel2,B,vardial2018/train,mag,L1,train:46026,mag_Deva
panel2,B,vardial2018/train,mag,L1,train:46067,awa_Deva
panel2,B,vardial2018/train,mag,L1,train:46080,bho_Deva
panel2,B,vardial2018/train,mag,L1,train:46086,mai_Deva
panel2,B,vardial2018/train,mag,L1,train:46088,mag_Deva
panel2,B,vardial2018/train,mag,L1,train:46144,mag_Deva
panel2,B,vardial2018/train,mag,L1,train:46242,mag_Deva
panel2,B,vardial2018/train,mag,L1,train:46279,mag_Deva
panel2,B,vardial2018/train,mag,L1,train:46286,mag_Deva
panel2,B,vardial2018/train,mag,L1,train:46302,mag_Deva
panel2,B,vardial2018/train,mag,L1,train:46306,mag_Deva
panel2,B,vardial2018/train,mag,L1,train:46333,awa_Deva
panel2,B,vardial2018/train,mag,L1,train:46339,sck_Deva
panel2,B,vardial2018/train,mag,L1,train:46353,bho_Deva
panel2,B,vardial2018/train,mag,L1,train:46365,bho_Deva
panel2,B,vardial2018/train,mag,L1,train:46407,bho_Deva
panel2,B,vardial2018/train,mag,L1,train:46414,mai_Deva
panel2,B,vardial2018/train,mag,L1,train:46456,hin_Deva
panel2,B,vardial2018/train,mag,L1,train:46475,mag_Deva
panel2,B,vardial2018/train,mag,L1,train:46477,mag_Deva
panel2,B,vardial2018/train,mag,L1,train:46494,mag_Deva
panel2,B,vardial2018/train,mag,L1,train:46516,mag_Deva
panel2,B,vardial2018/train,mag,L1,train:46520,mag_Deva
panel2,B,vardial2018/train,mag,L1,train:46575,doi_Deva
panel2,B,vardial2018/train,mag,L1,train:46576,mai_Deva
panel2,B,vardial2018/train,mag,L1,train:46608,mag_Deva
panel2,B,vardial2018/train,mag,L1,train:46649,mag_Deva
panel2,B,vardial2018/train,mag,L1,train:46758,mag_Deva
panel2,B,vardial2018/train,mag,L1,train:46780,hne_Deva
panel2,B,vardial2018/train,mag,L1,train:46788,mag_Deva
panel2,B,vardial2018/train,mag,L1,train:46824,bho_Deva
panel2,B,vardial2018/train,mag,L1,train:46850,mag_Deva
panel2,B,vardial2018/train,mag,L1,train:46906,bho_Deva
panel2,B,vardial2018/train,mag,L1,train:46936,mag_Deva
panel2,B,vardial2018/train,mag,L1,train:47069,bho_Deva
panel2,B,vardial2018/train,mag,L1,train:47163,mag_Deva
panel2,B,vardial2018/train,mag,L1,train:47190,bho_Deva
panel2,B,vardial2018/train,mag,L1,train:47227,mag_Deva
panel2,B,vardial2018/train,mag,L1,train:47236,mag_Deva
panel2,B,vardial2018/train,mag,L1,train:47244,mag_Deva
panel2,B,vardial2018/train,mag,L1,train:47256,bho_Deva
panel2,B,vardial2018/train,mag,L1,train:47303,awa_Deva
panel2,B,vardial2018/train,mag,L1,train:47308,mag_Deva
panel2,B,vardial2018/train,mag,L1,train:47313,mai_Deva
panel2,B,vardial2018/train,mag,L1,train:47342,mag_Deva
panel2,B,vardial2018/train,mag,L1,train:47469,mag_Deva
panel2,B,vardial2018/train,mag,L1,train:47486,mag_Deva
panel2,B,vardial2018/train,mag,L1,train:47500,mag_Deva
panel2,B,vardial2018/train,mag,L1,train:47502,hne_Deva
panel2,B,vardial2018/train,mag,L1,train:47518,mag_Deva
panel2,B,vardial2018/train,mag,L1,train:47542,bho_Deva
panel2,B,vardial2018/train,mag,L1,train:47549,mag_Deva
panel2,B,vardial2018/train,mag,L1,train:47569,mag_Deva
panel2,B,vardial2018/train,mag,L1,train:47575,mag_Deva
panel2,B,vardial2018/train,mag,L1,train:47596,mag_Deva
panel2,B,vardial2018/train,mag,L1,train:47619,mup_Deva
panel2,B,vardial2018/train,mag,L1,train:47631,mag_Deva
panel2,B,vardial2018/train,mag,L1,train:47651,bho_Deva
panel2,B,vardial2018/train,mag,L1,train:47667,mag_Deva
panel2,B,vardial2018/train,mag,L1,train:47723,mag_Deva
panel2,B,vardial2018/train,mag,L1,train:47738,mag_Deva
panel2,B,vardial2018/train,mag,L1,train:47756,mag_Deva
panel2,B,vardial2018/train,mag,L1,train:47763,mag_Deva
panel2,B,vardial2018/train,mag,L1,train:47787,mai_Deva
panel2,B,vardial2018/train,mag,L1,train:47806,mag_Deva
panel2,B,vardial2018/train,mag,L1,train:47861,bho_Deva
panel2,B,vardial2018/train,mag,L1,train:47986,mag_Deva
panel2,B,vardial2018/train,mag,L1,train:47994,mag_Deva
panel2,B,vardial2018/train,mag,L1,train:48059,mag_Deva
panel2,B,vardial2018/train,mag,L1,train:48144,mag_Deva
panel2,B,vardial2018/train,mag,L1,train:48210,mag_Deva
panel2,B,vardial2018/train,mag,L1,train:48301,mag_Deva
panel2,B,vardial2018/train,mag,L1,train:48304,mag_Deva
panel2,B,vardial2018/train,mag,L1,train:48319,bho_Deva
panel2,B,vardial2018/train,mag,L1,train:48579,mag_Deva
panel2,B,vardial2018/train,mag,L1,train:48620,mai_Deva
panel2,B,vardial2018/train,mag,L1,train:48659,bho_Deva
panel2,B,vardial2018/train,mag,L1,train:48666,mag_Deva
panel2,B,vardial2018/train,mag,L1,train:48668,bho_Deva
panel2,B,vardial2018/train,mag,L1,train:48670,bho_Deva
panel2,B,vardial2018/train,mag,L1,train:48691,mag_Deva
panel2,B,vardial2018/train,mag,L1,train:48736,bho_Deva
panel2,B,vardial2018/train,mag,L1,train:48746,mag_Deva
panel2,B,vardial2018/train,mag,L1,train:48777,mag_Deva
panel2,B,vardial2018/train,mag,L1,train:48813,mag_Deva
panel2,B,vardial2018/train,mag,L1,train:48816,bho_Deva
panel2,B,vardial2018/train,mag,L1,train:48848,hne_Deva
panel2,B,vardial2018/train,mag,L1,train:48889,mag_Deva
panel2,B,vardial2018/train,mag,L1,train:48895,bho_Deva
panel2,B,vardial2018/train,mag,L1,train:48900,mag_Deva
panel2,B,vardial2018/train,mag,L1,train:48919,mag_Deva
panel2,B,vardial2018/train,mag,L1,train:48955,mag_Deva
panel2,B,vardial2018/train,mag,L1,train:48981,mag_Deva
panel2,B,vardial2018/train,mag,L1,train:48993,bho_Deva
panel2,B,vardial2018/train,mag,L1,train:49046,anp_Deva
panel2,B,vardial2018/train,mag,L1,train:49165,mag_Deva
panel2,B,vardial2018/train,mag,L1,train:49166,mag_Deva
panel2,B,vardial2018/train,mag,L1,train:49191,mag_Deva
panel2,B,vardial2018/train,mag,L1,train:49204,mag_Deva
panel2,B,vardial2018/train,mag,L1,train:49216,bho_Deva
panel2,B,vardial2018/train,mag,L1,train:49232,bho_Deva
panel2,B,vardial2018/train,mag,L1,train:49237,bho_Deva
panel2,B,vardial2018/train,mag,L1,train:49250,mag_Deva
panel2,B,vardial2018/train,mag,L1,train:49295,awa_Deva
panel2,B,vardial2018/train,mag,L1,train:49324,mag_Deva
panel2,B,vardial2018/train,mag,L1,train:49418,mag_Deva
panel2,B,vardial2018/train,mag,L1,train:49431,mai_Deva
panel2,B,vardial2018/train,mag,L1,train:49537,mag_Deva
panel2,B,vardial2018/train,mag,L1,train:49592,mag_Deva
panel2,B,vardial2018/train,mag,L1,train:49657,mag_Deva
panel2,B,vardial2018/train,mag,L1,train:49660,hne_Deva
panel2,B,vardial2018/train,mag,L1,train:49688,mag_Deva
panel2,B,vardial2018/train,mag,L1,train:49691,mag_Deva
panel2,B,vardial2018/train,mag,L1,train:49754,mag_Deva
panel2,B,vardial2018/train,mag,L1,train:49793,mag_Deva
panel2,B,vardial2018/train,mag,L1,train:49915,mag_Deva
panel2,B,vardial2018/train,mag,L1,train:49989,bho_Deva
panel2,B,vardial2018/train,mag,L1,train:50036,mag_Deva
panel2,B,vardial2018/train,mag,L1,train:50043,mag_Deva
panel2,B,vardial2018/train,mag,L1,train:50056,mai_Deva
panel2,B,vardial2018/train,mag,L1,train:50065,mag_Deva
panel2,B,vardial2018/train,mag,L1,train:50080,mag_Deva
panel2,B,vardial2018/train,mag,L1,train:50091,mag_Deva
panel2,B,vardial2018/train,mag,L1,train:50121,mag_Deva
panel2,B,vardial2018/train,mag,L1,train:50173,sck_Deva
panel2,B,vardial2018/train,mag,L1,train:50300,hne_Deva
panel2,B,vardial2018/train,mag,L1,train:50301,hin_Deva
panel2,B,vardial2018/train,mag,L1,train:50329,mag_Deva
panel2,B,vardial2018/train,mag,L1,train:50336,mag_Deva
panel2,B,vardial2018/train,mag,L1,train:50369,awa_Deva
panel2,B,vardial2018/train,mag,L1,train:50383,mai_Deva
panel2,B,vardial2018/train,mag,L1,train:50405,bho_Deva
panel2,B,vardial2018/train,mag,L1,train:50419,mag_Deva
panel2,B,vardial2018/train,mag,L1,train:50523,mag_Deva
panel2,B,vardial2018/train,mag,L1,train:50557,mag_Deva
panel2,B,vardial2018/train,mag,L1,train:50558,awa_Deva
panel2,B,vardial2018/train,mag,L1,train:50585,mag_Deva
panel2,B,vardial2018/train,mag,L1,train:50590,mag_Deva
panel2,B,vardial2018/train,mag,L1,train:50643,mag_Deva
panel2,B,vardial2018/train,mag,L1,train:50740,bho_Deva
panel2,B,vardial2018/train,mag,L1,train:50794,mag_Deva
panel2,B,vardial2018/train,mag,L1,train:50812,npi_Deva
panel2,B,vardial2018/train,mag,L1,train:50856,mag_Deva
panel2,B,vardial2018/train,mag,L1,train:50897,mag_Deva
panel2,B,vardial2018/train,mag,L1,train:50922,bho_Deva
panel2,B,vardial2018/train,mag,L1,train:50972,mai_Deva
panel2,B,vardial2018/train,mag,L1,train:51053,mai_Deva
panel2,B,vardial2018/train,mag,L1,train:51077,bho_Deva
panel2,B,vardial2018/train,mag,L1,train:51200,mag_Deva
panel2,B,vardial2018/train,mag,L1,train:51204,hin_Deva
panel2,B,vardial2018/train,mag,L1,train:51211,mag_Deva
panel2,B,vardial2018/train,mag,L1,train:51213,mag_Deva
panel2,B,vardial2018/train,mag,L1,train:51266,awa_Deva
panel2,B,vardial2018/train,mag,L1,train:51296,mag_Deva
panel2,B,vardial2018/train,mag,L1,train:51392,mag_Deva
panel2,B,vardial2018/train,mag,L1,train:51432,mai_Deva
panel2,B,vardial2018/train,mag,L1,train:51450,mag_Deva
panel2,B,vardial2018/train,mag,L1,train:51488,mai_Deva
panel2,B,vardial2018/train,mag,L1,train:51540,mag_Deva
panel2,B,vardial2018/train,mag,L1,train:51562,mag_Deva
panel2,B,vardial2018/train,mag,L1,train:51613,mai_Deva
panel2,B,vardial2018/train,mag,L1,train:51672,bho_Deva
panel2,B,vardial2018/train,mag,L1,train:51775,mag_Deva
panel2,B,vardial2018/train,mag,L1,train:51783,mag_Deva
panel2,B,vardial2018/train,mag,L1,train:51789,bho_Deva
panel2,B,vardial2018/train,mag,L1,train:51806,mag_Deva
panel2,B,vardial2018/train,mag,L1,train:51823,mag_Deva
panel2,B,vardial2018/train,mag,L1,train:51878,bho_Deva
panel2,B,vardial2018/train,mag,L1,train:51881,hin_Deva
panel2,B,vardial2018/train,mag,L1,train:51906,hin_Deva
panel2,B,vardial2018/train,mag,L1,train:51915,mag_Deva
panel2,B,vardial2018/train,mag,L1,train:51971,anp_Deva
panel2,B,vardial2018/train,mag,L1,train:52005,mag_Deva
panel2,B,vardial2018/train,mag,L1,train:52010,mag_Deva
panel2,B,vardial2018/train,mag,L1,train:52037,mag_Deva
panel2,B,vardial2018/train,mag,L1,train:52049,bho_Deva
panel2,B,vardial2018/train,mag,L1,train:52164,mag_Deva
panel2,B,vardial2018/train,mag,L1,train:52225,mag_Deva
panel2,B,vardial2018/train,mag,L1,train:52237,mag_Deva
panel2,B,vardial2018/train,mag,L1,train:52238,mag_Deva
panel2,B,vardial2018/train,mag,L1,train:52250,mag_Deva
panel2,B,vardial2018/train,mag,L1,train:52264,mag_Deva
panel2,B,vardial2018/train,mag,L1,train:52403,mag_Deva
panel2,B,vardial2018/train,mag,L1,train:52455,mag_Deva
panel2,B,vardial2018/train,mag,L1,train:52543,mag_Deva
panel2,B,vardial2018/train,mag,L1,train:52555,bho_Deva
panel2,B,vardial2018/train,mag,L1,train:52589,mag_Deva
panel2,B,vardial2018/train,mag,L1,train:52617,mag_Deva
panel2,B,vardial2018/train,mag,L1,train:52637,mag_Deva
panel2,B,vardial2018/train,mag,L1,train:52844,bho_Deva
panel2,B,vardial2018/train,mag,L1,train:52855,bho_Deva
panel2,B,vardial2018/train,mag,L1,train:52893,anp_Deva
panel2,B,vardial2018/train,mag,L1,train:52930,mag_Deva
panel2,B,vardial2018/train,mag,L1,train:52939,mag_Deva
panel2,B,vardial2018/train,mag,L1,train:52954,mag_Deva
panel2,B,vardial2018/train,mag,L1,train:52972,mag_Deva
panel2,B,vardial2018/train,mag,L1,train:53000,mag_Deva
panel2,B,vardial2018/train,mag,L1,train:53017,mag_Deva
panel2,B,vardial2018/train,mag,L1,train:53026,bho_Deva
panel2,B,vardial2018/train,mag,L1,train:53097,mag_Deva
panel2,B,vardial2018/train,mag,L1,train:53098,mag_Deva
panel2,B,vardial2018/train,mag,L1,train:53102,mar_Deva
panel2,B,vardial2018/train,mag,L1,train:53122,mai_Deva
panel2,B,vardial2018/train,mag,L1,train:53140,bho_Deva
panel2,B,vardial2018/train,mag,L1,train:53170,mai_Deva
panel2,B,vardial2018/train,mag,L1,train:53177,mai_Deva
panel2,B,vardial2018/train,mag,L1,train:53222,mai_Deva
panel2,B,vardial2018/train,mag,L1,train:53265,awa_Deva
panel2,B,vardial2018/train,mag,L1,train:53320,mai_Deva
panel2,B,vardial2018/train,mag,L1,train:53431,bho_Deva
panel2,B,vardial2018/train,mag,L1,train:53460,mag_Deva
panel2,B,vardial2018/train,mag,L1,train:53505,mag_Deva
panel2,B,vardial2018/train,mag,L1,train:53519,mag_Deva
panel2,B,vardial2018/train,mag,L1,train:53520,mai_Deva
panel2,B,vardial2018/train,mag,L1,train:53522,bho_Deva
panel2,B,vardial2018/train,mag,L1,train:53540,mag_Deva
panel2,B,vardial2018/train,mag,L1,train:53557,mai_Deva
panel2,B,vardial2018/train,mag,L1,train:53585,mag_Deva
panel2,B,vardial2018/train,mag,L1,train:53601,mag_Deva
panel2,B,vardial2018/train,mag,L1,train:53630,mag_Deva
panel2,B,vardial2018/train,mag,L1,train:53654,mag_Deva
panel2,B,vardial2018/train,mag,L1,train:53680,bho_Deva
panel2,B,vardial2018/train,mag,L1,train:53791,mag_Deva
panel2,B,vardial2018/train,mag,L1,train:53867,mag_Deva
panel2,B,vardial2018/train,mag,L1,train:53890,mag_Deva
panel2,B,vardial2018/train,mag,L1,train:53898,mag_Deva
panel2,B,vardial2018/train,mag,L1,train:53900,mag_Deva
panel2,B,vardial2018/train,mag,L1,train:53932,mag_Deva
panel2,B,vardial2018/train,mag,L1,train:53966,mag_Deva
panel2,B,vardial2018/train,mag,L1,train:53969,bho_Deva
panel2,B,vardial2018/train,mag,L1,train:54044,mag_Deva
panel2,B,vardial2018/train,mag,L1,train:54048,mag_Deva
panel2,B,vardial2018/train,mag,L1,train:54178,mag_Deva
panel2,B,vardial2018/train,mag,L1,train:54179,hin_Deva
panel2,B,vardial2018/train,mag,L1,train:54265,mag_Deva
panel2,B,vardial2018/train,mag,L1,train:54305,mag_Deva
panel2,B,vardial2018/train,mag,L1,train:54327,bho_Deva
panel2,B,vardial2018/train,mag,L1,train:54336,hne_Deva
panel2,B,vardial2018/train,mag,L1,train:54352,mai_Deva
panel2,B,vardial2018/train,mag,L1,train:54365,bho_Deva
panel2,B,vardial2018/train,mag,L1,train:54434,bho_Deva
panel2,B,vardial2018/train,mag,L1,train:54536,mag_Deva
panel2,B,vardial2018/train,mag,L1,train:54541,mai_Deva
panel2,B,vardial2018/train,mag,L1,train:54571,bho_Deva
panel2,B,vardial2018/train,mag,L1,train:54739,mag_Deva
panel2,B,vardial2018/train,mag,L1,train:54746,mag_Deva
panel2,B,vardial2018/train,mag,L1,train:54753,mag_Deva
panel2,B,vardial2018/train,mag,L1,train:54787,mag_Deva
panel2,B,vardial2018/train,mag,L1,train:54874,mag_Deva
panel2,B,vardial2018/train,mag,L1,train:54899,bho_Deva
panel2,B,vardial2018/train,mag,L1,train:54978,mag_Deva
panel2,B,vardial2018/train,mag,L1,train:54987,mag_Deva
panel2,B,vardial2018/train,mag,L1,train:55034,mai_Deva
panel2,B,vardial2018/train,mag,L1,train:55079,mag_Deva
panel2,B,vardial2018/train,mag,L1,train:55093,mag_Deva
panel2,B,vardial2018/train,mag,L1,train:55153,hin_Deva
panel2,B,vardial2018/train,mag,L1,train:55207,mag_Deva
panel2,B,vardial2018/train,mag,L1,train:55233,mag_Deva
panel2,B,vardial2018/train,mag,L1,train:55237,mag_Deva
panel2,B,vardial2018/train,mag,L1,train:55245,mag_Deva
panel2,B,vardial2018/train,mag,L1,train:55254,mag_Deva
panel2,B,vardial2018/train,mag,L1,train:55290,mai_Deva
panel2,B,vardial2018/train,mag,L1,train:55352,mag_Deva
panel2,B,vardial2018/train,mag,L1,train:55366,mag_Deva
panel2,B,vardial2018/train,mag,L1,train:55373,mag_Deva
panel2,B,vardial2018/train,mag,L1,train:55423,bho_Deva
panel2,B,vardial2018/train,mag,L1,train:55471,mag_Deva
panel2,B,vardial2018/train,mag,L1,train:55486,mag_Deva
panel2,B,vardial2018/train,mag,L1,train:55492,bho_Deva
panel2,B,vardial2018/train,mag,L1,train:55502,mag_Deva
panel2,B,vardial2018/train,mag,L1,train:55596,mag_Deva
panel2,B,vardial2018/train,mag,L1,train:55599,mag_Deva
panel2,B,vardial2018/train,mag,L1,train:55604,mag_Deva
panel2,B,vardial2018/train,mag,L1,train:55689,mai_Deva
panel2,B,vardial2018/train,mag,L1,train:55723,bho_Deva
panel2,B,vardial2018/train,mag,L1,train:55796,anp_Deva
panel2,B,vardial2018/train,mag,L1,train:55935,mag_Deva
panel2,B,vardial2018/train,mag,L1,train:56010,mag_Deva
panel2,B,vardial2018/train,mag,L1,train:56015,mag_Deva
panel2,B,vardial2018/train,mag,L1,train:56088,mai_Deva
panel2,B,vardial2018/train,mag,L1,train:56160,mag_Deva
panel2,B,vardial2018/train,mag,L1,train:56261,bho_Deva
panel2,B,vardial2018/train,mag,L1,train:56306,mag_Deva
panel2,B,vardial2018/train,mag,L1,train:56328,mag_Deva
panel2,B,vardial2018/train,mag,L1,train:56329,mag_Deva
panel2,B,vardial2018/train,mag,L1,train:56435,mag_Deva
panel2,B,vardial2018/train,mag,L1,train:56456,mag_Deva
panel2,B,vardial2018/train,mag,L1,train:56459,mai_Deva
panel2,B,vardial2018/train,mag,L1,train:56521,awa_Deva
panel2,B,vardial2018/train,mag,L1,train:56553,mag_Deva
panel2,B,vardial2018/train,mag,L1,train:56585,bho_Deva
panel2,B,vardial2018/train,mag,L1,train:56600,mai_Deva
panel2,B,vardial2018/train,mag,L1,train:56778,bho_Deva
panel2,B,vardial2018/train,mag,L1,train:56912,mag_Deva
panel2,B,vardial2018/train,mag,L1,train:57033,mag_Deva
panel2,B,vardial2018/train,mag,L1,train:57041,bho_Deva
panel2,B,vardial2018/train,mag,L1,train:57119,mag_Deva
panel2,B,vardial2018/train,mag,L1,train:57141,mag_Deva
panel2,B,vardial2018/train,mag,L1,train:57172,mag_Deva
panel2,B,vardial2018/train,mag,L1,train:57173,mag_Deva
panel2,B,vardial2018/train,mag,L1,train:57175,bho_Deva
panel2,B,vardial2018/train,mag,L1,train:57183,mag_Deva
panel2,B,vardial2018/train,mag,L1,train:57193,hin_Deva
panel2,B,vardial2018/train,mag,L1,train:57222,mag_Deva
panel2,B,vardial2018/train,mag,L1,train:57293,mag_Deva
panel2,B,vardial2018/train,mag,L1,train:57309,mag_Deva
panel2,B,vardial2018/train,mag,L1,train:57331,mai_Deva
panel2,B,vardial2018/train,mag,L1,train:57355,mag_Deva
panel2,B,vardial2018/train,mag,L1,train:57398,bho_Deva
panel2,B,vardial2018/train,mag,L1,train:57458,mag_Deva
panel2,B,vardial2018/train,mag,L1,train:57488,mag_Deva
panel2,B,vardial2018/train,mag,L1,train:57552,mag_Deva
panel2,B,vardial2018/train,mag,L1,train:57572,mag_Deva
panel2,B,vardial2018/train,mag,L1,train:57584,bho_Deva
panel2,B,vardial2018/train,mag,L1,train:57601,mag_Deva
panel2,B,vardial2018/train,mag,L1,train:57664,sck_Deva
panel2,B,vardial2018/train,mag,L1,train:57672,mag_Deva
panel2,B,vardial2018/train,mag,L1,train:57708,hin_Deva
panel2,B,vardial2018/train,mag,L1,train:57726,hin_Deva
panel2,B,vardial2018/train,mag,L1,train:57760,mag_Deva
panel2,B,vardial2018/train,mag,L1,train:57778,mag_Deva
panel2,B,vardial2018/train,mag,L1,train:57813,mag_Deva
panel2,B,vardial2018/train,mag,L1,train:57833,bho_Deva
panel2,B,vardial2018/train,mag,L1,train:57874,mai_Deva
panel2,B,vardial2018/train,mag,L1,train:57899,mag_Deva
panel2,B,vardial2018/train,mag,L1,train:57906,bho_Deva
panel2,B,vardial2018/train,mag,L1,train:57928,hin_Deva
panel2,B,vardial2018/train,mag,L1,train:57957,mag_Deva
panel2,B,vardial2018/train,mag,L1,train:58045,mag_Deva
panel2,B,vardial2018/train,mag,L1,train:58053,bho_Deva
panel2,B,vardial2018/train,mag,L1,train:58077,mag_Deva
panel2,B,vardial2018/train,mag,L1,train:58117,mag_Deva
panel2,B,vardial2018/train,mag,L1,train:58123,mag_Deva
panel2,B,vardial2018/train,mag,L1,train:58132,mag_Deva
panel2,B,vardial2018/train,mag,L1,train:58215,mag_Deva
panel2,B,vardial2018/train,mag,L1,train:58230,mag_Deva
panel2,B,vardial2018/train,mag,L1,train:58247,mag_Deva
panel2,B,vardial2018/train,mag,L1,train:58294,mag_Deva
panel2,B,vardial2018/train,mag,L1,train:58381,anp_Deva
panel2,B,vardial2018/train,mag,L1,train:58418,bho_Deva
panel2,B,vardial2018/train,mag,L1,train:58478,mag_Deva
panel2,B,vardial2018/train,mag,L1,train:58507,bho_Deva
panel2,B,vardial2018/train,mag,L1,train:58576,mag_Deva
panel2,B,vardial2018/train,mag,L1,train:58578,mag_Deva
panel2,B,vardial2018/train,mag,L1,train:58597,mag_Deva
panel2,B,vardial2018/train,mag,L1,train:58638,kru_Deva
panel2,B,vardial2018/train,mag,L1,train:58672,mag_Deva
panel2,B,vardial2018/train,mag,L1,train:58702,mag_Deva
panel2,B,vardial2018/train,mag,L1,train:58717,mag_Deva
panel2,B,vardial2018/train,mag,L1,train:58733,mag_Deva
panel2,B,vardial2018/train,mag,L1,train:58767,hin_Deva
panel2,B,vardial2018/train,mag,L1,train:58778,bho_Deva
panel2,B,vardial2018/train,mag,L1,train:58806,mag_Deva
panel2,B,vardial2018/train,mag,L1,train:58807,mag_Deva
panel2,B,vardial2018/train,mag,L1,train:58843,mag_Deva
panel2,B,vardial2018/train,mag,L1,train:58881,mai_Deva
panel2,B,vardial2018/train,mag,L1,train:58884,mag_Deva
panel2,B,vardial2018/train,mag,L1,train:58917,mag_Deva
panel2,B,vardial2018/train,mag,L1,train:58934,mag_Deva
panel2,B,vardial2018/train,mag,L1,train:59036,mag_Deva
panel2,B,vardial2018/train,mag,L1,train:59118,mag_Deva
panel2,B,vardial2018/train,mag,L1,train:59150,mag_Deva
panel2,B,vardial2018/train,mag,L1,train:59179,bho_Deva
panel2,B,vardial2018/train,mag,L1,train:59247,bho_Deva
panel2,B,vardial2018/train,mag,L1,train:59254,mag_Deva
panel2,B,vardial2018/train,mag,L1,train:59278,mag_Deva
panel2,B,vardial2018/train,mag,L1,train:59281,awa_Deva
panel2,B,vardial2018/train,mag,L1,train:59290,bho_Deva
panel2,B,vardial2018/train,mag,L1,train:59316,mag_Deva
panel2,B,vardial2018/train,mag,L1,train:59363,bho_Deva
panel2,B,vardial2018/train,mag,L1,train:59376,mag_Deva
panel2,B,vardial2018/train,mag,L1,train:59405,mag_Deva
panel2,B,vardial2018/train,mag,L1,train:59407,bho_Deva
panel2,B,vardial2018/train,mag,L1,train:59415,mai_Deva
panel2,B,vardial2018/train,mag,L1,train:59425,mag_Deva
panel2,B,vardial2018/train,mag,L1,train:59444,mag_Deva
panel2,B,vardial2018/train,mag,L1,train:59456,mag_Deva
panel2,B,vardial2018/train,mag,L1,train:59465,mag_Deva
panel2,B,vardial2018/train,mag,L1,train:59482,mag_Deva
panel2,B,vardial2018/train,mag,L1,train:59520,mag_Deva
panel2,B,vardial2018/train,mag,L1,train:59566,mag_Deva
panel2,B,vardial2018/train,mag,L1,train:59595,mai_Deva
panel2,B,vardial2018/train,mag,L1,train:59597,mai_Deva
panel2,B,vardial2018/train,mag,L1,train:59635,mai_Deva
panel2,B,vardial2018/train,mag,L1,train:59654,mag_Deva
panel2,B,vardial2018/train,mag,L1,train:59691,mag_Deva
panel2,B,vardial2018/train,mag,L1,train:59692,mag_Deva
panel2,B,vardial2018/train,mag,L1,train:59734,sck_Deva
panel2,B,vardial2018/train,mag,L1,train:59812,mai_Deva
panel2,B,vardial2018/train,mag,L1,train:59821,mag_Deva
panel2,B,vardial2018/train,mag,L1,train:59834,mai_Deva
panel2,B,vardial2018/train,mag,L1,train:59844,mag_Deva
panel2,B,vardial2018/train,mag,L1,train:59893,mag_Deva
panel2,B,vardial2018/train,mag,L1,train:59907,sck_Deva
panel2,B,vardial2018/train,mag,L1,train:59959,mag_Deva
panel2,B,vardial2018/train,mag,L1,train:59962,mag_Deva
panel2,B,vardial2018/train,mag,L1,train:60011,bho_Deva
panel2,B,vardial2018/train,mag,L1,train:60012,mag_Deva
panel2,B,vardial2018/train,mag,L1,train:60048,awa_Deva
panel2,B,vardial2018/train,mag,L1,train:60055,doi_Deva
panel2,B,vardial2018/train,mag,L1,train:60114,mag_Deva
panel2,B,vardial2018/train,mag,L1,train:60137,mag_Deva
panel2,B,vardial2018/train,mag,L1,train:60140,mag_Deva
panel2,B,vardial2018/train,mag,L1,train:60147,mai_Deva
panel2,B,vardial2018/train,mag,L1,train:60163,mag_Deva
panel2,B,vardial2018/train,mag,L1,train:60183,kas_Deva
panel2,B,vardial2018/train,mag,L1,train:60193,hin_Deva
panel2,B,vardial2018/train,mag,L1,train:60199,mai_Deva
panel2,B,vardial2018/train,mag,L1,train:60218,bho_Deva
panel2,B,vardial2018/train,mag,L1,train:60247,mag_Deva
panel2,B,vardial2018/train,mag,L1,train:60252,mai_Deva
panel2,B,vardial2018/train,mag,L1,train:60272,bho_Deva
panel2,B,vardial2018/train,mag,L1,train:60308,awa_Deva
panel2,B,vardial2018/train,mag,L1,train:60311,mag_Deva
panel2,B,vardial2018/train,mag,L1,train:60382,mag_Deva
panel2,B,vardial2018/train,mag,L1,train:60450,mag_Deva
panel2,B,vardial2018/train,mag,L1,train:60470,bho_Deva
panel2,B,vardial2018/train,mag,L1,train:60486,mai_Deva
panel2,B,vardial2018/train,mag,L1,train:60496,mag_Deva
panel2,B,vardial2018/train,mag,L1,train:60502,mag_Deva
panel2,B,vardial2018/train,mag,L1,train:60514,mag_Deva
panel2,B,vardial2018/train,mag,L1,train:60528,mag_Deva
panel2,B,vardial2018/train,mag,L1,train:60538,mag_Deva
panel2,B,vardial2018/train,mag,L1,train:60553,mag_Deva
panel2,B,vardial2018/train,mag,L1,train:60559,mag_Deva
panel2,B,vardial2018/train,mag,L1,train:60598,bho_Deva
panel2,B,vardial2018/train,mag,L1,train:60601,mag_Deva
panel2,B,vardial2018/train,mag,L1,train:60640,mag_Deva
panel2,B,vardial2018/train,mag,L1,train:60659,bho_Deva
panel2,B,vardial2018/train,mag,L1,train:60669,mag_Deva
panel2,B,vardial2018/train,mag,L1,train:60711,mag_Deva
panel2,B,vardial2018/train,mag,L1,train:60780,mag_Deva
panel2,B,vardial2018/train,mag,L1,train:60790,mag_Deva
panel2,B,vardial2018/train,mag,L1,train:60794,mag_Deva
panel2,B,vardial2018/train,mag,L1,train:60803,mag_Deva
panel2,B,vardial2018/train,mag,L1,train:60820,mag_Deva
panel2,B,vardial2018/train,mag,L1,train:60933,mag_Deva
panel2,B,vardial2018/train,mag,L1,train:60979,mag_Deva
panel2,B,vardial2018/train,mag,L1,train:61042,new_Deva
panel2,B,vardial2018/train,mag,L1,train:61106,mag_Deva
panel2,B,vardial2018/train,mag,L1,train:61111,bho_Deva
panel2,B,vardial2018/train,mag,L1,train:61141,mag_Deva
panel2,B,vardial2018/train,mag,L1,train:61168,mag_Deva
panel2,B,vardial2018/train,mag,L1,train:61205,hne_Deva
panel2,B,vardial2018/train,mag,L1,train:61206,bho_Deva
panel2,B,vardial2018/train,mag,L1,train:61322,mai_Deva
panel2,B,vardial2018/train,mag,L1,train:61366,hin_Deva
panel2,B,vardial2018/train,mag,L1,train:61409,mag_Deva
panel2,B,vardial2018/train,mag,L1,train:61425,mai_Deva
panel2,B,vardial2018/train,mag,L1,train:61430,mai_Deva
panel2,B,vardial2018/train,mag,L1,train:61456,bho_Deva
panel2,B,vardial2018/train,mag,L1,train:61498,mag_Deva
panel2,B,vardial2018/train,mag,L1,train:61528,mag_Deva
panel2,B,vardial2018/train,mag,L1,train:61607,bho_Deva
panel2,B,vardial2018/train,mag,L1,train:61618,bho_Deva
panel2,B,vardial2018/train,mag,L1,train:61662,mag_Deva
panel2,B,vardial2018/train,mag,L1,train:61665,mag_Deva
panel2,B,vardial2018/train,mag,L1,train:61763,mag_Deva
panel2,B,vardial2018/train,mag,L1,train:61805,awa_Deva
panel2,B,vardial2018/train,mag,L1,train:61846,ghe_Deva
panel2,B,vardial2018/train,mag,L1,train:61847,awa_Deva
panel2,B,vardial2018/train,mag,L1,train:61885,mag_Deva
panel2,B,vardial2018/train,mag,L1,train:61892,mag_Deva
panel2,B,vardial2018/train,mag,L1,train:61901,mai_Deva
panel2,B,vardial2018/train,mag,L1,train:61917,mai_Deva
panel2,B,vardial2018/train,mag,L1,train:62027,mag_Deva
panel2,B,vardial2018/train,mag,L1,train:62030,mag_Deva
panel2,B,vardial2018/train,mag,L1,train:62053,bho_Deva
panel2,B,vardial2018/train,mag,L1,train:62191,mag_Deva
panel2,B,vardial2018/train,mag,L1,train:62225,bho_Deva
panel2,B,vardial2018/train,mag,L1,train:62226,mag_Deva
panel2,B,vardial2018/train,mag,L1,train:62228,doi_Deva
panel2,B,vardial2018/train,mag,L1,train:62236,mag_Deva
panel2,B,vardial2018/train,mag,L1,train:62405,mag_Deva
panel2,B,vardial2018/train,mag,L1,train:62414,mag_Deva
panel2,B,vardial2018/train,mag,L1,train:62493,mag_Deva
panel2,B,vardial2018/train,mag,L1,train:62629,mag_Deva
panel2,B,vardial2018/train,mag,L1,train:62638,awa_Deva
panel2,B,vardial2018/train,mag,L1,train:62667,mag_Deva
panel2,B,vardial2018/train,mag,L1,train:62680,mag_Deva
panel2,B,vardial2018/train,mag,L1,train:62694,mag_Deva
panel2,B,vardial2018/train,mag,L1,train:62698,mag_Deva
panel2,B,vardial2018/train,mag,L1,train:62741,bho_Deva
panel2,B,vardial2018/train,mag,L1,train:62760,bho_Deva
panel2,B,vardial2018/train,mag,L1,train:62785,mag_Deva
panel2,B,vardial2018/train,mag,L1,train:62800,mag_Deva
panel2,B,vardial2018/train,mag,L1,train:62809,mai_Deva
panel2,B,vardial2018/train,mag,L1,train:62922,mag_Deva
panel2,B,vardial2018/train,mag,L1,train:62996,mag_Deva
panel2,B,vardial2018/train,mag,L1,train:63041,bho_Deva
panel2,B,vardial2018/train,mag,L1,train:63050,mag_Deva
panel2,B,vardial2018/train,mag,L1,train:63055,bho_Deva
panel2,B,vardial2018/train,mag,L1,train:63137,mag_Deva
panel2,B,vardial2018/train,mag,L1,train:63152,mag_Deva
panel2,B,vardial2018/train,mag,L1,train:63162,mag_Deva
panel2,B,vardial2018/train,mag,L1,train:63206,mag_Deva
panel2,B,vardial2018/train,mag,L1,train:63218,mag_Deva
panel2,B,vardial2018/train,mag,L1,train:63283,mag_Deva
panel2,B,vardial2018/train,mag,L1,train:63324,mag_Deva
panel2,B,vardial2018/train,mag,L1,train:63480,mag_Deva
panel2,B,vardial2018/train,mag,L1,train:63483,mai_Deva
panel2,B,vardial2018/train,mag,L1,train:63504,mag_Deva
panel2,B,vardial2018/train,mag,L1,train:63507,bho_Deva
panel2,B,vardial2018/train,mag,L1,train:63618,awa_Deva
panel2,B,vardial2018/train,mag,L1,train:63747,mag_Deva
panel2,B,vardial2018/train,mag,L1,train:63751,mag_Deva
panel2,B,vardial2018/train,mag,L1,train:63784,mag_Deva
panel2,B,vardial2018/train,mag,L1,train:63825,bho_Deva
panel2,B,vardial2018/train,mag,L1,train:63830,mag_Deva
panel2,B,vardial2018/train,mag,L1,train:63836,mai_Deva
panel2,B,vardial2018/train,mag,L1,train:63854,mag_Deva
panel2,B,vardial2018/train,mag,L1,train:63895,mai_Deva
panel2,B,vardial2018/train,mag,L1,train:63938,mag_Deva
panel2,B,vardial2018/train,mag,L1,train:64080,bho_Deva
panel2,B,vardial2018/train,mag,L1,train:64185,mag_Deva
panel2,B,vardial2018/train,mag,L1,train:64209,bho_Deva
panel2,B,vardial2018/train,mag,L1,train:64210,mag_Deva
panel2,B,vardial2018/train,mag,L1,train:64216,mag_Deva
panel2,B,vardial2018/train,mag,L1,train:64242,mag_Deva
panel2,B,vardial2018/train,mag,L1,train:64267,mag_Deva
panel2,B,vardial2018/train,mag,L1,train:64287,mag_Deva
panel2,B,vardial2018/train,mag,L1,train:64296,awa_Deva
panel2,B,vardial2018/train,mag,L1,train:64378,mag_Deva
panel2,B,vardial2018/train,mag,L1,train:64399,mag_Deva
panel2,B,vardial2018/train,mag,L1,train:64430,bho_Deva
panel2,B,vardial2018/train,mag,L1,train:64434,mag_Deva
panel2,B,vardial2018/train,mag,L1,train:64461,bho_Deva
panel2,B,vardial2018/train,mag,L1,train:64598,mag_Deva
panel2,B,vardial2018/train,mag,L1,train:64608,bho_Deva
panel2,B,vardial2018/train,mag,L1,train:64649,bho_Deva
panel2,B,vardial2018/train,mag,L1,train:64661,mag_Deva
panel2,B,vardial2018/train,mag,L1,train:64662,mag_Deva
panel2,B,vardial2018/train,mag,L1,train:64684,mag_Deva
panel2,B,vardial2018/train,mag,L1,train:64693,mag_Deva
panel2,B,vardial2018/train,mag,L1,train:64762,mag_Deva
panel2,B,vardial2018/train,mag,L1,train:64793,mag_Deva
panel2,B,vardial2018/train,mag,L1,train:64795,mag_Deva
panel2,B,vardial2018/train,mag,L1,train:64812,bho_Deva
panel2,B,vardial2018/train,mag,L1,train:64832,mag_Deva
panel2,B,vardial2018/train,mag,L1,train:64838,awa_Deva
panel2,B,vardial2018/train,mag,L1,train:64874,mag_Deva
panel2,B,vardial2018/train,mag,L1,train:64898,mag_Deva
panel2,B,vardial2018/train,mag,L1,train:64913,mag_Deva
panel2,B,vardial2018/train,mag,L1,train:64917,mai_Deva
panel2,B,vardial2018/train,mag,L1,train:64929,awa_Deva
panel2,B,vardial2018/train,mag,L1,train:65036,mag_Deva
panel2,B,vardial2018/train,mag,L1,train:65043,mag_Deva
panel2,B,vardial2018/train,mag,L1,train:65078,mag_Deva
panel2,B,vardial2018/train,mag,L1,train:65131,mag_Deva
panel2,B,vardial2018/train,mag,L1,train:65153,mag_Deva
panel2,B,vardial2018/train,mag,L1,train:65216,mag_Deva
panel2,B,vardial2018/train,mag,L1,train:65257,mag_Deva
panel2,B,vardial2018/train,mag,L1,train:65273,bho_Deva
panel2,B,vardial2018/train,mag,L1,train:65302,mag_Deva
panel2,B,vardial2018/train,mag,L1,train:65322,mag_Deva
panel2,B,vardial2018/train,mag,L1,train:65329,mag_Deva
panel2,B,vardial2018/train,mag,L1,train:65387,hne_Deva
panel2,B,vardial2018/train,mag,L1,train:65403,bho_Deva
panel2,B,vardial2018/train,mag,L1,train:65468,mag_Deva
panel2,B,vardial2018/train,mag,L1,train:65472,mai_Deva
panel2,B,vardial2018/train,mag,L1,train:65547,bho_Deva
panel2,B,vardial2018/train,mag,L1,train:65574,mag_Deva
panel2,B,vardial2018/train,mag,L1,train:65584,bho_Deva
panel2,B,vardial2018/train,mag,L1,train:65623,mag_Deva
panel2,B,vardial2018/train,mag,L1,train:65677,mag_Deva
panel2,B,vardial2018/train,mag,L1,train:65688,mag_Deva
panel2,B,vardial2018/train,mag,L1,train:65690,mag_Deva
panel2,B,vardial2018/train,mag,L1,train:65758,mag_Deva
panel2,B,vardial2018/train,mag,L1,train:65834,mag_Deva
panel2,B,vardial2018/train,mag,L1,train:65853,mag_Deva
panel2,B,vardial2018/train,mag,L1,train:65864,bho_Deva
panel2,B,vardial2018/train,mag,L1,train:65881,mag_Deva
panel2,B,vardial2018/train,mag,L1,train:65926,mag_Deva
panel2,B,vardial2018/train,mag,L1,train:66004,mai_Deva
panel2,B,vardial2018/train,mag,L1,train:66005,bho_Deva
panel2,B,vardial2018/train,mag,L1,train:66022,mag_Deva
panel2,B,vardial2018/train,mag,L1,train:66049,mag_Deva
panel2,B,vardial2018/train,mag,L1,train:66139,mag_Deva
panel2,B,vardial2018/train,mag,L1,train:66163,mag_Deva
panel2,B,vardial2018/train,mag,L1,train:66200,awa_Deva
panel2,B,vardial2018/train,mag,L1,train:66233,mag_Deva
panel2,B,vardial2018/train,mag,L1,train:66260,mag_Deva
panel2,B,vardial2018/train,mag,L1,train:66261,bho_Deva
panel2,B,vardial2018/train,mag,L1,train:66364,mag_Deva
panel2,B,vardial2018/train,mag,L1,train:66446,mag_Deva
panel2,B,vardial2018/train,mag,L1,train:66476,mag_Deva
panel2,B,vardial2018/train,mag,L1,train:66523,mag_Deva
panel2,B,vardial2018/train,mag,L1,train:66572,thl_Deva
panel2,B,vardial2018/train,mag,L1,train:66578,bho_Deva
panel2,B,vardial2018/train,mag,L1,train:66608,mag_Deva
panel2,B,vardial2018/train,mag,L1,train:66617,mag_Deva
panel2,B,vardial2018/train,mag,L1,train:66633,mag_Deva
panel2,B,vardial2018/train,mag,L1,train:66644,bho_Deva
panel2,B,vardial2018/train,mag,L1,train:66730,hin_Deva
panel2,B,vardial2018/train,mag,L1,train:66735,mag_Deva
panel2,B,vardial2018/train,mag,L1,train:66833,mag_Deva
panel2,B,vardial2018/train,mag,L1,train:66872,mag_Deva
panel2,B,vardial2018/train,mag,L1,train:66906,mag_Deva
panel2,B,vardial2018/train,mag,L1,train:66938,mag_Deva
panel2,B,vardial2018/train,mag,L1,train:66981,bho_Deva
panel2,B,vardial2018/train,mag,L1,train:66989,mag_Deva
panel2,B,vardial2018/train,mag,L1,train:67024,mag_Deva
panel2,B,vardial2018/train,mag,L1,train:67039,mag_Deva
panel2,B,vardial2018/train,mag,L1,train:67143,mag_Deva
panel2,B,vardial2018/train,mag,L1,train:67275,mag_Deva
panel2,B,vardial2018/train,mag,L1,train:67327,bho_Deva
panel2,B,vardial2018/train,mag,L1,train:67359,mag_Deva
panel2,B,vardial2018/train,mag,L1,train:67361,mag_Deva
panel2,B,vardial2018/train,mag,L1,train:67400,anp_Deva
panel2,B,vardial2018/train,mag,L1,train:67459,mag_Deva
panel2,B,vardial2018/train,mag,L1,train:67474,san_Deva
panel2,B,vardial2018/train,mag,L1,train:67481,bho_Deva
panel2,B,vardial2018/train,mag,L1,train:67543,mag_Deva
panel2,B,vardial2018/train,mag,L1,train:67555,mag_Deva
panel2,B,vardial2018/train,mag,L1,train:67558,mag_Deva
panel2,B,vardial2018/train,mag,L1,train:67572,mag_Deva
panel2,B,vardial2018/train,mag,L1,train:67606,mag_Deva
panel2,B,vardial2018/train,mag,L1,train:67624,awa_Deva
panel2,B,vardial2018/train,mag,L1,train:67630,mai_Deva
panel2,B,vardial2018/train,mag,L1,train:67724,mag_Deva
panel2,B,vardial2018/train,mag,L1,train:67758,mag_Deva
panel2,B,vardial2018/train,mag,L1,train:67788,bho_Deva
panel2,B,vardial2018/train,mag,L1,train:67794,mag_Deva
panel2,B,vardial2018/train,mag,L1,train:67820,mag_Deva
panel2,B,vardial2018/train,mag,L1,train:67829,mag_Deva
panel2,B,vardial2018/train,mag,L1,train:67880,mai_Deva
panel2,B,vardial2018/train,mag,L1,train:67929,hin_Deva
panel2,B,vardial2018/train,mag,L1,train:67975,mag_Deva
panel2,B,vardial2018/train,mag,L1,train:68008,mag_Deva
panel2,B,vardial2018/train,mag,L1,train:68122,mag_Deva
panel2,B,vardial2018/train,mag,L1,train:68145,mag_Deva
panel2,B,vardial2018/train,mag,L1,train:68228,mai_Deva
panel2,B,vardial2018/train,mag,L1,train:68255,mag_Deva
panel2,B,vardial2018/train,mag,L1,train:68296,mag_Deva
panel2,B,vardial2018/train,mag,L1,train:68323,mag_Deva
panel2,B,vardial2018/train,mag,L1,train:68396,mag_Deva
panel2,B,vardial2018/train,mag,L1,train:68401,mag_Deva
panel2,B,vardial2018/train,mag,L1,train:68478,bho_Deva
panel2,B,vardial2018/train,mag,L1,train:68546,mai_Deva
panel2,B,vardial2018/train,mag,L1,train:68636,mag_Deva
panel2,B,vardial2018/train,mag,L1,train:68656,hne_Deva
panel2,B,vardial2018/train,mag,L1,train:68671,bho_Deva
panel2,B,vardial2018/train,mag,L1,train:68749,mag_Deva
panel2,B,vardial2018/train,mag,L1,train:68758,mag_Deva
panel2,B,vardial2018/train,mag,L1,train:68791,hne_Deva
panel2,B,vardial2018/train,mag,L1,train:68876,awa_Deva
panel2,B,vardial2018/train,mag,L1,train:68941,mag_Deva
panel2,B,vardial2018/train,mag,L1,train:68963,mag_Deva
panel2,B,vardial2018/train,mag,L1,train:69102,mag_Deva
panel2,B,vardial2018/train,mag,L1,train:69103,mag_Deva
panel2,B,vardial2018/train,mag,L1,train:69132,bho_Deva
panel2,B,vardial2018/train,mag,L1,train:69146,mag_Deva
panel2,B,vardial2018/train,mag,L1,train:69147,mai_Deva
panel2,B,vardial2018/train,mag,L1,train:69162,mag_Deva
panel2,B,vardial2018/train,mag,L1,train:69182,bho_Deva
panel2,B,vardial2018/train,mag,L1,train:69197,mai_Deva
panel2,B,vardial2018/train,mag,L1,train:69276,mag_Deva
panel2,B,vardial2018/train,mag,L1,train:69305,mai_Deva
panel2,B,vardial2018/train,mag,L1,train:69306,bho_Deva
panel2,B,vardial2018/train,mag,L1,train:69324,mai_Deva
panel2,B,vardial2018/train,mag,L1,train:69340,mag_Deva
panel2,B,vardial2018/train,mag,L1,train:69362,mag_Deva
panel2,B,vardial2018/train,mag,L1,train:69378,mag_Deva
panel2,B,vardial2018/train,mag,L1,train:69415,mag_Deva
panel2,B,vardial2018/train,mag,L1,train:69446,mag_Deva
panel2,B,vardial2018/train,mag,L1,train:69482,mai_Deva
panel2,B,vardial2018/train,mag,L1,train:69625,mai_Deva
panel2,B,vardial2018/train,mag,L1,train:69635,mag_Deva
panel2,B,vardial2018/train,mag,L1,train:69639,mag_Deva
panel2,B,vardial2018/train,mag,L1,train:69693,mag_Deva
panel2,B,vardial2018/train,mag,L1,train:69710,bho_Deva
panel2,B,vardial2018/train,mag,L1,train:69733,mai_Deva
panel2,B,vardial2018/train,mag,L1,train:69741,mag_Deva
panel2,B,vardial2018/train,mag,L1,train:69803,awa_Deva
panel2,B,vardial2018/train,mag,L1,train:69807,mag_Deva
panel2,B,vardial2018/train,mag,L1,train:69822,hin_Deva
panel2,B,vardial2018/train,mag,L1,train:69869,mag_Deva
panel2,B,vardial2018/train,mag,L1,train:69879,hin_Deva
panel2,B,vardial2018/train,mag,L1,train:69881,mag_Deva
panel2,B,vardial2018/train,mag,L1,train:69897,mag_Deva
panel2,B,vardial2018/train,mag,L1,train:70041,mag_Deva
panel2,B,vardial2018/train,mag,L1,train:70043,mag_Deva
panel2,B,vardial2018/train,mag,L1,train:70053,mag_Deva
panel2,B,vardial2018/train,mag,L1,train:70091,mag_Deva
panel2,B,vardial2018/train,mag,L1,train:70151,mag_Deva
panel2,B,vardial2018/train,mag,L1,train:70181,mag_Deva
panel2,B,vardial2018/train,mag,L1,train:70206,bho_Deva
panel2,B,vardial2018/train,mag,L1,train:70262,bho_Deva
panel2,B,vardial2018/train,mag,L1,train:70292,mag_Deva
panel2,B,vardial2018/train,mag,L1,train:70331,mag_Deva
panel2,C,angika_wikipedia_1028,anp,L1,2:s1,anp_Deva
panel2,C,angika_wikipedia_1028,anp,L1,2:s2,anp_Deva
panel2,C,angika_wikipedia_1028,anp,L1,3:s0,anp_Deva
panel2,C,angika_wikipedia_1028,anp,L1,3:s1,anp_Deva
panel2,C,angika_wikipedia_1028,anp,L1,5:s0,anp_Deva
panel2,C,angika_wikipedia_1028,anp,L1,6:s0,anp_Deva
panel2,C,angika_wikipedia_1028,anp,L1,6:s1,anp_Deva
panel2,C,angika_wikipedia_1028,anp,L1,6:s4,anp_Deva
panel2,C,angika_wikipedia_1028,anp,L1,7:s0,anp_Deva
panel2,C,angika_wikipedia_1028,anp,L1,7:s1,anp_Deva
panel2,C,angika_wikipedia_1028,anp,L1,7:s2,anp_Deva
panel2,C,angika_wikipedia_1028,anp,L1,7:s9,anp_Deva
panel2,C,angika_wikipedia_1028,anp,L1,7:s10,anp_Deva
panel2,C,angika_wikipedia_1028,anp,L1,8:s1,anp_Deva
panel2,C,angika_wikipedia_1028,anp,L1,8:s3,anp_Deva
panel2,C,angika_wikipedia_1028,anp,L1,10:s0,anp_Deva
panel2,C,angika_wikipedia_1028,anp,L1,12:s2,anp_Deva
panel2,C,angika_wikipedia_1028,anp,L1,12:s3,anp_Deva
panel2,C,angika_wikipedia_1028,anp,L1,13:s0,anp_Deva
panel2,C,angika_wikipedia_1028,anp,L1,13:s4,anp_Deva
panel2,C,angika_wikipedia_1028,anp,L1,14:s1,bho_Deva
panel2,C,angika_wikipedia_1028,anp,L1,14:s2,anp_Deva
panel2,C,angika_wikipedia_1028,anp,L1,14:s4,anp_Deva
panel2,C,angika_wikipedia_1028,anp,L1,15:s0,anp_Deva
panel2,C,angika_wikipedia_1028,anp,L1,15:s2,anp_Deva
panel2,C,angika_wikipedia_1028,anp,L1,15:s3,anp_Deva
panel2,C,angika_wikipedia_1028,anp,L1,15:s4,anp_Deva
panel2,C,angika_wikipedia_1028,anp,L1,16:s2,anp_Deva
panel2,C,angika_wikipedia_1028,anp,L1,17:s0,anp_Deva
panel2,C,angika_wikipedia_1028,anp,L1,17:s2,anp_Deva
panel2,C,angika_wikipedia_1028,anp,L1,17:s3,anp_Deva
panel2,C,angika_wikipedia_1028,anp,L1,18:s0,anp_Deva
panel2,C,angika_wikipedia_1028,anp,L1,18:s1,anp_Deva
panel2,C,angika_wikipedia_1028,anp,L1,18:s2,anp_Deva
panel2,C,angika_wikipedia_1028,anp,L1,18:s4,anp_Deva
panel2,C,angika_wikipedia_1028,anp,L1,18:s5,anp_Deva
panel2,C,angika_wikipedia_1028,anp,L1,18:s6,anp_Deva
panel2,C,angika_wikipedia_1028,anp,L1,18:s9,anp_Deva
panel2,C,angika_wikipedia_1028,anp,L1,18:s12,mai_Deva
panel2,C,angika_wikipedia_1028,anp,L1,19:s1,anp_Deva
panel2,C,angika_wikipedia_1028,anp,L1,21:s0,anp_Deva
panel2,C,angika_wikipedia_1028,anp,L1,21:s1,anp_Deva
panel2,C,angika_wikipedia_1028,anp,L1,21:s2,anp_Deva
panel2,C,angika_wikipedia_1028,anp,L1,22:s0,anp_Deva
panel2,C,angika_wikipedia_1028,anp,L1,22:s1,anp_Deva
panel2,C,angika_wikipedia_1028,anp,L1,22:s2,anp_Deva
panel2,C,angika_wikipedia_1028,anp,L1,23:s0,anp_Deva
panel2,C,angika_wikipedia_1028,anp,L1,23:s1,anp_Deva
panel2,C,angika_wikipedia_1028,anp,L1,23:s2,anp_Deva
panel2,C,angika_wikipedia_1028,anp,L1,23:s3,anp_Deva
panel2,C,angika_wikipedia_1028,anp,L1,24:s0,anp_Deva
panel2,C,angika_wikipedia_1028,anp,L1,24:s1,anp_Deva
panel2,C,angika_wikipedia_1028,anp,L1,25:s1,anp_Deva
panel2,C,angika_wikipedia_1028,anp,L1,25:s2,anp_Deva
panel2,C,angika_wikipedia_1028,anp,L1,25:s9,anp_Deva
panel2,C,angika_wikipedia_1028,anp,L1,25:s10,anp_Deva
panel2,C,angika_wikipedia_1028,anp,L1,25:s11,anp_Deva
panel2,C,angika_wikipedia_1028,anp,L1,25:s12,anp_Deva
panel2,C,angika_wikipedia_1028,anp,L1,25:s13,anp_Deva
panel2,C,angika_wikipedia_1028,anp,L1,25:s15,anp_Deva
panel2,C,angika_wikipedia_1028,anp,L1,25:s18,anp_Deva
panel2,C,angika_wikipedia_1028,anp,L1,26:s1,anp_Deva
panel2,C,angika_wikipedia_1028,anp,L1,26:s3,anp_Deva
panel2,C,angika_wikipedia_1028,anp,L1,26:s8,anp_Deva
panel2,C,angika_wikipedia_1028,anp,L1,26:s16,anp_Deva
panel2,C,angika_wikipedia_1028,anp,L1,26:s17,mag_Deva
panel2,C,angika_wikipedia_1028,anp,L1,26:s18,anp_Deva
panel2,C,angika_wikipedia_1028,anp,L1,26:s20,anp_Deva
panel2,C,angika_wikipedia_1028,anp,L1,27:s0,anp_Deva
panel2,C,angika_wikipedia_1028,anp,L1,27:s1,anp_Deva
panel2,C,angika_wikipedia_1028,anp,L1,27:s2,anp_Deva
panel2,C,angika_wikipedia_1028,anp,L1,28:s0,anp_Deva
panel2,C,angika_wikipedia_1028,anp,L1,28:s1,anp_Deva
panel2,C,angika_wikipedia_1028,anp,L1,28:s6,anp_Deva
panel2,C,angika_wikipedia_1028,anp,L1,28:s7,anp_Deva
panel2,C,angika_wikipedia_1028,anp,L1,28:s12,anp_Deva
panel2,C,angika_wikipedia_1028,anp,L1,28:s13,anp_Deva
panel2,C,angika_wikipedia_1028,anp,L1,28:s14,anp_Deva
panel2,C,angika_wikipedia_1028,anp,L1,28:s15,anp_Deva
panel2,C,angika_wikipedia_1028,anp,L1,29:s2,anp_Deva
panel2,C,angika_wikipedia_1028,anp,L1,29:s6,anp_Deva
panel2,C,angika_wikipedia_1028,anp,L1,29:s9,anp_Deva
panel2,C,angika_wikipedia_1028,anp,L1,30:s0,anp_Deva
panel2,C,angika_wikipedia_1028,anp,L1,31:s0,anp_Deva
panel2,C,angika_wikipedia_1028,anp,L1,31:s1,anp_Deva
panel2,C,angika_wikipedia_1028,anp,L1,31:s2,anp_Deva
panel2,C,angika_wikipedia_1028,anp,L1,32:s1,anp_Deva
panel2,C,angika_wikipedia_1028,anp,L1,33:s2,anp_Deva
panel2,C,angika_wikipedia_1028,anp,L1,33:s3,anp_Deva
panel2,C,angika_wikipedia_1028,anp,L1,33:s4,anp_Deva
panel2,C,angika_wikipedia_1028,anp,L1,33:s5,anp_Deva
panel2,C,angika_wikipedia_1028,anp,L1,33:s6,anp_Deva
panel2,C,angika_wikipedia_1028,anp,L1,33:s7,anp_Deva
panel2,C,angika_wikipedia_1028,anp,L1,35:s1,anp_Deva
panel2,C,angika_wikipedia_1028,anp,L1,35:s3,anp_Deva
panel2,C,angika_wikipedia_1028,anp,L1,36:s1,anp_Deva
panel2,C,angika_wikipedia_1028,anp,L1,36:s4,anp_Deva
panel2,C,angika_wikipedia_1028,anp,L1,36:s5,anp_Deva
panel2,C,angika_wikipedia_1028,anp,L1,37:s0,anp_Deva
panel2,C,angika_wikipedia_1028,anp,L1,38:s0,anp_Deva
panel2,C,angika_wikipedia_1028,anp,L1,38:s1,anp_Deva
panel2,C,angika_wikipedia_1028,anp,L1,38:s3,anp_Deva
panel2,C,angika_wikipedia_1028,anp,L1,38:s4,anp_Deva
panel2,C,angika_wikipedia_1028,anp,L1,38:s6,anp_Deva
panel2,C,angika_wikipedia_1028,anp,L1,39:s4,anp_Deva
panel2,C,angika_wikipedia_1028,anp,L1,39:s5,anp_Deva
panel2,C,angika_wikipedia_1028,anp,L1,39:s6,anp_Deva
panel2,C,angika_wikipedia_1028,anp,L1,40:s0,anp_Deva
panel2,C,angika_wikipedia_1028,anp,L1,41:s0,anp_Deva
panel2,C,angika_wikipedia_1028,anp,L1,41:s5,anp_Deva
panel2,C,angika_wikipedia_1028,anp,L1,42:s0,anp_Deva
panel2,C,angika_wikipedia_1028,anp,L1,43:s1,anp_Deva
panel2,C,angika_wikipedia_1028,anp,L1,43:s2,anp_Deva
panel2,C,angika_wikipedia_1028,anp,L1,43:s3,anp_Deva
panel2,C,angika_wikipedia_1028,anp,L1,43:s4,anp_Deva
panel2,C,angika_wikipedia_1028,anp,L1,43:s5,anp_Deva
panel2,C,angika_wikipedia_1028,anp,L1,43:s6,anp_Deva
panel2,C,angika_wikipedia_1028,anp,L1,43:s7,anp_Deva
panel2,C,angika_wikipedia_1028,anp,L1,43:s9,anp_Deva
panel2,C,angika_wikipedia_1028,anp,L1,44:s3,anp_Deva
panel2,C,angika_wikipedia_1028,anp,L1,44:s4,anp_Deva
panel2,C,angika_wikipedia_1028,anp,L1,44:s5,anp_Deva
panel2,C,angika_wikipedia_1028,anp,L1,44:s7,anp_Deva
panel2,C,angika_wikipedia_1028,anp,L1,44:s10,anp_Deva
panel2,C,angika_wikipedia_1028,anp,L1,44:s11,anp_Deva
panel2,C,angika_wikipedia_1028,anp,L1,45:s3,anp_Deva
panel2,C,angika_wikipedia_1028,anp,L1,45:s4,anp_Deva
panel2,C,angika_wikipedia_1028,anp,L1,45:s5,anp_Deva
panel2,C,angika_wikipedia_1028,anp,L1,46:s0,anp_Deva
panel2,C,angika_wikipedia_1028,anp,L1,47:s1,anp_Deva
panel2,C,angika_wikipedia_1028,anp,L1,47:s3,anp_Deva
panel2,C,angika_wikipedia_1028,anp,L1,47:s5,anp_Deva
panel2,C,angika_wikipedia_1028,anp,L1,47:s8,anp_Deva
panel2,C,angika_wikipedia_1028,anp,L1,47:s9,anp_Deva
panel2,C,angika_wikipedia_1028,anp,L1,47:s11,anp_Deva
panel2,C,angika_wikipedia_1028,anp,L1,47:s15,anp_Deva
panel2,C,angika_wikipedia_1028,anp,L1,47:s17,anp_Deva
panel2,C,angika_wikipedia_1028,anp,L1,48:s2,anp_Deva
panel2,C,angika_wikipedia_1028,anp,L1,49:s1,anp_Deva
panel2,C,angika_wikipedia_1028,anp,L1,49:s2,anp_Deva
panel2,C,angika_wikipedia_1028,anp,L1,49:s3,anp_Deva
panel2,C,angika_wikipedia_1028,anp,L1,49:s4,anp_Deva
panel2,C,angika_wikipedia_1028,anp,L1,50:s0,anp_Deva
panel2,C,angika_wikipedia_1028,anp,L1,52:s0,anp_Deva
panel2,C,angika_wikipedia_1028,anp,L1,52:s1,anp_Deva
panel2,C,angika_wikipedia_1028,anp,L1,52:s4,anp_Deva
panel2,C,angika_wikipedia_1028,anp,L1,53:s1,anp_Deva
panel2,C,angika_wikipedia_1028,anp,L1,54:s0,anp_Deva
panel2,C,angika_wikipedia_1028,anp,L1,54:s1,anp_Deva
panel2,C,angika_wikipedia_1028,anp,L1,54:s4,anp_Deva
panel2,C,angika_wikipedia_1028,anp,L1,55:s2,anp_Deva
panel2,C,angika_wikipedia_1028,anp,L1,56:s0,anp_Deva
panel2,C,angika_wikipedia_1028,anp,L1,56:s1,anp_Deva
panel2,C,angika_wikipedia_1028,anp,L1,56:s2,anp_Deva
panel2,C,angika_wikipedia_1028,anp,L1,56:s3,anp_Deva
panel2,C,angika_wikipedia_1028,anp,L1,56:s4,anp_Deva
panel2,C,angika_wikipedia_1028,anp,L1,56:s6,anp_Deva
panel2,C,angika_wikipedia_1028,anp,L1,56:s8,anp_Deva
panel2,C,angika_wikipedia_1028,anp,L1,57:s0,anp_Deva
panel2,C,angika_wikipedia_1028,anp,L1,57:s1,anp_Deva
panel2,C,angika_wikipedia_1028,anp,L1,57:s2,anp_Deva
panel2,C,angika_wikipedia_1028,anp,L1,57:s3,anp_Deva
panel2,C,angika_wikipedia_1028,anp,L1,57:s4,anp_Deva
panel2,C,angika_wikipedia_1028,anp,L1,57:s6,anp_Deva
panel2,C,angika_wikipedia_1028,anp,L1,58:s0,anp_Deva
panel2,C,angika_wikipedia_1028,anp,L1,59:s0,anp_Deva
panel2,C,angika_wikipedia_1028,anp,L1,60:s0,anp_Deva
panel2,C,angika_wikipedia_1028,anp,L1,60:s1,anp_Deva
panel2,C,angika_wikipedia_1028,anp,L1,61:s3,anp_Deva
panel2,C,angika_wikipedia_1028,anp,L1,61:s4,anp_Deva
panel2,C,angika_wikipedia_1028,anp,L1,61:s5,anp_Deva
panel2,C,angika_wikipedia_1028,anp,L1,61:s8,anp_Deva
panel2,C,angika_wikipedia_1028,anp,L1,62:s0,anp_Deva
panel2,C,angika_wikipedia_1028,anp,L1,62:s1,anp_Deva
panel2,C,angika_wikipedia_1028,anp,L1,62:s2,anp_Deva
panel2,C,angika_wikipedia_1028,anp,L1,62:s3,anp_Deva
panel2,C,angika_wikipedia_1028,anp,L1,62:s4,anp_Deva
panel2,C,angika_wikipedia_1028,anp,L1,62:s6,anp_Deva
panel2,C,angika_wikipedia_1028,anp,L1,64:s2,anp_Deva
panel2,C,angika_wikipedia_1028,anp,L1,65:s0,anp_Deva
panel2,C,angika_wikipedia_1028,anp,L1,65:s1,anp_Deva
panel2,C,angika_wikipedia_1028,anp,L1,68:s1,anp_Deva
panel2,C,angika_wikipedia_1028,anp,L1,69:s0,anp_Deva
panel2,C,angika_wikipedia_1028,anp,L1,69:s1,anp_Deva
panel2,C,angika_wikipedia_1028,anp,L1,69:s2,anp_Deva
panel2,C,angika_wikipedia_1028,anp,L1,69:s3,anp_Deva
panel2,C,angika_wikipedia_1028,anp,L1,69:s5,anp_Deva
panel2,C,angika_wikipedia_1028,anp,L1,69:s6,anp_Deva
panel2,C,angika_wikipedia_1028,anp,L1,70:s0,anp_Deva
panel2,C,angika_wikipedia_1028,anp,L1,71:s3,anp_Deva
panel2,C,angika_wikipedia_1028,anp,L1,72:s3,anp_Deva
panel2,C,angika_wikipedia_1028,anp,L1,73:s1,anp_Deva
panel2,C,angika_wikipedia_1028,anp,L1,73:s3,anp_Deva
panel2,C,angika_wikipedia_1028,anp,L1,73:s4,anp_Deva
panel2,C,angika_wikipedia_1028,anp,L1,73:s5,anp_Deva
panel2,C,angika_wikipedia_1028,anp,L1,73:s6,anp_Deva
panel2,C,angika_wikipedia_1028,anp,L1,74:s1,anp_Deva
panel2,C,angika_wikipedia_1028,anp,L1,75:s0,anp_Deva
panel2,C,angika_wikipedia_1028,anp,L1,75:s1,anp_Deva
panel2,C,angika_wikipedia_1028,anp,L1,75:s2,anp_Deva
panel2,C,angika_wikipedia_1028,anp,L1,75:s3,anp_Deva
panel2,C,angika_wikipedia_1028,anp,L1,76:s2,anp_Deva
panel2,C,angika_wikipedia_1028,anp,L1,77:s0,anp_Deva
panel2,C,angika_wikipedia_1028,anp,L1,77:s2,anp_Deva
panel2,C,angika_wikipedia_1028,anp,L1,77:s3,anp_Deva
panel2,C,angika_wikipedia_1028,anp,L1,79:s0,anp_Deva
panel2,C,angika_wikipedia_1028,anp,L1,81:s1,anp_Deva
panel2,C,angika_wikipedia_1028,anp,L1,81:s2,anp_Deva
panel2,C,angika_wikipedia_1028,anp,L1,82:s1,anp_Deva
panel2,C,angika_wikipedia_1028,anp,L1,82:s2,anp_Deva
panel2,C,angika_wikipedia_1028,anp,L1,82:s3,anp_Deva
panel2,C,angika_wikipedia_1028,anp,L1,82:s4,anp_Deva
panel2,C,angika_wikipedia_1028,anp,L1,83:s2,anp_Deva
panel2,C,angika_wikipedia_1028,anp,L1,83:s3,anp_Deva
panel2,C,angika_wikipedia_1028,anp,L1,83:s6,anp_Deva
panel2,C,angika_wikipedia_1028,anp,L1,83:s10,anp_Deva
panel2,C,angika_wikipedia_1028,anp,L1,84:s0,anp_Deva
panel2,C,angika_wikipedia_1028,anp,L1,85:s1,anp_Deva
panel2,C,angika_wikipedia_1028,anp,L1,85:s2,anp_Deva
panel2,C,angika_wikipedia_1028,anp,L1,85:s5,mag_Deva
panel2,C,angika_wikipedia_1028,anp,L1,85:s6,anp_Deva
panel2,C,angika_wikipedia_1028,anp,L1,85:s7,anp_Deva
panel2,C,angika_wikipedia_1028,anp,L1,87:s0,anp_Deva
panel2,C,angika_wikipedia_1028,anp,L1,87:s2,anp_Deva
panel2,C,angika_wikipedia_1028,anp,L1,88:s2,anp_Deva
panel2,C,angika_wikipedia_1028,anp,L1,88:s3,anp_Deva
panel2,C,angika_wikipedia_1028,anp,L1,88:s4,anp_Deva
panel2,C,angika_wikipedia_1028,anp,L1,88:s5,anp_Deva
panel2,C,angika_wikipedia_1028,anp,L1,88:s6,anp_Deva
panel2,C,angika_wikipedia_1028,anp,L1,88:s7,anp_Deva
panel2,C,angika_wikipedia_1028,anp,L1,89:s3,anp_Deva
panel2,C,angika_wikipedia_1028,anp,L1,90:s1,anp_Deva
panel2,C,angika_wikipedia_1028,anp,L1,90:s2,anp_Deva
panel2,C,angika_wikipedia_1028,anp,L1,91:s0,anp_Deva
panel2,C,angika_wikipedia_1028,anp,L1,93:s0,anp_Deva
panel2,C,angika_wikipedia_1028,anp,L1,94:s0,anp_Deva
panel2,C,angika_wikipedia_1028,anp,L1,94:s1,anp_Deva
panel2,C,angika_wikipedia_1028,anp,L1,95:s0,anp_Deva
panel2,C,angika_wikipedia_1028,anp,L1,95:s3,anp_Deva
panel2,C,angika_wikipedia_1028,anp,L1,95:s5,anp_Deva
panel2,C,angika_wikipedia_1028,anp,L1,95:s7,anp_Deva
panel2,C,angika_wikipedia_1028,anp,L1,95:s18,anp_Deva
panel2,C,angika_wikipedia_1028,anp,L1,96:s0,anp_Deva
panel2,C,angika_wikipedia_1028,anp,L1,96:s1,anp_Deva
panel2,C,angika_wikipedia_1028,anp,L1,97:s0,anp_Deva
panel2,C,angika_wikipedia_1028,anp,L1,98:s1,anp_Deva
panel2,C,angika_wikipedia_1028,anp,L1,98:s2,anp_Deva
panel2,C,angika_wikipedia_1028,anp,L1,98:s3,anp_Deva
panel2,C,angika_wikipedia_1028,anp,L1,98:s4,anp_Deva
panel2,C,angika_wikipedia_1028,anp,L1,98:s6,anp_Deva
panel2,C,angika_wikipedia_1028,anp,L1,98:s7,anp_Deva
panel2,C,angika_wikipedia_1028,anp,L1,98:s10,anp_Deva
panel2,C,angika_wikipedia_1028,anp,L1,98:s12,anp_Deva
panel2,C,angika_wikipedia_1028,anp,L1,98:s13,anp_Deva
panel2,C,angika_wikipedia_1028,anp,L1,98:s16,anp_Deva
panel2,C,angika_wikipedia_1028,anp,L1,99:s4,anp_Deva
panel2,C,angika_wikipedia_1028,anp,L1,99:s5,anp_Deva
panel2,C,angika_wikipedia_1028,anp,L1,100:s3,anp_Deva
panel2,C,angika_wikipedia_1028,anp,L1,100:s4,anp_Deva
panel2,C,angika_wikipedia_1028,anp,L1,100:s6,anp_Deva
panel2,C,angika_wikipedia_1028,anp,L1,100:s7,anp_Deva
panel2,C,angika_wikipedia_1028,anp,L1,101:s3,anp_Deva
panel2,C,angika_wikipedia_1028,anp,L1,101:s6,anp_Deva
panel2,C,angika_wikipedia_1028,anp,L1,102:s0,anp_Deva
panel2,C,angika_wikipedia_1028,anp,L1,102:s2,anp_Deva
panel2,C,angika_wikipedia_1028,anp,L1,103:s0,anp_Deva
panel2,C,angika_wikipedia_1028,anp,L1,103:s1,anp_Deva
panel2,C,angika_wikipedia_1028,anp,L1,106:s0,anp_Deva
panel2,C,angika_wikipedia_1028,anp,L1,106:s1,anp_Deva
panel2,C,angika_wikipedia_1028,anp,L1,107:s1,anp_Deva
panel2,C,angika_wikipedia_1028,anp,L1,108:s0,anp_Deva
panel2,C,angika_wikipedia_1028,anp,L1,108:s1,anp_Deva
panel2,C,angika_wikipedia_1028,anp,L1,108:s2,anp_Deva
panel2,C,angika_wikipedia_1028,anp,L1,109:s3,anp_Deva
panel2,C,angika_wikipedia_1028,anp,L1,110:s0,anp_Deva
panel2,C,angika_wikipedia_1028,anp,L1,111:s0,anp_Deva
panel2,C,angika_wikipedia_1028,anp,L1,111:s1,anp_Deva
panel2,C,angika_wikipedia_1028,anp,L1,112:s1,anp_Deva
panel2,C,angika_wikipedia_1028,anp,L1,113:s0,anp_Deva
panel2,C,angika_wikipedia_1028,anp,L1,113:s2,anp_Deva
panel2,C,angika_wikipedia_1028,anp,L1,113:s3,anp_Deva
panel2,C,angika_wikipedia_1028,anp,L1,113:s4,anp_Deva
panel2,C,angika_wikipedia_1028,anp,L1,113:s5,anp_Deva
panel2,C,angika_wikipedia_1028,anp,L1,114:s2,anp_Deva
panel2,C,angika_wikipedia_1028,anp,L1,114:s3,anp_Deva
panel2,C,angika_wikipedia_1028,anp,L1,114:s4,anp_Deva
panel2,C,angika_wikipedia_1028,anp,L1,115:s0,anp_Deva
panel2,C,angika_wikipedia_1028,anp,L1,115:s2,anp_Deva
panel2,C,angika_wikipedia_1028,anp,L1,115:s3,anp_Deva
panel2,C,angika_wikipedia_1028,anp,L1,116:s1,anp_Deva
panel2,C,angika_wikipedia_1028,anp,L1,116:s2,anp_Deva
panel2,C,angika_wikipedia_1028,anp,L1,116:s3,anp_Deva
panel2,C,angika_wikipedia_1028,anp,L1,117:s2,anp_Deva
panel2,C,angika_wikipedia_1028,anp,L1,119:s1,anp_Deva
panel2,C,angika_wikipedia_1028,anp,L1,120:s2,anp_Deva
panel2,C,angika_wikipedia_1028,anp,L1,120:s5,anp_Deva
panel2,C,angika_wikipedia_1028,anp,L1,121:s0,anp_Deva
panel2,C,angika_wikipedia_1028,anp,L1,123:s0,anp_Deva
panel2,C,angika_wikipedia_1028,anp,L1,123:s2,anp_Deva
panel2,C,angika_wikipedia_1028,anp,L1,124:s1,anp_Deva
panel2,C,angika_wikipedia_1028,anp,L1,124:s4,anp_Deva
panel2,C,angika_wikipedia_1028,anp,L1,126:s1,anp_Deva
panel2,C,angika_wikipedia_1028,anp,L1,126:s2,anp_Deva
panel2,C,angika_wikipedia_1028,anp,L1,127:s0,anp_Deva
panel2,C,angika_wikipedia_1028,anp,L1,127:s1,anp_Deva
panel2,C,angika_wikipedia_1028,anp,L1,127:s2,anp_Deva
panel2,C,angika_wikipedia_1028,anp,L1,127:s4,anp_Deva
panel2,C,angika_wikipedia_1028,anp,L1,128:s3,anp_Deva
panel2,C,angika_wikipedia_1028,anp,L1,128:s4,anp_Deva
panel2,C,angika_wikipedia_1028,anp,L1,129:s0,anp_Deva
panel2,C,angika_wikipedia_1028,anp,L1,129:s1,anp_Deva
panel2,C,angika_wikipedia_1028,anp,L1,129:s3,anp_Deva
panel2,C,angika_wikipedia_1028,anp,L1,130:s0,anp_Deva
panel2,C,angika_wikipedia_1028,anp,L1,131:s3,anp_Deva
panel2,C,angika_wikipedia_1028,anp,L1,132:s1,anp_Deva
panel2,C,angika_wikipedia_1028,anp,L1,133:s0,anp_Deva
panel2,C,angika_wikipedia_1028,anp,L1,133:s1,anp_Deva
panel2,C,angika_wikipedia_1028,anp,L1,134:s0,anp_Deva
panel2,C,angika_wikipedia_1028,anp,L1,135:s1,anp_Deva
panel2,C,angika_wikipedia_1028,anp,L1,135:s2,anp_Deva
panel2,C,angika_wikipedia_1028,anp,L1,135:s4,anp_Deva
panel2,C,angika_wikipedia_1028,anp,L1,135:s7,anp_Deva
panel2,C,angika_wikipedia_1028,anp,L1,135:s10,anp_Deva
panel2,C,angika_wikipedia_1028,anp,L1,136:s0,anp_Deva
panel2,C,angika_wikipedia_1028,anp,L1,138:s2,anp_Deva
panel2,C,angika_wikipedia_1028,anp,L1,139:s1,anp_Deva
panel2,C,angika_wikipedia_1028,anp,L1,139:s2,anp_Deva
panel2,C,angika_wikipedia_1028,anp,L1,139:s3,anp_Deva
panel2,C,angika_wikipedia_1028,anp,L1,140:s0,anp_Deva
panel2,C,angika_wikipedia_1028,anp,L1,140:s1,anp_Deva
panel2,C,angika_wikipedia_1028,anp,L1,141:s0,anp_Deva
panel2,C,angika_wikipedia_1028,anp,L1,141:s1,anp_Deva
panel2,C,angika_wikipedia_1028,anp,L1,144:s0,anp_Deva
panel2,C,angika_wikipedia_1028,anp,L1,145:s0,anp_Deva
panel2,C,angika_wikipedia_1028,anp,L1,145:s1,anp_Deva
panel2,C,angika_wikipedia_1028,anp,L1,145:s6,anp_Deva
panel2,C,angika_wikipedia_1028,anp,L1,146:s0,anp_Deva
panel2,C,angika_wikipedia_1028,anp,L1,146:s1,awa_Deva
panel2,C,angika_wikipedia_1028,anp,L1,146:s2,anp_Deva
panel2,C,angika_wikipedia_1028,anp,L1,148:s0,anp_Deva
panel2,C,angika_wikipedia_1028,anp,L1,148:s1,anp_Deva
panel2,C,angika_wikipedia_1028,anp,L1,148:s2,anp_Deva
panel2,C,angika_wikipedia_1028,anp,L1,148:s5,anp_Deva
panel2,C,angika_wikipedia_1028,anp,L1,149:s0,anp_Deva
panel2,C,angika_wikipedia_1028,anp,L1,150:s0,anp_Deva
panel2,C,angika_wikipedia_1028,anp,L1,151:s3,anp_Deva
panel2,C,angika_wikipedia_1028,anp,L1,151:s4,anp_Deva
panel2,C,angika_wikipedia_1028,anp,L1,151:s5,anp_Deva
panel2,C,angika_wikipedia_1028,anp,L1,151:s10,anp_Deva
panel2,C,angika_wikipedia_1028,anp,L1,151:s12,anp_Deva
panel2,C,angika_wikipedia_1028,anp,L1,152:s0,anp_Deva
panel2,C,angika_wikipedia_1028,anp,L1,153:s1,anp_Deva
panel2,C,angika_wikipedia_1028,anp,L1,153:s2,anp_Deva
panel2,C,angika_wikipedia_1028,anp,L1,153:s5,anp_Deva
panel2,C,angika_wikipedia_1028,anp,L1,154:s0,anp_Deva
panel2,C,angika_wikipedia_1028,anp,L1,154:s1,anp_Deva
panel2,C,angika_wikipedia_1028,anp,L1,154:s2,anp_Deva
panel2,C,angika_wikipedia_1028,anp,L1,154:s3,anp_Deva
panel2,C,angika_wikipedia_1028,anp,L1,155:s0,anp_Deva
panel2,C,angika_wikipedia_1028,anp,L1,155:s2,anp_Deva
panel2,C,angika_wikipedia_1028,anp,L1,156:s0,anp_Deva
panel2,C,angika_wikipedia_1028,anp,L1,157:s0,anp_Deva
panel2,C,angika_wikipedia_1028,anp,L1,157:s1,anp_Deva
panel2,C,angika_wikipedia_1028,anp,L1,157:s2,anp_Deva
panel2,C,angika_wikipedia_1028,anp,L1,157:s3,anp_Deva
panel2,C,angika_wikipedia_1028,anp,L1,157:s7,anp_Deva
panel2,C,angika_wikipedia_1028,anp,L1,158:s2,anp_Deva
panel2,C,angika_wikipedia_1028,anp,L1,159:s0,anp_Deva
panel2,C,angika_wikipedia_1028,anp,L1,159:s1,anp_Deva
panel2,C,angika_wikipedia_1028,anp,L1,159:s3,anp_Deva
panel2,C,angika_wikipedia_1028,anp,L1,160:s1,anp_Deva
panel2,C,angika_wikipedia_1028,anp,L1,160:s2,anp_Deva
panel2,C,angika_wikipedia_1028,anp,L1,162:s0,anp_Deva
panel2,C,angika_wikipedia_1028,anp,L1,163:s0,anp_Deva
panel2,C,angika_wikipedia_1028,anp,L1,164:s0,anp_Deva
panel2,C,angika_wikipedia_1028,anp,L1,165:s0,anp_Deva
panel2,C,angika_wikipedia_1028,anp,L1,168:s0,anp_Deva
panel2,C,angika_wikipedia_1028,anp,L1,169:s0,anp_Deva
panel2,C,angika_wikipedia_1028,anp,L1,170:s2,anp_Deva
panel2,C,angika_wikipedia_1028,anp,L1,170:s3,anp_Deva
panel2,C,angika_wikipedia_1028,anp,L1,170:s5,anp_Deva
panel2,C,angika_wikipedia_1028,anp,L1,170:s9,anp_Deva
panel2,C,angika_wikipedia_1028,anp,L1,170:s10,anp_Deva
panel2,C,angika_wikipedia_1028,anp,L1,170:s11,anp_Deva
panel2,C,angika_wikipedia_1028,anp,L1,170:s12,anp_Deva
panel2,C,angika_wikipedia_1028,anp,L1,170:s13,anp_Deva
panel2,C,angika_wikipedia_1028,anp,L1,171:s8,anp_Deva
panel2,C,angika_wikipedia_1028,anp,L1,171:s12,anp_Deva
panel2,C,angika_wikipedia_1028,anp,L1,171:s15,anp_Deva
panel2,C,angika_wikipedia_1028,anp,L1,172:s1,anp_Deva
panel2,C,angika_wikipedia_1028,anp,L1,173:s0,anp_Deva
panel2,C,angika_wikipedia_1028,anp,L1,173:s1,anp_Deva
panel2,C,angika_wikipedia_1028,anp,L1,173:s2,anp_Deva
panel2,C,angika_wikipedia_1028,anp,L1,173:s3,anp_Deva
panel2,C,angika_wikipedia_1028,anp,L1,173:s4,anp_Deva
panel2,C,angika_wikipedia_1028,anp,L1,174:s0,anp_Deva
panel2,C,angika_wikipedia_1028,anp,L1,174:s1,anp_Deva
panel2,C,angika_wikipedia_1028,anp,L1,174:s2,anp_Deva
panel2,C,angika_wikipedia_1028,anp,L1,175:s0,anp_Deva
panel2,C,angika_wikipedia_1028,anp,L1,175:s1,anp_Deva
panel2,C,angika_wikipedia_1028,anp,L1,175:s2,anp_Deva
panel2,C,angika_wikipedia_1028,anp,L1,176:s0,anp_Deva
panel2,C,angika_wikipedia_1028,anp,L1,176:s2,anp_Deva
panel2,C,angika_wikipedia_1028,anp,L1,178:s1,anp_Deva
panel2,C,angika_wikipedia_1028,anp,L1,181:s0,anp_Deva
panel2,C,angika_wikipedia_1028,anp,L1,183:s1,anp_Deva
panel2,C,angika_wikipedia_1028,anp,L1,183:s2,anp_Deva
panel2,C,angika_wikipedia_1028,anp,L1,184:s1,anp_Deva
panel2,C,angika_wikipedia_1028,anp,L1,185:s1,anp_Deva
panel2,C,angika_wikipedia_1028,anp,L1,185:s2,anp_Deva
panel2,C,angika_wikipedia_1028,anp,L1,185:s5,anp_Deva
panel2,C,angika_wikipedia_1028,anp,L1,185:s7,anp_Deva
panel2,C,angika_wikipedia_1028,anp,L1,186:s3,anp_Deva
panel2,C,angika_wikipedia_1028,anp,L1,186:s6,anp_Deva
panel2,C,angika_wikipedia_1028,anp,L1,186:s7,anp_Deva
panel2,C,angika_wikipedia_1028,anp,L1,186:s9,anp_Deva
panel2,C,angika_wikipedia_1028,anp,L1,187:s1,anp_Deva
panel2,C,angika_wikipedia_1028,anp,L1,187:s3,anp_Deva
panel2,C,angika_wikipedia_1028,anp,L1,187:s4,anp_Deva
panel2,C,angika_wikipedia_1028,anp,L1,187:s5,anp_Deva
panel2,C,angika_wikipedia_1028,anp,L1,189:s0,anp_Deva
panel2,C,angika_wikipedia_1028,anp,L1,192:s0,anp_Deva
panel2,C,angika_wikipedia_1028,anp,L1,192:s3,anp_Deva
panel2,C,angika_wikipedia_1028,anp,L1,193:s0,anp_Deva
panel2,C,angika_wikipedia_1028,anp,L1,193:s2,anp_Deva
panel2,C,angika_wikipedia_1028,anp,L1,193:s3,anp_Deva
panel2,C,angika_wikipedia_1028,anp,L1,193:s4,anp_Deva
panel2,C,angika_wikipedia_1028,anp,L1,195:s2,anp_Deva
panel2,C,angika_wikipedia_1028,anp,L1,195:s3,anp_Deva
panel2,C,angika_wikipedia_1028,anp,L1,196:s1,anp_Deva
panel2,C,angika_wikipedia_1028,anp,L1,196:s3,anp_Deva
panel2,C,angika_wikipedia_1028,anp,L1,196:s7,anp_Deva
panel2,C,angika_wikipedia_1028,anp,L1,196:s9,anp_Deva
panel2,C,angika_wikipedia_1028,anp,L1,196:s10,anp_Deva
panel2,C,angika_wikipedia_1028,anp,L1,196:s13,anp_Deva
panel2,C,angika_wikipedia_1028,anp,L1,198:s1,anp_Deva
panel2,C,angika_wikipedia_1028,anp,L1,199:s0,anp_Deva
panel2,C,angika_wikipedia_1028,anp,L1,199:s1,anp_Deva
panel2,C,angika_wikipedia_1028,anp,L1,199:s2,anp_Deva
panel2,C,angika_wikipedia_1028,anp,L1,201:s1,anp_Deva
panel2,C,angika_wikipedia_1028,anp,L1,201:s5,anp_Deva
panel2,C,angika_wikipedia_1028,anp,L1,201:s6,anp_Deva
panel2,C,angika_wikipedia_1028,anp,L1,202:s0,anp_Deva
panel2,C,angika_wikipedia_1028,anp,L1,203:s0,anp_Deva
panel2,C,angika_wikipedia_1028,anp,L1,204:s0,anp_Deva
panel2,C,angika_wikipedia_1028,anp,L1,204:s1,anp_Deva
panel2,C,angika_wikipedia_1028,anp,L1,205:s2,anp_Deva
panel2,C,angika_wikipedia_1028,anp,L1,205:s3,anp_Deva
panel2,C,angika_wikipedia_1028,anp,L1,206:s1,anp_Deva
panel2,C,angika_wikipedia_1028,anp,L1,207:s1,anp_Deva
panel2,C,angika_wikipedia_1028,anp,L1,207:s2,anp_Deva
panel2,C,angika_wikipedia_1028,anp,L1,207:s3,anp_Deva
panel2,C,angika_wikipedia_1028,anp,L1,208:s0,anp_Deva
panel2,C,angika_wikipedia_1028,anp,L1,209:s1,anp_Deva
panel2,C,angika_wikipedia_1028,anp,L1,211:s2,anp_Deva
panel2,C,angika_wikipedia_1028,anp,L1,211:s3,anp_Deva
panel2,C,angika_wikipedia_1028,anp,L1,211:s4,anp_Deva
panel2,C,angika_wikipedia_1028,anp,L1,212:s0,anp_Deva
panel2,C,angika_wikipedia_1028,anp,L1,212:s1,anp_Deva
panel2,C,angika_wikipedia_1028,anp,L1,212:s2,anp_Deva
panel2,C,angika_wikipedia_1028,anp,L1,212:s3,anp_Deva
panel2,C,angika_wikipedia_1028,anp,L1,212:s4,anp_Deva
panel2,C,angika_wikipedia_1028,anp,L1,212:s5,anp_Deva
panel2,C,angika_wikipedia_1028,anp,L1,213:s3,anp_Deva
panel2,C,angika_wikipedia_1028,anp,L1,214:s0,anp_Deva
panel2,C,angika_wikipedia_1028,anp,L1,214:s1,anp_Deva
panel2,C,angika_wikipedia_1028,anp,L1,214:s2,anp_Deva
panel2,C,angika_wikipedia_1028,anp,L1,214:s5,anp_Deva
panel2,C,angika_wikipedia_1028,anp,L1,215:s1,anp_Deva
panel2,C,angika_wikipedia_1028,anp,L1,217:s0,anp_Deva
panel2,C,angika_wikipedia_1028,anp,L1,217:s2,anp_Deva
panel2,C,angika_wikipedia_1028,anp,L1,219:s0,anp_Deva
panel2,C,angika_wikipedia_1028,anp,L1,219:s2,anp_Deva
panel2,C,angika_wikipedia_1028,anp,L1,219:s3,anp_Deva
panel2,C,angika_wikipedia_1028,anp,L1,219:s4,anp_Deva
panel2,C,angika_wikipedia_1028,anp,L1,219:s5,anp_Deva
panel2,C,angika_wikipedia_1028,anp,L1,219:s7,anp_Deva
panel2,C,angika_wikipedia_1028,anp,L1,221:s0,anp_Deva
panel2,C,angika_wikipedia_1028,anp,L1,221:s2,anp_Deva
panel2,C,angika_wikipedia_1028,anp,L1,221:s3,anp_Deva
panel2,C,angika_wikipedia_1028,anp,L1,222:s0,anp_Deva
panel2,C,angika_wikipedia_1028,anp,L1,223:s0,anp_Deva
panel2,C,angika_wikipedia_1028,anp,L1,223:s2,anp_Deva
panel2,C,angika_wikipedia_1028,anp,L1,224:s0,anp_Deva
panel2,C,angika_wikipedia_1028,anp,L1,224:s1,anp_Deva
panel2,C,angika_wikipedia_1028,anp,L1,225:s0,anp_Deva
panel2,C,angika_wikipedia_1028,anp,L1,225:s2,anp_Deva
panel2,C,angika_wikipedia_1028,anp,L1,225:s3,anp_Deva
panel2,C,angika_wikipedia_1028,anp,L1,225:s4,anp_Deva
panel2,C,angika_wikipedia_1028,anp,L1,225:s5,anp_Deva
panel2,C,angika_wikipedia_1028,anp,L1,225:s6,anp_Deva
panel2,C,angika_wikipedia_1028,anp,L1,225:s8,anp_Deva
panel2,C,angika_wikipedia_1028,anp,L1,226:s0,anp_Deva
panel2,C,angika_wikipedia_1028,anp,L1,226:s1,anp_Deva
panel2,C,angika_wikipedia_1028,anp,L1,226:s2,anp_Deva
panel2,C,angika_wikipedia_1028,anp,L1,226:s5,anp_Deva
panel2,C,angika_wikipedia_1028,anp,L1,227:s0,anp_Deva
panel2,C,angika_wikipedia_1028,anp,L1,227:s1,anp_Deva
panel2,C,angika_wikipedia_1028,anp,L1,228:s0,anp_Deva
panel2,C,angika_wikipedia_1028,anp,L1,230:s0,anp_Deva
panel2,C,angika_wikipedia_1028,anp,L1,233:s1,anp_Deva
panel2,C,angika_wikipedia_1028,anp,L1,234:s0,anp_Deva
panel2,C,angika_wikipedia_1028,anp,L1,234:s1,anp_Deva
panel2,C,angika_wikipedia_1028,anp,L1,234:s2,anp_Deva
panel2,C,angika_wikipedia_1028,anp,L1,234:s6,anp_Deva
panel2,C,angika_wikipedia_1028,anp,L1,235:s0,anp_Deva
panel2,C,angika_wikipedia_1028,anp,L1,235:s1,anp_Deva
panel2,C,angika_wikipedia_1028,anp,L1,235:s2,anp_Deva
panel2,C,angika_wikipedia_1028,anp,L1,237:s0,anp_Deva
panel2,C,angika_wikipedia_1028,anp,L1,237:s1,anp_Deva
panel2,C,angika_wikipedia_1028,anp,L1,237:s3,anp_Deva
panel2,C,angika_wikipedia_1028,anp,L1,237:s5,anp_Deva
panel2,C,angika_wikipedia_1028,anp,L1,237:s6,anp_Deva
panel2,C,angika_wikipedia_1028,anp,L1,237:s7,anp_Deva
panel2,C,angika_wikipedia_1028,anp,L1,238:s0,anp_Deva
panel2,C,angika_wikipedia_1028,anp,L1,238:s1,anp_Deva
panel2,C,angika_wikipedia_1028,anp,L1,239:s0,anp_Deva
panel2,C,angika_wikipedia_1028,anp,L1,239:s3,anp_Deva
panel2,C,angika_wikipedia_1028,anp,L1,240:s0,anp_Deva
panel2,C,angika_wikipedia_1028,anp,L1,242:s0,anp_Deva
panel2,C,angika_wikipedia_1028,anp,L1,242:s2,anp_Deva
panel2,C,angika_wikipedia_1028,anp,L1,244:s0,anp_Deva
panel2,C,angika_wikipedia_1028,anp,L1,244:s1,anp_Deva
panel2,C,angika_wikipedia_1028,anp,L1,244:s4,anp_Deva
panel2,C,angika_wikipedia_1028,anp,L1,244:s6,anp_Deva
panel2,C,angika_wikipedia_1028,anp,L1,244:s7,anp_Deva
panel2,C,angika_wikipedia_1028,anp,L1,244:s8,anp_Deva
panel2,C,angika_wikipedia_1028,anp,L1,244:s9,anp_Deva
panel2,C,angika_wikipedia_1028,anp,L1,244:s10,mag_Deva
panel2,C,angika_wikipedia_1028,anp,L1,244:s12,anp_Deva
panel2,C,angika_wikipedia_1028,anp,L1,244:s13,anp_Deva
panel2,C,angika_wikipedia_1028,anp,L1,244:s15,anp_Deva
panel2,C,angika_wikipedia_1028,anp,L1,244:s16,anp_Deva
panel2,C,angika_wikipedia_1028,anp,L1,244:s17,anp_Deva
panel2,C,angika_wikipedia_1028,anp,L1,244:s18,anp_Deva
panel2,C,angika_wikipedia_1028,anp,L1,245:s0,anp_Deva
panel2,C,angika_wikipedia_1028,anp,L1,245:s1,anp_Deva
panel2,C,angika_wikipedia_1028,anp,L1,245:s2,anp_Deva
panel2,C,angika_wikipedia_1028,anp,L1,246:s1,anp_Deva
panel2,C,angika_wikipedia_1028,anp,L1,246:s4,anp_Deva
panel2,C,angika_wikipedia_1028,anp,L1,246:s5,anp_Deva
panel2,C,angika_wikipedia_1028,anp,L1,246:s6,anp_Deva
panel2,C,angika_wikipedia_1028,anp,L1,246:s7,anp_Deva
panel2,C,angika_wikipedia_1028,anp,L1,247:s3,anp_Deva
panel2,C,angika_wikipedia_1028,anp,L1,247:s6,anp_Deva
panel2,C,angika_wikipedia_1028,anp,L1,248:s1,anp_Deva
panel2,C,angika_wikipedia_1028,anp,L1,248:s2,anp_Deva
panel2,C,angika_wikipedia_1028,anp,L1,248:s3,anp_Deva
panel2,C,angika_wikipedia_1028,anp,L1,248:s6,anp_Deva
panel2,C,angika_wikipedia_1028,anp,L1,248:s8,anp_Deva
panel2,C,angika_wikipedia_1028,anp,L1,248:s9,anp_Deva
panel2,C,angika_wikipedia_1028,anp,L1,249:s3,anp_Deva
panel2,C,angika_wikipedia_1028,anp,L1,249:s4,anp_Deva
panel2,C,angika_wikipedia_1028,anp,L1,249:s5,anp_Deva
panel2,C,angika_wikipedia_1028,anp,L1,249:s6,anp_Deva
panel2,C,angika_wikipedia_1028,anp,L1,250:s1,anp_Deva
panel2,C,angika_wikipedia_1028,anp,L1,251:s2,anp_Deva
panel2,C,angika_wikipedia_1028,anp,L1,252:s0,anp_Deva
panel2,C,angika_wikipedia_1028,anp,L1,252:s1,anp_Deva
panel2,C,angika_wikipedia_1028,anp,L1,252:s3,anp_Deva
panel2,C,angika_wikipedia_1028,anp,L1,253:s0,anp_Deva
panel2,C,angika_wikipedia_1028,anp,L1,254:s0,anp_Deva
panel2,C,angika_wikipedia_1028,anp,L1,257:s0,anp_Deva
panel2,C,angika_wikipedia_1028,anp,L1,258:s0,anp_Deva
panel2,C,angika_wikipedia_1028,anp,L1,259:s0,anp_Deva
panel2,C,angika_wikipedia_1028,anp,L1,260:s4,anp_Deva
panel2,C,angika_wikipedia_1028,anp,L1,260:s5,anp_Deva
panel2,C,angika_wikipedia_1028,anp,L1,260:s7,anp_Deva
panel2,C,angika_wikipedia_1028,anp,L1,260:s8,anp_Deva
panel2,C,angika_wikipedia_1028,anp,L1,260:s9,anp_Deva
panel2,C,angika_wikipedia_1028,anp,L1,262:s1,anp_Deva
panel2,C,angika_wikipedia_1028,anp,L1,263:s0,anp_Deva
panel2,C,angika_wikipedia_1028,anp,L1,263:s2,anp_Deva
panel2,C,angika_wikipedia_1028,anp,L1,264:s0,anp_Deva
panel2,C,angika_wikipedia_1028,anp,L1,264:s2,anp_Deva
panel2,C,angika_wikipedia_1028,anp,L1,264:s6,anp_Deva
panel2,C,angika_wikipedia_1028,anp,L1,265:s0,anp_Deva
panel2,C,angika_wikipedia_1028,anp,L1,265:s2,anp_Deva
panel2,C,angika_wikipedia_1028,anp,L1,267:s3,anp_Deva
panel2,C,angika_wikipedia_1028,anp,L1,267:s4,anp_Deva
panel2,C,angika_wikipedia_1028,anp,L1,267:s5,anp_Deva
panel2,C,angika_wikipedia_1028,anp,L1,267:s7,anp_Deva
panel2,C,angika_wikipedia_1028,anp,L1,268:s0,anp_Deva
panel2,C,angika_wikipedia_1028,anp,L1,268:s1,anp_Deva
panel2,C,angika_wikipedia_1028,anp,L1,268:s2,anp_Deva
panel2,C,angika_wikipedia_1028,anp,L1,268:s3,anp_Deva
panel2,C,angika_wikipedia_1028,anp,L1,268:s4,anp_Deva
panel2,C,angika_wikipedia_1028,anp,L1,268:s6,anp_Deva
panel2,C,angika_wikipedia_1028,anp,L1,268:s7,anp_Deva
panel2,C,angika_wikipedia_1028,anp,L1,269:s1,anp_Deva
panel2,C,angika_wikipedia_1028,anp,L1,270:s1,anp_Deva
panel2,C,angika_wikipedia_1028,anp,L1,270:s2,anp_Deva
panel2,C,angika_wikipedia_1028,anp,L1,270:s3,anp_Deva
panel2,C,angika_wikipedia_1028,anp,L1,271:s1,anp_Deva
panel2,C,angika_wikipedia_1028,anp,L1,271:s2,anp_Deva
panel2,C,angika_wikipedia_1028,anp,L1,271:s4,anp_Deva
panel2,C,angika_wikipedia_1028,anp,L1,272:s1,anp_Deva
panel2,C,angika_wikipedia_1028,anp,L1,272:s3,anp_Deva
panel2,C,angika_wikipedia_1028,anp,L1,272:s4,anp_Deva
panel2,C,angika_wikipedia_1028,anp,L1,273:s0,anp_Deva
panel2,C,angika_wikipedia_1028,anp,L1,273:s1,anp_Deva
panel2,C,angika_wikipedia_1028,anp,L1,273:s3,anp_Deva
panel2,C,angika_wikipedia_1028,anp,L1,273:s4,anp_Deva
panel2,C,angika_wikipedia_1028,anp,L1,273:s5,anp_Deva
panel2,C,angika_wikipedia_1028,anp,L1,273:s8,anp_Deva
panel2,C,angika_wikipedia_1028,anp,L1,274:s1,anp_Deva
panel2,C,angika_wikipedia_1028,anp,L1,274:s3,anp_Deva
panel2,C,angika_wikipedia_1028,anp,L1,274:s5,anp_Deva
panel2,C,angika_wikipedia_1028,anp,L1,274:s6,anp_Deva
panel2,C,angika_wikipedia_1028,anp,L1,274:s7,anp_Deva
panel2,C,angika_wikipedia_1028,anp,L1,274:s8,anp_Deva
panel2,C,angika_wikipedia_1028,anp,L1,276:s0,anp_Deva
panel2,C,angika_wikipedia_1028,anp,L1,276:s2,anp_Deva
panel2,C,angika_wikipedia_1028,anp,L1,276:s3,anp_Deva
panel2,C,angika_wikipedia_1028,anp,L1,276:s4,anp_Deva
panel2,C,angika_wikipedia_1028,anp,L1,276:s5,anp_Deva
panel2,C,angika_wikipedia_1028,anp,L1,276:s6,anp_Deva
panel2,C,angika_wikipedia_1028,anp,L1,277:s3,anp_Deva
panel2,C,angika_wikipedia_1028,anp,L1,278:s1,anp_Deva
panel2,C,angika_wikipedia_1028,anp,L1,278:s5,anp_Deva
panel2,C,angika_wikipedia_1028,anp,L1,278:s6,anp_Deva
panel2,C,angika_wikipedia_1028,anp,L1,279:s0,anp_Deva
panel2,C,angika_wikipedia_1028,anp,L1,279:s2,anp_Deva
panel2,C,angika_wikipedia_1028,anp,L1,279:s3,anp_Deva
panel2,C,angika_wikipedia_1028,anp,L1,279:s7,anp_Deva
panel2,C,angika_wikipedia_1028,anp,L1,280:s0,anp_Deva
panel2,C,angika_wikipedia_1028,anp,L1,280:s2,anp_Deva
panel2,C,angika_wikipedia_1028,anp,L1,280:s3,anp_Deva
panel2,C,angika_wikipedia_1028,anp,L1,280:s4,anp_Deva
panel2,C,angika_wikipedia_1028,anp,L1,282:s0,anp_Deva
panel2,C,angika_wikipedia_1028,anp,L1,282:s2,anp_Deva
panel2,C,angika_wikipedia_1028,anp,L1,282:s3,anp_Deva
panel2,C,angika_wikipedia_1028,anp,L1,282:s4,anp_Deva
panel2,C,angika_wikipedia_1028,anp,L1,282:s6,anp_Deva
panel2,C,angika_wikipedia_1028,anp,L1,283:s2,anp_Deva
panel2,C,angika_wikipedia_1028,anp,L1,283:s4,anp_Deva
panel2,C,angika_wikipedia_1028,anp,L1,284:s0,anp_Deva
panel2,C,angika_wikipedia_1028,anp,L1,285:s3,anp_Deva
panel2,C,angika_wikipedia_1028,anp,L1,285:s4,anp_Deva
panel2,C,angika_wikipedia_1028,anp,L1,285:s7,anp_Deva
panel2,C,angika_wikipedia_1028,anp,L1,288:s2,anp_Deva
panel2,C,angika_wikipedia_1028,anp,L1,288:s3,anp_Deva
panel2,C,angika_wikipedia_1028,anp,L1,289:s0,anp_Deva
panel2,C,angika_wikipedia_1028,anp,L1,289:s1,anp_Deva
panel2,C,angika_wikipedia_1028,anp,L1,289:s2,anp_Deva
panel2,C,angika_wikipedia_1028,anp,L1,289:s3,anp_Deva
panel2,C,angika_wikipedia_1028,anp,L1,289:s4,anp_Deva
panel2,C,angika_wikipedia_1028,anp,L1,291:s0,anp_Deva
panel2,C,angika_wikipedia_1028,anp,L1,292:s0,anp_Deva
panel2,C,angika_wikipedia_1028,anp,L1,292:s1,anp_Deva
panel2,C,angika_wikipedia_1028,anp,L1,292:s2,anp_Deva
panel2,C,angika_wikipedia_1028,anp,L1,293:s0,anp_Deva
panel2,C,angika_wikipedia_1028,anp,L1,295:s1,anp_Deva
panel2,C,angika_wikipedia_1028,anp,L1,295:s2,anp_Deva
panel2,C,angika_wikipedia_1028,anp,L1,295:s3,anp_Deva
panel2,C,angika_wikipedia_1028,anp,L1,295:s5,anp_Deva
panel2,C,angika_wikipedia_1028,anp,L1,296:s1,anp_Deva
panel2,C,angika_wikipedia_1028,anp,L1,296:s2,anp_Deva
panel2,C,angika_wikipedia_1028,anp,L1,297:s0,anp_Deva
panel2,C,angika_wikipedia_1028,anp,L1,297:s1,anp_Deva
panel2,C,angika_wikipedia_1028,anp,L1,297:s3,anp_Deva
panel2,C,angika_wikipedia_1028,anp,L1,297:s4,anp_Deva
panel2,C,angika_wikipedia_1028,anp,L1,297:s5,anp_Deva
panel2,C,angika_wikipedia_1028,anp,L1,298:s1,anp_Deva
panel2,C,angika_wikipedia_1028,anp,L1,298:s2,anp_Deva
panel2,C,angika_wikipedia_1028,anp,L1,298:s3,anp_Deva
panel2,C,angika_wikipedia_1028,anp,L1,298:s4,anp_Deva
panel2,C,angika_wikipedia_1028,anp,L1,298:s5,anp_Deva
panel2,C,angika_wikipedia_1028,anp,L1,299:s0,anp_Deva
panel2,C,angika_wikipedia_1028,anp,L1,299:s3,anp_Deva
panel2,C,angika_wikipedia_1028,anp,L1,299:s4,anp_Deva
panel2,C,angika_wikipedia_1028,anp,L1,300:s2,anp_Deva
panel2,C,angika_wikipedia_1028,anp,L1,301:s1,anp_Deva
panel2,C,angika_wikipedia_1028,anp,L1,301:s2,anp_Deva
panel2,C,angika_wikipedia_1028,anp,L1,302:s1,anp_Deva
panel2,C,angika_wikipedia_1028,anp,L1,302:s2,anp_Deva
panel2,C,angika_wikipedia_1028,anp,L1,302:s3,anp_Deva
panel2,C,angika_wikipedia_1028,anp,L1,304:s0,anp_Deva
panel2,C,angika_wikipedia_1028,anp,L1,308:s2,anp_Deva
panel2,C,angika_wikipedia_1028,anp,L1,308:s4,anp_Deva
panel2,C,angika_wikipedia_1028,anp,L1,308:s5,anp_Deva
panel2,C,angika_wikipedia_1028,anp,L1,308:s7,anp_Deva
panel2,C,angika_wikipedia_1028,anp,L1,309:s1,anp_Deva
panel2,C,angika_wikipedia_1028,anp,L1,312:s2,anp_Deva
panel2,C,angika_wikipedia_1028,anp,L1,312:s3,anp_Deva
panel2,C,angika_wikipedia_1028,anp,L1,312:s4,anp_Deva
panel2,C,angika_wikipedia_1028,anp,L1,313:s3,anp_Deva
panel2,C,angika_wikipedia_1028,anp,L1,314:s0,anp_Deva
panel2,C,angika_wikipedia_1028,anp,L1,315:s0,anp_Deva
panel2,C,angika_wikipedia_1028,anp,L1,316:s1,anp_Deva
panel2,C,angika_wikipedia_1028,anp,L1,319:s1,anp_Deva
panel2,C,angika_wikipedia_1028,anp,L1,319:s2,anp_Deva
panel2,C,angika_wikipedia_1028,anp,L1,319:s3,anp_Deva
panel2,C,angika_wikipedia_1028,anp,L1,319:s5,anp_Deva
panel2,C,angika_wikipedia_1028,anp,L1,321:s1,anp_Deva
panel2,C,angika_wikipedia_1028,anp,L1,321:s3,anp_Deva
panel2,C,angika_wikipedia_1028,anp,L1,321:s4,anp_Deva
panel2,C,angika_wikipedia_1028,anp,L1,322:s1,anp_Deva
panel2,C,angika_wikipedia_1028,anp,L1,322:s2,anp_Deva
panel2,C,angika_wikipedia_1028,anp,L1,322:s3,anp_Deva
panel2,C,angika_wikipedia_1028,anp,L1,322:s4,anp_Deva
panel2,C,angika_wikipedia_1028,anp,L1,322:s5,anp_Deva
panel2,C,angika_wikipedia_1028,anp,L1,323:s0,anp_Deva
panel2,C,angika_wikipedia_1028,anp,L1,323:s1,anp_Deva
panel2,C,angika_wikipedia_1028,anp,L1,323:s4,anp_Deva
panel2,C,angika_wikipedia_1028,anp,L1,323:s5,anp_Deva
panel2,C,angika_wikipedia_1028,anp,L1,323:s6,anp_Deva
panel2,C,angika_wikipedia_1028,anp,L1,324:s0,anp_Deva
panel2,C,angika_wikipedia_1028,anp,L1,324:s1,anp_Deva
panel2,C,angika_wikipedia_1028,anp,L1,324:s2,anp_Deva
panel2,C,angika_wikipedia_1028,anp,L1,325:s0,anp_Deva
panel2,C,angika_wikipedia_1028,anp,L1,325:s2,anp_Deva
panel2,C,angika_wikipedia_1028,anp,L1,326:s0,anp_Deva
panel2,C,angika_wikipedia_1028,anp,L1,327:s0,anp_Deva
panel2,C,angika_wikipedia_1028,anp,L1,327:s1,anp_Deva
panel2,C,angika_wikipedia_1028,anp,L1,327:s2,anp_Deva
panel2,C,angika_wikipedia_1028,anp,L1,327:s3,anp_Deva
panel2,C,angika_wikipedia_1028,anp,L1,327:s4,anp_Deva
panel2,C,angika_wikipedia_1028,anp,L1,327:s5,anp_Deva
panel2,C,angika_wikipedia_1028,anp,L1,328:s0,anp_Deva
panel2,C,angika_wikipedia_1028,anp,L1,329:s2,anp_Deva
panel2,C,angika_wikipedia_1028,anp,L1,330:s2,anp_Deva
panel2,C,angika_wikipedia_1028,anp,L1,332:s0,anp_Deva
panel2,C,angika_wikipedia_1028,anp,L1,332:s2,anp_Deva
panel2,C,angika_wikipedia_1028,anp,L1,332:s3,anp_Deva
panel2,C,angika_wikipedia_1028,anp,L1,333:s0,anp_Deva
panel2,C,angika_wikipedia_1028,anp,L1,333:s1,anp_Deva
panel2,C,angika_wikipedia_1028,anp,L1,334:s3,anp_Deva
panel2,C,angika_wikipedia_1028,anp,L1,335:s1,anp_Deva
panel2,C,angika_wikipedia_1028,anp,L1,335:s3,anp_Deva
panel2,C,angika_wikipedia_1028,anp,L1,335:s5,anp_Deva
panel2,C,angika_wikipedia_1028,anp,L1,335:s9,anp_Deva
panel2,C,angika_wikipedia_1028,anp,L1,335:s10,anp_Deva
panel2,C,angika_wikipedia_1028,anp,L1,336:s0,anp_Deva
panel2,C,angika_wikipedia_1028,anp,L1,336:s3,anp_Deva
panel2,C,angika_wikipedia_1028,anp,L1,336:s4,anp_Deva
panel2,C,angika_wikipedia_1028,anp,L1,338:s0,anp_Deva
panel2,C,angika_wikipedia_1028,anp,L1,339:s0,anp_Deva
panel2,C,angika_wikipedia_1028,anp,L1,339:s1,anp_Deva
panel2,C,angika_wikipedia_1028,anp,L1,339:s3,anp_Deva
panel2,C,angika_wikipedia_1028,anp,L1,339:s4,anp_Deva
panel2,C,angika_wikipedia_1028,anp,L1,339:s7,anp_Deva
panel2,C,angika_wikipedia_1028,anp,L1,339:s8,anp_Deva
panel2,C,angika_wikipedia_1028,anp,L1,341:s1,anp_Deva
panel2,C,angika_wikipedia_1028,anp,L1,341:s2,anp_Deva
panel2,C,angika_wikipedia_1028,anp,L1,341:s3,anp_Deva
panel2,C,angika_wikipedia_1028,anp,L1,341:s5,anp_Deva
panel2,C,angika_wikipedia_1028,anp,L1,341:s6,anp_Deva
panel2,C,angika_wikipedia_1028,anp,L1,341:s9,anp_Deva
panel2,C,angika_wikipedia_1028,anp,L1,341:s10,anp_Deva
panel2,C,angika_wikipedia_1028,anp,L1,343:s0,anp_Deva
panel2,C,angika_wikipedia_1028,anp,L1,343:s2,anp_Deva
panel2,C,angika_wikipedia_1028,anp,L1,343:s3,anp_Deva
panel2,C,angika_wikipedia_1028,anp,L1,343:s5,anp_Deva
panel2,C,angika_wikipedia_1028,anp,L1,343:s7,anp_Deva
panel2,C,angika_wikipedia_1028,anp,L1,344:s0,anp_Deva
panel2,C,angika_wikipedia_1028,anp,L1,344:s1,anp_Deva
panel2,C,angika_wikipedia_1028,anp,L1,345:s0,anp_Deva
panel2,C,angika_wikipedia_1028,anp,L1,345:s1,anp_Deva
panel2,C,angika_wikipedia_1028,anp,L1,346:s1,anp_Deva
panel2,C,angika_wikipedia_1028,anp,L1,349:s0,anp_Deva
panel2,C,angika_wikipedia_1028,anp,L1,350:s0,anp_Deva
panel2,C,angika_wikipedia_1028,anp,L1,351:s0,anp_Deva
panel2,C,angika_wikipedia_1028,anp,L1,351:s1,anp_Deva
panel2,C,angika_wikipedia_1028,anp,L1,351:s2,anp_Deva
panel2,C,angika_wikipedia_1028,anp,L1,352:s0,anp_Deva
panel2,C,angika_wikipedia_1028,anp,L1,353:s0,anp_Deva
panel2,C,angika_wikipedia_1028,anp,L1,353:s2,anp_Deva
panel2,C,angika_wikipedia_1028,anp,L1,354:s0,anp_Deva
panel2,C,angika_wikipedia_1028,anp,L1,356:s1,anp_Deva
panel2,C,angika_wikipedia_1028,anp,L1,357:s2,anp_Deva
panel2,C,angika_wikipedia_1028,anp,L1,357:s3,mag_Deva
panel2,C,angika_wikipedia_1028,anp,L1,358:s1,anp_Deva
panel2,C,angika_wikipedia_1028,anp,L1,359:s1,awa_Deva
panel2,C,angika_wikipedia_1028,anp,L1,359:s2,anp_Deva
panel2,C,angika_wikipedia_1028,anp,L1,359:s3,anp_Deva
panel2,C,angika_wikipedia_1028,anp,L1,361:s0,anp_Deva
panel2,C,angika_wikipedia_1028,anp,L1,362:s0,anp_Deva
panel2,C,angika_wikipedia_1028,anp,L1,362:s1,anp_Deva
panel2,C,angika_wikipedia_1028,anp,L1,363:s0,anp_Deva
panel2,C,angika_wikipedia_1028,anp,L1,363:s1,anp_Deva
panel2,C,angika_wikipedia_1028,anp,L1,363:s2,anp_Deva
panel2,C,angika_wikipedia_1028,anp,L1,363:s3,anp_Deva
panel2,C,angika_wikipedia_1028,anp,L1,363:s4,anp_Deva
panel2,C,angika_wikipedia_1028,anp,L1,364:s0,anp_Deva
panel2,C,angika_wikipedia_1028,anp,L1,364:s2,anp_Deva
panel2,C,angika_wikipedia_1028,anp,L1,365:s2,anp_Deva
panel2,C,angika_wikipedia_1028,anp,L1,366:s2,anp_Deva
panel2,C,angika_wikipedia_1028,anp,L1,368:s4,anp_Deva
panel2,C,angika_wikipedia_1028,anp,L1,369:s0,anp_Deva
panel2,C,angika_wikipedia_1028,anp,L1,370:s2,anp_Deva
panel2,C,angika_wikipedia_1028,anp,L1,370:s3,anp_Deva
panel2,C,angika_wikipedia_1028,anp,L1,370:s5,anp_Deva
panel2,C,angika_wikipedia_1028,anp,L1,371:s1,anp_Deva
panel2,C,angika_wikipedia_1028,anp,L1,373:s1,anp_Deva
panel2,C,angika_wikipedia_1028,anp,L1,373:s2,anp_Deva
panel2,C,angika_wikipedia_1028,anp,L1,373:s3,anp_Deva
panel2,C,angika_wikipedia_1028,anp,L1,373:s4,anp_Deva
panel2,C,angika_wikipedia_1028,anp,L1,373:s5,awa_Deva
panel2,C,angika_wikipedia_1028,anp,L1,373:s7,anp_Deva
panel2,C,angika_wikipedia_1028,anp,L1,373:s9,anp_Deva
panel2,C,angika_wikipedia_1028,anp,L1,373:s10,anp_Deva
panel2,C,angika_wikipedia_1028,anp,L1,373:s11,anp_Deva
panel2,C,angika_wikipedia_1028,anp,L1,374:s1,anp_Deva
panel2,C,angika_wikipedia_1028,anp,L1,374:s2,anp_Deva
panel2,C,angika_wikipedia_1028,anp,L1,375:s0,anp_Deva
panel2,C,angika_wikipedia_1028,anp,L1,375:s1,anp_Deva
panel2,C,angika_wikipedia_1028,anp,L1,375:s2,anp_Deva
panel2,C,angika_wikipedia_1028,anp,L1,375:s4,mag_Deva
panel2,C,angika_wikipedia_1028,anp,L1,376:s1,anp_Deva
panel2,C,angika_wikipedia_1028,anp,L1,376:s3,anp_Deva
panel2,C,angika_wikipedia_1028,anp,L1,376:s4,anp_Deva
panel2,C,angika_wikipedia_1028,anp,L1,376:s6,anp_Deva
panel2,C,angika_wikipedia_1028,anp,L1,376:s7,anp_Deva
panel2,C,angika_wikipedia_1028,anp,L1,376:s8,anp_Deva
panel2,C,angika_wikipedia_1028,anp,L1,379:s1,anp_Deva
panel2,C,angika_wikipedia_1028,anp,L1,380:s0,anp_Deva
panel2,C,angika_wikipedia_1028,anp,L1,380:s2,anp_Deva
panel2,C,angika_wikipedia_1028,anp,L1,380:s6,anp_Deva
panel2,C,angika_wikipedia_1028,anp,L1,381:s0,anp_Deva
panel2,C,angika_wikipedia_1028,anp,L1,381:s1,anp_Deva
panel2,C,angika_wikipedia_1028,anp,L1,381:s2,anp_Deva
panel2,C,angika_wikipedia_1028,anp,L1,382:s0,anp_Deva
panel2,C,angika_wikipedia_1028,anp,L1,382:s2,anp_Deva
panel2,C,angika_wikipedia_1028,anp,L1,382:s3,anp_Deva
panel2,C,angika_wikipedia_1028,anp,L1,382:s4,anp_Deva
panel2,C,angika_wikipedia_1028,anp,L1,382:s5,anp_Deva
panel2,C,angika_wikipedia_1028,anp,L1,383:s1,anp_Deva
panel2,C,angika_wikipedia_1028,anp,L1,383:s3,anp_Deva
panel2,C,angika_wikipedia_1028,anp,L1,383:s4,anp_Deva
panel2,C,angika_wikipedia_1028,anp,L1,384:s0,anp_Deva
panel2,C,angika_wikipedia_1028,anp,L1,385:s0,anp_Deva
panel2,C,angika_wikipedia_1028,anp,L1,385:s3,anp_Deva
panel2,C,angika_wikipedia_1028,anp,L1,385:s4,anp_Deva
panel2,C,angika_wikipedia_1028,anp,L1,385:s7,anp_Deva
panel2,C,angika_wikipedia_1028,anp,L1,386:s1,anp_Deva
panel2,C,angika_wikipedia_1028,anp,L1,387:s2,anp_Deva
panel2,C,angika_wikipedia_1028,anp,L1,388:s1,anp_Deva
panel2,C,angika_wikipedia_1028,anp,L1,388:s2,anp_Deva
panel2,C,angika_wikipedia_1028,anp,L1,388:s6,anp_Deva
panel2,C,angika_wikipedia_1028,anp,L1,388:s8,anp_Deva
panel2,C,angika_wikipedia_1028,anp,L1,388:s9,anp_Deva
panel2,C,angika_wikipedia_1028,anp,L1,388:s10,anp_Deva
panel2,C,angika_wikipedia_1028,anp,L1,390:s2,anp_Deva
panel2,C,angika_wikipedia_1028,anp,L1,390:s3,anp_Deva
panel2,C,angika_wikipedia_1028,anp,L1,391:s0,anp_Deva
panel2,C,angika_wikipedia_1028,anp,L1,391:s1,anp_Deva
panel2,C,angika_wikipedia_1028,anp,L1,392:s0,anp_Deva
panel2,C,angika_wikipedia_1028,anp,L1,392:s1,anp_Deva
panel2,C,angika_wikipedia_1028,anp,L1,393:s0,anp_Deva
panel2,C,angika_wikipedia_1028,anp,L1,393:s1,anp_Deva
panel2,C,angika_wikipedia_1028,anp,L1,393:s3,anp_Deva
panel2,C,angika_wikipedia_1028,anp,L1,393:s4,anp_Deva
panel2,C,angika_wikipedia_1028,anp,L1,393:s5,anp_Deva
panel2,C,angika_wikipedia_1028,anp,L1,394:s0,anp_Deva
panel2,C,angika_wikipedia_1028,anp,L1,394:s2,anp_Deva
panel2,C,angika_wikipedia_1028,anp,L1,396:s0,anp_Deva
panel2,C,angika_wikipedia_1028,anp,L1,396:s1,anp_Deva
panel2,C,angika_wikipedia_1028,anp,L1,396:s4,anp_Deva
panel2,C,angika_wikipedia_1028,anp,L1,397:s0,anp_Deva
panel2,C,angika_wikipedia_1028,anp,L1,397:s1,anp_Deva
panel2,C,angika_wikipedia_1028,anp,L1,397:s2,anp_Deva
panel2,C,angika_wikipedia_1028,anp,L1,397:s3,anp_Deva
panel2,C,angika_wikipedia_1028,anp,L1,397:s4,anp_Deva
panel2,C,angika_wikipedia_1028,anp,L1,398:s0,anp_Deva
panel2,C,angika_wikipedia_1028,anp,L1,398:s3,anp_Deva
panel2,C,angika_wikipedia_1028,anp,L1,398:s4,anp_Deva
panel2,C,angika_wikipedia_1028,anp,L1,399:s1,anp_Deva
panel2,C,angika_wikipedia_1028,anp,L1,400:s2,anp_Deva
panel2,C,angika_wikipedia_1028,anp,L1,401:s0,anp_Deva
panel2,C,angika_wikipedia_1028,anp,L1,402:s0,anp_Deva
panel2,C,angika_wikipedia_1028,anp,L1,402:s2,hin_Deva
panel2,C,angika_wikipedia_1028,anp,L1,402:s5,anp_Deva
panel2,C,angika_wikipedia_1028,anp,L1,402:s6,anp_Deva
panel2,C,angika_wikipedia_1028,anp,L1,404:s0,anp_Deva
panel2,C,angika_wikipedia_1028,anp,L1,407:s0,anp_Deva
panel2,C,angika_wikipedia_1028,anp,L1,407:s3,anp_Deva
panel2,C,angika_wikipedia_1028,anp,L1,409:s1,anp_Deva
panel2,C,angika_wikipedia_1028,anp,L1,409:s3,anp_Deva
panel2,C,angika_wikipedia_1028,anp,L1,409:s4,anp_Deva
panel2,C,angika_wikipedia_1028,anp,L1,409:s7,anp_Deva
panel2,C,angika_wikipedia_1028,anp,L1,410:s2,anp_Deva
panel2,C,angika_wikipedia_1028,anp,L1,410:s3,anp_Deva
panel2,C,angika_wikipedia_1028,anp,L1,410:s4,anp_Deva
panel2,C,angika_wikipedia_1028,anp,L1,410:s5,anp_Deva
panel2,C,angika_wikipedia_1028,anp,L1,410:s7,anp_Deva
panel2,C,angika_wikipedia_1028,anp,L1,410:s9,anp_Deva
panel2,C,angika_wikipedia_1028,anp,L1,411:s1,anp_Deva
panel2,C,angika_wikipedia_1028,anp,L1,411:s4,anp_Deva
panel2,C,angika_wikipedia_1028,anp,L1,412:s2,anp_Deva
panel2,C,angika_wikipedia_1028,anp,L1,417:s0,anp_Deva
panel2,C,angika_wikipedia_1028,anp,L1,418:s1,anp_Deva
panel2,C,angika_wikipedia_1028,anp,L1,418:s2,anp_Deva
panel2,C,angika_wikipedia_1028,anp,L1,420:s0,anp_Deva
panel2,C,angika_wikipedia_1028,anp,L1,420:s1,anp_Deva
panel2,C,angika_wikipedia_1028,anp,L1,420:s2,anp_Deva
panel2,C,angika_wikipedia_1028,anp,L1,421:s0,anp_Deva
panel2,C,angika_wikipedia_1028,anp,L1,421:s5,anp_Deva
panel2,C,angika_wikipedia_1028,anp,L1,421:s7,anp_Deva
panel2,C,angika_wikipedia_1028,anp,L1,421:s8,anp_Deva
panel2,C,angika_wikipedia_1028,anp,L1,421:s10,anp_Deva
panel2,C,angika_wikipedia_1028,anp,L1,421:s12,anp_Deva
panel2,C,angika_wikipedia_1028,anp,L1,421:s13,anp_Deva
panel2,C,angika_wikipedia_1028,anp,L1,421:s14,anp_Deva
panel2,C,angika_wikipedia_1028,anp,L1,421:s15,anp_Deva
panel2,C,angika_wikipedia_1028,anp,L1,423:s2,anp_Deva
panel2,C,angika_wikipedia_1028,anp,L1,424:s0,anp_Deva
panel2,C,angika_wikipedia_1028,anp,L1,424:s2,anp_Deva
panel2,C,angika_wikipedia_1028,anp,L1,424:s3,anp_Deva
panel2,C,angika_wikipedia_1028,anp,L1,427:s0,anp_Deva
panel2,C,angika_wikipedia_1028,anp,L1,427:s1,anp_Deva
panel2,C,angika_wikipedia_1028,anp,L1,428:s0,anp_Deva
panel2,C,angika_wikipedia_1028,anp,L1,429:s0,anp_Deva
panel2,C,angika_wikipedia_1028,anp,L1,429:s1,anp_Deva
panel2,C,angika_wikipedia_1028,anp,L1,429:s3,anp_Deva
panel2,C,angika_wikipedia_1028,anp,L1,430:s0,anp_Deva
panel2,C,angika_wikipedia_1028,anp,L1,431:s0,anp_Deva
panel2,C,angika_wikipedia_1028,anp,L1,431:s1,anp_Deva
panel2,C,angika_wikipedia_1028,anp,L1,431:s2,anp_Deva
panel2,C,angika_wikipedia_1028,anp,L1,431:s3,anp_Deva
panel2,C,angika_wikipedia_1028,anp,L1,431:s4,anp_Deva
panel2,C,angika_wikipedia_1028,anp,L1,431:s5,anp_Deva
panel2,C,angika_wikipedia_1028,anp,L1,433:s1,anp_Deva
panel2,C,angika_wikipedia_1028,anp,L1,433:s2,anp_Deva
panel2,C,angika_wikipedia_1028,anp,L1,435:s0,anp_Deva
panel2,C,angika_wikipedia_1028,anp,L1,435:s1,anp_Deva
panel2,C,angika_wikipedia_1028,anp,L1,435:s2,anp_Deva
panel2,C,angika_wikipedia_1028,anp,L1,436:s0,anp_Deva
panel2,C,angika_wikipedia_1028,anp,L1,436:s1,anp_Deva
panel2,C,angika_wikipedia_1028,anp,L1,436:s2,anp_Deva
panel2,C,angika_wikipedia_1028,anp,L1,439:s2,anp_Deva
panel2,C,angika_wikipedia_1028,anp,L1,440:s0,anp_Deva
panel2,C,angika_wikipedia_1028,anp,L1,442:s0,anp_Deva
panel2,C,angika_wikipedia_1028,anp,L1,443:s0,anp_Deva
panel2,C,angika_wikipedia_1028,anp,L1,444:s0,anp_Deva
panel2,C,angika_wikipedia_1028,anp,L1,445:s1,anp_Deva
panel2,C,angika_wikipedia_1028,anp,L1,448:s2,anp_Deva
panel2,C,angika_wikipedia_1028,anp,L1,448:s3,anp_Deva
panel2,C,angika_wikipedia_1028,anp,L1,448:s5,anp_Deva
panel2,C,angika_wikipedia_1028,anp,L1,450:s0,anp_Deva
panel2,C,angika_wikipedia_1028,anp,L1,451:s0,anp_Deva
panel2,C,angika_wikipedia_1028,anp,L1,451:s1,anp_Deva
panel2,C,angika_wikipedia_1028,anp,L1,451:s3,anp_Deva
panel2,C,angika_wikipedia_1028,anp,L1,451:s4,anp_Deva
panel2,C,angika_wikipedia_1028,anp,L1,451:s7,anp_Deva
panel2,C,angika_wikipedia_1028,anp,L1,452:s0,anp_Deva
panel2,C,angika_wikipedia_1028,anp,L1,452:s1,anp_Deva
panel2,C,angika_wikipedia_1028,anp,L1,453:s2,anp_Deva
panel2,C,angika_wikipedia_1028,anp,L1,453:s3,anp_Deva
panel2,C,angika_wikipedia_1028,anp,L1,455:s2,anp_Deva
panel2,C,angika_wikipedia_1028,anp,L1,455:s4,anp_Deva
panel2,C,angika_wikipedia_1028,anp,L1,455:s5,anp_Deva
panel2,C,angika_wikipedia_1028,anp,L1,455:s6,anp_Deva
panel2,C,angika_wikipedia_1028,anp,L1,455:s7,anp_Deva
panel2,C,angika_wikipedia_1028,anp,L1,455:s8,anp_Deva
panel2,C,angika_wikipedia_1028,anp,L1,455:s9,anp_Deva
panel2,C,angika_wikipedia_1028,anp,L1,455:s10,anp_Deva
panel2,C,angika_wikipedia_1028,anp,L1,455:s11,anp_Deva
panel2,C,angika_wikipedia_1028,anp,L1,456:s0,anp_Deva
panel2,C,angika_wikipedia_1028,anp,L1,457:s0,anp_Deva
panel2,C,angika_wikipedia_1028,anp,L1,458:s0,anp_Deva
panel2,C,angika_wikipedia_1028,anp,L1,458:s2,anp_Deva
panel2,C,angika_wikipedia_1028,anp,L1,458:s7,anp_Deva
panel2,C,angika_wikipedia_1028,anp,L1,458:s8,anp_Deva
panel2,C,angika_wikipedia_1028,anp,L1,459:s0,anp_Deva
panel2,C,angika_wikipedia_1028,anp,L1,459:s1,anp_Deva
panel2,C,angika_wikipedia_1028,anp,L1,459:s2,anp_Deva
panel2,C,angika_wikipedia_1028,anp,L1,459:s3,anp_Deva
panel2,C,angika_wikipedia_1028,anp,L1,461:s1,anp_Deva
panel2,C,angika_wikipedia_1028,anp,L1,463:s0,anp_Deva
panel2,C,angika_wikipedia_1028,anp,L1,465:s2,anp_Deva
panel2,C,angika_wikipedia_1028,anp,L1,466:s2,anp_Deva
panel2,C,angika_wikipedia_1028,anp,L1,466:s3,anp_Deva
panel2,C,angika_wikipedia_1028,anp,L1,466:s4,anp_Deva
panel2,C,angika_wikipedia_1028,anp,L1,467:s1,anp_Deva
panel2,C,angika_wikipedia_1028,anp,L1,467:s2,anp_Deva
panel2,C,angika_wikipedia_1028,anp,L1,468:s0,anp_Deva
panel2,C,angika_wikipedia_1028,anp,L1,469:s1,anp_Deva
panel2,C,angika_wikipedia_1028,anp,L1,469:s2,anp_Deva
panel2,C,angika_wikipedia_1028,anp,L1,470:s0,anp_Deva
panel2,C,angika_wikipedia_1028,anp,L1,470:s1,anp_Deva
panel2,C,angika_wikipedia_1028,anp,L1,470:s2,anp_Deva
panel2,C,angika_wikipedia_1028,anp,L1,470:s3,anp_Deva
panel2,C,angika_wikipedia_1028,anp,L1,470:s7,anp_Deva
panel2,C,angika_wikipedia_1028,anp,L1,472:s0,anp_Deva
panel2,C,angika_wikipedia_1028,anp,L1,474:s0,anp_Deva
panel2,C,angika_wikipedia_1028,anp,L1,477:s0,anp_Deva
panel2,C,angika_wikipedia_1028,anp,L1,479:s1,anp_Deva
panel2,C,angika_wikipedia_1028,anp,L1,479:s5,anp_Deva
panel2,C,angika_wikipedia_1028,anp,L1,479:s6,anp_Deva
panel2,C,angika_wikipedia_1028,anp,L1,480:s3,anp_Deva
panel2,C,angika_wikipedia_1028,anp,L1,481:s0,anp_Deva
panel2,C,angika_wikipedia_1028,anp,L1,481:s2,anp_Deva
panel2,C,angika_wikipedia_1028,anp,L1,481:s4,anp_Deva
panel2,C,angika_wikipedia_1028,anp,L1,481:s5,anp_Deva
panel2,C,angika_wikipedia_1028,anp,L1,481:s6,anp_Deva
panel2,C,angika_wikipedia_1028,anp,L1,481:s7,anp_Deva
panel2,C,angika_wikipedia_1028,anp,L1,482:s0,anp_Deva
panel2,C,angika_wikipedia_1028,anp,L1,482:s2,anp_Deva
panel2,C,angika_wikipedia_1028,anp,L1,482:s3,anp_Deva
panel2,C,angika_wikipedia_1028,anp,L1,483:s0,anp_Deva
panel2,C,angika_wikipedia_1028,anp,L1,483:s2,anp_Deva
panel2,C,angika_wikipedia_1028,anp,L1,484:s1,anp_Deva
panel2,C,angika_wikipedia_1028,anp,L1,484:s2,anp_Deva
panel2,C,angika_wikipedia_1028,anp,L1,485:s0,anp_Deva
panel2,C,angika_wikipedia_1028,anp,L1,486:s0,anp_Deva
panel2,C,angika_wikipedia_1028,anp,L1,486:s1,anp_Deva
panel2,C,angika_wikipedia_1028,anp,L1,487:s0,anp_Deva
panel2,C,angika_wikipedia_1028,anp,L1,488:s0,anp_Deva
panel2,C,angika_wikipedia_1028,anp,L1,488:s4,anp_Deva
panel2,C,angika_wikipedia_1028,anp,L1,489:s0,anp_Deva
panel2,C,angika_wikipedia_1028,anp,L1,489:s1,anp_Deva
panel2,C,angika_wikipedia_1028,anp,L1,490:s0,anp_Deva
panel2,C,angika_wikipedia_1028,anp,L1,490:s1,anp_Deva
panel2,C,angika_wikipedia_1028,anp,L1,490:s2,anp_Deva
panel2,C,angika_wikipedia_1028,anp,L1,490:s3,anp_Deva
panel2,C,angika_wikipedia_1028,anp,L1,490:s4,anp_Deva
panel2,C,angika_wikipedia_1028,anp,L1,490:s14,anp_Deva
panel2,C,angika_wikipedia_1028,anp,L1,493:s0,anp_Deva
panel2,C,angika_wikipedia_1028,anp,L1,493:s1,anp_Deva
panel2,C,angika_wikipedia_1028,anp,L1,493:s2,anp_Deva
panel2,C,angika_wikipedia_1028,anp,L1,494:s2,anp_Deva
panel2,C,angika_wikipedia_1028,anp,L1,495:s0,anp_Deva
panel2,C,angika_wikipedia_1028,anp,L1,495:s2,anp_Deva
panel2,C,angika_wikipedia_1028,anp,L1,496:s0,anp_Deva
panel2,C,angika_wikipedia_1028,anp,L1,496:s2,anp_Deva
panel2,C,angika_wikipedia_1028,anp,L1,497:s0,anp_Deva
panel2,C,angika_wikipedia_1028,anp,L1,497:s3,anp_Deva
panel2,C,angika_wikipedia_1028,anp,L1,497:s4,anp_Deva
panel2,C,angika_wikipedia_1028,anp,L1,497:s5,anp_Deva
panel2,C,angika_wikipedia_1028,anp,L1,499:s0,anp_Deva
panel2,C,angika_wikipedia_1028,anp,L1,500:s0,anp_Deva
panel2,C,angika_wikipedia_1028,anp,L1,500:s1,anp_Deva
panel2,C,angika_wikipedia_1028,anp,L1,501:s0,anp_Deva
panel2,C,angika_wikipedia_1028,anp,L1,502:s0,anp_Deva
panel2,C,angika_wikipedia_1028,anp,L1,502:s1,anp_Deva
panel2,C,angika_wikipedia_1028,anp,L1,502:s2,anp_Deva
panel2,C,angika_wikipedia_1028,anp,L1,503:s0,anp_Deva
panel2,C,angika_wikipedia_1028,anp,L1,503:s2,anp_Deva
panel2,C,angika_wikipedia_1028,anp,L1,503:s3,anp_Deva
panel2,C,angika_wikipedia_1028,anp,L1,503:s5,anp_Deva
panel2,C,angika_wikipedia_1028,anp,L1,504:s0,anp_Deva
panel2,C,angika_wikipedia_1028,anp,L1,504:s2,anp_Deva
panel2,C,angika_wikipedia_1028,anp,L1,504:s5,anp_Deva
panel2,C,angika_wikipedia_1028,anp,L1,505:s1,anp_Deva
panel2,C,angika_wikipedia_1028,anp,L1,505:s2,anp_Deva
panel2,C,angika_wikipedia_1028,anp,L1,505:s3,anp_Deva
panel2,C,angika_wikipedia_1028,anp,L1,505:s4,anp_Deva
panel2,C,angika_wikipedia_1028,anp,L1,505:s6,anp_Deva
panel2,C,angika_wikipedia_1028,anp,L1,505:s7,anp_Deva
panel2,C,angika_wikipedia_1028,anp,L1,505:s8,anp_Deva
panel2,C,angika_wikipedia_1028,anp,L1,506:s0,anp_Deva
panel2,C,angika_wikipedia_1028,anp,L1,507:s0,anp_Deva
panel2,C,angika_wikipedia_1028,anp,L1,508:s0,anp_Deva
panel2,C,angika_wikipedia_1028,anp,L1,508:s3,anp_Deva
panel2,C,angika_wikipedia_1028,anp,L1,509:s1,anp_Deva
panel2,C,angika_wikipedia_1028,anp,L1,509:s2,anp_Deva
panel2,C,angika_wikipedia_1028,anp,L1,511:s0,anp_Deva
panel2,C,angika_wikipedia_1028,anp,L1,511:s1,anp_Deva
panel2,C,angika_wikipedia_1028,anp,L1,511:s4,anp_Deva
panel2,C,angika_wikipedia_1028,anp,L1,511:s6,anp_Deva
panel2,C,angika_wikipedia_1028,anp,L1,511:s8,anp_Deva
panel2,C,angika_wikipedia_1028,anp,L1,511:s9,anp_Deva
panel2,C,angika_wikipedia_1028,anp,L1,512:s0,anp_Deva
panel2,C,angika_wikipedia_1028,anp,L1,512:s4,anp_Deva
panel2,C,angika_wikipedia_1028,anp,L1,513:s0,anp_Deva
panel2,C,angika_wikipedia_1028,anp,L1,513:s1,anp_Deva
panel2,C,angika_wikipedia_1028,anp,L1,513:s3,anp_Deva
panel2,C,angika_wikipedia_1028,anp,L1,513:s4,anp_Deva
panel2,C,angika_wikipedia_1028,anp,L1,513:s5,anp_Deva
panel2,C,angika_wikipedia_1028,anp,L1,514:s0,anp_Deva
panel2,C,angika_wikipedia_1028,anp,L1,515:s0,anp_Deva
panel2,C,angika_wikipedia_1028,anp,L1,516:s3,anp_Deva
panel2,C,angika_wikipedia_1028,anp,L1,517:s0,anp_Deva
panel2,C,angika_wikipedia_1028,anp,L1,518:s1,anp_Deva
panel2,C,angika_wikipedia_1028,anp,L1,518:s2,anp_Deva
panel2,C,angika_wikipedia_1028,anp,L1,518:s3,anp_Deva
panel2,C,angika_wikipedia_1028,anp,L1,518:s4,anp_Deva
panel2,C,angika_wikipedia_1028,anp,L1,518:s5,anp_Deva
panel2,C,angika_wikipedia_1028,anp,L1,518:s7,anp_Deva
panel2,C,angika_wikipedia_1028,anp,L1,518:s8,anp_Deva
panel2,C,angika_wikipedia_1028,anp,L1,519:s0,anp_Deva
panel2,C,angika_wikipedia_1028,anp,L1,519:s3,anp_Deva
panel2,C,angika_wikipedia_1028,anp,L1,520:s0,anp_Deva
panel2,C,angika_wikipedia_1028,anp,L1,520:s1,anp_Deva
panel2,C,angika_wikipedia_1028,anp,L1,521:s0,anp_Deva
panel2,C,angika_wikipedia_1028,anp,L1,521:s1,anp_Deva
panel2,C,angika_wikipedia_1028,anp,L1,522:s0,anp_Deva
panel2,C,angika_wikipedia_1028,anp,L1,522:s2,anp_Deva
panel2,C,angika_wikipedia_1028,anp,L1,523:s0,anp_Deva
panel2,C,angika_wikipedia_1028,anp,L1,523:s1,anp_Deva
panel2,C,angika_wikipedia_1028,anp,L1,523:s2,anp_Deva
panel2,C,angika_wikipedia_1028,anp,L1,523:s3,anp_Deva
panel2,C,angika_wikipedia_1028,anp,L1,523:s5,anp_Deva
panel2,C,angika_wikipedia_1028,anp,L1,524:s0,anp_Deva
panel2,C,angika_wikipedia_1028,anp,L1,524:s1,anp_Deva
panel2,C,angika_wikipedia_1028,anp,L1,524:s2,anp_Deva
panel2,C,angika_wikipedia_1028,anp,L1,524:s3,anp_Deva
panel2,C,angika_wikipedia_1028,anp,L1,525:s0,anp_Deva
panel2,C,angika_wikipedia_1028,anp,L1,526:s2,anp_Deva
panel2,C,angika_wikipedia_1028,anp,L1,527:s0,anp_Deva
panel2,C,angika_wikipedia_1028,anp,L1,528:s3,anp_Deva
panel2,C,angika_wikipedia_1028,anp,L1,528:s5,anp_Deva
panel2,C,angika_wikipedia_1028,anp,L1,528:s6,anp_Deva
panel2,C,angika_wikipedia_1028,anp,L1,528:s7,anp_Deva
panel2,C,angika_wikipedia_1028,anp,L1,528:s8,anp_Deva
panel2,C,angika_wikipedia_1028,anp,L1,530:s0,anp_Deva
panel2,C,angika_wikipedia_1028,anp,L1,530:s1,anp_Deva
panel2,C,angika_wikipedia_1028,anp,L1,531:s0,anp_Deva
panel2,C,angika_wikipedia_1028,anp,L1,533:s1,anp_Deva
panel2,C,angika_wikipedia_1028,anp,L1,534:s0,anp_Deva
panel2,C,angika_wikipedia_1028,anp,L1,535:s0,anp_Deva
panel2,C,angika_wikipedia_1028,anp,L1,536:s0,anp_Deva
panel2,C,angika_wikipedia_1028,anp,L1,538:s2,anp_Deva
panel2,C,angika_wikipedia_1028,anp,L1,539:s1,anp_Deva
panel2,C,angika_wikipedia_1028,anp,L1,543:s1,anp_Deva
panel2,C,angika_wikipedia_1028,anp,L1,545:s0,anp_Deva
panel2,C,angika_wikipedia_1028,anp,L1,546:s0,anp_Deva
panel2,C,angika_wikipedia_1028,anp,L1,546:s1,anp_Deva
panel2,C,angika_wikipedia_1028,anp,L1,546:s2,anp_Deva
panel2,C,angika_wikipedia_1028,anp,L1,547:s0,anp_Deva
panel2,C,angika_wikipedia_1028,anp,L1,547:s3,anp_Deva
panel2,C,angika_wikipedia_1028,anp,L1,547:s4,anp_Deva
panel2,C,angika_wikipedia_1028,anp,L1,548:s0,anp_Deva
panel2,C,angika_wikipedia_1028,anp,L1,550:s0,anp_Deva
panel2,C,angika_wikipedia_1028,anp,L1,550:s2,anp_Deva
panel2,C,angika_wikipedia_1028,anp,L1,550:s3,anp_Deva
panel2,C,angika_wikipedia_1028,anp,L1,550:s4,anp_Deva
panel2,C,angika_wikipedia_1028,anp,L1,550:s5,anp_Deva
panel2,C,angika_wikipedia_1028,anp,L1,550:s6,anp_Deva
panel2,C,angika_wikipedia_1028,anp,L1,551:s2,anp_Deva
panel2,C,angika_wikipedia_1028,anp,L1,551:s3,anp_Deva
panel2,C,angika_wikipedia_1028,anp,L1,551:s4,anp_Deva
panel2,C,angika_wikipedia_1028,anp,L1,552:s0,anp_Deva
panel2,C,angika_wikipedia_1028,anp,L1,553:s0,anp_Deva
panel2,C,angika_wikipedia_1028,anp,L1,554:s1,anp_Deva
panel2,C,angika_wikipedia_1028,anp,L1,555:s0,anp_Deva
panel2,C,angika_wikipedia_1028,anp,L1,556:s0,anp_Deva
panel2,C,angika_wikipedia_1028,anp,L1,556:s3,anp_Deva
panel2,C,angika_wikipedia_1028,anp,L1,556:s4,anp_Deva
panel2,C,angika_wikipedia_1028,anp,L1,557:s0,anp_Deva
panel2,C,angika_wikipedia_1028,anp,L1,557:s1,anp_Deva
panel2,C,angika_wikipedia_1028,anp,L1,557:s2,anp_Deva
panel2,C,angika_wikipedia_1028,anp,L1,557:s4,anp_Deva
panel2,C,angika_wikipedia_1028,anp,L1,559:s0,anp_Deva
panel2,C,angika_wikipedia_1028,anp,L1,562:s0,anp_Deva
panel2,C,angika_wikipedia_1028,anp,L1,563:s0,anp_Deva
panel2,C,angika_wikipedia_1028,anp,L1,563:s1,anp_Deva
panel2,C,angika_wikipedia_1028,anp,L1,563:s2,anp_Deva
panel2,C,angika_wikipedia_1028,anp,L1,563:s3,anp_Deva
panel2,C,angika_wikipedia_1028,anp,L1,563:s5,anp_Deva
panel2,C,angika_wikipedia_1028,anp,L1,564:s0,anp_Deva
panel2,C,angika_wikipedia_1028,anp,L1,565:s0,anp_Deva
panel2,C,angika_wikipedia_1028,anp,L1,565:s1,anp_Deva
panel2,C,angika_wikipedia_1028,anp,L1,567:s0,anp_Deva
panel2,C,angika_wikipedia_1028,anp,L1,569:s0,anp_Deva
panel2,C,angika_wikipedia_1028,anp,L1,572:s0,anp_Deva
panel2,C,angika_wikipedia_1028,anp,L1,573:s1,anp_Deva
panel2,C,angika_wikipedia_1028,anp,L1,574:s1,anp_Deva
panel2,C,angika_wikipedia_1028,anp,L1,575:s0,anp_Deva
panel2,C,angika_wikipedia_1028,anp,L1,575:s1,anp_Deva
panel2,C,angika_wikipedia_1028,anp,L1,576:s0,anp_Deva
panel2,C,angika_wikipedia_1028,anp,L1,576:s1,anp_Deva
panel2,C,angika_wikipedia_1028,anp,L1,576:s3,anp_Deva
panel2,C,angika_wikipedia_1028,anp,L1,576:s4,anp_Deva
panel2,C,angika_wikipedia_1028,anp,L1,576:s5,anp_Deva
panel2,C,angika_wikipedia_1028,anp,L1,576:s6,anp_Deva
panel2,C,angika_wikipedia_1028,anp,L1,577:s0,anp_Deva
panel2,C,angika_wikipedia_1028,anp,L1,577:s2,anp_Deva
panel2,C,angika_wikipedia_1028,anp,L1,577:s3,anp_Deva
panel2,C,angika_wikipedia_1028,anp,L1,579:s0,anp_Deva
panel2,C,angika_wikipedia_1028,anp,L1,580:s0,anp_Deva
panel2,C,angika_wikipedia_1028,anp,L1,580:s1,anp_Deva
panel2,C,angika_wikipedia_1028,anp,L1,581:s0,anp_Deva
panel2,C,angika_wikipedia_1028,anp,L1,581:s1,anp_Deva
panel2,C,angika_wikipedia_1028,anp,L1,582:s0,anp_Deva
panel2,C,angika_wikipedia_1028,anp,L1,584:s0,anp_Deva
panel2,C,angika_wikipedia_1028,anp,L1,584:s1,anp_Deva
panel2,C,angika_wikipedia_1028,anp,L1,584:s4,anp_Deva
panel2,C,angika_wikipedia_1028,anp,L1,585:s0,anp_Deva
panel2,C,angika_wikipedia_1028,anp,L1,586:s0,anp_Deva
panel2,C,angika_wikipedia_1028,anp,L1,586:s1,anp_Deva
panel2,C,angika_wikipedia_1028,anp,L1,586:s2,anp_Deva
panel2,C,angika_wikipedia_1028,anp,L1,586:s3,anp_Deva
panel2,C,angika_wikipedia_1028,anp,L1,590:s1,anp_Deva
panel2,C,angika_wikipedia_1028,anp,L1,591:s0,anp_Deva
panel2,C,angika_wikipedia_1028,anp,L1,591:s1,anp_Deva
panel2,C,angika_wikipedia_1028,anp,L1,592:s1,anp_Deva
panel2,C,angika_wikipedia_1028,anp,L1,592:s2,anp_Deva
panel2,C,angika_wikipedia_1028,anp,L1,593:s3,anp_Deva
panel2,C,angika_wikipedia_1028,anp,L1,593:s4,anp_Deva
panel2,C,angika_wikipedia_1028,anp,L1,593:s5,anp_Deva
panel2,C,angika_wikipedia_1028,anp,L1,594:s0,anp_Deva
panel2,C,angika_wikipedia_1028,anp,L1,594:s1,anp_Deva
panel2,C,angika_wikipedia_1028,anp,L1,594:s2,anp_Deva
panel2,C,angika_wikipedia_1028,anp,L1,594:s3,anp_Deva
panel2,C,angika_wikipedia_1028,anp,L1,595:s0,anp_Deva
panel2,C,angika_wikipedia_1028,anp,L1,596:s0,anp_Deva
panel2,C,angika_wikipedia_1028,anp,L1,596:s1,anp_Deva
panel2,C,angika_wikipedia_1028,anp,L1,596:s2,anp_Deva
panel2,C,angika_wikipedia_1028,anp,L1,596:s3,anp_Deva
panel2,C,angika_wikipedia_1028,anp,L1,596:s4,anp_Deva
panel2,C,angika_wikipedia_1028,anp,L1,596:s5,anp_Deva
panel2,C,angika_wikipedia_1028,anp,L1,597:s2,anp_Deva
panel2,C,angika_wikipedia_1028,anp,L1,597:s4,anp_Deva
panel2,C,angika_wikipedia_1028,anp,L1,597:s5,anp_Deva
panel2,C,angika_wikipedia_1028,anp,L1,597:s6,anp_Deva
panel2,C,angika_wikipedia_1028,anp,L1,597:s7,anp_Deva
panel2,C,angika_wikipedia_1028,anp,L1,597:s8,anp_Deva
panel2,C,angika_wikipedia_1028,anp,L1,597:s9,anp_Deva
panel2,C,angika_wikipedia_1028,anp,L1,598:s0,anp_Deva
panel2,C,angika_wikipedia_1028,anp,L1,598:s1,anp_Deva
panel2,C,angika_wikipedia_1028,anp,L1,598:s3,anp_Deva
panel2,C,angika_wikipedia_1028,anp,L1,599:s0,anp_Deva
panel2,C,angika_wikipedia_1028,anp,L1,602:s0,anp_Deva
panel2,C,angika_wikipedia_1028,anp,L1,602:s1,anp_Deva
panel2,C,angika_wikipedia_1028,anp,L1,604:s0,anp_Deva
panel2,C,angika_wikipedia_1028,anp,L1,605:s0,anp_Deva
panel2,C,angika_wikipedia_1028,anp,L1,606:s0,anp_Deva
panel2,C,angika_wikipedia_1028,anp,L1,607:s1,anp_Deva
panel2,C,angika_wikipedia_1028,anp,L1,607:s5,anp_Deva
panel2,C,angika_wikipedia_1028,anp,L1,607:s6,anp_Deva
panel2,C,angika_wikipedia_1028,anp,L1,609:s0,anp_Deva
panel2,C,angika_wikipedia_1028,anp,L1,609:s1,anp_Deva
panel2,C,angika_wikipedia_1028,anp,L1,610:s1,anp_Deva
panel2,C,angika_wikipedia_1028,anp,L1,610:s5,anp_Deva
panel2,C,angika_wikipedia_1028,anp,L1,611:s1,anp_Deva
panel2,C,angika_wikipedia_1028,anp,L1,611:s3,anp_Deva
panel2,C,angika_wikipedia_1028,anp,L1,612:s0,anp_Deva
panel2,C,angika_wikipedia_1028,anp,L1,612:s2,anp_Deva
panel2,C,angika_wikipedia_1028,anp,L1,613:s0,anp_Deva
panel2,C,angika_wikipedia_1028,anp,L1,613:s1,anp_Deva
panel2,C,angika_wikipedia_1028,anp,L1,613:s2,anp_Deva
panel2,C,angika_wikipedia_1028,anp,L1,613:s3,anp_Deva
panel2,C,angika_wikipedia_1028,anp,L1,613:s4,anp_Deva
panel2,C,angika_wikipedia_1028,anp,L1,614:s0,anp_Deva
panel2,C,angika_wikipedia_1028,anp,L1,614:s1,anp_Deva
panel2,C,angika_wikipedia_1028,anp,L1,614:s3,anp_Deva
panel2,C,angika_wikipedia_1028,anp,L1,615:s0,anp_Deva
panel2,C,angika_wikipedia_1028,anp,L1,615:s1,anp_Deva
panel2,C,angika_wikipedia_1028,anp,L1,616:s1,anp_Deva
panel2,C,angika_wikipedia_1028,anp,L1,616:s2,anp_Deva
panel2,C,angika_wikipedia_1028,anp,L1,616:s3,anp_Deva
panel2,C,angika_wikipedia_1028,anp,L1,616:s4,anp_Deva
panel2,C,angika_wikipedia_1028,anp,L1,616:s15,anp_Deva
panel2,C,angika_wikipedia_1028,anp,L1,616:s16,anp_Deva
panel2,C,angika_wikipedia_1028,anp,L1,616:s17,anp_Deva
panel2,C,angika_wikipedia_1028,anp,L1,616:s18,anp_Deva
panel2,C,angika_wikipedia_1028,anp,L1,616:s19,anp_Deva
panel2,C,angika_wikipedia_1028,anp,L1,617:s2,anp_Deva
panel2,C,angika_wikipedia_1028,anp,L1,617:s3,anp_Deva
panel2,C,angika_wikipedia_1028,anp,L1,618:s3,anp_Deva
panel2,C,angika_wikipedia_1028,anp,L1,618:s4,anp_Deva
panel2,C,angika_wikipedia_1028,anp,L1,618:s5,anp_Deva
panel2,C,angika_wikipedia_1028,anp,L1,618:s6,anp_Deva
panel2,C,angika_wikipedia_1028,anp,L1,618:s8,anp_Deva
panel2,C,angika_wikipedia_1028,anp,L1,619:s0,anp_Deva
panel2,C,angika_wikipedia_1028,anp,L1,619:s1,anp_Deva
panel2,C,angika_wikipedia_1028,anp,L1,619:s2,anp_Deva
panel2,C,angika_wikipedia_1028,anp,L1,619:s3,anp_Deva
panel2,C,angika_wikipedia_1028,anp,L1,619:s5,anp_Deva
panel2,C,angika_wikipedia_1028,anp,L1,619:s6,anp_Deva
panel2,C,angika_wikipedia_1028,anp,L1,619:s7,anp_Deva
panel2,C,angika_wikipedia_1028,anp,L1,619:s8,anp_Deva
panel2,C,angika_wikipedia_1028,anp,L1,619:s9,anp_Deva
panel2,C,angika_wikipedia_1028,anp,L1,619:s10,mag_Deva
panel2,C,angika_wikipedia_1028,anp,L1,619:s11,anp_Deva
panel2,C,angika_wikipedia_1028,anp,L1,619:s14,anp_Deva
panel2,C,angika_wikipedia_1028,anp,L1,620:s0,anp_Deva
panel2,C,angika_wikipedia_1028,anp,L1,621:s0,anp_Deva
panel2,C,angika_wikipedia_1028,anp,L1,625:s0,anp_Deva
panel2,C,angika_wikipedia_1028,anp,L1,626:s0,anp_Deva
panel2,C,angika_wikipedia_1028,anp,L1,627:s0,anp_Deva
panel2,C,angika_wikipedia_1028,anp,L1,627:s2,anp_Deva
panel2,C,angika_wikipedia_1028,anp,L1,628:s0,anp_Deva
panel2,C,angika_wikipedia_1028,anp,L1,628:s1,anp_Deva
panel2,C,angika_wikipedia_1028,anp,L1,630:s0,anp_Deva
panel2,C,angika_wikipedia_1028,anp,L1,630:s1,anp_Deva
panel2,C,angika_wikipedia_1028,anp,L1,630:s2,anp_Deva
panel2,C,angika_wikipedia_1028,anp,L1,630:s3,anp_Deva
panel2,C,angika_wikipedia_1028,anp,L1,630:s4,anp_Deva
panel2,C,angika_wikipedia_1028,anp,L1,631:s0,anp_Deva
panel2,C,angika_wikipedia_1028,anp,L1,631:s2,anp_Deva
panel2,C,angika_wikipedia_1028,anp,L1,632:s1,anp_Deva
panel2,C,angika_wikipedia_1028,anp,L1,632:s3,anp_Deva
panel2,C,angika_wikipedia_1028,anp,L1,632:s4,anp_Deva
panel2,C,angika_wikipedia_1028,anp,L1,633:s1,anp_Deva
panel2,C,angika_wikipedia_1028,anp,L1,633:s3,anp_Deva
panel2,C,angika_wikipedia_1028,anp,L1,633:s4,anp_Deva
panel2,C,angika_wikipedia_1028,anp,L1,634:s4,anp_Deva
panel2,C,angika_wikipedia_1028,anp,L1,638:s0,anp_Deva
panel2,C,angika_wikipedia_1028,anp,L1,638:s1,anp_Deva
panel2,C,angika_wikipedia_1028,anp,L1,638:s2,anp_Deva
panel2,C,angika_wikipedia_1028,anp,L1,639:s0,anp_Deva
panel2,C,angika_wikipedia_1028,anp,L1,640:s0,anp_Deva
panel2,C,angika_wikipedia_1028,anp,L1,641:s0,anp_Deva
panel2,C,angika_wikipedia_1028,anp,L1,645:s0,anp_Deva
panel2,C,angika_wikipedia_1028,anp,L1,648:s0,anp_Deva
panel2,C,angika_wikipedia_1028,anp,L1,648:s1,anp_Deva
panel2,C,angika_wikipedia_1028,anp,L1,648:s3,anp_Deva
panel2,C,angika_wikipedia_1028,anp,L1,649:s2,anp_Deva
panel2,C,angika_wikipedia_1028,anp,L1,650:s2,anp_Deva
panel2,C,angika_wikipedia_1028,anp,L1,650:s3,anp_Deva
panel2,C,angika_wikipedia_1028,anp,L1,650:s4,anp_Deva
panel2,C,angika_wikipedia_1028,anp,L1,650:s5,anp_Deva
panel2,C,angika_wikipedia_1028,anp,L1,651:s0,anp_Deva
panel2,C,angika_wikipedia_1028,anp,L1,651:s1,anp_Deva
panel2,C,angika_wikipedia_1028,anp,L1,651:s3,anp_Deva
panel2,C,angika_wikipedia_1028,anp,L1,651:s5,anp_Deva
panel2,C,angika_wikipedia_1028,anp,L1,651:s6,anp_Deva
panel2,C,angika_wikipedia_1028,anp,L1,652:s0,anp_Deva
panel2,C,angika_wikipedia_1028,anp,L1,652:s1,anp_Deva
panel2,C,angika_wikipedia_1028,anp,L1,652:s2,anp_Deva
panel2,C,angika_wikipedia_1028,anp,L1,654:s0,anp_Deva
panel2,C,angika_wikipedia_1028,anp,L1,654:s1,anp_Deva
panel2,C,angika_wikipedia_1028,anp,L1,654:s2,anp_Deva
panel2,C,angika_wikipedia_1028,anp,L1,655:s0,anp_Deva
panel2,C,angika_wikipedia_1028,anp,L1,656:s0,anp_Deva
panel2,C,angika_wikipedia_1028,anp,L1,657:s1,anp_Deva
panel2,C,angika_wikipedia_1028,anp,L1,657:s3,anp_Deva
panel2,C,angika_wikipedia_1028,anp,L1,657:s4,anp_Deva
panel2,C,angika_wikipedia_1028,anp,L1,660:s1,anp_Deva
panel2,C,angika_wikipedia_1028,anp,L1,662:s2,anp_Deva
panel2,C,angika_wikipedia_1028,anp,L1,664:s0,anp_Deva
panel2,C,angika_wikipedia_1028,anp,L1,664:s1,anp_Deva
panel2,C,angika_wikipedia_1028,anp,L1,667:s0,anp_Deva
panel2,C,angika_wikipedia_1028,anp,L1,668:s1,anp_Deva
panel2,C,angika_wikipedia_1028,anp,L1,669:s2,anp_Deva
panel2,C,angika_wikipedia_1028,anp,L1,670:s0,anp_Deva
panel2,C,angika_wikipedia_1028,anp,L1,671:s0,anp_Deva
panel2,C,angika_wikipedia_1028,anp,L1,671:s2,anp_Deva
panel2,C,angika_wikipedia_1028,anp,L1,672:s5,anp_Deva
panel2,C,angika_wikipedia_1028,anp,L1,677:s1,anp_Deva
panel2,C,angika_wikipedia_1028,anp,L1,678:s0,anp_Deva
panel2,C,angika_wikipedia_1028,anp,L1,678:s1,anp_Deva
panel2,C,angika_wikipedia_1028,anp,L1,678:s2,anp_Deva
panel2,C,angika_wikipedia_1028,anp,L1,679:s0,anp_Deva
panel2,C,angika_wikipedia_1028,anp,L1,680:s1,anp_Deva
panel2,C,angika_wikipedia_1028,anp,L1,680:s2,anp_Deva
panel2,C,angika_wikipedia_1028,anp,L1,681:s0,anp_Deva
panel2,C,angika_wikipedia_1028,anp,L1,681:s1,anp_Deva
panel2,C,angika_wikipedia_1028,anp,L1,682:s0,anp_Deva
panel2,C,angika_wikipedia_1028,anp,L1,683:s1,anp_Deva
panel2,C,angika_wikipedia_1028,anp,L1,683:s3,anp_Deva
panel2,C,angika_wikipedia_1028,anp,L1,683:s4,anp_Deva
panel2,C,angika_wikipedia_1028,anp,L1,683:s5,anp_Deva
panel2,C,angika_wikipedia_1028,anp,L1,685:s1,anp_Deva
panel2,C,angika_wikipedia_1028,anp,L1,685:s2,anp_Deva
panel2,C,angika_wikipedia_1028,anp,L1,685:s4,hin_Deva
panel2,C,angika_wikipedia_1028,anp,L1,685:s5,mag_Deva
panel2,C,angika_wikipedia_1028,anp,L1,685:s6,mag_Deva
panel2,C,angika_wikipedia_1028,anp,L1,686:s1,mai_Deva
panel2,C,angika_wikipedia_1028,anp,L1,686:s4,anp_Deva
panel2,C,angika_wikipedia_1028,anp,L1,687:s1,anp_Deva
panel2,C,angika_wikipedia_1028,anp,L1,687:s3,anp_Deva
panel2,C,angika_wikipedia_1028,anp,L1,687:s4,anp_Deva
panel2,C,angika_wikipedia_1028,anp,L1,688:s2,anp_Deva
panel2,C,angika_wikipedia_1028,anp,L1,689:s1,anp_Deva
panel2,C,angika_wikipedia_1028,anp,L1,693:s0,anp_Deva
panel2,C,angika_wikipedia_1028,anp,L1,693:s2,anp_Deva
panel2,C,angika_wikipedia_1028,anp,L1,693:s3,anp_Deva
panel2,C,angika_wikipedia_1028,anp,L1,693:s4,anp_Deva
panel2,C,angika_wikipedia_1028,anp,L1,693:s5,anp_Deva
panel2,C,angika_wikipedia_1028,anp,L1,693:s7,anp_Deva
panel2,C,angika_wikipedia_1028,anp,L1,693:s9,anp_Deva
panel2,C,angika_wikipedia_1028,anp,L1,694:s0,anp_Deva
panel2,C,angika_wikipedia_1028,anp,L1,696:s1,anp_Deva
panel2,C,angika_wikipedia_1028,anp,L1,696:s6,anp_Deva
panel2,C,angika_wikipedia_1028,anp,L1,696:s8,anp_Deva
panel2,C,angika_wikipedia_1028,anp,L1,696:s9,anp_Deva
panel2,C,angika_wikipedia_1028,anp,L1,696:s10,anp_Deva
panel2,C,angika_wikipedia_1028,anp,L1,696:s11,anp_Deva
panel2,C,angika_wikipedia_1028,anp,L1,696:s12,anp_Deva
panel2,C,angika_wikipedia_1028,anp,L1,696:s13,anp_Deva
panel2,C,angika_wikipedia_1028,anp,L1,696:s14,anp_Deva
panel2,C,angika_wikipedia_1028,anp,L1,696:s15,anp_Deva
panel2,C,angika_wikipedia_1028,anp,L1,696:s16,anp_Deva
panel2,C,angika_wikipedia_1028,anp,L1,696:s17,anp_Deva
panel2,C,angika_wikipedia_1028,anp,L1,696:s18,anp_Deva
panel2,C,angika_wikipedia_1028,anp,L1,696:s19,anp_Deva
panel2,C,angika_wikipedia_1028,anp,L1,696:s21,anp_Deva
panel2,C,angika_wikipedia_1028,anp,L1,696:s23,anp_Deva
panel2,C,angika_wikipedia_1028,anp,L1,696:s25,anp_Deva
panel2,C,angika_wikipedia_1028,anp,L1,696:s26,anp_Deva
panel2,C,angika_wikipedia_1028,anp,L1,696:s27,anp_Deva
panel2,C,angika_wikipedia_1028,anp,L1,696:s29,anp_Deva
panel2,C,angika_wikipedia_1028,anp,L1,696:s30,anp_Deva
panel2,C,angika_wikipedia_1028,anp,L1,696:s34,anp_Deva
panel2,C,angika_wikipedia_1028,anp,L1,696:s38,anp_Deva
panel2,C,angika_wikipedia_1028,anp,L1,698:s2,anp_Deva
panel2,C,angika_wikipedia_1028,anp,L1,698:s5,anp_Deva
panel2,C,angika_wikipedia_1028,anp,L1,699:s0,anp_Deva
panel2,C,angika_wikipedia_1028,anp,L1,705:s3,anp_Deva
panel2,C,angika_wikipedia_1028,anp,L1,707:s2,anp_Deva
panel2,C,angika_wikipedia_1028,anp,L1,707:s3,anp_Deva
panel2,C,angika_wikipedia_1028,anp,L1,707:s5,anp_Deva
panel2,C,angika_wikipedia_1028,anp,L1,707:s9,anp_Deva
panel2,C,angika_wikipedia_1028,anp,L1,707:s11,anp_Deva
panel2,C,angika_wikipedia_1028,anp,L1,708:s0,anp_Deva
panel2,C,angika_wikipedia_1028,anp,L1,708:s1,anp_Deva
panel2,C,angika_wikipedia_1028,anp,L1,708:s2,anp_Deva
panel2,C,angika_wikipedia_1028,anp,L1,709:s1,anp_Deva
panel2,C,angika_wikipedia_1028,anp,L1,709:s2,anp_Deva
panel2,C,angika_wikipedia_1028,anp,L1,709:s3,anp_Deva
panel2,C,angika_wikipedia_1028,anp,L1,709:s9,anp_Deva
panel2,C,angika_wikipedia_1028,anp,L1,709:s10,anp_Deva
panel2,C,angika_wikipedia_1028,anp,L1,709:s11,anp_Deva
panel2,C,angika_wikipedia_1028,anp,L1,709:s12,anp_Deva
panel2,C,angika_wikipedia_1028,anp,L1,709:s14,anp_Deva
panel2,C,angika_wikipedia_1028,anp,L1,710:s4,anp_Deva
panel2,C,angika_wikipedia_1028,anp,L1,712:s0,anp_Deva
panel2,C,angika_wikipedia_1028,anp,L1,713:s1,anp_Deva
panel2,C,angika_wikipedia_1028,anp,L1,713:s2,anp_Deva
panel2,C,angika_wikipedia_1028,anp,L1,714:s0,anp_Deva
panel2,C,angika_wikipedia_1028,anp,L1,715:s1,anp_Deva
panel2,C,angika_wikipedia_1028,anp,L1,715:s3,anp_Deva
panel2,C,angika_wikipedia_1028,anp,L1,716:s0,anp_Deva
panel2,C,angika_wikipedia_1028,anp,L1,717:s0,anp_Deva
panel2,C,angika_wikipedia_1028,anp,L1,719:s0,anp_Deva
panel2,C,angika_wikipedia_1028,anp,L1,720:s3,anp_Deva
panel2,C,angika_wikipedia_1028,anp,L1,720:s4,anp_Deva
panel2,C,angika_wikipedia_1028,anp,L1,720:s5,anp_Deva
panel2,C,angika_wikipedia_1028,anp,L1,720:s9,anp_Deva
panel2,C,angika_wikipedia_1028,anp,L1,720:s10,anp_Deva
panel2,C,angika_wikipedia_1028,anp,L1,721:s0,anp_Deva
panel2,C,angika_wikipedia_1028,anp,L1,721:s1,anp_Deva
panel2,C,angika_wikipedia_1028,anp,L1,721:s3,anp_Deva
panel2,C,angika_wikipedia_1028,anp,L1,721:s4,anp_Deva
panel2,C,angika_wikipedia_1028,anp,L1,721:s5,anp_Deva
panel2,C,angika_wikipedia_1028,anp,L1,721:s7,anp_Deva
panel2,C,angika_wikipedia_1028,anp,L1,722:s1,anp_Deva
panel2,C,angika_wikipedia_1028,anp,L1,722:s2,anp_Deva
panel2,C,angika_wikipedia_1028,anp,L1,722:s3,anp_Deva
panel2,C,angika_wikipedia_1028,anp,L1,722:s5,anp_Deva
panel2,C,angika_wikipedia_1028,anp,L1,723:s1,anp_Deva
panel2,C,angika_wikipedia_1028,anp,L1,723:s2,anp_Deva
panel2,C,angika_wikipedia_1028,anp,L1,723:s3,anp_Deva
panel2,C,angika_wikipedia_1028,anp,L1,723:s4,anp_Deva
panel2,C,angika_wikipedia_1028,anp,L1,724:s4,anp_Deva
panel2,C,angika_wikipedia_1028,anp,L1,725:s1,anp_Deva
panel2,C,angika_wikipedia_1028,anp,L1,725:s2,anp_Deva
panel2,C,angika_wikipedia_1028,anp,L1,727:s1,anp_Deva
panel2,C,angika_wikipedia_1028,anp,L1,727:s2,anp_Deva
panel2,C,angika_wikipedia_1028,anp,L1,728:s1,anp_Deva
panel2,C,angika_wikipedia_1028,anp,L1,729:s1,anp_Deva
panel2,C,angika_wikipedia_1028,anp,L1,729:s2,anp_Deva
panel2,C,angika_wikipedia_1028,anp,L1,729:s3,anp_Deva
panel2,C,angika_wikipedia_1028,anp,L1,729:s5,anp_Deva
panel2,C,angika_wikipedia_1028,anp,L1,730:s0,anp_Deva
panel2,C,angika_wikipedia_1028,anp,L1,730:s4,anp_Deva
panel2,C,angika_wikipedia_1028,anp,L1,732:s0,anp_Deva
panel2,C,angika_wikipedia_1028,anp,L1,734:s0,anp_Deva
panel2,C,angika_wikipedia_1028,anp,L1,734:s2,anp_Deva
panel2,C,angika_wikipedia_1028,anp,L1,735:s0,anp_Deva
panel2,C,angika_wikipedia_1028,anp,L1,735:s2,anp_Deva
panel2,C,angika_wikipedia_1028,anp,L1,736:s0,anp_Deva
panel2,C,angika_wikipedia_1028,anp,L1,737:s0,anp_Deva
panel2,C,angika_wikipedia_1028,anp,L1,738:s1,anp_Deva
panel2,C,angika_wikipedia_1028,anp,L1,738:s7,anp_Deva
panel2,C,angika_wikipedia_1028,anp,L1,738:s11,anp_Deva
panel2,C,angika_wikipedia_1028,anp,L1,739:s0,anp_Deva
panel2,C,angika_wikipedia_1028,anp,L1,740:s1,anp_Deva
panel2,C,angika_wikipedia_1028,anp,L1,740:s2,anp_Deva
panel2,C,angika_wikipedia_1028,anp,L1,741:s1,anp_Deva
panel2,C,angika_wikipedia_1028,anp,L1,742:s0,anp_Deva
panel2,C,angika_wikipedia_1028,anp,L1,743:s0,anp_Deva
panel2,C,angika_wikipedia_1028,anp,L1,743:s1,anp_Deva
panel2,C,angika_wikipedia_1028,anp,L1,743:s2,anp_Deva
panel2,C,angika_wikipedia_1028,anp,L1,743:s3,anp_Deva
panel2,C,angika_wikipedia_1028,anp,L1,743:s4,anp_Deva
panel2,C,angika_wikipedia_1028,anp,L1,743:s5,anp_Deva
panel2,C,angika_wikipedia_1028,anp,L1,743:s6,anp_Deva
panel2,C,angika_wikipedia_1028,anp,L1,744:s1,anp_Deva
panel2,C,angika_wikipedia_1028,anp,L1,744:s2,anp_Deva
panel2,C,angika_wikipedia_1028,anp,L1,744:s3,anp_Deva
panel2,C,angika_wikipedia_1028,anp,L1,744:s6,anp_Deva
panel2,C,angika_wikipedia_1028,anp,L1,745:s0,anp_Deva
panel2,C,angika_wikipedia_1028,anp,L1,745:s1,anp_Deva
panel2,C,angika_wikipedia_1028,anp,L1,745:s2,anp_Deva
panel2,C,angika_wikipedia_1028,anp,L1,746:s0,anp_Deva
panel2,C,angika_wikipedia_1028,anp,L1,747:s0,anp_Deva
panel2,C,angika_wikipedia_1028,anp,L1,750:s2,anp_Deva
panel2,C,angika_wikipedia_1028,anp,L1,751:s0,anp_Deva
panel2,C,angika_wikipedia_1028,anp,L1,752:s0,anp_Deva
panel2,C,angika_wikipedia_1028,anp,L1,753:s0,anp_Deva
panel2,C,angika_wikipedia_1028,anp,L1,754:s0,anp_Deva
panel2,C,angika_wikipedia_1028,anp,L1,755:s1,anp_Deva
panel2,C,angika_wikipedia_1028,anp,L1,756:s0,anp_Deva
panel2,C,angika_wikipedia_1028,anp,L1,756:s2,anp_Deva
panel2,C,angika_wikipedia_1028,anp,L1,756:s4,anp_Deva
panel2,C,angika_wikipedia_1028,anp,L1,757:s3,anp_Deva
panel2,C,angika_wikipedia_1028,anp,L1,758:s0,anp_Deva
panel2,C,angika_wikipedia_1028,anp,L1,758:s2,anp_Deva
panel2,C,angika_wikipedia_1028,anp,L1,758:s3,anp_Deva
panel2,C,angika_wikipedia_1028,anp,L1,758:s5,anp_Deva
panel2,C,angika_wikipedia_1028,anp,L1,759:s1,anp_Deva
panel2,C,angika_wikipedia_1028,anp,L1,759:s3,anp_Deva
panel2,C,angika_wikipedia_1028,anp,L1,759:s5,anp_Deva
panel2,C,angika_wikipedia_1028,anp,L1,760:s0,anp_Deva
panel2,C,angika_wikipedia_1028,anp,L1,760:s2,anp_Deva
panel2,C,angika_wikipedia_1028,anp,L1,760:s3,anp_Deva
panel2,C,angika_wikipedia_1028,anp,L1,760:s4,anp_Deva
panel2,C,angika_wikipedia_1028,anp,L1,760:s5,anp_Deva
panel2,C,angika_wikipedia_1028,anp,L1,761:s0,anp_Deva
panel2,C,angika_wikipedia_1028,anp,L1,761:s1,anp_Deva
panel2,C,angika_wikipedia_1028,anp,L1,761:s4,anp_Deva
panel2,C,angika_wikipedia_1028,anp,L1,762:s1,anp_Deva
panel2,C,angika_wikipedia_1028,anp,L1,763:s1,anp_Deva
panel2,C,angika_wikipedia_1028,anp,L1,763:s3,anp_Deva
panel2,C,angika_wikipedia_1028,anp,L1,764:s0,anp_Deva
panel2,C,angika_wikipedia_1028,anp,L1,764:s1,anp_Deva
panel2,C,angika_wikipedia_1028,anp,L1,764:s2,anp_Deva
panel2,C,angika_wikipedia_1028,anp,L1,764:s3,anp_Deva
panel2,C,angika_wikipedia_1028,anp,L1,765:s0,anp_Deva
panel2,C,angika_wikipedia_1028,anp,L1,765:s3,anp_Deva
panel2,C,angika_wikipedia_1028,anp,L1,765:s4,anp_Deva
panel2,C,angika_wikipedia_1028,anp,L1,765:s5,anp_Deva
panel2,C,angika_wikipedia_1028,anp,L1,766:s1,anp_Deva
panel2,C,angika_wikipedia_1028,anp,L1,768:s0,anp_Deva
panel2,C,angika_wikipedia_1028,anp,L1,772:s0,anp_Deva
panel2,C,angika_wikipedia_1028,anp,L1,772:s2,anp_Deva
panel2,C,angika_wikipedia_1028,anp,L1,773:s0,anp_Deva
panel2,C,angika_wikipedia_1028,anp,L1,774:s0,anp_Deva
panel2,C,angika_wikipedia_1028,anp,L1,775:s1,anp_Deva
panel2,C,angika_wikipedia_1028,anp,L1,775:s2,anp_Deva
panel2,C,angika_wikipedia_1028,anp,L1,775:s3,anp_Deva
panel2,C,angika_wikipedia_1028,anp,L1,775:s4,anp_Deva
panel2,C,angika_wikipedia_1028,anp,L1,775:s6,anp_Deva
panel2,C,angika_wikipedia_1028,anp,L1,776:s1,anp_Deva
panel2,C,angika_wikipedia_1028,anp,L1,776:s2,anp_Deva
panel2,C,angika_wikipedia_1028,anp,L1,776:s4,anp_Deva
panel2,C,angika_wikipedia_1028,anp,L1,776:s7,anp_Deva
panel2,C,angika_wikipedia_1028,anp,L1,777:s0,anp_Deva
panel2,C,angika_wikipedia_1028,anp,L1,778:s0,anp_Deva
panel2,C,angika_wikipedia_1028,anp,L1,778:s1,anp_Deva
panel2,C,angika_wikipedia_1028,anp,L1,778:s2,anp_Deva
panel2,C,angika_wikipedia_1028,anp,L1,778:s3,anp_Deva
panel2,C,angika_wikipedia_1028,anp,L1,778:s4,anp_Deva
panel2,C,angika_wikipedia_1028,anp,L1,779:s1,anp_Deva
panel2,C,angika_wikipedia_1028,anp,L1,780:s0,anp_Deva
panel2,C,angika_wikipedia_1028,anp,L1,781:s0,anp_Deva
panel2,C,angika_wikipedia_1028,anp,L1,781:s1,anp_Deva
panel2,C,angika_wikipedia_1028,anp,L1,782:s0,anp_Deva
panel2,C,angika_wikipedia_1028,anp,L1,782:s1,anp_Deva
panel2,C,angika_wikipedia_1028,anp,L1,782:s4,anp_Deva
panel2,C,angika_wikipedia_1028,anp,L1,783:s0,anp_Deva
panel2,C,angika_wikipedia_1028,anp,L1,783:s2,anp_Deva
panel2,C,angika_wikipedia_1028,anp,L1,783:s3,anp_Deva
panel2,C,angika_wikipedia_1028,anp,L1,783:s4,anp_Deva
panel2,C,angika_wikipedia_1028,anp,L1,785:s1,anp_Deva
panel2,C,angika_wikipedia_1028,anp,L1,785:s4,anp_Deva
panel2,C,angika_wikipedia_1028,anp,L1,786:s0,anp_Deva
panel2,C,angika_wikipedia_1028,anp,L1,786:s1,anp_Deva
panel2,C,angika_wikipedia_1028,anp,L1,786:s2,anp_Deva
panel2,C,angika_wikipedia_1028,anp,L1,786:s4,anp_Deva
panel2,C,angika_wikipedia_1028,anp,L1,787:s0,anp_Deva
panel2,C,angika_wikipedia_1028,anp,L1,788:s0,anp_Deva
panel2,C,angika_wikipedia_1028,anp,L1,789:s0,anp_Deva
panel2,C,angika_wikipedia_1028,anp,L1,790:s1,anp_Deva
panel2,C,angika_wikipedia_1028,anp,L1,793:s0,anp_Deva
panel2,C,angika_wikipedia_1028,anp,L1,794:s1,anp_Deva
panel2,C,angika_wikipedia_1028,anp,L1,794:s3,anp_Deva
panel2,C,angika_wikipedia_1028,anp,L1,795:s0,anp_Deva
panel2,C,angika_wikipedia_1028,anp,L1,795:s1,anp_Deva
panel2,C,angika_wikipedia_1028,anp,L1,795:s2,anp_Deva
panel2,C,angika_wikipedia_1028,anp,L1,796:s0,anp_Deva
panel2,C,angika_wikipedia_1028,anp,L1,797:s1,anp_Deva
panel2,C,angika_wikipedia_1028,anp,L1,797:s4,anp_Deva
panel2,C,angika_wikipedia_1028,anp,L1,798:s3,anp_Deva
panel2,C,angika_wikipedia_1028,anp,L1,799:s2,anp_Deva
panel2,C,angika_wikipedia_1028,anp,L1,799:s4,anp_Deva
panel2,C,angika_wikipedia_1028,anp,L1,800:s0,anp_Deva
panel2,C,angika_wikipedia_1028,anp,L1,800:s2,anp_Deva
panel2,C,angika_wikipedia_1028,anp,L1,800:s3,anp_Deva
panel2,C,angika_wikipedia_1028,anp,L1,800:s4,anp_Deva
panel2,C,angika_wikipedia_1028,anp,L1,800:s5,anp_Deva
panel2,C,angika_wikipedia_1028,anp,L1,801:s0,anp_Deva
panel2,C,angika_wikipedia_1028,anp,L1,801:s1,anp_Deva
panel2,C,angika_wikipedia_1028,anp,L1,801:s2,anp_Deva
panel2,C,angika_wikipedia_1028,anp,L1,801:s4,anp_Deva
panel2,C,angika_wikipedia_1028,anp,L1,803:s0,anp_Deva
panel2,C,angika_wikipedia_1028,anp,L1,804:s0,anp_Deva
panel2,C,angika_wikipedia_1028,anp,L1,806:s0,anp_Deva
panel2,C,angika_wikipedia_1028,anp,L1,808:s0,anp_Deva
panel2,C,angika_wikipedia_1028,anp,L1,808:s2,anp_Deva
panel2,C,angika_wikipedia_1028,anp,L1,808:s3,anp_Deva
panel2,C,angika_wikipedia_1028,anp,L1,809:s0,anp_Deva
panel2,C,angika_wikipedia_1028,anp,L1,809:s1,anp_Deva
panel2,C,angika_wikipedia_1028,anp,L1,810:s0,anp_Deva
panel2,C,angika_wikipedia_1028,anp,L1,810:s2,anp_Deva
panel2,C,angika_wikipedia_1028,anp,L1,810:s3,anp_Deva
panel2,C,angika_wikipedia_1028,anp,L1,810:s5,anp_Deva
panel2,C,angika_wikipedia_1028,anp,L1,811:s0,anp_Deva
panel2,C,angika_wikipedia_1028,anp,L1,812:s1,anp_Deva
panel2,C,angika_wikipedia_1028,anp,L1,813:s4,anp_Deva
panel2,C,angika_wikipedia_1028,anp,L1,813:s5,anp_Deva
panel2,C,angika_wikipedia_1028,anp,L1,815:s0,anp_Deva
panel2,C,angika_wikipedia_1028,anp,L1,816:s0,anp_Deva
panel2,C,angika_wikipedia_1028,anp,L1,820:s0,anp_Deva
panel2,C,angika_wikipedia_1028,anp,L1,820:s2,anp_Deva
panel2,C,angika_wikipedia_1028,anp,L1,820:s3,anp_Deva
panel2,C,angika_wikipedia_1028,anp,L1,822:s0,anp_Deva
panel2,C,angika_wikipedia_1028,anp,L1,822:s1,anp_Deva
panel2,C,angika_wikipedia_1028,anp,L1,822:s2,anp_Deva
panel2,C,angika_wikipedia_1028,anp,L1,822:s3,anp_Deva
panel2,C,angika_wikipedia_1028,anp,L1,823:s5,anp_Deva
panel2,C,angika_wikipedia_1028,anp,L1,824:s1,anp_Deva
panel2,C,angika_wikipedia_1028,anp,L1,824:s2,anp_Deva
panel2,C,angika_wikipedia_1028,anp,L1,825:s2,anp_Deva
panel2,C,angika_wikipedia_1028,anp,L1,825:s4,anp_Deva
panel2,C,angika_wikipedia_1028,anp,L1,825:s5,anp_Deva
panel2,C,angika_wikipedia_1028,anp,L1,825:s6,anp_Deva
panel2,C,angika_wikipedia_1028,anp,L1,826:s0,anp_Deva
panel2,C,angika_wikipedia_1028,anp,L1,828:s1,anp_Deva
panel2,C,angika_wikipedia_1028,anp,L1,830:s0,anp_Deva
panel2,C,angika_wikipedia_1028,anp,L1,835:s0,anp_Deva
panel2,C,angika_wikipedia_1028,anp,L1,835:s1,anp_Deva
panel2,C,angika_wikipedia_1028,anp,L1,835:s3,anp_Deva
panel2,C,angika_wikipedia_1028,anp,L1,836:s0,anp_Deva
panel2,C,angika_wikipedia_1028,anp,L1,836:s3,anp_Deva
panel2,C,angika_wikipedia_1028,anp,L1,837:s0,anp_Deva
panel2,C,angika_wikipedia_1028,anp,L1,837:s1,anp_Deva
panel2,C,angika_wikipedia_1028,anp,L1,838:s0,anp_Deva
panel2,C,angika_wikipedia_1028,anp,L1,838:s3,anp_Deva
panel2,C,angika_wikipedia_1028,anp,L1,839:s0,anp_Deva
panel2,C,angika_wikipedia_1028,anp,L1,839:s2,anp_Deva
panel2,C,angika_wikipedia_1028,anp,L1,842:s0,anp_Deva
panel2,C,angika_wikipedia_1028,anp,L1,842:s1,anp_Deva
panel2,C,angika_wikipedia_1028,anp,L1,842:s2,anp_Deva
panel2,C,angika_wikipedia_1028,anp,L1,842:s3,anp_Deva
panel2,C,angika_wikipedia_1028,anp,L1,842:s4,anp_Deva
panel2,C,angika_wikipedia_1028,anp,L1,842:s5,anp_Deva
panel2,C,angika_wikipedia_1028,anp,L1,844:s1,anp_Deva
panel2,C,angika_wikipedia_1028,anp,L1,846:s2,anp_Deva
panel2,C,angika_wikipedia_1028,anp,L1,846:s3,anp_Deva
panel2,C,angika_wikipedia_1028,anp,L1,846:s4,anp_Deva
panel2,C,angika_wikipedia_1028,anp,L1,846:s5,anp_Deva
panel2,C,angika_wikipedia_1028,anp,L1,846:s7,anp_Deva
panel2,C,angika_wikipedia_1028,anp,L1,846:s9,anp_Deva
panel2,C,angika_wikipedia_1028,anp,L1,846:s10,anp_Deva
panel2,C,angika_wikipedia_1028,anp,L1,846:s11,anp_Deva
panel2,C,angika_wikipedia_1028,anp,L1,846:s13,anp_Deva
panel2,C,angika_wikipedia_1028,anp,L1,847:s0,anp_Deva
panel2,C,angika_wikipedia_1028,anp,L1,848:s0,anp_Deva
panel2,C,angika_wikipedia_1028,anp,L1,849:s2,anp_Deva
panel2,C,angika_wikipedia_1028,anp,L1,849:s4,anp_Deva
panel2,C,angika_wikipedia_1028,anp,L1,850:s1,anp_Deva
panel2,C,angika_wikipedia_1028,anp,L1,850:s2,anp_Deva
panel2,C,angika_wikipedia_1028,anp,L1,850:s4,anp_Deva
panel2,C,angika_wikipedia_1028,anp,L1,850:s5,anp_Deva
panel2,C,angika_wikipedia_1028,anp,L1,851:s0,anp_Deva
panel2,C,angika_wikipedia_1028,anp,L1,851:s2,anp_Deva
panel2,C,angika_wikipedia_1028,anp,L1,851:s3,anp_Deva
panel2,C,angika_wikipedia_1028,anp,L1,851:s4,anp_Deva
panel2,C,angika_wikipedia_1028,anp,L1,851:s5,anp_Deva
panel2,C,angika_wikipedia_1028,anp,L1,852:s0,anp_Deva
panel2,C,angika_wikipedia_1028,anp,L1,852:s1,anp_Deva
panel2,C,angika_wikipedia_1028,anp,L1,853:s0,anp_Deva
panel2,C,angika_wikipedia_1028,anp,L1,853:s1,anp_Deva
panel2,C,angika_wikipedia_1028,anp,L1,853:s2,anp_Deva
panel2,C,angika_wikipedia_1028,anp,L1,854:s0,anp_Deva
panel2,C,angika_wikipedia_1028,anp,L1,854:s1,anp_Deva
panel2,C,angika_wikipedia_1028,anp,L1,854:s2,anp_Deva
panel2,C,angika_wikipedia_1028,anp,L1,856:s0,anp_Deva
panel2,C,angika_wikipedia_1028,anp,L1,856:s2,anp_Deva
panel2,C,angika_wikipedia_1028,anp,L1,856:s3,anp_Deva
panel2,C,angika_wikipedia_1028,anp,L1,856:s5,anp_Deva
panel2,C,angika_wikipedia_1028,anp,L1,857:s4,anp_Deva
panel2,C,angika_wikipedia_1028,anp,L1,859:s1,anp_Deva
panel2,C,angika_wikipedia_1028,anp,L1,860:s0,anp_Deva
panel2,C,angika_wikipedia_1028,anp,L1,861:s1,anp_Deva
panel2,C,angika_wikipedia_1028,anp,L1,862:s0,anp_Deva
panel2,C,angika_wikipedia_1028,anp,L1,863:s0,anp_Deva
panel2,C,angika_wikipedia_1028,anp,L1,864:s2,anp_Deva
panel2,C,angika_wikipedia_1028,anp,L1,864:s3,anp_Deva
panel2,C,angika_wikipedia_1028,anp,L1,864:s4,anp_Deva
panel2,C,angika_wikipedia_1028,anp,L1,864:s5,anp_Deva
panel2,C,angika_wikipedia_1028,anp,L1,864:s6,anp_Deva
panel2,C,angika_wikipedia_1028,anp,L1,864:s8,anp_Deva
panel2,C,angika_wikipedia_1028,anp,L1,865:s0,anp_Deva
panel2,C,angika_wikipedia_1028,anp,L1,865:s1,anp_Deva
panel2,C,angika_wikipedia_1028,anp,L1,866:s1,anp_Deva
panel2,C,angika_wikipedia_1028,anp,L1,867:s1,anp_Deva
panel2,C,angika_wikipedia_1028,anp,L1,867:s3,anp_Deva
panel2,C,angika_wikipedia_1028,anp,L1,867:s5,anp_Deva
panel2,C,angika_wikipedia_1028,anp,L1,867:s7,anp_Deva
panel2,C,angika_wikipedia_1028,anp,L1,868:s0,anp_Deva
panel2,C,angika_wikipedia_1028,anp,L1,868:s1,anp_Deva
panel2,C,angika_wikipedia_1028,anp,L1,869:s0,anp_Deva
panel2,C,angika_wikipedia_1028,anp,L1,870:s0,anp_Deva
panel2,C,angika_wikipedia_1028,anp,L1,870:s1,anp_Deva
panel2,C,angika_wikipedia_1028,anp,L1,871:s1,anp_Deva
panel2,C,angika_wikipedia_1028,anp,L1,871:s2,anp_Deva
panel2,C,angika_wikipedia_1028,anp,L1,872:s1,anp_Deva
panel2,C,angika_wikipedia_1028,anp,L1,873:s1,anp_Deva
panel2,C,angika_wikipedia_1028,anp,L1,873:s2,anp_Deva
panel2,C,angika_wikipedia_1028,anp,L1,873:s3,anp_Deva
panel2,C,angika_wikipedia_1028,anp,L1,873:s5,anp_Deva
panel2,C,angika_wikipedia_1028,anp,L1,874:s1,anp_Deva
panel2,C,angika_wikipedia_1028,anp,L1,874:s2,anp_Deva
panel2,C,angika_wikipedia_1028,anp,L1,874:s4,anp_Deva
panel2,C,angika_wikipedia_1028,anp,L1,875:s0,anp_Deva
panel2,C,angika_wikipedia_1028,anp,L1,875:s1,anp_Deva
panel2,C,angika_wikipedia_1028,anp,L1,875:s2,anp_Deva
panel2,C,angika_wikipedia_1028,anp,L1,875:s4,anp_Deva
panel2,C,angika_wikipedia_1028,anp,L1,876:s2,anp_Deva
panel2,C,angika_wikipedia_1028,anp,L1,877:s0,anp_Deva
panel2,C,angika_wikipedia_1028,anp,L1,878:s0,anp_Deva
panel2,C,angika_wikipedia_1028,anp,L1,879:s1,anp_Deva
panel2,C,angika_wikipedia_1028,anp,L1,879:s2,anp_Deva
panel2,C,angika_wikipedia_1028,anp,L1,879:s4,anp_Deva
panel2,C,angika_wikipedia_1028,anp,L1,880:s0,anp_Deva
panel2,C,angika_wikipedia_1028,anp,L1,880:s1,anp_Deva
panel2,C,angika_wikipedia_1028,anp,L1,880:s3,anp_Deva
panel2,C,angika_wikipedia_1028,anp,L1,880:s6,anp_Deva
panel2,C,angika_wikipedia_1028,anp,L1,880:s7,anp_Deva
panel2,C,angika_wikipedia_1028,anp,L1,881:s2,anp_Deva
panel2,C,angika_wikipedia_1028,anp,L1,881:s3,anp_Deva
panel2,C,angika_wikipedia_1028,anp,L1,883:s0,anp_Deva
panel2,C,angika_wikipedia_1028,anp,L1,884:s3,anp_Deva
panel2,C,angika_wikipedia_1028,anp,L1,884:s4,anp_Deva
panel2,C,angika_wikipedia_1028,anp,L1,884:s5,anp_Deva
panel2,C,angika_wikipedia_1028,anp,L1,884:s8,anp_Deva
panel2,C,angika_wikipedia_1028,anp,L1,884:s10,anp_Deva
panel2,C,angika_wikipedia_1028,anp,L1,884:s12,anp_Deva
panel2,C,angika_wikipedia_1028,anp,L1,885:s0,anp_Deva
panel2,C,angika_wikipedia_1028,anp,L1,886:s0,anp_Deva
panel2,C,angika_wikipedia_1028,anp,L1,887:s1,anp_Deva
panel2,C,angika_wikipedia_1028,anp,L1,887:s2,anp_Deva
panel2,C,angika_wikipedia_1028,anp,L1,888:s0,anp_Deva
panel2,C,angika_wikipedia_1028,anp,L1,890:s1,anp_Deva
panel2,C,angika_wikipedia_1028,anp,L1,890:s2,anp_Deva
panel2,C,angika_wikipedia_1028,anp,L1,890:s3,anp_Deva
panel2,C,angika_wikipedia_1028,anp,L1,891:s0,anp_Deva
panel2,C,angika_wikipedia_1028,anp,L1,892:s0,anp_Deva
panel2,C,angika_wikipedia_1028,anp,L1,893:s0,anp_Deva
panel2,C,angika_wikipedia_1028,anp,L1,893:s2,anp_Deva
panel2,C,angika_wikipedia_1028,anp,L1,893:s3,anp_Deva
panel2,C,angika_wikipedia_1028,anp,L1,894:s1,anp_Deva
panel2,C,angika_wikipedia_1028,anp,L1,894:s2,anp_Deva
panel2,C,angika_wikipedia_1028,anp,L1,895:s0,anp_Deva
panel2,C,angika_wikipedia_1028,anp,L1,896:s0,anp_Deva
panel2,C,angika_wikipedia_1028,anp,L1,896:s2,anp_Deva
panel2,C,angika_wikipedia_1028,anp,L1,896:s3,anp_Deva
panel2,C,angika_wikipedia_1028,anp,L1,896:s4,anp_Deva
panel2,C,angika_wikipedia_1028,anp,L1,896:s5,anp_Deva
panel2,C,angika_wikipedia_1028,anp,L1,897:s2,anp_Deva
panel2,C,angika_wikipedia_1028,anp,L1,897:s4,anp_Deva
panel2,C,angika_wikipedia_1028,anp,L1,898:s1,anp_Deva
panel2,C,angika_wikipedia_1028,anp,L1,900:s1,anp_Deva
panel2,C,angika_wikipedia_1028,anp,L1,901:s0,anp_Deva
panel2,C,angika_wikipedia_1028,anp,L1,902:s0,anp_Deva
panel2,C,angika_wikipedia_1028,anp,L1,902:s2,anp_Deva
panel2,C,angika_wikipedia_1028,anp,L1,902:s3,anp_Deva
panel2,C,angika_wikipedia_1028,anp,L1,902:s4,anp_Deva
panel2,C,angika_wikipedia_1028,anp,L1,902:s7,anp_Deva
panel2,C,angika_wikipedia_1028,anp,L1,902:s8,anp_Deva
panel2,C,angika_wikipedia_1028,anp,L1,902:s9,anp_Deva
panel2,C,angika_wikipedia_1028,anp,L1,902:s11,anp_Deva
panel2,C,angika_wikipedia_1028,anp,L1,902:s14,anp_Deva
panel2,C,angika_wikipedia_1028,anp,L1,902:s16,anp_Deva
panel2,C,angika_wikipedia_1028,anp,L1,902:s17,anp_Deva
panel2,C,angika_wikipedia_1028,anp,L1,903:s2,anp_Deva
panel2,C,angika_wikipedia_1028,anp,L1,903:s3,anp_Deva
panel2,C,angika_wikipedia_1028,anp,L1,904:s0,anp_Deva
panel2,C,angika_wikipedia_1028,anp,L1,904:s1,anp_Deva
panel2,C,angika_wikipedia_1028,anp,L1,905:s0,anp_Deva
panel2,C,angika_wikipedia_1028,anp,L1,905:s1,anp_Deva
panel2,C,angika_wikipedia_1028,anp,L1,906:s0,anp_Deva
panel2,C,angika_wikipedia_1028,anp,L1,906:s2,anp_Deva
panel2,C,angika_wikipedia_1028,anp,L1,907:s1,anp_Deva
panel2,C,angika_wikipedia_1028,anp,L1,907:s2,anp_Deva
panel2,C,angika_wikipedia_1028,anp,L1,907:s4,anp_Deva
panel2,C,angika_wikipedia_1028,anp,L1,907:s5,anp_Deva
panel2,C,angika_wikipedia_1028,anp,L1,907:s6,anp_Deva
panel2,C,angika_wikipedia_1028,anp,L1,908:s2,anp_Deva
panel2,C,angika_wikipedia_1028,anp,L1,908:s3,anp_Deva
panel2,C,angika_wikipedia_1028,anp,L1,908:s5,anp_Deva
panel2,C,angika_wikipedia_1028,anp,L1,909:s1,anp_Deva
panel2,C,angika_wikipedia_1028,anp,L1,910:s2,anp_Deva
panel2,C,angika_wikipedia_1028,anp,L1,911:s1,anp_Deva
panel2,C,angika_wikipedia_1028,anp,L1,913:s3,anp_Deva
panel2,C,angika_wikipedia_1028,anp,L1,914:s0,anp_Deva
panel2,C,angika_wikipedia_1028,anp,L1,914:s1,anp_Deva
panel2,C,angika_wikipedia_1028,anp,L1,914:s2,anp_Deva
panel2,C,angika_wikipedia_1028,anp,L1,915:s0,anp_Deva
panel2,C,angika_wikipedia_1028,anp,L1,915:s1,anp_Deva
panel2,C,angika_wikipedia_1028,anp,L1,915:s3,anp_Deva
panel2,C,angika_wikipedia_1028,anp,L1,916:s0,anp_Deva
panel2,C,angika_wikipedia_1028,anp,L1,916:s1,anp_Deva
panel2,C,angika_wikipedia_1028,anp,L1,916:s2,anp_Deva
panel2,C,angika_wikipedia_1028,anp,L1,916:s5,anp_Deva
panel2,C,angika_wikipedia_1028,anp,L1,916:s8,anp_Deva
panel2,C,angika_wikipedia_1028,anp,L1,917:s0,anp_Deva
panel2,C,angika_wikipedia_1028,anp,L1,917:s1,anp_Deva
panel2,C,angika_wikipedia_1028,anp,L1,918:s2,anp_Deva
panel2,C,angika_wikipedia_1028,anp,L1,918:s4,anp_Deva
panel2,C,angika_wikipedia_1028,anp,L1,918:s5,anp_Deva
panel2,C,angika_wikipedia_1028,anp,L1,919:s1,anp_Deva
panel2,C,angika_wikipedia_1028,anp,L1,919:s2,anp_Deva
panel2,C,angika_wikipedia_1028,anp,L1,919:s3,anp_Deva
panel2,C,angika_wikipedia_1028,anp,L1,919:s6,anp_Deva
panel2,C,angika_wikipedia_1028,anp,L1,919:s7,anp_Deva
panel2,C,angika_wikipedia_1028,anp,L1,919:s8,anp_Deva
panel2,C,angika_wikipedia_1028,anp,L1,919:s9,anp_Deva
panel2,C,angika_wikipedia_1028,anp,L1,920:s2,anp_Deva
panel2,C,angika_wikipedia_1028,anp,L1,920:s3,anp_Deva
panel2,C,angika_wikipedia_1028,anp,L1,920:s4,anp_Deva
panel2,C,angika_wikipedia_1028,anp,L1,920:s6,anp_Deva
panel2,C,angika_wikipedia_1028,anp,L1,921:s0,anp_Deva
panel2,C,angika_wikipedia_1028,anp,L1,922:s0,anp_Deva
panel2,C,angika_wikipedia_1028,anp,L1,923:s0,anp_Deva
panel2,C,angika_wikipedia_1028,anp,L1,924:s3,anp_Deva
panel2,C,angika_wikipedia_1028,anp,L1,926:s0,anp_Deva
panel2,C,angika_wikipedia_1028,anp,L1,926:s1,anp_Deva
panel2,C,angika_wikipedia_1028,anp,L1,926:s4,anp_Deva
panel2,C,angika_wikipedia_1028,anp,L1,927:s4,anp_Deva
panel2,C,angika_wikipedia_1028,anp,L1,928:s2,anp_Deva
panel2,C,angika_wikipedia_1028,anp,L1,928:s3,anp_Deva
panel2,C,angika_wikipedia_1028,anp,L1,929:s0,anp_Deva
panel2,C,angika_wikipedia_1028,anp,L1,929:s1,anp_Deva
panel2,C,angika_wikipedia_1028,anp,L1,930:s0,anp_Deva
panel2,C,angika_wikipedia_1028,anp,L1,931:s0,anp_Deva
panel2,C,angika_wikipedia_1028,anp,L1,932:s3,anp_Deva
panel2,C,angika_wikipedia_1028,anp,L1,932:s4,anp_Deva
panel2,C,angika_wikipedia_1028,anp,L1,933:s0,anp_Deva
panel2,C,angika_wikipedia_1028,anp,L1,933:s2,anp_Deva
panel2,C,angika_wikipedia_1028,anp,L1,933:s3,anp_Deva
panel2,C,angika_wikipedia_1028,anp,L1,933:s4,anp_Deva
panel2,C,angika_wikipedia_1028,anp,L1,934:s1,anp_Deva
panel2,C,angika_wikipedia_1028,anp,L1,934:s2,anp_Deva
panel2,C,angika_wikipedia_1028,anp,L1,935:s2,anp_Deva
panel2,C,angika_wikipedia_1028,anp,L1,935:s5,anp_Deva
panel2,C,angika_wikipedia_1028,anp,L1,937:s3,anp_Deva
panel2,C,angika_wikipedia_1028,anp,L1,937:s4,anp_Deva
panel2,C,angika_wikipedia_1028,anp,L1,937:s6,anp_Deva
panel2,C,angika_wikipedia_1028,anp,L1,937:s7,anp_Deva
panel2,C,angika_wikipedia_1028,anp,L1,937:s8,anp_Deva
panel2,C,angika_wikipedia_1028,anp,L1,937:s9,anp_Deva
panel2,C,angika_wikipedia_1028,anp,L1,937:s10,anp_Deva
panel2,C,angika_wikipedia_1028,anp,L1,938:s0,anp_Deva
panel2,C,angika_wikipedia_1028,anp,L1,938:s1,anp_Deva
panel2,C,angika_wikipedia_1028,anp,L1,939:s0,anp_Deva
panel2,C,angika_wikipedia_1028,anp,L1,939:s2,anp_Deva
panel2,C,angika_wikipedia_1028,anp,L1,942:s0,anp_Deva
panel2,C,angika_wikipedia_1028,anp,L1,944:s0,anp_Deva
panel2,C,angika_wikipedia_1028,anp,L1,947:s1,anp_Deva
panel2,C,angika_wikipedia_1028,anp,L1,948:s2,anp_Deva
panel2,C,angika_wikipedia_1028,anp,L1,948:s4,anp_Deva
panel2,C,angika_wikipedia_1028,anp,L1,948:s5,anp_Deva
panel2,C,angika_wikipedia_1028,anp,L1,948:s9,anp_Deva
panel2,C,angika_wikipedia_1028,anp,L1,948:s11,anp_Deva
panel2,C,angika_wikipedia_1028,anp,L1,949:s0,anp_Deva
panel2,C,angika_wikipedia_1028,anp,L1,949:s1,anp_Deva
panel2,C,angika_wikipedia_1028,anp,L1,950:s0,anp_Deva
panel2,C,angika_wikipedia_1028,anp,L1,950:s3,anp_Deva
panel2,C,angika_wikipedia_1028,anp,L1,951:s0,anp_Deva
panel2,C,angika_wikipedia_1028,anp,L1,951:s2,anp_Deva
panel2,C,angika_wikipedia_1028,anp,L1,951:s3,anp_Deva
panel2,C,angika_wikipedia_1028,anp,L1,952:s0,anp_Deva
panel2,C,angika_wikipedia_1028,anp,L1,952:s1,anp_Deva
panel2,C,angika_wikipedia_1028,anp,L1,952:s2,anp_Deva
panel2,C,angika_wikipedia_1028,anp,L1,952:s3,anp_Deva
panel2,C,angika_wikipedia_1028,anp,L1,952:s4,anp_Deva
panel2,C,angika_wikipedia_1028,anp,L1,953:s0,anp_Deva
panel2,C,angika_wikipedia_1028,anp,L1,953:s2,anp_Deva
panel2,C,angika_wikipedia_1028,anp,L1,953:s4,anp_Deva
panel2,C,angika_wikipedia_1028,anp,L1,955:s0,anp_Deva
panel2,C,angika_wikipedia_1028,anp,L1,957:s1,anp_Deva
panel2,C,angika_wikipedia_1028,anp,L1,957:s2,anp_Deva
panel2,C,angika_wikipedia_1028,anp,L1,959:s1,anp_Deva
panel2,C,angika_wikipedia_1028,anp,L1,960:s1,anp_Deva
panel2,C,angika_wikipedia_1028,anp,L1,961:s1,anp_Deva
panel2,C,angika_wikipedia_1028,anp,L1,961:s3,anp_Deva
panel2,C,angika_wikipedia_1028,anp,L1,962:s0,anp_Deva
panel2,C,angika_wikipedia_1028,anp,L1,962:s3,anp_Deva
panel2,C,angika_wikipedia_1028,anp,L1,965:s0,anp_Deva
panel2,C,angika_wikipedia_1028,anp,L1,965:s1,anp_Deva
panel2,C,angika_wikipedia_1028,anp,L1,965:s2,anp_Deva
panel2,C,angika_wikipedia_1028,anp,L1,965:s4,anp_Deva
panel2,C,angika_wikipedia_1028,anp,L1,966:s1,anp_Deva
panel2,C,angika_wikipedia_1028,anp,L1,966:s2,anp_Deva
panel2,C,angika_wikipedia_1028,anp,L1,966:s3,anp_Deva
panel2,C,angika_wikipedia_1028,anp,L1,967:s2,anp_Deva
panel2,C,angika_wikipedia_1028,anp,L1,967:s3,anp_Deva
panel2,C,angika_wikipedia_1028,anp,L1,967:s5,anp_Deva
panel2,C,angika_wikipedia_1028,anp,L1,968:s0,anp_Deva
panel2,C,angika_wikipedia_1028,anp,L1,968:s1,anp_Deva
panel2,C,angika_wikipedia_1028,anp,L1,968:s2,anp_Deva
panel2,C,angika_wikipedia_1028,anp,L1,969:s0,anp_Deva
panel2,C,angika_wikipedia_1028,anp,L1,969:s1,anp_Deva
panel2,C,angika_wikipedia_1028,anp,L1,969:s3,anp_Deva
panel2,C,angika_wikipedia_1028,anp,L1,970:s2,anp_Deva
panel2,C,angika_wikipedia_1028,anp,L1,971:s0,anp_Deva
panel2,C,angika_wikipedia_1028,anp,L1,973:s0,anp_Deva
panel2,C,angika_wikipedia_1028,anp,L1,974:s0,anp_Deva
panel2,C,angika_wikipedia_1028,anp,L1,975:s2,anp_Deva
panel2,C,angika_wikipedia_1028,anp,L1,975:s3,anp_Deva
panel2,C,angika_wikipedia_1028,anp,L1,976:s3,anp_Deva
panel2,C,angika_wikipedia_1028,anp,L1,977:s0,anp_Deva
panel2,C,angika_wikipedia_1028,anp,L1,977:s1,mai_Deva
panel2,C,angika_wikipedia_1028,anp,L1,977:s3,anp_Deva
panel2,C,angika_wikipedia_1028,anp,L1,977:s5,anp_Deva
panel2,C,angika_wikipedia_1028,anp,L1,977:s6,anp_Deva
panel2,C,angika_wikipedia_1028,anp,L1,977:s7,anp_Deva
panel2,C,angika_wikipedia_1028,anp,L1,977:s8,anp_Deva
panel2,C,angika_wikipedia_1028,anp,L1,980:s0,anp_Deva
panel2,C,angika_wikipedia_1028,anp,L1,982:s0,anp_Deva
panel2,C,angika_wikipedia_1028,anp,L1,982:s1,anp_Deva
panel2,C,angika_wikipedia_1028,anp,L1,982:s2,anp_Deva
panel2,C,angika_wikipedia_1028,anp,L1,983:s0,anp_Deva
panel2,C,angika_wikipedia_1028,anp,L1,983:s3,anp_Deva
panel2,C,angika_wikipedia_1028,anp,L1,983:s4,anp_Deva
panel2,C,angika_wikipedia_1028,anp,L1,984:s0,anp_Deva
panel2,C,angika_wikipedia_1028,anp,L1,985:s1,anp_Deva
panel2,C,angika_wikipedia_1028,anp,L1,985:s2,anp_Deva
panel2,C,angika_wikipedia_1028,anp,L1,986:s0,anp_Deva
panel2,C,angika_wikipedia_1028,anp,L1,986:s2,anp_Deva
panel2,C,angika_wikipedia_1028,anp,L1,986:s3,anp_Deva
panel2,C,angika_wikipedia_1028,anp,L1,986:s4,anp_Deva
panel2,C,angika_wikipedia_1028,anp,L1,987:s0,anp_Deva
panel2,C,angika_wikipedia_1028,anp,L1,987:s1,anp_Deva
panel2,C,angika_wikipedia_1028,anp,L1,987:s2,anp_Deva
panel2,C,angika_wikipedia_1028,anp,L1,987:s4,anp_Deva
panel2,C,angika_wikipedia_1028,anp,L1,988:s1,anp_Deva
panel2,C,angika_wikipedia_1028,anp,L1,988:s3,anp_Deva
panel2,C,angika_wikipedia_1028,anp,L1,988:s4,anp_Deva
panel2,C,angika_wikipedia_1028,anp,L1,988:s5,anp_Deva
panel2,C,angika_wikipedia_1028,anp,L1,988:s9,anp_Deva
panel2,C,angika_wikipedia_1028,anp,L1,988:s13,anp_Deva
panel2,C,angika_wikipedia_1028,anp,L1,988:s15,anp_Deva
panel2,C,angika_wikipedia_1028,anp,L1,988:s17,anp_Deva
panel2,C,angika_wikipedia_1028,anp,L1,988:s18,anp_Deva
panel2,C,angika_wikipedia_1028,anp,L1,988:s19,anp_Deva
panel2,C,angika_wikipedia_1028,anp,L1,989:s1,anp_Deva
panel2,C,angika_wikipedia_1028,anp,L1,989:s2,anp_Deva
panel2,C,angika_wikipedia_1028,anp,L1,989:s3,anp_Deva
panel2,C,angika_wikipedia_1028,anp,L1,989:s4,anp_Deva
panel2,C,angika_wikipedia_1028,anp,L1,990:s0,anp_Deva
panel2,C,angika_wikipedia_1028,anp,L1,990:s20,anp_Deva
panel2,C,angika_wikipedia_1028,anp,L1,992:s0,anp_Deva
panel2,C,angika_wikipedia_1028,anp,L1,992:s1,anp_Deva
panel2,C,angika_wikipedia_1028,anp,L1,993:s0,anp_Deva
panel2,C,angika_wikipedia_1028,anp,L1,993:s1,anp_Deva
panel2,C,angika_wikipedia_1028,anp,L1,994:s1,anp_Deva
panel2,C,angika_wikipedia_1028,anp,L1,995:s0,anp_Deva
panel2,C,angika_wikipedia_1028,anp,L1,996:s0,anp_Deva
panel2,C,angika_wikipedia_1028,anp,L1,998:s0,anp_Deva
panel2,C,angika_wikipedia_1028,anp,L1,998:s4,anp_Deva
panel2,C,angika_wikipedia_1028,anp,L1,999:s2,anp_Deva
panel2,C,angika_wikipedia_1028,anp,L1,999:s3,anp_Deva
panel2,C,angika_wikipedia_1028,anp,L1,1000:s3,anp_Deva
panel2,C,angika_wikipedia_1028,anp,L1,1001:s1,anp_Deva
panel2,C,angika_wikipedia_1028,anp,L1,1002:s1,anp_Deva
panel2,C,angika_wikipedia_1028,anp,L1,1002:s2,anp_Deva
panel2,C,angika_wikipedia_1028,anp,L1,1003:s0,anp_Deva
panel2,C,angika_wikipedia_1028,anp,L1,1003:s1,anp_Deva
panel2,C,angika_wikipedia_1028,anp,L1,1003:s2,anp_Deva
panel2,C,angika_wikipedia_1028,anp,L1,1004:s0,anp_Deva
panel2,C,angika_wikipedia_1028,anp,L1,1005:s3,anp_Deva
panel2,C,angika_wikipedia_1028,anp,L1,1005:s4,anp_Deva
panel2,C,angika_wikipedia_1028,anp,L1,1006:s1,anp_Deva
panel2,C,angika_wikipedia_1028,anp,L1,1006:s2,anp_Deva
panel2,C,angika_wikipedia_1028,anp,L1,1006:s3,anp_Deva
panel2,C,angika_wikipedia_1028,anp,L1,1006:s4,anp_Deva
panel2,C,angika_wikipedia_1028,anp,L1,1007:s0,anp_Deva
panel2,C,angika_wikipedia_1028,anp,L1,1007:s1,anp_Deva
panel2,C,angika_wikipedia_1028,anp,L1,1007:s3,anp_Deva
panel2,C,angika_wikipedia_1028,anp,L1,1008:s0,anp_Deva
panel2,C,angika_wikipedia_1028,anp,L1,1008:s1,anp_Deva
panel2,C,angika_wikipedia_1028,anp,L1,1008:s2,anp_Deva
panel2,C,angika_wikipedia_1028,anp,L1,1008:s4,anp_Deva
panel2,C,angika_wikipedia_1028,anp,L1,1009:s0,anp_Deva
panel2,C,angika_wikipedia_1028,anp,L1,1009:s1,anp_Deva
panel2,C,angika_wikipedia_1028,anp,L1,1009:s4,anp_Deva
panel2,C,angika_wikipedia_1028,anp,L1,1010:s1,anp_Deva
panel2,C,angika_wikipedia_1028,anp,L1,1012:s0,anp_Deva
panel2,C,angika_wikipedia_1028,anp,L1,1012:s1,anp_Deva
panel2,C,angika_wikipedia_1028,anp,L1,1012:s2,anp_Deva
panel2,C,angika_wikipedia_1028,anp,L1,1012:s3,anp_Deva
panel2,C,angika_wikipedia_1028,anp,L1,1013:s1,anp_Deva
panel2,C,angika_wikipedia_1028,anp,L1,1014:s1,anp_Deva
panel2,C,angika_wikipedia_1028,anp,L1,1015:s0,anp_Deva
panel2,C,angika_wikipedia_1028,anp,L1,1016:s0,anp_Deva
panel2,C,angika_wikipedia_1028,anp,L1,1019:s0,anp_Deva
panel2,C,angika_wikipedia_1028,anp,L1,1020:s2,anp_Deva
panel2,C,angika_wikipedia_1028,anp,L1,1021:s0,anp_Deva
panel2,C,angika_wikipedia_1028,anp,L1,1022:s0,anp_Deva
panel2,C,angika_wikipedia_1028,anp,L1,1022:s3,anp_Deva
panel2,C,angika_wikipedia_1028,anp,L1,1022:s4,anp_Deva
panel2,C,angika_wikipedia_1028,anp,L1,1022:s6,anp_Deva
panel2,C,angika_wikipedia_1028,anp,L1,1022:s8,anp_Deva
panel2,C,angika_wikipedia_1028,anp,L1,1022:s9,anp_Deva
panel2,C,angika_wikipedia_1028,anp,L1,1023:s0,anp_Deva
panel2,C,angika_wikipedia_1028,anp,L1,1025:s1,anp_Deva
panel2,C,angika_wikipedia_1028,anp,L1,1026:s1,anp_Deva
panel2,C,angika_wikipedia_1028,anp,L1,1026:s2,anp_Deva
panel2,C,angika_wikipedia_1028,anp,L1,1027:s1,anp_Deva
panel2,C,angika_wikipedia_1028,anp,L1,1027:s3,anp_Deva
panel2,C,angika_wikipedia_1028,anp,L1,1027:s4,anp_Deva
panel2,C,angika_wikipedia_1028,anp,L5,6:L5,anp_Deva
panel2,C,angika_wikipedia_1028,anp,L5,7:L5,anp_Deva
panel2,C,angika_wikipedia_1028,anp,L5,8:L5,anp_Deva
panel2,C,angika_wikipedia_1028,anp,L5,10:L5,anp_Deva
panel2,C,angika_wikipedia_1028,anp,L5,11:L5,anp_Deva
panel2,C,angika_wikipedia_1028,anp,L5,12:L5,anp_Deva
panel2,C,angika_wikipedia_1028,anp,L5,13:L5,anp_Deva
panel2,C,angika_wikipedia_1028,anp,L5,14:L5,anp_Deva
panel2,C,angika_wikipedia_1028,anp,L5,15:L5,anp_Deva
panel2,C,angika_wikipedia_1028,anp,L5,18:L5,anp_Deva
panel2,C,angika_wikipedia_1028,anp,L5,25:L5,anp_Deva
panel2,C,angika_wikipedia_1028,anp,L5,26:L5,anp_Deva
panel2,C,angika_wikipedia_1028,anp,L5,29:L5,anp_Deva
panel2,C,angika_wikipedia_1028,anp,L5,33:L5,anp_Deva
panel2,C,angika_wikipedia_1028,anp,L5,38:L5,anp_Deva
panel2,C,angika_wikipedia_1028,anp,L5,39:L5,anp_Deva
panel2,C,angika_wikipedia_1028,anp,L5,40:L5,anp_Deva
panel2,C,angika_wikipedia_1028,anp,L5,41:L5,anp_Deva
panel2,C,angika_wikipedia_1028,anp,L5,43:L5,anp_Deva
panel2,C,angika_wikipedia_1028,anp,L5,44:L5,anp_Deva
panel2,C,angika_wikipedia_1028,anp,L5,45:L5,anp_Deva
panel2,C,angika_wikipedia_1028,anp,L5,46:L5,anp_Deva
panel2,C,angika_wikipedia_1028,anp,L5,47:L5,anp_Deva
panel2,C,angika_wikipedia_1028,anp,L5,49:L5,anp_Deva
panel2,C,angika_wikipedia_1028,anp,L5,51:L5,anp_Deva
panel2,C,angika_wikipedia_1028,anp,L5,52:L5,anp_Deva
panel2,C,angika_wikipedia_1028,anp,L5,54:L5,anp_Deva
panel2,C,angika_wikipedia_1028,anp,L5,55:L5,anp_Deva
panel2,C,angika_wikipedia_1028,anp,L5,56:L5,anp_Deva
panel2,C,angika_wikipedia_1028,anp,L5,57:L5,anp_Deva
panel2,C,angika_wikipedia_1028,anp,L5,61:L5,anp_Deva
panel2,C,angika_wikipedia_1028,anp,L5,62:L5,anp_Deva
panel2,C,angika_wikipedia_1028,anp,L5,64:L5,anp_Deva
panel2,C,angika_wikipedia_1028,anp,L5,69:L5,anp_Deva
panel2,C,angika_wikipedia_1028,anp,L5,71:L5,anp_Deva
panel2,C,angika_wikipedia_1028,anp,L5,72:L5,anp_Deva
panel2,C,angika_wikipedia_1028,anp,L5,73:L5,anp_Deva
panel2,C,angika_wikipedia_1028,anp,L5,75:L5,anp_Deva
panel2,C,angika_wikipedia_1028,anp,L5,77:L5,anp_Deva
panel2,C,angika_wikipedia_1028,anp,L5,82:L5,anp_Deva
panel2,C,angika_wikipedia_1028,anp,L5,83:L5,anp_Deva
panel2,C,angika_wikipedia_1028,anp,L5,85:L5,anp_Deva
panel2,C,angika_wikipedia_1028,anp,L5,88:L5,anp_Deva
panel2,C,angika_wikipedia_1028,anp,L5,89:L5,anp_Deva
panel2,C,angika_wikipedia_1028,anp,L5,91:L5,anp_Deva
panel2,C,angika_wikipedia_1028,anp,L5,95:L5,anp_Deva
panel2,C,angika_wikipedia_1028,anp,L5,98:L5,anp_Deva
panel2,C,angika_wikipedia_1028,anp,L5,99:L5,anp_Deva
panel2,C,angika_wikipedia_1028,anp,L5,100:L5,anp_Deva
panel2,C,angika_wikipedia_1028,anp,L5,109:L5,anp_Deva
panel2,C,angika_wikipedia_1028,anp,L5,112:L5,anp_Deva
panel2,C,angika_wikipedia_1028,anp,L5,113:L5,anp_Deva
panel2,C,angika_wikipedia_1028,anp,L5,114:L5,anp_Deva
panel2,C,angika_wikipedia_1028,anp,L5,116:L5,anp_Deva
panel2,C,angika_wikipedia_1028,anp,L5,124:L5,anp_Deva
panel2,C,angika_wikipedia_1028,anp,L5,127:L5,anp_Deva
panel2,C,angika_wikipedia_1028,anp,L5,128:L5,anp_Deva
panel2,C,angika_wikipedia_1028,anp,L5,135:L5,anp_Deva
panel2,C,angika_wikipedia_1028,anp,L5,144:L5,anp_Deva
panel2,C,angika_wikipedia_1028,anp,L5,145:L5,anp_Deva
panel2,C,angika_wikipedia_1028,anp,L5,148:L5,anp_Deva
panel2,C,angika_wikipedia_1028,anp,L5,151:L5,anp_Deva
panel2,C,angika_wikipedia_1028,anp,L5,153:L5,anp_Deva
panel2,C,angika_wikipedia_1028,anp,L5,154:L5,anp_Deva
panel2,C,angika_wikipedia_1028,anp,L5,157:L5,anp_Deva
panel2,C,angika_wikipedia_1028,anp,L5,170:L5,anp_Deva
panel2,C,angika_wikipedia_1028,anp,L5,171:L5,anp_Deva
panel2,C,angika_wikipedia_1028,anp,L5,173:L5,anp_Deva
panel2,C,angika_wikipedia_1028,anp,L5,185:L5,anp_Deva
panel2,C,angika_wikipedia_1028,anp,L5,186:L5,anp_Deva
panel2,C,angika_wikipedia_1028,anp,L5,187:L5,anp_Deva
panel2,C,angika_wikipedia_1028,anp,L5,188:L5,anp_Deva
panel2,C,angika_wikipedia_1028,anp,L5,193:L5,anp_Deva
panel2,C,angika_wikipedia_1028,anp,L5,201:L5,anp_Deva
panel2,C,angika_wikipedia_1028,anp,L5,202:L5,anp_Deva
panel2,C,angika_wikipedia_1028,anp,L5,205:L5,anp_Deva
panel2,C,angika_wikipedia_1028,anp,L5,211:L5,anp_Deva
panel2,C,angika_wikipedia_1028,anp,L5,212:L5,anp_Deva
panel2,C,angika_wikipedia_1028,anp,L5,214:L5,anp_Deva
panel2,C,angika_wikipedia_1028,anp,L5,219:L5,anp_Deva
panel2,C,angika_wikipedia_1028,anp,L5,225:L5,anp_Deva
panel2,C,angika_wikipedia_1028,anp,L5,226:L5,anp_Deva
panel2,C,angika_wikipedia_1028,anp,L5,234:L5,anp_Deva
panel2,C,angika_wikipedia_1028,anp,L5,237:L5,anp_Deva
panel2,C,angika_wikipedia_1028,anp,L5,244:L5,anp_Deva
panel2,C,angika_wikipedia_1028,anp,L5,246:L5,anp_Deva
panel2,C,angika_wikipedia_1028,anp,L5,247:L5,anp_Deva
panel2,C,angika_wikipedia_1028,anp,L5,248:L5,anp_Deva
panel2,C,angika_wikipedia_1028,anp,L5,249:L5,anp_Deva
panel2,C,angika_wikipedia_1028,anp,L5,250:L5,anp_Deva
panel2,C,angika_wikipedia_1028,anp,L5,252:L5,anp_Deva
panel2,C,angika_wikipedia_1028,anp,L5,260:L5,anp_Deva
panel2,C,angika_wikipedia_1028,anp,L5,261:L5,anp_Deva
panel2,C,angika_wikipedia_1028,anp,L5,264:L5,anp_Deva
panel2,C,angika_wikipedia_1028,anp,L5,267:L5,anp_Deva
panel2,C,angika_wikipedia_1028,anp,L5,268:L5,anp_Deva
panel2,C,angika_wikipedia_1028,anp,L5,270:L5,anp_Deva
panel2,C,angika_wikipedia_1028,anp,L5,271:L5,anp_Deva
panel2,C,angika_wikipedia_1028,anp,L5,272:L5,anp_Deva
panel2,C,angika_wikipedia_1028,anp,L5,273:L5,anp_Deva
panel2,C,angika_wikipedia_1028,anp,L5,274:L5,anp_Deva
panel2,C,angika_wikipedia_1028,anp,L5,276:L5,anp_Deva
panel2,C,angika_wikipedia_1028,anp,L5,278:L5,anp_Deva
panel2,C,angika_wikipedia_1028,anp,L5,279:L5,anp_Deva
panel2,C,angika_wikipedia_1028,anp,L5,280:L5,anp_Deva
panel2,C,angika_wikipedia_1028,anp,L5,282:L5,anp_Deva
panel2,C,angika_wikipedia_1028,anp,L5,283:L5,anp_Deva
panel2,C,angika_wikipedia_1028,anp,L5,289:L5,anp_Deva
panel2,C,angika_wikipedia_1028,anp,L5,295:L5,anp_Deva
panel2,C,angika_wikipedia_1028,anp,L5,297:L5,anp_Deva
panel2,C,angika_wikipedia_1028,anp,L5,298:L5,anp_Deva
panel2,C,angika_wikipedia_1028,anp,L5,299:L5,anp_Deva
panel2,C,angika_wikipedia_1028,anp,L5,303:L5,anp_Deva
panel2,C,angika_wikipedia_1028,anp,L5,307:L5,anp_Deva
panel2,C,angika_wikipedia_1028,anp,L5,309:L5,anp_Deva
panel2,C,angika_wikipedia_1028,anp,L5,311:L5,anp_Deva
panel2,C,angika_wikipedia_1028,anp,L5,312:L5,anp_Deva
panel2,C,angika_wikipedia_1028,anp,L5,313:L5,anp_Deva
panel2,C,angika_wikipedia_1028,anp,L5,319:L5,anp_Deva
panel2,C,angika_wikipedia_1028,anp,L5,321:L5,anp_Deva
panel2,C,angika_wikipedia_1028,anp,L5,322:L5,anp_Deva
panel2,C,angika_wikipedia_1028,anp,L5,323:L5,anp_Deva
panel2,C,angika_wikipedia_1028,anp,L5,324:L5,anp_Deva
panel2,C,angika_wikipedia_1028,anp,L5,325:L5,anp_Deva
panel2,C,angika_wikipedia_1028,anp,L5,327:L5,anp_Deva
panel2,C,angika_wikipedia_1028,anp,L5,335:L5,anp_Deva
panel2,C,angika_wikipedia_1028,anp,L5,336:L5,anp_Deva
panel2,C,angika_wikipedia_1028,anp,L5,339:L5,anp_Deva
panel2,C,angika_wikipedia_1028,anp,L5,341:L5,anp_Deva
panel2,C,angika_wikipedia_1028,anp,L5,342:L5,anp_Deva
panel2,C,angika_wikipedia_1028,anp,L5,343:L5,anp_Deva
panel2,C,angika_wikipedia_1028,anp,L5,347:L5,anp_Deva
panel2,C,angika_wikipedia_1028,anp,L5,351:L5,anp_Deva
panel2,C,angika_wikipedia_1028,anp,L5,356:L5,anp_Deva
panel2,C,angika_wikipedia_1028,anp,L5,359:L5,anp_Deva
panel2,C,angika_wikipedia_1028,anp,L5,363:L5,anp_Deva
panel2,C,angika_wikipedia_1028,anp,L5,366:L5,anp_Deva
panel2,C,angika_wikipedia_1028,anp,L5,368:L5,anp_Deva
panel2,C,angika_wikipedia_1028,anp,L5,370:L5,anp_Deva
panel2,C,angika_wikipedia_1028,anp,L5,373:L5,anp_Deva
panel2,C,angika_wikipedia_1028,anp,L5,374:L5,anp_Deva
panel2,C,angika_wikipedia_1028,anp,L5,375:L5,anp_Deva
panel2,C,angika_wikipedia_1028,anp,L5,376:L5,anp_Deva
panel2,C,angika_wikipedia_1028,anp,L5,380:L5,anp_Deva
panel2,C,angika_wikipedia_1028,anp,L5,382:L5,anp_Deva
panel2,C,angika_wikipedia_1028,anp,L5,383:L5,anp_Deva
panel2,C,angika_wikipedia_1028,anp,L5,385:L5,anp_Deva
panel2,C,angika_wikipedia_1028,anp,L5,386:L5,anp_Deva
panel2,C,angika_wikipedia_1028,anp,L5,388:L5,anp_Deva
panel2,C,angika_wikipedia_1028,anp,L5,390:L5,anp_Deva
panel2,C,angika_wikipedia_1028,anp,L5,392:L5,anp_Deva
panel2,C,angika_wikipedia_1028,anp,L5,393:L5,anp_Deva
panel2,C,angika_wikipedia_1028,anp,L5,396:L5,anp_Deva
panel2,C,angika_wikipedia_1028,anp,L5,397:L5,anp_Deva
panel2,C,angika_wikipedia_1028,anp,L5,398:L5,anp_Deva
panel2,C,angika_wikipedia_1028,anp,L5,402:L5,anp_Deva
panel2,C,angika_wikipedia_1028,anp,L5,409:L5,anp_Deva
panel2,C,angika_wikipedia_1028,anp,L5,410:L5,anp_Deva
panel2,C,angika_wikipedia_1028,anp,L5,411:L5,anp_Deva
panel2,C,angika_wikipedia_1028,anp,L5,420:L5,anp_Deva
panel2,C,angika_wikipedia_1028,anp,L5,421:L5,anp_Deva
panel2,C,angika_wikipedia_1028,anp,L5,422:L5,anp_Deva
panel2,C,angika_wikipedia_1028,anp,L5,423:L5,anp_Deva
panel2,C,angika_wikipedia_1028,anp,L5,426:L5,anp_Deva
panel2,C,angika_wikipedia_1028,anp,L5,429:L5,anp_Deva
panel2,C,angika_wikipedia_1028,anp,L5,431:L5,anp_Deva
panel2,C,angika_wikipedia_1028,anp,L5,434:L5,anp_Deva
panel2,C,angika_wikipedia_1028,anp,L5,437:L5,anp_Deva
panel2,C,angika_wikipedia_1028,anp,L5,447:L5,anp_Deva
panel2,C,angika_wikipedia_1028,anp,L5,448:L5,anp_Deva
panel2,C,angika_wikipedia_1028,anp,L5,449:L5,anp_Deva
panel2,C,angika_wikipedia_1028,anp,L5,451:L5,anp_Deva
panel2,C,angika_wikipedia_1028,anp,L5,455:L5,anp_Deva
panel2,C,angika_wikipedia_1028,anp,L5,457:L5,anp_Deva
panel2,C,angika_wikipedia_1028,anp,L5,458:L5,anp_Deva
panel2,C,angika_wikipedia_1028,anp,L5,459:L5,anp_Deva
panel2,C,angika_wikipedia_1028,anp,L5,461:L5,anp_Deva
panel2,C,angika_wikipedia_1028,anp,L5,466:L5,anp_Deva
panel2,C,angika_wikipedia_1028,anp,L5,470:L5,anp_Deva
panel2,C,angika_wikipedia_1028,anp,L5,477:L5,anp_Deva
panel2,C,angika_wikipedia_1028,anp,L5,479:L5,anp_Deva
panel2,C,angika_wikipedia_1028,anp,L5,480:L5,anp_Deva
panel2,C,angika_wikipedia_1028,anp,L5,481:L5,anp_Deva
panel2,C,angika_wikipedia_1028,anp,L5,488:L5,anp_Deva
panel2,C,angika_wikipedia_1028,anp,L5,490:L5,anp_Deva
panel2,C,angika_wikipedia_1028,anp,L5,497:L5,anp_Deva
panel2,C,angika_wikipedia_1028,anp,L5,503:L5,anp_Deva
panel2,C,angika_wikipedia_1028,anp,L5,504:L5,anp_Deva
panel2,C,angika_wikipedia_1028,anp,L5,505:L5,anp_Deva
panel2,C,angika_wikipedia_1028,anp,L5,507:L5,anp_Deva
panel2,C,angika_wikipedia_1028,anp,L5,509:L5,anp_Deva
panel2,C,angika_wikipedia_1028,anp,L5,511:L5,anp_Deva
panel2,C,angika_wikipedia_1028,anp,L5,512:L5,anp_Deva
panel2,C,angika_wikipedia_1028,anp,L5,513:L5,anp_Deva
panel2,C,angika_wikipedia_1028,anp,L5,518:L5,anp_Deva
panel2,C,angika_wikipedia_1028,anp,L5,522:L5,anp_Deva
panel2,C,angika_wikipedia_1028,anp,L5,523:L5,anp_Deva
panel2,C,angika_wikipedia_1028,anp,L5,528:L5,anp_Deva
panel2,C,angika_wikipedia_1028,anp,L5,546:L5,anp_Deva
panel2,C,angika_wikipedia_1028,anp,L5,547:L5,anp_Deva
panel2,C,angika_wikipedia_1028,anp,L5,549:L5,anp_Deva
panel2,C,angika_wikipedia_1028,anp,L5,550:L5,anp_Deva
panel2,C,angika_wikipedia_1028,anp,L5,551:L5,anp_Deva
panel2,C,angika_wikipedia_1028,anp,L5,556:L5,anp_Deva
panel2,C,angika_wikipedia_1028,anp,L5,557:L5,anp_Deva
panel2,C,angika_wikipedia_1028,anp,L5,563:L5,anp_Deva
panel2,C,angika_wikipedia_1028,anp,L5,575:L5,anp_Deva
panel2,C,angika_wikipedia_1028,anp,L5,576:L5,anp_Deva
panel2,C,angika_wikipedia_1028,anp,L5,584:L5,anp_Deva
panel2,C,angika_wikipedia_1028,anp,L5,586:L5,anp_Deva
panel2,C,angika_wikipedia_1028,anp,L5,592:L5,anp_Deva
panel2,C,angika_wikipedia_1028,anp,L5,593:L5,anp_Deva
panel2,C,angika_wikipedia_1028,anp,L5,594:L5,anp_Deva
panel2,C,angika_wikipedia_1028,anp,L5,596:L5,anp_Deva
panel2,C,angika_wikipedia_1028,anp,L5,597:L5,anp_Deva
panel2,C,angika_wikipedia_1028,anp,L5,601:L5,anp_Deva
panel2,C,angika_wikipedia_1028,anp,L5,608:L5,anp_Deva
panel2,C,angika_wikipedia_1028,anp,L5,610:L5,anp_Deva
panel2,C,angika_wikipedia_1028,anp,L5,613:L5,anp_Deva
panel2,C,angika_wikipedia_1028,anp,L5,616:L5,anp_Deva
panel2,C,angika_wikipedia_1028,anp,L5,619:L5,anp_Deva
panel2,C,angika_wikipedia_1028,anp,L5,625:L5,anp_Deva
panel2,C,angika_wikipedia_1028,anp,L5,627:L5,anp_Deva
panel2,C,angika_wikipedia_1028,anp,L5,630:L5,anp_Deva
panel2,C,angika_wikipedia_1028,anp,L5,632:L5,anp_Deva
panel2,C,angika_wikipedia_1028,anp,L5,633:L5,anp_Deva
panel2,C,angika_wikipedia_1028,anp,L5,634:L5,anp_Deva
panel2,C,angika_wikipedia_1028,anp,L5,642:L5,anp_Deva
panel2,C,angika_wikipedia_1028,anp,L5,645:L5,anp_Deva
panel2,C,angika_wikipedia_1028,anp,L5,648:L5,anp_Deva
panel2,C,angika_wikipedia_1028,anp,L5,650:L5,anp_Deva
panel2,C,angika_wikipedia_1028,anp,L5,651:L5,anp_Deva
panel2,C,angika_wikipedia_1028,anp,L5,657:L5,anp_Deva
panel2,C,angika_wikipedia_1028,anp,L5,664:L5,anp_Deva
panel2,C,angika_wikipedia_1028,anp,L5,672:L5,mai_Deva
panel2,C,angika_wikipedia_1028,anp,L5,680:L5,anp_Deva
panel2,C,angika_wikipedia_1028,anp,L5,683:L5,anp_Deva
panel2,C,angika_wikipedia_1028,anp,L5,685:L5,anp_Deva
panel2,C,angika_wikipedia_1028,anp,L5,686:L5,anp_Deva
panel2,C,angika_wikipedia_1028,anp,L5,687:L5,anp_Deva
panel2,C,angika_wikipedia_1028,anp,L5,693:L5,anp_Deva
panel2,C,angika_wikipedia_1028,anp,L5,696:L5,anp_Deva
panel2,C,angika_wikipedia_1028,anp,L5,698:L5,anp_Deva
panel2,C,angika_wikipedia_1028,anp,L5,703:L5,anp_Deva
panel2,C,angika_wikipedia_1028,anp,L5,705:L5,anp_Deva
panel2,C,angika_wikipedia_1028,anp,L5,707:L5,anp_Deva
panel2,C,angika_wikipedia_1028,anp,L5,708:L5,anp_Deva
panel2,C,angika_wikipedia_1028,anp,L5,709:L5,anp_Deva
panel2,C,angika_wikipedia_1028,anp,L5,710:L5,anp_Deva
panel2,C,angika_wikipedia_1028,anp,L5,717:L5,anp_Deva
panel2,C,angika_wikipedia_1028,anp,L5,720:L5,anp_Deva
panel2,C,angika_wikipedia_1028,anp,L5,721:L5,anp_Deva
panel2,C,angika_wikipedia_1028,anp,L5,722:L5,anp_Deva
panel2,C,angika_wikipedia_1028,anp,L5,723:L5,anp_Deva
panel2,C,angika_wikipedia_1028,anp,L5,724:L5,anp_Deva
panel2,C,angika_wikipedia_1028,anp,L5,729:L5,anp_Deva
panel2,C,angika_wikipedia_1028,anp,L5,730:L5,anp_Deva
panel2,C,angika_wikipedia_1028,anp,L5,734:L5,anp_Deva
panel2,C,angika_wikipedia_1028,anp,L5,738:L5,anp_Deva
panel2,C,angika_wikipedia_1028,anp,L5,740:L5,anp_Deva
panel2,C,angika_wikipedia_1028,anp,L5,743:L5,anp_Deva
panel2,C,angika_wikipedia_1028,anp,L5,744:L5,anp_Deva
panel2,C,angika_wikipedia_1028,anp,L5,745:L5,anp_Deva
panel2,C,angika_wikipedia_1028,anp,L5,750:L5,anp_Deva
panel2,C,angika_wikipedia_1028,anp,L5,756:L5,anp_Deva
panel2,C,angika_wikipedia_1028,anp,L5,757:L5,anp_Deva
panel2,C,angika_wikipedia_1028,anp,L5,758:L5,anp_Deva
panel2,C,angika_wikipedia_1028,anp,L5,759:L5,anp_Deva
panel2,C,angika_wikipedia_1028,anp,L5,760:L5,anp_Deva
panel2,C,angika_wikipedia_1028,anp,L5,761:L5,anp_Deva
panel2,C,angika_wikipedia_1028,anp,L5,763:L5,anp_Deva
panel2,C,angika_wikipedia_1028,anp,L5,764:L5,anp_Deva
panel2,C,angika_wikipedia_1028,anp,L5,765:L5,anp_Deva
panel2,C,angika_wikipedia_1028,anp,L5,770:L5,anp_Deva
panel2,C,angika_wikipedia_1028,anp,L5,771:L5,anp_Deva
panel2,C,angika_wikipedia_1028,anp,L5,775:L5,anp_Deva
panel2,C,angika_wikipedia_1028,anp,L5,776:L5,anp_Deva
panel2,C,angika_wikipedia_1028,anp,L5,778:L5,anp_Deva
panel2,C,angika_wikipedia_1028,anp,L5,782:L5,anp_Deva
panel2,C,angika_wikipedia_1028,anp,L5,783:L5,anp_Deva
panel2,C,angika_wikipedia_1028,anp,L5,785:L5,anp_Deva
panel2,C,angika_wikipedia_1028,anp,L5,786:L5,anp_Deva
panel2,C,angika_wikipedia_1028,anp,L5,787:L5,anp_Deva
panel2,C,angika_wikipedia_1028,anp,L5,790:L5,anp_Deva
panel2,C,angika_wikipedia_1028,anp,L5,797:L5,anp_Deva
panel2,C,angika_wikipedia_1028,anp,L5,798:L5,anp_Deva
panel2,C,angika_wikipedia_1028,anp,L5,799:L5,anp_Deva
panel2,C,angika_wikipedia_1028,anp,L5,800:L5,anp_Deva
panel2,C,angika_wikipedia_1028,anp,L5,801:L5,anp_Deva
panel2,C,angika_wikipedia_1028,anp,L5,808:L5,anp_Deva
panel2,C,angika_wikipedia_1028,anp,L5,809:L5,anp_Deva
panel2,C,angika_wikipedia_1028,anp,L5,810:L5,anp_Deva
panel2,C,angika_wikipedia_1028,anp,L5,813:L5,anp_Deva
panel2,C,angika_wikipedia_1028,anp,L5,817:L5,anp_Deva
panel2,C,angika_wikipedia_1028,anp,L5,822:L5,anp_Deva
panel2,C,angika_wikipedia_1028,anp,L5,823:L5,anp_Deva
panel2,C,angika_wikipedia_1028,anp,L5,824:L5,anp_Deva
panel2,C,angika_wikipedia_1028,anp,L5,825:L5,anp_Deva
panel2,C,angika_wikipedia_1028,anp,L5,827:L5,anp_Deva
panel2,C,angika_wikipedia_1028,anp,L5,836:L5,anp_Deva
panel2,C,angika_wikipedia_1028,anp,L5,837:L5,anp_Deva
panel2,C,angika_wikipedia_1028,anp,L5,839:L5,anp_Deva
panel2,C,angika_wikipedia_1028,anp,L5,842:L5,anp_Deva
panel2,C,angika_wikipedia_1028,anp,L5,844:L5,anp_Deva
panel2,C,angika_wikipedia_1028,anp,L5,846:L5,anp_Deva
panel2,C,angika_wikipedia_1028,anp,L5,849:L5,anp_Deva
panel2,C,angika_wikipedia_1028,anp,L5,850:L5,anp_Deva
panel2,C,angika_wikipedia_1028,anp,L5,851:L5,anp_Deva
panel2,C,angika_wikipedia_1028,anp,L5,856:L5,anp_Deva
panel2,C,angika_wikipedia_1028,anp,L5,857:L5,anp_Deva
panel2,C,angika_wikipedia_1028,anp,L5,863:L5,anp_Deva
panel2,C,angika_wikipedia_1028,anp,L5,867:L5,anp_Deva
panel2,C,angika_wikipedia_1028,anp,L5,873:L5,anp_Deva
panel2,C,angika_wikipedia_1028,anp,L5,874:L5,anp_Deva
panel2,C,angika_wikipedia_1028,anp,L5,875:L5,anp_Deva
panel2,C,angika_wikipedia_1028,anp,L5,879:L5,anp_Deva
panel2,C,angika_wikipedia_1028,anp,L5,880:L5,anp_Deva
panel2,C,angika_wikipedia_1028,anp,L5,883:L5,anp_Deva
panel2,C,angika_wikipedia_1028,anp,L5,893:L5,anp_Deva
panel2,C,angika_wikipedia_1028,anp,L5,895:L5,anp_Deva
panel2,C,angika_wikipedia_1028,anp,L5,896:L5,anp_Deva
panel2,C,angika_wikipedia_1028,anp,L5,902:L5,anp_Deva
panel2,C,angika_wikipedia_1028,anp,L5,903:L5,anp_Deva
panel2,C,angika_wikipedia_1028,anp,L5,907:L5,anp_Deva
panel2,C,angika_wikipedia_1028,anp,L5,908:L5,anp_Deva
panel2,C,angika_wikipedia_1028,anp,L5,913:L5,anp_Deva
panel2,C,angika_wikipedia_1028,anp,L5,914:L5,anp_Deva
panel2,C,angika_wikipedia_1028,anp,L5,916:L5,anp_Deva
panel2,C,angika_wikipedia_1028,anp,L5,918:L5,anp_Deva
panel2,C,angika_wikipedia_1028,anp,L5,919:L5,anp_Deva
panel2,C,angika_wikipedia_1028,anp,L5,920:L5,anp_Deva
panel2,C,angika_wikipedia_1028,anp,L5,926:L5,anp_Deva
panel2,C,angika_wikipedia_1028,anp,L5,927:L5,anp_Deva
panel2,C,angika_wikipedia_1028,anp,L5,928:L5,anp_Deva
panel2,C,angika_wikipedia_1028,anp,L5,932:L5,anp_Deva
panel2,C,angika_wikipedia_1028,anp,L5,933:L5,anp_Deva
panel2,C,angika_wikipedia_1028,anp,L5,935:L5,anp_Deva
panel2,C,angika_wikipedia_1028,anp,L5,937:L5,anp_Deva
panel2,C,angika_wikipedia_1028,anp,L5,938:L5,anp_Deva
panel2,C,angika_wikipedia_1028,anp,L5,939:L5,anp_Deva
panel2,C,angika_wikipedia_1028,anp,L5,946:L5,anp_Deva
panel2,C,angika_wikipedia_1028,anp,L5,948:L5,anp_Deva
panel2,C,angika_wikipedia_1028,anp,L5,952:L5,anp_Deva
panel2,C,angika_wikipedia_1028,anp,L5,953:L5,anp_Deva
panel2,C,angika_wikipedia_1028,anp,L5,957:L5,anp_Deva
panel2,C,angika_wikipedia_1028,anp,L5,959:L5,anp_Deva
panel2,C,angika_wikipedia_1028,anp,L5,960:L5,anp_Deva
panel2,C,angika_wikipedia_1028,anp,L5,962:L5,anp_Deva
panel2,C,angika_wikipedia_1028,anp,L5,965:L5,anp_Deva
panel2,C,angika_wikipedia_1028,anp,L5,967:L5,anp_Deva
panel2,C,angika_wikipedia_1028,anp,L5,968:L5,anp_Deva
panel2,C,angika_wikipedia_1028,anp,L5,975:L5,anp_Deva
panel2,C,angika_wikipedia_1028,anp,L5,977:L5,anp_Deva
panel2,C,angika_wikipedia_1028,anp,L5,983:L5,anp_Deva
panel2,C,angika_wikipedia_1028,anp,L5,986:L5,anp_Deva
panel2,C,angika_wikipedia_1028,anp,L5,987:L5,anp_Deva
panel2,C,angika_wikipedia_1028,anp,L5,988:L5,anp_Deva
panel2,C,angika_wikipedia_1028,anp,L5,989:L5,anp_Deva
panel2,C,angika_wikipedia_1028,anp,L5,998:L5,anp_Deva
panel2,C,angika_wikipedia_1028,anp,L5,999:L5,anp_Deva
panel2,C,angika_wikipedia_1028,anp,L5,1000:L5,anp_Deva
panel2,C,angika_wikipedia_1028,anp,L5,1001:L5,anp_Deva
panel2,C,angika_wikipedia_1028,anp,L5,1003:L5,anp_Deva
panel2,C,angika_wikipedia_1028,anp,L5,1005:L5,anp_Deva
panel2,C,angika_wikipedia_1028,anp,L5,1006:L5,anp_Deva
panel2,C,angika_wikipedia_1028,anp,L5,1008:L5,anp_Deva
panel2,C,angika_wikipedia_1028,anp,L5,1009:L5,anp_Deva
panel2,C,angika_wikipedia_1028,anp,L5,1013:L5,anp_Deva
panel2,C,angika_wikipedia_1028,anp,L5,1015:L5,anp_Deva
panel2,C,angika_wikipedia_1028,anp,L5,1020:L5,anp_Deva
panel2,C,angika_wikipedia_1028,anp,L5,1022:L5,anp_Deva
panel2,C,angika_wikipedia_1028,anp,L5,1026:L5,anp_Deva
panel2,C,angika_wikipedia_1028,anp,L5,1027:L5,anp_Deva
panel2,C,angika_wikipedia_1028,anp,L20,6:L20,anp_Deva
panel2,C,angika_wikipedia_1028,anp,L20,25:L20,anp_Deva
panel2,C,angika_wikipedia_1028,anp,L20,26:L20,anp_Deva
panel2,C,angika_wikipedia_1028,anp,L20,64:L20,anp_Deva
panel2,C,angika_wikipedia_1028,anp,L20,83:L20,anp_Deva
panel2,C,angika_wikipedia_1028,anp,L20,100:L20,anp_Deva
panel2,C,angika_wikipedia_1028,anp,L20,137:L20,anp_Deva
panel2,C,angika_wikipedia_1028,anp,L20,144:L20,anp_Deva
panel2,C,angika_wikipedia_1028,anp,L20,170:L20,anp_Deva
panel2,C,angika_wikipedia_1028,anp,L20,248:L20,anp_Deva
panel2,C,angika_wikipedia_1028,anp,L20,308:L20,anp_Deva
panel2,C,angika_wikipedia_1028,anp,L20,311:L20,anp_Deva
panel2,C,angika_wikipedia_1028,anp,L20,325:L20,anp_Deva
panel2,C,angika_wikipedia_1028,anp,L20,396:L20,anp_Deva
panel2,C,angika_wikipedia_1028,anp,L20,421:L20,anp_Deva
panel2,C,angika_wikipedia_1028,anp,L20,424:L20,anp_Deva
panel2,C,angika_wikipedia_1028,anp,L20,457:L20,anp_Deva
panel2,C,angika_wikipedia_1028,anp,L20,490:L20,anp_Deva
panel2,C,angika_wikipedia_1028,anp,L20,546:L20,anp_Deva
panel2,C,angika_wikipedia_1028,anp,L20,601:L20,anp_Deva
panel2,C,angika_wikipedia_1028,anp,L20,616:L20,anp_Deva
panel2,C,angika_wikipedia_1028,anp,L20,617:L20,anp_Deva
panel2,C,angika_wikipedia_1028,anp,L20,618:L20,anp_Deva
panel2,C,angika_wikipedia_1028,anp,L20,651:L20,anp_Deva
panel2,C,angika_wikipedia_1028,anp,L20,696:L20,anp_Deva
panel2,C,angika_wikipedia_1028,anp,L20,787:L20,anp_Deva
panel2,C,angika_wikipedia_1028,anp,L20,823:L20,anp_Deva
panel2,C,angika_wikipedia_1028,anp,L20,883:L20,anp_Deva
panel2,C,angika_wikipedia_1028,anp,L20,918:L20,anp_Deva
panel2,C,angika_wikipedia_1028,anp,L20,988:L20,anp_Deva
panel2,C,angika_wikipedia_1028,anp,L20,1022:L20,anp_Deva
panel2,C,angika_wikipedia_1028,anp,LD,0:D,anp_Deva
panel2,C,angika_wikipedia_1028,anp,LD,2:D,anp_Deva
panel2,C,angika_wikipedia_1028,anp,LD,5:D,anp_Deva
panel2,C,angika_wikipedia_1028,anp,LD,6:D,anp_Deva
panel2,C,angika_wikipedia_1028,anp,LD,7:D,anp_Deva
panel2,C,angika_wikipedia_1028,anp,LD,8:D,anp_Deva
panel2,C,angika_wikipedia_1028,anp,LD,10:D,anp_Deva
panel2,C,angika_wikipedia_1028,anp,LD,11:D,anp_Deva
panel2,C,angika_wikipedia_1028,anp,LD,12:D,anp_Deva
panel2,C,angika_wikipedia_1028,anp,LD,13:D,anp_Deva
panel2,C,angika_wikipedia_1028,anp,LD,14:D,anp_Deva
panel2,C,angika_wikipedia_1028,anp,LD,15:D,anp_Deva
panel2,C,angika_wikipedia_1028,anp,LD,16:D,anp_Deva
panel2,C,angika_wikipedia_1028,anp,LD,17:D,anp_Deva
panel2,C,angika_wikipedia_1028,anp,LD,18:D,anp_Deva
panel2,C,angika_wikipedia_1028,anp,LD,19:D,anp_Deva
panel2,C,angika_wikipedia_1028,anp,LD,20:D,anp_Deva
panel2,C,angika_wikipedia_1028,anp,LD,21:D,anp_Deva
panel2,C,angika_wikipedia_1028,anp,LD,22:D,anp_Deva
panel2,C,angika_wikipedia_1028,anp,LD,23:D,anp_Deva
panel2,C,angika_wikipedia_1028,anp,LD,24:D,anp_Deva
panel2,C,angika_wikipedia_1028,anp,LD,25:D,anp_Deva
panel2,C,angika_wikipedia_1028,anp,LD,26:D,anp_Deva
panel2,C,angika_wikipedia_1028,anp,LD,27:D,anp_Deva
panel2,C,angika_wikipedia_1028,anp,LD,28:D,anp_Deva
panel2,C,angika_wikipedia_1028,anp,LD,29:D,anp_Deva
panel2,C,angika_wikipedia_1028,anp,LD,30:D,anp_Deva
panel2,C,angika_wikipedia_1028,anp,LD,31:D,anp_Deva
panel2,C,angika_wikipedia_1028,anp,LD,32:D,anp_Deva
panel2,C,angika_wikipedia_1028,anp,LD,33:D,anp_Deva
panel2,C,angika_wikipedia_1028,anp,LD,34:D,anp_Deva
panel2,C,angika_wikipedia_1028,anp,LD,35:D,anp_Deva
panel2,C,angika_wikipedia_1028,anp,LD,36:D,anp_Deva
panel2,C,angika_wikipedia_1028,anp,LD,37:D,anp_Deva
panel2,C,angika_wikipedia_1028,anp,LD,38:D,anp_Deva
panel2,C,angika_wikipedia_1028,anp,LD,39:D,anp_Deva
panel2,C,angika_wikipedia_1028,anp,LD,40:D,anp_Deva
panel2,C,angika_wikipedia_1028,anp,LD,41:D,anp_Deva
panel2,C,angika_wikipedia_1028,anp,LD,42:D,anp_Deva
panel2,C,angika_wikipedia_1028,anp,LD,43:D,anp_Deva
panel2,C,angika_wikipedia_1028,anp,LD,44:D,anp_Deva
panel2,C,angika_wikipedia_1028,anp,LD,45:D,anp_Deva
panel2,C,angika_wikipedia_1028,anp,LD,46:D,anp_Deva
panel2,C,angika_wikipedia_1028,anp,LD,47:D,anp_Deva
panel2,C,angika_wikipedia_1028,anp,LD,49:D,anp_Deva
panel2,C,angika_wikipedia_1028,anp,LD,50:D,anp_Deva
panel2,C,angika_wikipedia_1028,anp,LD,51:D,anp_Deva
panel2,C,angika_wikipedia_1028,anp,LD,52:D,anp_Deva
panel2,C,angika_wikipedia_1028,anp,LD,54:D,anp_Deva
panel2,C,angika_wikipedia_1028,anp,LD,55:D,anp_Deva
panel2,C,angika_wikipedia_1028,anp,LD,56:D,anp_Deva
panel2,C,angika_wikipedia_1028,anp,LD,57:D,anp_Deva
panel2,C,angika_wikipedia_1028,anp,LD,58:D,anp_Deva
panel2,C,angika_wikipedia_1028,anp,LD,59:D,anp_Deva
panel2,C,angika_wikipedia_1028,anp,LD,60:D,anp_Deva
panel2,C,angika_wikipedia_1028,anp,LD,61:D,anp_Deva
panel2,C,angika_wikipedia_1028,anp,LD,62:D,anp_Deva
panel2,C,angika_wikipedia_1028,anp,LD,63:D,anp_Deva
panel2,C,angika_wikipedia_1028,anp,LD,64:D,anp_Deva
panel2,C,angika_wikipedia_1028,anp,LD,65:D,anp_Deva
panel2,C,angika_wikipedia_1028,anp,LD,66:D,anp_Deva
panel2,C,angika_wikipedia_1028,anp,LD,67:D,anp_Deva
panel2,C,angika_wikipedia_1028,anp,LD,68:D,anp_Deva
panel2,C,angika_wikipedia_1028,anp,LD,69:D,anp_Deva
panel2,C,angika_wikipedia_1028,anp,LD,70:D,anp_Deva
panel2,C,angika_wikipedia_1028,anp,LD,71:D,anp_Deva
panel2,C,angika_wikipedia_1028,anp,LD,72:D,anp_Deva
panel2,C,angika_wikipedia_1028,anp,LD,73:D,anp_Deva
panel2,C,angika_wikipedia_1028,anp,LD,74:D,anp_Deva
panel2,C,angika_wikipedia_1028,anp,LD,75:D,anp_Deva
panel2,C,angika_wikipedia_1028,anp,LD,76:D,anp_Deva
panel2,C,angika_wikipedia_1028,anp,LD,77:D,anp_Deva
panel2,C,angika_wikipedia_1028,anp,LD,78:D,anp_Deva
panel2,C,angika_wikipedia_1028,anp,LD,79:D,anp_Deva
panel2,C,angika_wikipedia_1028,anp,LD,81:D,anp_Deva
panel2,C,angika_wikipedia_1028,anp,LD,82:D,anp_Deva
panel2,C,angika_wikipedia_1028,anp,LD,83:D,anp_Deva
panel2,C,angika_wikipedia_1028,anp,LD,84:D,anp_Deva
panel2,C,angika_wikipedia_1028,anp,LD,85:D,anp_Deva
panel2,C,angika_wikipedia_1028,anp,LD,86:D,anp_Deva
panel2,C,angika_wikipedia_1028,anp,LD,87:D,anp_Deva
panel2,C,angika_wikipedia_1028,anp,LD,88:D,anp_Deva
panel2,C,angika_wikipedia_1028,anp,LD,89:D,anp_Deva
panel2,C,angika_wikipedia_1028,anp,LD,90:D,anp_Deva
panel2,C,angika_wikipedia_1028,anp,LD,91:D,anp_Deva
panel2,C,angika_wikipedia_1028,anp,LD,92:D,anp_Deva
panel2,C,angika_wikipedia_1028,anp,LD,93:D,anp_Deva
panel2,C,angika_wikipedia_1028,anp,LD,94:D,anp_Deva
panel2,C,angika_wikipedia_1028,anp,LD,95:D,anp_Deva
panel2,C,angika_wikipedia_1028,anp,LD,96:D,anp_Deva
panel2,C,angika_wikipedia_1028,anp,LD,97:D,anp_Deva
panel2,C,angika_wikipedia_1028,anp,LD,98:D,anp_Deva
panel2,C,angika_wikipedia_1028,anp,LD,99:D,anp_Deva
panel2,C,angika_wikipedia_1028,anp,LD,100:D,anp_Deva
panel2,C,angika_wikipedia_1028,anp,LD,102:D,anp_Deva
panel2,C,angika_wikipedia_1028,anp,LD,103:D,anp_Deva
panel2,C,angika_wikipedia_1028,anp,LD,105:D,anp_Deva
panel2,C,angika_wikipedia_1028,anp,LD,106:D,anp_Deva
panel2,C,angika_wikipedia_1028,anp,LD,107:D,anp_Deva
panel2,C,angika_wikipedia_1028,anp,LD,108:D,anp_Deva
panel2,C,angika_wikipedia_1028,anp,LD,109:D,anp_Deva
panel2,C,angika_wikipedia_1028,anp,LD,110:D,anp_Deva
panel2,C,angika_wikipedia_1028,anp,LD,111:D,anp_Deva
panel2,C,angika_wikipedia_1028,anp,LD,112:D,anp_Deva
panel2,C,angika_wikipedia_1028,anp,LD,113:D,anp_Deva
panel2,C,angika_wikipedia_1028,anp,LD,114:D,anp_Deva
panel2,C,angika_wikipedia_1028,anp,LD,115:D,anp_Deva
panel2,C,angika_wikipedia_1028,anp,LD,116:D,anp_Deva
panel2,C,angika_wikipedia_1028,anp,LD,117:D,anp_Deva
panel2,C,angika_wikipedia_1028,anp,LD,119:D,anp_Deva
panel2,C,angika_wikipedia_1028,anp,LD,121:D,anp_Deva
panel2,C,angika_wikipedia_1028,anp,LD,123:D,anp_Deva
panel2,C,angika_wikipedia_1028,anp,LD,124:D,anp_Deva
panel2,C,angika_wikipedia_1028,anp,LD,125:D,anp_Deva
panel2,C,angika_wikipedia_1028,anp,LD,126:D,anp_Deva
panel2,C,angika_wikipedia_1028,anp,LD,127:D,anp_Deva
panel2,C,angika_wikipedia_1028,anp,LD,128:D,anp_Deva
panel2,C,angika_wikipedia_1028,anp,LD,129:D,anp_Deva
panel2,C,angika_wikipedia_1028,anp,LD,130:D,anp_Deva
panel2,C,angika_wikipedia_1028,anp,LD,131:D,anp_Deva
panel2,C,angika_wikipedia_1028,anp,LD,132:D,anp_Deva
panel2,C,angika_wikipedia_1028,anp,LD,133:D,anp_Deva
panel2,C,angika_wikipedia_1028,anp,LD,134:D,anp_Deva
panel2,C,angika_wikipedia_1028,anp,LD,135:D,anp_Deva
panel2,C,angika_wikipedia_1028,anp,LD,136:D,anp_Deva
panel2,C,angika_wikipedia_1028,anp,LD,137:D,anp_Deva
panel2,C,angika_wikipedia_1028,anp,LD,138:D,anp_Deva
panel2,C,angika_wikipedia_1028,anp,LD,139:D,anp_Deva
panel2,C,angika_wikipedia_1028,anp,LD,140:D,anp_Deva
panel2,C,angika_wikipedia_1028,anp,LD,141:D,anp_Deva
panel2,C,angika_wikipedia_1028,anp,LD,142:D,anp_Deva
panel2,C,angika_wikipedia_1028,anp,LD,143:D,anp_Deva
panel2,C,angika_wikipedia_1028,anp,LD,144:D,anp_Deva
panel2,C,angika_wikipedia_1028,anp,LD,145:D,anp_Deva
panel2,C,angika_wikipedia_1028,anp,LD,146:D,anp_Deva
panel2,C,angika_wikipedia_1028,anp,LD,148:D,anp_Deva
panel2,C,angika_wikipedia_1028,anp,LD,149:D,anp_Deva
panel2,C,angika_wikipedia_1028,anp,LD,150:D,anp_Deva
panel2,C,angika_wikipedia_1028,anp,LD,151:D,anp_Deva
panel2,C,angika_wikipedia_1028,anp,LD,152:D,anp_Deva
panel2,C,angika_wikipedia_1028,anp,LD,153:D,anp_Deva
panel2,C,angika_wikipedia_1028,anp,LD,154:D,anp_Deva
panel2,C,angika_wikipedia_1028,anp,LD,155:D,anp_Deva
panel2,C,angika_wikipedia_1028,anp,LD,156:D,anp_Deva
panel2,C,angika_wikipedia_1028,anp,LD,157:D,anp_Deva
panel2,C,angika_wikipedia_1028,anp,LD,158:D,anp_Deva
panel2,C,angika_wikipedia_1028,anp,LD,159:D,anp_Deva
panel2,C,angika_wikipedia_1028,anp,LD,160:D,anp_Deva
panel2,C,angika_wikipedia_1028,anp,LD,161:D,anp_Deva
panel2,C,angika_wikipedia_1028,anp,LD,162:D,anp_Deva
panel2,C,angika_wikipedia_1028,anp,LD,163:D,anp_Deva
panel2,C,angika_wikipedia_1028,anp,LD,164:D,anp_Deva
panel2,C,angika_wikipedia_1028,anp,LD,165:D,anp_Deva
panel2,C,angika_wikipedia_1028,anp,LD,166:D,anp_Deva
panel2,C,angika_wikipedia_1028,anp,LD,167:D,anp_Deva
panel2,C,angika_wikipedia_1028,anp,LD,168:D,anp_Deva
panel2,C,angika_wikipedia_1028,anp,LD,169:D,anp_Deva
panel2,C,angika_wikipedia_1028,anp,LD,170:D,anp_Deva
panel2,C,angika_wikipedia_1028,anp,LD,171:D,anp_Deva
panel2,C,angika_wikipedia_1028,anp,LD,172:D,anp_Deva
panel2,C,angika_wikipedia_1028,anp,LD,173:D,anp_Deva
panel2,C,angika_wikipedia_1028,anp,LD,174:D,anp_Deva
panel2,C,angika_wikipedia_1028,anp,LD,175:D,anp_Deva
panel2,C,angika_wikipedia_1028,anp,LD,176:D,anp_Deva
panel2,C,angika_wikipedia_1028,anp,LD,177:D,anp_Deva
panel2,C,angika_wikipedia_1028,anp,LD,178:D,anp_Deva
panel2,C,angika_wikipedia_1028,anp,LD,179:D,anp_Deva
panel2,C,angika_wikipedia_1028,anp,LD,181:D,anp_Deva
panel2,C,angika_wikipedia_1028,anp,LD,182:D,anp_Deva
panel2,C,angika_wikipedia_1028,anp,LD,183:D,anp_Deva
panel2,C,angika_wikipedia_1028,anp,LD,184:D,anp_Deva
panel2,C,angika_wikipedia_1028,anp,LD,185:D,anp_Deva
panel2,C,angika_wikipedia_1028,anp,LD,186:D,anp_Deva
panel2,C,angika_wikipedia_1028,anp,LD,187:D,anp_Deva
panel2,C,angika_wikipedia_1028,anp,LD,188:D,anp_Deva
panel2,C,angika_wikipedia_1028,anp,LD,189:D,anp_Deva
panel2,C,angika_wikipedia_1028,anp,LD,190:D,anp_Deva
panel2,C,angika_wikipedia_1028,anp,LD,191:D,anp_Deva
panel2,C,angika_wikipedia_1028,anp,LD,192:D,anp_Deva
panel2,C,angika_wikipedia_1028,anp,LD,193:D,anp_Deva
panel2,C,angika_wikipedia_1028,anp,LD,194:D,anp_Deva
panel2,C,angika_wikipedia_1028,anp,LD,195:D,anp_Deva
panel2,C,angika_wikipedia_1028,anp,LD,196:D,anp_Deva
panel2,C,angika_wikipedia_1028,anp,LD,197:D,anp_Deva
panel2,C,angika_wikipedia_1028,anp,LD,198:D,anp_Deva
panel2,C,angika_wikipedia_1028,anp,LD,199:D,anp_Deva
panel2,C,angika_wikipedia_1028,anp,LD,200:D,anp_Deva
panel2,C,angika_wikipedia_1028,anp,LD,201:D,anp_Deva
panel2,C,angika_wikipedia_1028,anp,LD,202:D,anp_Deva
panel2,C,angika_wikipedia_1028,anp,LD,203:D,anp_Deva
panel2,C,angika_wikipedia_1028,anp,LD,204:D,anp_Deva
panel2,C,angika_wikipedia_1028,anp,LD,205:D,anp_Deva
panel2,C,angika_wikipedia_1028,anp,LD,206:D,anp_Deva
panel2,C,angika_wikipedia_1028,anp,LD,207:D,anp_Deva
panel2,C,angika_wikipedia_1028,anp,LD,208:D,anp_Deva
panel2,C,angika_wikipedia_1028,anp,LD,209:D,anp_Deva
panel2,C,angika_wikipedia_1028,anp,LD,210:D,anp_Deva
panel2,C,angika_wikipedia_1028,anp,LD,211:D,anp_Deva
panel2,C,angika_wikipedia_1028,anp,LD,212:D,anp_Deva
panel2,C,angika_wikipedia_1028,anp,LD,214:D,anp_Deva
panel2,C,angika_wikipedia_1028,anp,LD,215:D,anp_Deva
panel2,C,angika_wikipedia_1028,anp,LD,216:D,anp_Deva
panel2,C,angika_wikipedia_1028,anp,LD,217:D,anp_Deva
panel2,C,angika_wikipedia_1028,anp,LD,218:D,anp_Deva
panel2,C,angika_wikipedia_1028,anp,LD,219:D,anp_Deva
panel2,C,angika_wikipedia_1028,anp,LD,220:D,anp_Deva
panel2,C,angika_wikipedia_1028,anp,LD,221:D,anp_Deva
panel2,C,angika_wikipedia_1028,anp,LD,222:D,anp_Deva
panel2,C,angika_wikipedia_1028,anp,LD,223:D,anp_Deva
panel2,C,angika_wikipedia_1028,anp,LD,224:D,anp_Deva
panel2,C,angika_wikipedia_1028,anp,LD,225:D,anp_Deva
panel2,C,angika_wikipedia_1028,anp,LD,226:D,anp_Deva
panel2,C,angika_wikipedia_1028,anp,LD,227:D,anp_Deva
panel2,C,angika_wikipedia_1028,anp,LD,228:D,anp_Deva
panel2,C,angika_wikipedia_1028,anp,LD,229:D,anp_Deva
panel2,C,angika_wikipedia_1028,anp,LD,230:D,anp_Deva
panel2,C,angika_wikipedia_1028,anp,LD,231:D,anp_Deva
panel2,C,angika_wikipedia_1028,anp,LD,232:D,anp_Deva
panel2,C,angika_wikipedia_1028,anp,LD,233:D,anp_Deva
panel2,C,angika_wikipedia_1028,anp,LD,234:D,anp_Deva
panel2,C,angika_wikipedia_1028,anp,LD,235:D,anp_Deva
panel2,C,angika_wikipedia_1028,anp,LD,236:D,anp_Deva
panel2,C,angika_wikipedia_1028,anp,LD,237:D,anp_Deva
panel2,C,angika_wikipedia_1028,anp,LD,238:D,anp_Deva
panel2,C,angika_wikipedia_1028,anp,LD,239:D,anp_Deva
panel2,C,angika_wikipedia_1028,anp,LD,240:D,anp_Deva
panel2,C,angika_wikipedia_1028,anp,LD,241:D,anp_Deva
panel2,C,angika_wikipedia_1028,anp,LD,242:D,anp_Deva
panel2,C,angika_wikipedia_1028,anp,LD,243:D,anp_Deva
panel2,C,angika_wikipedia_1028,anp,LD,244:D,anp_Deva
panel2,C,angika_wikipedia_1028,anp,LD,245:D,anp_Deva
panel2,C,angika_wikipedia_1028,anp,LD,246:D,anp_Deva
panel2,C,angika_wikipedia_1028,anp,LD,247:D,anp_Deva
panel2,C,angika_wikipedia_1028,anp,LD,248:D,anp_Deva
panel2,C,angika_wikipedia_1028,anp,LD,249:D,anp_Deva
panel2,C,angika_wikipedia_1028,anp,LD,250:D,anp_Deva
panel2,C,angika_wikipedia_1028,anp,LD,251:D,anp_Deva
panel2,C,angika_wikipedia_1028,anp,LD,252:D,anp_Deva
panel2,C,angika_wikipedia_1028,anp,LD,253:D,anp_Deva
panel2,C,angika_wikipedia_1028,anp,LD,254:D,anp_Deva
panel2,C,angika_wikipedia_1028,anp,LD,255:D,anp_Deva
panel2,C,angika_wikipedia_1028,anp,LD,256:D,anp_Deva
panel2,C,angika_wikipedia_1028,anp,LD,257:D,anp_Deva
panel2,C,angika_wikipedia_1028,anp,LD,258:D,anp_Deva
panel2,C,angika_wikipedia_1028,anp,LD,259:D,anp_Deva
panel2,C,angika_wikipedia_1028,anp,LD,260:D,anp_Deva
panel2,C,angika_wikipedia_1028,anp,LD,262:D,anp_Deva
panel2,C,angika_wikipedia_1028,anp,LD,263:D,anp_Deva
panel2,C,angika_wikipedia_1028,anp,LD,264:D,anp_Deva
panel2,C,angika_wikipedia_1028,anp,LD,265:D,anp_Deva
panel2,C,angika_wikipedia_1028,anp,LD,266:D,anp_Deva
panel2,C,angika_wikipedia_1028,anp,LD,267:D,anp_Deva
panel2,C,angika_wikipedia_1028,anp,LD,268:D,anp_Deva
panel2,C,angika_wikipedia_1028,anp,LD,269:D,anp_Deva
panel2,C,angika_wikipedia_1028,anp,LD,270:D,anp_Deva
panel2,C,angika_wikipedia_1028,anp,LD,271:D,anp_Deva
panel2,C,angika_wikipedia_1028,anp,LD,272:D,anp_Deva
panel2,C,angika_wikipedia_1028,anp,LD,273:D,anp_Deva
panel2,C,angika_wikipedia_1028,anp,LD,274:D,anp_Deva
panel2,C,angika_wikipedia_1028,anp,LD,275:D,anp_Deva
panel2,C,angika_wikipedia_1028,anp,LD,276:D,anp_Deva
panel2,C,angika_wikipedia_1028,anp,LD,278:D,anp_Deva
panel2,C,angika_wikipedia_1028,anp,LD,279:D,anp_Deva
panel2,C,angika_wikipedia_1028,anp,LD,280:D,anp_Deva
panel2,C,angika_wikipedia_1028,anp,LD,282:D,anp_Deva
panel2,C,angika_wikipedia_1028,anp,LD,283:D,anp_Deva
panel2,C,angika_wikipedia_1028,anp,LD,284:D,anp_Deva
panel2,C,angika_wikipedia_1028,anp,LD,285:D,anp_Deva
panel2,C,angika_wikipedia_1028,anp,LD,286:D,anp_Deva
panel2,C,angika_wikipedia_1028,anp,LD,287:D,anp_Deva
panel2,C,angika_wikipedia_1028,anp,LD,289:D,anp_Deva
panel2,C,angika_wikipedia_1028,anp,LD,291:D,anp_Deva
panel2,C,angika_wikipedia_1028,anp,LD,292:D,anp_Deva
panel2,C,angika_wikipedia_1028,anp,LD,293:D,anp_Deva
panel2,C,angika_wikipedia_1028,anp,LD,294:D,anp_Deva
panel2,C,angika_wikipedia_1028,anp,LD,295:D,anp_Deva
panel2,C,angika_wikipedia_1028,anp,LD,296:D,anp_Deva
panel2,C,angika_wikipedia_1028,anp,LD,297:D,anp_Deva
panel2,C,angika_wikipedia_1028,anp,LD,298:D,anp_Deva
panel2,C,angika_wikipedia_1028,anp,LD,299:D,anp_Deva
panel2,C,angika_wikipedia_1028,anp,LD,300:D,anp_Deva
panel2,C,angika_wikipedia_1028,anp,LD,301:D,anp_Deva
panel2,C,angika_wikipedia_1028,anp,LD,302:D,anp_Deva
panel2,C,angika_wikipedia_1028,anp,LD,303:D,anp_Deva
panel2,C,angika_wikipedia_1028,anp,LD,304:D,anp_Deva
panel2,C,angika_wikipedia_1028,anp,LD,305:D,anp_Deva
panel2,C,angika_wikipedia_1028,anp,LD,307:D,anp_Deva
panel2,C,angika_wikipedia_1028,anp,LD,308:D,anp_Deva
panel2,C,angika_wikipedia_1028,anp,LD,309:D,anp_Deva
panel2,C,angika_wikipedia_1028,anp,LD,310:D,anp_Deva
panel2,C,angika_wikipedia_1028,anp,LD,311:D,anp_Deva
panel2,C,angika_wikipedia_1028,anp,LD,312:D,anp_Deva
panel2,C,angika_wikipedia_1028,anp,LD,313:D,anp_Deva
panel2,C,angika_wikipedia_1028,anp,LD,314:D,anp_Deva
panel2,C,angika_wikipedia_1028,anp,LD,315:D,anp_Deva
panel2,C,angika_wikipedia_1028,anp,LD,316:D,anp_Deva
panel2,C,angika_wikipedia_1028,anp,LD,317:D,anp_Deva
panel2,C,angika_wikipedia_1028,anp,LD,319:D,anp_Deva
panel2,C,angika_wikipedia_1028,anp,LD,321:D,anp_Deva
panel2,C,angika_wikipedia_1028,anp,LD,322:D,anp_Deva
panel2,C,angika_wikipedia_1028,anp,LD,323:D,anp_Deva
panel2,C,angika_wikipedia_1028,anp,LD,324:D,anp_Deva
panel2,C,angika_wikipedia_1028,anp,LD,325:D,anp_Deva
panel2,C,angika_wikipedia_1028,anp,LD,326:D,anp_Deva
panel2,C,angika_wikipedia_1028,anp,LD,327:D,anp_Deva
panel2,C,angika_wikipedia_1028,anp,LD,328:D,anp_Deva
panel2,C,angika_wikipedia_1028,anp,LD,329:D,anp_Deva
panel2,C,angika_wikipedia_1028,anp,LD,330:D,anp_Deva
panel2,C,angika_wikipedia_1028,anp,LD,331:D,anp_Deva
panel2,C,angika_wikipedia_1028,anp,LD,332:D,anp_Deva
panel2,C,angika_wikipedia_1028,anp,LD,333:D,anp_Deva
panel2,C,angika_wikipedia_1028,anp,LD,335:D,anp_Deva
panel2,C,angika_wikipedia_1028,anp,LD,336:D,anp_Deva
panel2,C,angika_wikipedia_1028,anp,LD,337:D,anp_Deva
panel2,C,angika_wikipedia_1028,anp,LD,338:D,anp_Deva
panel2,C,angika_wikipedia_1028,anp,LD,339:D,anp_Deva
panel2,C,angika_wikipedia_1028,anp,LD,340:D,anp_Deva
panel2,C,angika_wikipedia_1028,anp,LD,341:D,anp_Deva
panel2,C,angika_wikipedia_1028,anp,LD,342:D,anp_Deva
panel2,C,angika_wikipedia_1028,anp,LD,343:D,anp_Deva
panel2,C,angika_wikipedia_1028,anp,LD,344:D,anp_Deva
panel2,C,angika_wikipedia_1028,anp,LD,345:D,anp_Deva
panel2,C,angika_wikipedia_1028,anp,LD,347:D,anp_Deva
panel2,C,angika_wikipedia_1028,anp,LD,349:D,anp_Deva
panel2,C,angika_wikipedia_1028,anp,LD,350:D,anp_Deva
panel2,C,angika_wikipedia_1028,anp,LD,351:D,anp_Deva
panel2,C,angika_wikipedia_1028,anp,LD,352:D,anp_Deva
panel2,C,angika_wikipedia_1028,anp,LD,353:D,anp_Deva
panel2,C,angika_wikipedia_1028,anp,LD,354:D,anp_Deva
panel2,C,angika_wikipedia_1028,anp,LD,355:D,anp_Deva
panel2,C,angika_wikipedia_1028,anp,LD,356:D,anp_Deva
panel2,C,angika_wikipedia_1028,anp,LD,357:D,anp_Deva
panel2,C,angika_wikipedia_1028,anp,LD,358:D,anp_Deva
panel2,C,angika_wikipedia_1028,anp,LD,359:D,anp_Deva
panel2,C,angika_wikipedia_1028,anp,LD,361:D,anp_Deva
panel2,C,angika_wikipedia_1028,anp,LD,362:D,anp_Deva
panel2,C,angika_wikipedia_1028,anp,LD,363:D,anp_Deva
panel2,C,angika_wikipedia_1028,anp,LD,364:D,anp_Deva
panel2,C,angika_wikipedia_1028,anp,LD,365:D,anp_Deva
panel2,C,angika_wikipedia_1028,anp,LD,366:D,anp_Deva
panel2,C,angika_wikipedia_1028,anp,LD,367:D,anp_Deva
panel2,C,angika_wikipedia_1028,anp,LD,368:D,anp_Deva
panel2,C,angika_wikipedia_1028,anp,LD,369:D,anp_Deva
panel2,C,angika_wikipedia_1028,anp,LD,370:D,anp_Deva
panel2,C,angika_wikipedia_1028,anp,LD,371:D,anp_Deva
panel2,C,angika_wikipedia_1028,anp,LD,373:D,anp_Deva
panel2,C,angika_wikipedia_1028,anp,LD,374:D,anp_Deva
panel2,C,angika_wikipedia_1028,anp,LD,375:D,anp_Deva
panel2,C,angika_wikipedia_1028,anp,LD,376:D,anp_Deva
panel2,C,angika_wikipedia_1028,anp,LD,377:D,anp_Deva
panel2,C,angika_wikipedia_1028,anp,LD,378:D,anp_Deva
panel2,C,angika_wikipedia_1028,anp,LD,379:D,anp_Deva
panel2,C,angika_wikipedia_1028,anp,LD,380:D,anp_Deva
panel2,C,angika_wikipedia_1028,anp,LD,381:D,anp_Deva
panel2,C,angika_wikipedia_1028,anp,LD,382:D,anp_Deva
panel2,C,angika_wikipedia_1028,anp,LD,383:D,anp_Deva
panel2,C,angika_wikipedia_1028,anp,LD,384:D,anp_Deva
panel2,C,angika_wikipedia_1028,anp,LD,385:D,anp_Deva
panel2,C,angika_wikipedia_1028,anp,LD,386:D,anp_Deva
panel2,C,angika_wikipedia_1028,anp,LD,387:D,anp_Deva
panel2,C,angika_wikipedia_1028,anp,LD,388:D,anp_Deva
panel2,C,angika_wikipedia_1028,anp,LD,390:D,anp_Deva
panel2,C,angika_wikipedia_1028,anp,LD,391:D,anp_Deva
panel2,C,angika_wikipedia_1028,anp,LD,392:D,anp_Deva
panel2,C,angika_wikipedia_1028,anp,LD,393:D,anp_Deva
panel2,C,angika_wikipedia_1028,anp,LD,394:D,anp_Deva
panel2,C,angika_wikipedia_1028,anp,LD,396:D,hin_Deva
panel2,C,angika_wikipedia_1028,anp,LD,397:D,anp_Deva
panel2,C,angika_wikipedia_1028,anp,LD,398:D,anp_Deva
panel2,C,angika_wikipedia_1028,anp,LD,399:D,anp_Deva
panel2,C,angika_wikipedia_1028,anp,LD,400:D,anp_Deva
panel2,C,angika_wikipedia_1028,anp,LD,401:D,anp_Deva
panel2,C,angika_wikipedia_1028,anp,LD,402:D,anp_Deva
panel2,C,angika_wikipedia_1028,anp,LD,404:D,anp_Deva
panel2,C,angika_wikipedia_1028,anp,LD,407:D,anp_Deva
panel2,C,angika_wikipedia_1028,anp,LD,408:D,anp_Deva
panel2,C,angika_wikipedia_1028,anp,LD,409:D,anp_Deva
panel2,C,angika_wikipedia_1028,anp,LD,410:D,anp_Deva
panel2,C,angika_wikipedia_1028,anp,LD,411:D,anp_Deva
panel2,C,angika_wikipedia_1028,anp,LD,412:D,anp_Deva
panel2,C,angika_wikipedia_1028,anp,LD,414:D,anp_Deva
panel2,C,angika_wikipedia_1028,anp,LD,416:D,anp_Deva
panel2,C,angika_wikipedia_1028,anp,LD,417:D,anp_Deva
panel2,C,angika_wikipedia_1028,anp,LD,418:D,anp_Deva
panel2,C,angika_wikipedia_1028,anp,LD,420:D,anp_Deva
panel2,C,angika_wikipedia_1028,anp,LD,421:D,anp_Deva
panel2,C,angika_wikipedia_1028,anp,LD,422:D,anp_Deva
panel2,C,angika_wikipedia_1028,anp,LD,423:D,anp_Deva
panel2,C,angika_wikipedia_1028,anp,LD,424:D,anp_Deva
panel2,C,angika_wikipedia_1028,anp,LD,425:D,anp_Deva
panel2,C,angika_wikipedia_1028,anp,LD,426:D,anp_Deva
panel2,C,angika_wikipedia_1028,anp,LD,427:D,anp_Deva
panel2,C,angika_wikipedia_1028,anp,LD,428:D,anp_Deva
panel2,C,angika_wikipedia_1028,anp,LD,429:D,anp_Deva
panel2,C,angika_wikipedia_1028,anp,LD,430:D,anp_Deva
panel2,C,angika_wikipedia_1028,anp,LD,431:D,anp_Deva
panel2,C,angika_wikipedia_1028,anp,LD,433:D,anp_Deva
panel2,C,angika_wikipedia_1028,anp,LD,434:D,anp_Deva
panel2,C,angika_wikipedia_1028,anp,LD,435:D,anp_Deva
panel2,C,angika_wikipedia_1028,anp,LD,436:D,anp_Deva
panel2,C,angika_wikipedia_1028,anp,LD,437:D,anp_Deva
panel2,C,angika_wikipedia_1028,anp,LD,440:D,anp_Deva
panel2,C,angika_wikipedia_1028,anp,LD,441:D,anp_Deva
panel2,C,angika_wikipedia_1028,anp,LD,442:D,anp_Deva
panel2,C,angika_wikipedia_1028,anp,LD,443:D,anp_Deva
panel2,C,angika_wikipedia_1028,anp,LD,444:D,anp_Deva
panel2,C,angika_wikipedia_1028,anp,LD,445:D,mai_Deva
panel2,C,angika_wikipedia_1028,anp,LD,446:D,anp_Deva
panel2,C,angika_wikipedia_1028,anp,LD,447:D,anp_Deva
panel2,C,angika_wikipedia_1028,anp,LD,448:D,anp_Deva
panel2,C,angika_wikipedia_1028,anp,LD,449:D,anp_Deva
panel2,C,angika_wikipedia_1028,anp,LD,451:D,anp_Deva
panel2,C,angika_wikipedia_1028,anp,LD,452:D,anp_Deva
panel2,C,angika_wikipedia_1028,anp,LD,453:D,anp_Deva
panel2,C,angika_wikipedia_1028,anp,LD,455:D,anp_Deva
panel2,C,angika_wikipedia_1028,anp,LD,456:D,anp_Deva
panel2,C,angika_wikipedia_1028,anp,LD,457:D,anp_Deva
panel2,C,angika_wikipedia_1028,anp,LD,458:D,anp_Deva
panel2,C,angika_wikipedia_1028,anp,LD,459:D,anp_Deva
panel2,C,angika_wikipedia_1028,anp,LD,460:D,anp_Deva
panel2,C,angika_wikipedia_1028,anp,LD,461:D,anp_Deva
panel2,C,angika_wikipedia_1028,anp,LD,462:D,anp_Deva
panel2,C,angika_wikipedia_1028,anp,LD,463:D,anp_Deva
panel2,C,angika_wikipedia_1028,anp,LD,465:D,anp_Deva
panel2,C,angika_wikipedia_1028,anp,LD,466:D,anp_Deva
panel2,C,angika_wikipedia_1028,anp,LD,467:D,anp_Deva
panel2,C,angika_wikipedia_1028,anp,LD,468:D,anp_Deva
panel2,C,angika_wikipedia_1028,anp,LD,469:D,anp_Deva
panel2,C,angika_wikipedia_1028,anp,LD,470:D,anp_Deva
panel2,C,angika_wikipedia_1028,anp,LD,472:D,anp_Deva
panel2,C,angika_wikipedia_1028,anp,LD,473:D,anp_Deva
panel2,C,angika_wikipedia_1028,anp,LD,474:D,anp_Deva
panel2,C,angika_wikipedia_1028,anp,LD,475:D,anp_Deva
panel2,C,angika_wikipedia_1028,anp,LD,477:D,anp_Deva
panel2,C,angika_wikipedia_1028,anp,LD,479:D,anp_Deva
panel2,C,angika_wikipedia_1028,anp,LD,480:D,anp_Deva
panel2,C,angika_wikipedia_1028,anp,LD,481:D,anp_Deva
panel2,C,angika_wikipedia_1028,anp,LD,482:D,anp_Deva
panel2,C,angika_wikipedia_1028,anp,LD,483:D,anp_Deva
panel2,C,angika_wikipedia_1028,anp,LD,484:D,anp_Deva
panel2,C,angika_wikipedia_1028,anp,LD,485:D,anp_Deva
panel2,C,angika_wikipedia_1028,anp,LD,486:D,anp_Deva
panel2,C,angika_wikipedia_1028,anp,LD,487:D,anp_Deva
panel2,C,angika_wikipedia_1028,anp,LD,488:D,anp_Deva
panel2,C,angika_wikipedia_1028,anp,LD,489:D,anp_Deva
panel2,C,angika_wikipedia_1028,anp,LD,490:D,anp_Deva
panel2,C,angika_wikipedia_1028,anp,LD,493:D,anp_Deva
panel2,C,angika_wikipedia_1028,anp,LD,494:D,anp_Deva
panel2,C,angika_wikipedia_1028,anp,LD,495:D,anp_Deva
panel2,C,angika_wikipedia_1028,anp,LD,496:D,anp_Deva
panel2,C,angika_wikipedia_1028,anp,LD,497:D,anp_Deva
panel2,C,angika_wikipedia_1028,anp,LD,498:D,anp_Deva
panel2,C,angika_wikipedia_1028,anp,LD,499:D,anp_Deva
panel2,C,angika_wikipedia_1028,anp,LD,500:D,anp_Deva
panel2,C,angika_wikipedia_1028,anp,LD,501:D,anp_Deva
panel2,C,angika_wikipedia_1028,anp,LD,502:D,anp_Deva
panel2,C,angika_wikipedia_1028,anp,LD,503:D,anp_Deva
panel2,C,angika_wikipedia_1028,anp,LD,504:D,anp_Deva
panel2,C,angika_wikipedia_1028,anp,LD,505:D,anp_Deva
panel2,C,angika_wikipedia_1028,anp,LD,506:D,anp_Deva
panel2,C,angika_wikipedia_1028,anp,LD,507:D,anp_Deva
panel2,C,angika_wikipedia_1028,anp,LD,508:D,anp_Deva
panel2,C,angika_wikipedia_1028,anp,LD,509:D,anp_Deva
panel2,C,angika_wikipedia_1028,anp,LD,510:D,anp_Deva
panel2,C,angika_wikipedia_1028,anp,LD,511:D,anp_Deva
panel2,C,angika_wikipedia_1028,anp,LD,512:D,anp_Deva
panel2,C,angika_wikipedia_1028,anp,LD,513:D,anp_Deva
panel2,C,angika_wikipedia_1028,anp,LD,514:D,anp_Deva
panel2,C,angika_wikipedia_1028,anp,LD,515:D,anp_Deva
panel2,C,angika_wikipedia_1028,anp,LD,517:D,anp_Deva
panel2,C,angika_wikipedia_1028,anp,LD,518:D,anp_Deva
panel2,C,angika_wikipedia_1028,anp,LD,519:D,anp_Deva
panel2,C,angika_wikipedia_1028,anp,LD,520:D,anp_Deva
panel2,C,angika_wikipedia_1028,anp,LD,521:D,anp_Deva
panel2,C,angika_wikipedia_1028,anp,LD,522:D,anp_Deva
panel2,C,angika_wikipedia_1028,anp,LD,523:D,anp_Deva
panel2,C,angika_wikipedia_1028,anp,LD,524:D,anp_Deva
panel2,C,angika_wikipedia_1028,anp,LD,525:D,anp_Deva
panel2,C,angika_wikipedia_1028,anp,LD,526:D,anp_Deva
panel2,C,angika_wikipedia_1028,anp,LD,527:D,anp_Deva
panel2,C,angika_wikipedia_1028,anp,LD,528:D,anp_Deva
panel2,C,angika_wikipedia_1028,anp,LD,529:D,anp_Deva
panel2,C,angika_wikipedia_1028,anp,LD,530:D,anp_Deva
panel2,C,angika_wikipedia_1028,anp,LD,531:D,anp_Deva
panel2,C,angika_wikipedia_1028,anp,LD,532:D,anp_Deva
panel2,C,angika_wikipedia_1028,anp,LD,533:D,anp_Deva
panel2,C,angika_wikipedia_1028,anp,LD,534:D,anp_Deva
panel2,C,angika_wikipedia_1028,anp,LD,535:D,anp_Deva
panel2,C,angika_wikipedia_1028,anp,LD,536:D,anp_Deva
panel2,C,angika_wikipedia_1028,anp,LD,538:D,anp_Deva
panel2,C,angika_wikipedia_1028,anp,LD,539:D,anp_Deva
panel2,C,angika_wikipedia_1028,anp,LD,540:D,anp_Deva
panel2,C,angika_wikipedia_1028,anp,LD,541:D,anp_Deva
panel2,C,angika_wikipedia_1028,anp,LD,542:D,anp_Deva
panel2,C,angika_wikipedia_1028,anp,LD,543:D,anp_Deva
panel2,C,angika_wikipedia_1028,anp,LD,545:D,anp_Deva
panel2,C,angika_wikipedia_1028,anp,LD,546:D,anp_Deva
panel2,C,angika_wikipedia_1028,anp,LD,547:D,anp_Deva
panel2,C,angika_wikipedia_1028,anp,LD,548:D,anp_Deva
panel2,C,angika_wikipedia_1028,anp,LD,550:D,anp_Deva
panel2,C,angika_wikipedia_1028,anp,LD,551:D,anp_Deva
panel2,C,angika_wikipedia_1028,anp,LD,552:D,anp_Deva
panel2,C,angika_wikipedia_1028,anp,LD,553:D,anp_Deva
panel2,C,angika_wikipedia_1028,anp,LD,554:D,anp_Deva
panel2,C,angika_wikipedia_1028,anp,LD,555:D,anp_Deva
panel2,C,angika_wikipedia_1028,anp,LD,556:D,anp_Deva
panel2,C,angika_wikipedia_1028,anp,LD,557:D,anp_Deva
panel2,C,angika_wikipedia_1028,anp,LD,559:D,anp_Deva
panel2,C,angika_wikipedia_1028,anp,LD,562:D,anp_Deva
panel2,C,angika_wikipedia_1028,anp,LD,563:D,anp_Deva
panel2,C,angika_wikipedia_1028,anp,LD,564:D,anp_Deva
panel2,C,angika_wikipedia_1028,anp,LD,565:D,anp_Deva
panel2,C,angika_wikipedia_1028,anp,LD,566:D,anp_Deva
panel2,C,angika_wikipedia_1028,anp,LD,567:D,anp_Deva
panel2,C,angika_wikipedia_1028,anp,LD,568:D,anp_Deva
panel2,C,angika_wikipedia_1028,anp,LD,569:D,anp_Deva
panel2,C,angika_wikipedia_1028,anp,LD,570:D,anp_Deva
panel2,C,angika_wikipedia_1028,anp,LD,571:D,anp_Deva
panel2,C,angika_wikipedia_1028,anp,LD,572:D,anp_Deva
panel2,C,angika_wikipedia_1028,anp,LD,573:D,anp_Deva
panel2,C,angika_wikipedia_1028,anp,LD,574:D,anp_Deva
panel2,C,angika_wikipedia_1028,anp,LD,575:D,anp_Deva
panel2,C,angika_wikipedia_1028,anp,LD,576:D,anp_Deva
panel2,C,angika_wikipedia_1028,anp,LD,577:D,anp_Deva
panel2,C,angika_wikipedia_1028,anp,LD,578:D,anp_Deva
panel2,C,angika_wikipedia_1028,anp,LD,579:D,anp_Deva
panel2,C,angika_wikipedia_1028,anp,LD,580:D,anp_Deva
panel2,C,angika_wikipedia_1028,anp,LD,581:D,anp_Deva
panel2,C,angika_wikipedia_1028,anp,LD,582:D,anp_Deva
panel2,C,angika_wikipedia_1028,anp,LD,584:D,anp_Deva
panel2,C,angika_wikipedia_1028,anp,LD,585:D,anp_Deva
panel2,C,angika_wikipedia_1028,anp,LD,586:D,anp_Deva
panel2,C,angika_wikipedia_1028,anp,LD,587:D,anp_Deva
panel2,C,angika_wikipedia_1028,anp,LD,588:D,anp_Deva
panel2,C,angika_wikipedia_1028,anp,LD,590:D,anp_Deva
panel2,C,angika_wikipedia_1028,anp,LD,591:D,anp_Deva
panel2,C,angika_wikipedia_1028,anp,LD,592:D,anp_Deva
panel2,C,angika_wikipedia_1028,anp,LD,593:D,anp_Deva
panel2,C,angika_wikipedia_1028,anp,LD,594:D,anp_Deva
panel2,C,angika_wikipedia_1028,anp,LD,595:D,anp_Deva
panel2,C,angika_wikipedia_1028,anp,LD,596:D,anp_Deva
panel2,C,angika_wikipedia_1028,anp,LD,597:D,anp_Deva
panel2,C,angika_wikipedia_1028,anp,LD,598:D,anp_Deva
panel2,C,angika_wikipedia_1028,anp,LD,599:D,anp_Deva
panel2,C,angika_wikipedia_1028,anp,LD,600:D,anp_Deva
panel2,C,angika_wikipedia_1028,anp,LD,601:D,anp_Deva
panel2,C,angika_wikipedia_1028,anp,LD,602:D,anp_Deva
panel2,C,angika_wikipedia_1028,anp,LD,604:D,anp_Deva
panel2,C,angika_wikipedia_1028,anp,LD,605:D,anp_Deva
panel2,C,angika_wikipedia_1028,anp,LD,606:D,anp_Deva
panel2,C,angika_wikipedia_1028,anp,LD,608:D,anp_Deva
panel2,C,angika_wikipedia_1028,anp,LD,609:D,anp_Deva
panel2,C,angika_wikipedia_1028,anp,LD,610:D,anp_Deva
panel2,C,angika_wikipedia_1028,anp,LD,611:D,anp_Deva
panel2,C,angika_wikipedia_1028,anp,LD,612:D,anp_Deva
panel2,C,angika_wikipedia_1028,anp,LD,613:D,anp_Deva
panel2,C,angika_wikipedia_1028,anp,LD,614:D,anp_Deva
panel2,C,angika_wikipedia_1028,anp,LD,615:D,anp_Deva
panel2,C,angika_wikipedia_1028,anp,LD,616:D,anp_Deva
panel2,C,angika_wikipedia_1028,anp,LD,617:D,anp_Deva
panel2,C,angika_wikipedia_1028,anp,LD,618:D,anp_Deva
panel2,C,angika_wikipedia_1028,anp,LD,619:D,anp_Deva
panel2,C,angika_wikipedia_1028,anp,LD,620:D,anp_Deva
panel2,C,angika_wikipedia_1028,anp,LD,621:D,anp_Deva
panel2,C,angika_wikipedia_1028,anp,LD,622:D,anp_Deva
panel2,C,angika_wikipedia_1028,anp,LD,623:D,anp_Deva
panel2,C,angika_wikipedia_1028,anp,LD,624:D,anp_Deva
panel2,C,angika_wikipedia_1028,anp,LD,625:D,anp_Deva
panel2,C,angika_wikipedia_1028,anp,LD,626:D,anp_Deva
panel2,C,angika_wikipedia_1028,anp,LD,627:D,anp_Deva
panel2,C,angika_wikipedia_1028,anp,LD,628:D,anp_Deva
panel2,C,angika_wikipedia_1028,anp,LD,629:D,anp_Deva
panel2,C,angika_wikipedia_1028,anp,LD,630:D,anp_Deva
panel2,C,angika_wikipedia_1028,anp,LD,631:D,anp_Deva
panel2,C,angika_wikipedia_1028,anp,LD,632:D,anp_Deva
panel2,C,angika_wikipedia_1028,anp,LD,633:D,anp_Deva
panel2,C,angika_wikipedia_1028,anp,LD,634:D,anp_Deva
panel2,C,angika_wikipedia_1028,anp,LD,635:D,anp_Deva
panel2,C,angika_wikipedia_1028,anp,LD,636:D,anp_Deva
panel2,C,angika_wikipedia_1028,anp,LD,638:D,anp_Deva
panel2,C,angika_wikipedia_1028,anp,LD,639:D,anp_Deva
panel2,C,angika_wikipedia_1028,anp,LD,640:D,anp_Deva
panel2,C,angika_wikipedia_1028,anp,LD,641:D,anp_Deva
panel2,C,angika_wikipedia_1028,anp,LD,642:D,anp_Deva
panel2,C,angika_wikipedia_1028,anp,LD,645:D,anp_Deva
panel2,C,angika_wikipedia_1028,anp,LD,646:D,anp_Deva
panel2,C,angika_wikipedia_1028,anp,LD,647:D,anp_Deva
panel2,C,angika_wikipedia_1028,anp,LD,648:D,anp_Deva
panel2,C,angika_wikipedia_1028,anp,LD,650:D,anp_Deva
panel2,C,angika_wikipedia_1028,anp,LD,651:D,anp_Deva
panel2,C,angika_wikipedia_1028,anp,LD,652:D,anp_Deva
panel2,C,angika_wikipedia_1028,anp,LD,654:D,anp_Deva
panel2,C,angika_wikipedia_1028,anp,LD,655:D,anp_Deva
panel2,C,angika_wikipedia_1028,anp,LD,656:D,anp_Deva
panel2,C,angika_wikipedia_1028,anp,LD,657:D,anp_Deva
panel2,C,angika_wikipedia_1028,anp,LD,658:D,anp_Deva
panel2,C,angika_wikipedia_1028,anp,LD,659:D,anp_Deva
panel2,C,angika_wikipedia_1028,anp,LD,660:D,anp_Deva
panel2,C,angika_wikipedia_1028,anp,LD,661:D,anp_Deva
panel2,C,angika_wikipedia_1028,anp,LD,662:D,anp_Deva
panel2,C,angika_wikipedia_1028,anp,LD,664:D,anp_Deva
panel2,C,angika_wikipedia_1028,anp,LD,666:D,anp_Deva
panel2,C,angika_wikipedia_1028,anp,LD,667:D,anp_Deva
panel2,C,angika_wikipedia_1028,anp,LD,668:D,anp_Deva
panel2,C,angika_wikipedia_1028,anp,LD,669:D,anp_Deva
panel2,C,angika_wikipedia_1028,anp,LD,670:D,anp_Deva
panel2,C,angika_wikipedia_1028,anp,LD,671:D,anp_Deva
panel2,C,angika_wikipedia_1028,anp,LD,672:D,mai_Deva
panel2,C,angika_wikipedia_1028,anp,LD,673:D,anp_Deva
panel2,C,angika_wikipedia_1028,anp,LD,675:D,anp_Deva
panel2,C,angika_wikipedia_1028,anp,LD,676:D,anp_Deva
panel2,C,angika_wikipedia_1028,anp,LD,677:D,anp_Deva
panel2,C,angika_wikipedia_1028,anp,LD,678:D,anp_Deva
panel2,C,angika_wikipedia_1028,anp,LD,679:D,anp_Deva
panel2,C,angika_wikipedia_1028,anp,LD,680:D,anp_Deva
panel2,C,angika_wikipedia_1028,anp,LD,681:D,anp_Deva
panel2,C,angika_wikipedia_1028,anp,LD,682:D,anp_Deva
panel2,C,angika_wikipedia_1028,anp,LD,683:D,anp_Deva
panel2,C,angika_wikipedia_1028,anp,LD,684:D,anp_Deva
panel2,C,angika_wikipedia_1028,anp,LD,685:D,anp_Deva
panel2,C,angika_wikipedia_1028,anp,LD,686:D,anp_Deva
panel2,C,angika_wikipedia_1028,anp,LD,687:D,anp_Deva
panel2,C,angika_wikipedia_1028,anp,LD,688:D,anp_Deva
panel2,C,angika_wikipedia_1028,anp,LD,689:D,anp_Deva
panel2,C,angika_wikipedia_1028,anp,LD,691:D,anp_Deva
panel2,C,angika_wikipedia_1028,anp,LD,692:D,anp_Deva
panel2,C,angika_wikipedia_1028,anp,LD,693:D,anp_Deva
panel2,C,angika_wikipedia_1028,anp,LD,694:D,anp_Deva
panel2,C,angika_wikipedia_1028,anp,LD,696:D,anp_Deva
panel2,C,angika_wikipedia_1028,anp,LD,698:D,anp_Deva
panel2,C,angika_wikipedia_1028,anp,LD,699:D,anp_Deva
panel2,C,angika_wikipedia_1028,anp,LD,700:D,anp_Deva
panel2,C,angika_wikipedia_1028,anp,LD,703:D,anp_Deva
panel2,C,angika_wikipedia_1028,anp,LD,705:D,anp_Deva
panel2,C,angika_wikipedia_1028,anp,LD,707:D,anp_Deva
panel2,C,angika_wikipedia_1028,anp,LD,708:D,anp_Deva
panel2,C,angika_wikipedia_1028,anp,LD,709:D,anp_Deva
panel2,C,angika_wikipedia_1028,anp,LD,712:D,anp_Deva
panel2,C,angika_wikipedia_1028,anp,LD,713:D,anp_Deva
panel2,C,angika_wikipedia_1028,anp,LD,714:D,anp_Deva
panel2,C,angika_wikipedia_1028,anp,LD,715:D,anp_Deva
panel2,C,angika_wikipedia_1028,anp,LD,716:D,anp_Deva
panel2,C,angika_wikipedia_1028,anp,LD,717:D,anp_Deva
panel2,C,angika_wikipedia_1028,anp,LD,718:D,anp_Deva
panel2,C,angika_wikipedia_1028,anp,LD,719:D,anp_Deva
panel2,C,angika_wikipedia_1028,anp,LD,720:D,anp_Deva
panel2,C,angika_wikipedia_1028,anp,LD,721:D,anp_Deva
panel2,C,angika_wikipedia_1028,anp,LD,722:D,anp_Deva
panel2,C,angika_wikipedia_1028,anp,LD,723:D,anp_Deva
panel2,C,angika_wikipedia_1028,anp,LD,724:D,anp_Deva
panel2,C,angika_wikipedia_1028,anp,LD,725:D,anp_Deva
panel2,C,angika_wikipedia_1028,anp,LD,726:D,anp_Deva
panel2,C,angika_wikipedia_1028,anp,LD,727:D,anp_Deva
panel2,C,angika_wikipedia_1028,anp,LD,728:D,anp_Deva
panel2,C,angika_wikipedia_1028,anp,LD,729:D,anp_Deva
panel2,C,angika_wikipedia_1028,anp,LD,730:D,anp_Deva
panel2,C,angika_wikipedia_1028,anp,LD,732:D,anp_Deva
panel2,C,angika_wikipedia_1028,anp,LD,733:D,anp_Deva
panel2,C,angika_wikipedia_1028,anp,LD,734:D,anp_Deva
panel2,C,angika_wikipedia_1028,anp,LD,735:D,anp_Deva
panel2,C,angika_wikipedia_1028,anp,LD,736:D,anp_Deva
panel2,C,angika_wikipedia_1028,anp,LD,737:D,anp_Deva
panel2,C,angika_wikipedia_1028,anp,LD,738:D,anp_Deva
panel2,C,angika_wikipedia_1028,anp,LD,739:D,anp_Deva
panel2,C,angika_wikipedia_1028,anp,LD,740:D,anp_Deva
panel2,C,angika_wikipedia_1028,anp,LD,741:D,anp_Deva
panel2,C,angika_wikipedia_1028,anp,LD,742:D,anp_Deva
panel2,C,angika_wikipedia_1028,anp,LD,743:D,anp_Deva
panel2,C,angika_wikipedia_1028,anp,LD,744:D,anp_Deva
panel2,C,angika_wikipedia_1028,anp,LD,745:D,anp_Deva
panel2,C,angika_wikipedia_1028,anp,LD,746:D,anp_Deva
panel2,C,angika_wikipedia_1028,anp,LD,747:D,anp_Deva
panel2,C,angika_wikipedia_1028,anp,LD,748:D,anp_Deva
panel2,C,angika_wikipedia_1028,anp,LD,749:D,anp_Deva
panel2,C,angika_wikipedia_1028,anp,LD,750:D,anp_Deva
panel2,C,angika_wikipedia_1028,anp,LD,751:D,anp_Deva
panel2,C,angika_wikipedia_1028,anp,LD,752:D,anp_Deva
panel2,C,angika_wikipedia_1028,anp,LD,753:D,anp_Deva
panel2,C,angika_wikipedia_1028,anp,LD,754:D,anp_Deva
panel2,C,angika_wikipedia_1028,anp,LD,755:D,anp_Deva
panel2,C,angika_wikipedia_1028,anp,LD,756:D,anp_Deva
panel2,C,angika_wikipedia_1028,anp,LD,757:D,anp_Deva
panel2,C,angika_wikipedia_1028,anp,LD,758:D,anp_Deva
panel2,C,angika_wikipedia_1028,anp,LD,759:D,anp_Deva
panel2,C,angika_wikipedia_1028,anp,LD,760:D,anp_Deva
panel2,C,angika_wikipedia_1028,anp,LD,761:D,anp_Deva
panel2,C,angika_wikipedia_1028,anp,LD,762:D,anp_Deva
panel2,C,angika_wikipedia_1028,anp,LD,763:D,anp_Deva
panel2,C,angika_wikipedia_1028,anp,LD,764:D,anp_Deva
panel2,C,angika_wikipedia_1028,anp,LD,765:D,anp_Deva
panel2,C,angika_wikipedia_1028,anp,LD,766:D,anp_Deva
panel2,C,angika_wikipedia_1028,anp,LD,767:D,anp_Deva
panel2,C,angika_wikipedia_1028,anp,LD,768:D,anp_Deva
panel2,C,angika_wikipedia_1028,anp,LD,769:D,anp_Deva
panel2,C,angika_wikipedia_1028,anp,LD,770:D,anp_Deva
panel2,C,angika_wikipedia_1028,anp,LD,771:D,anp_Deva
panel2,C,angika_wikipedia_1028,anp,LD,772:D,anp_Deva
panel2,C,angika_wikipedia_1028,anp,LD,773:D,anp_Deva
panel2,C,angika_wikipedia_1028,anp,LD,774:D,anp_Deva
panel2,C,angika_wikipedia_1028,anp,LD,775:D,anp_Deva
panel2,C,angika_wikipedia_1028,anp,LD,776:D,anp_Deva
panel2,C,angika_wikipedia_1028,anp,LD,777:D,anp_Deva
panel2,C,angika_wikipedia_1028,anp,LD,778:D,anp_Deva
panel2,C,angika_wikipedia_1028,anp,LD,779:D,anp_Deva
panel2,C,angika_wikipedia_1028,anp,LD,780:D,anp_Deva
panel2,C,angika_wikipedia_1028,anp,LD,781:D,anp_Deva
panel2,C,angika_wikipedia_1028,anp,LD,782:D,anp_Deva
panel2,C,angika_wikipedia_1028,anp,LD,783:D,anp_Deva
panel2,C,angika_wikipedia_1028,anp,LD,785:D,anp_Deva
panel2,C,angika_wikipedia_1028,anp,LD,786:D,anp_Deva
panel2,C,angika_wikipedia_1028,anp,LD,787:D,anp_Deva
panel2,C,angika_wikipedia_1028,anp,LD,789:D,anp_Deva
panel2,C,angika_wikipedia_1028,anp,LD,790:D,anp_Deva
panel2,C,angika_wikipedia_1028,anp,LD,792:D,anp_Deva
panel2,C,angika_wikipedia_1028,anp,LD,793:D,anp_Deva
panel2,C,angika_wikipedia_1028,anp,LD,794:D,anp_Deva
panel2,C,angika_wikipedia_1028,anp,LD,795:D,anp_Deva
panel2,C,angika_wikipedia_1028,anp,LD,796:D,anp_Deva
panel2,C,angika_wikipedia_1028,anp,LD,797:D,anp_Deva
panel2,C,angika_wikipedia_1028,anp,LD,798:D,anp_Deva
panel2,C,angika_wikipedia_1028,anp,LD,799:D,anp_Deva
panel2,C,angika_wikipedia_1028,anp,LD,800:D,anp_Deva
panel2,C,angika_wikipedia_1028,anp,LD,801:D,anp_Deva
panel2,C,angika_wikipedia_1028,anp,LD,802:D,anp_Deva
panel2,C,angika_wikipedia_1028,anp,LD,803:D,anp_Deva
panel2,C,angika_wikipedia_1028,anp,LD,804:D,anp_Deva
panel2,C,angika_wikipedia_1028,anp,LD,806:D,anp_Deva
panel2,C,angika_wikipedia_1028,anp,LD,807:D,anp_Deva
panel2,C,angika_wikipedia_1028,anp,LD,808:D,anp_Deva
panel2,C,angika_wikipedia_1028,anp,LD,809:D,anp_Deva
panel2,C,angika_wikipedia_1028,anp,LD,810:D,anp_Deva
panel2,C,angika_wikipedia_1028,anp,LD,811:D,anp_Deva
panel2,C,angika_wikipedia_1028,anp,LD,812:D,anp_Deva
panel2,C,angika_wikipedia_1028,anp,LD,813:D,anp_Deva
panel2,C,angika_wikipedia_1028,anp,LD,814:D,anp_Deva
panel2,C,angika_wikipedia_1028,anp,LD,815:D,anp_Deva
panel2,C,angika_wikipedia_1028,anp,LD,816:D,anp_Deva
panel2,C,angika_wikipedia_1028,anp,LD,817:D,anp_Deva
panel2,C,angika_wikipedia_1028,anp,LD,818:D,anp_Deva
panel2,C,angika_wikipedia_1028,anp,LD,819:D,anp_Deva
panel2,C,angika_wikipedia_1028,anp,LD,820:D,anp_Deva
panel2,C,angika_wikipedia_1028,anp,LD,821:D,anp_Deva
panel2,C,angika_wikipedia_1028,anp,LD,822:D,anp_Deva
panel2,C,angika_wikipedia_1028,anp,LD,823:D,anp_Deva
panel2,C,angika_wikipedia_1028,anp,LD,824:D,anp_Deva
panel2,C,angika_wikipedia_1028,anp,LD,825:D,anp_Deva
panel2,C,angika_wikipedia_1028,anp,LD,826:D,anp_Deva
panel2,C,angika_wikipedia_1028,anp,LD,827:D,anp_Deva
panel2,C,angika_wikipedia_1028,anp,LD,828:D,anp_Deva
panel2,C,angika_wikipedia_1028,anp,LD,830:D,anp_Deva
panel2,C,angika_wikipedia_1028,anp,LD,831:D,anp_Deva
panel2,C,angika_wikipedia_1028,anp,LD,833:D,anp_Deva
panel2,C,angika_wikipedia_1028,anp,LD,834:D,anp_Deva
panel2,C,angika_wikipedia_1028,anp,LD,835:D,anp_Deva
panel2,C,angika_wikipedia_1028,anp,LD,836:D,anp_Deva
panel2,C,angika_wikipedia_1028,anp,LD,837:D,anp_Deva
panel2,C,angika_wikipedia_1028,anp,LD,838:D,anp_Deva
panel2,C,angika_wikipedia_1028,anp,LD,839:D,anp_Deva
panel2,C,angika_wikipedia_1028,anp,LD,840:D,anp_Deva
panel2,C,angika_wikipedia_1028,anp,LD,842:D,anp_Deva
panel2,C,angika_wikipedia_1028,anp,LD,844:D,anp_Deva
panel2,C,angika_wikipedia_1028,anp,LD,845:D,anp_Deva
panel2,C,angika_wikipedia_1028,anp,LD,846:D,anp_Deva
panel2,C,angika_wikipedia_1028,anp,LD,847:D,anp_Deva
panel2,C,angika_wikipedia_1028,anp,LD,848:D,anp_Deva
panel2,C,angika_wikipedia_1028,anp,LD,849:D,anp_Deva
panel2,C,angika_wikipedia_1028,anp,LD,850:D,anp_Deva
panel2,C,angika_wikipedia_1028,anp,LD,851:D,anp_Deva
panel2,C,angika_wikipedia_1028,anp,LD,852:D,anp_Deva
panel2,C,angika_wikipedia_1028,anp,LD,853:D,anp_Deva
panel2,C,angika_wikipedia_1028,anp,LD,854:D,anp_Deva
panel2,C,angika_wikipedia_1028,anp,LD,855:D,anp_Deva
panel2,C,angika_wikipedia_1028,anp,LD,856:D,anp_Deva
panel2,C,angika_wikipedia_1028,anp,LD,857:D,anp_Deva
panel2,C,angika_wikipedia_1028,anp,LD,858:D,anp_Deva
panel2,C,angika_wikipedia_1028,anp,LD,859:D,anp_Deva
panel2,C,angika_wikipedia_1028,anp,LD,860:D,anp_Deva
panel2,C,angika_wikipedia_1028,anp,LD,861:D,anp_Deva
panel2,C,angika_wikipedia_1028,anp,LD,862:D,anp_Deva
panel2,C,angika_wikipedia_1028,anp,LD,863:D,anp_Deva
panel2,C,angika_wikipedia_1028,anp,LD,864:D,anp_Deva
panel2,C,angika_wikipedia_1028,anp,LD,865:D,anp_Deva
panel2,C,angika_wikipedia_1028,anp,LD,866:D,anp_Deva
panel2,C,angika_wikipedia_1028,anp,LD,867:D,anp_Deva
panel2,C,angika_wikipedia_1028,anp,LD,868:D,anp_Deva
panel2,C,angika_wikipedia_1028,anp,LD,869:D,anp_Deva
panel2,C,angika_wikipedia_1028,anp,LD,870:D,anp_Deva
panel2,C,angika_wikipedia_1028,anp,LD,871:D,anp_Deva
panel2,C,angika_wikipedia_1028,anp,LD,872:D,anp_Deva
panel2,C,angika_wikipedia_1028,anp,LD,873:D,anp_Deva
panel2,C,angika_wikipedia_1028,anp,LD,874:D,anp_Deva
panel2,C,angika_wikipedia_1028,anp,LD,875:D,anp_Deva
panel2,C,angika_wikipedia_1028,anp,LD,876:D,anp_Deva
panel2,C,angika_wikipedia_1028,anp,LD,877:D,anp_Deva
panel2,C,angika_wikipedia_1028,anp,LD,878:D,anp_Deva
panel2,C,angika_wikipedia_1028,anp,LD,879:D,anp_Deva
panel2,C,angika_wikipedia_1028,anp,LD,880:D,anp_Deva
panel2,C,angika_wikipedia_1028,anp,LD,881:D,anp_Deva
panel2,C,angika_wikipedia_1028,anp,LD,882:D,anp_Deva
panel2,C,angika_wikipedia_1028,anp,LD,883:D,anp_Deva
panel2,C,angika_wikipedia_1028,anp,LD,884:D,anp_Deva
panel2,C,angika_wikipedia_1028,anp,LD,885:D,anp_Deva
panel2,C,angika_wikipedia_1028,anp,LD,886:D,anp_Deva
panel2,C,angika_wikipedia_1028,anp,LD,887:D,anp_Deva
panel2,C,angika_wikipedia_1028,anp,LD,888:D,anp_Deva
panel2,C,angika_wikipedia_1028,anp,LD,891:D,anp_Deva
panel2,C,angika_wikipedia_1028,anp,LD,892:D,anp_Deva
panel2,C,angika_wikipedia_1028,anp,LD,893:D,anp_Deva
panel2,C,angika_wikipedia_1028,anp,LD,894:D,anp_Deva
panel2,C,angika_wikipedia_1028,anp,LD,895:D,anp_Deva
panel2,C,angika_wikipedia_1028,anp,LD,896:D,anp_Deva
panel2,C,angika_wikipedia_1028,anp,LD,897:D,anp_Deva
panel2,C,angika_wikipedia_1028,anp,LD,898:D,anp_Deva
panel2,C,angika_wikipedia_1028,anp,LD,899:D,anp_Deva
panel2,C,angika_wikipedia_1028,anp,LD,900:D,anp_Deva
panel2,C,angika_wikipedia_1028,anp,LD,901:D,anp_Deva
panel2,C,angika_wikipedia_1028,anp,LD,902:D,anp_Deva
panel2,C,angika_wikipedia_1028,anp,LD,903:D,anp_Deva
panel2,C,angika_wikipedia_1028,anp,LD,904:D,anp_Deva
panel2,C,angika_wikipedia_1028,anp,LD,905:D,anp_Deva
panel2,C,angika_wikipedia_1028,anp,LD,906:D,anp_Deva
panel2,C,angika_wikipedia_1028,anp,LD,907:D,anp_Deva
panel2,C,angika_wikipedia_1028,anp,LD,908:D,anp_Deva
panel2,C,angika_wikipedia_1028,anp,LD,909:D,anp_Deva
panel2,C,angika_wikipedia_1028,anp,LD,910:D,anp_Deva
panel2,C,angika_wikipedia_1028,anp,LD,911:D,anp_Deva
panel2,C,angika_wikipedia_1028,anp,LD,912:D,anp_Deva
panel2,C,angika_wikipedia_1028,anp,LD,913:D,anp_Deva
panel2,C,angika_wikipedia_1028,anp,LD,914:D,anp_Deva
panel2,C,angika_wikipedia_1028,anp,LD,915:D,anp_Deva
panel2,C,angika_wikipedia_1028,anp,LD,916:D,anp_Deva
panel2,C,angika_wikipedia_1028,anp,LD,917:D,anp_Deva
panel2,C,angika_wikipedia_1028,anp,LD,918:D,anp_Deva
panel2,C,angika_wikipedia_1028,anp,LD,919:D,anp_Deva
panel2,C,angika_wikipedia_1028,anp,LD,920:D,anp_Deva
panel2,C,angika_wikipedia_1028,anp,LD,921:D,anp_Deva
panel2,C,angika_wikipedia_1028,anp,LD,922:D,anp_Deva
panel2,C,angika_wikipedia_1028,anp,LD,923:D,anp_Deva
panel2,C,angika_wikipedia_1028,anp,LD,924:D,anp_Deva
panel2,C,angika_wikipedia_1028,anp,LD,925:D,anp_Deva
panel2,C,angika_wikipedia_1028,anp,LD,926:D,anp_Deva
panel2,C,angika_wikipedia_1028,anp,LD,927:D,anp_Deva
panel2,C,angika_wikipedia_1028,anp,LD,928:D,anp_Deva
panel2,C,angika_wikipedia_1028,anp,LD,929:D,anp_Deva
panel2,C,angika_wikipedia_1028,anp,LD,930:D,anp_Deva
panel2,C,angika_wikipedia_1028,anp,LD,931:D,anp_Deva
panel2,C,angika_wikipedia_1028,anp,LD,932:D,anp_Deva
panel2,C,angika_wikipedia_1028,anp,LD,933:D,anp_Deva
panel2,C,angika_wikipedia_1028,anp,LD,934:D,anp_Deva
panel2,C,angika_wikipedia_1028,anp,LD,935:D,anp_Deva
panel2,C,angika_wikipedia_1028,anp,LD,936:D,anp_Deva
panel2,C,angika_wikipedia_1028,anp,LD,937:D,anp_Deva
panel2,C,angika_wikipedia_1028,anp,LD,938:D,anp_Deva
panel2,C,angika_wikipedia_1028,anp,LD,939:D,anp_Deva
panel2,C,angika_wikipedia_1028,anp,LD,942:D,anp_Deva
panel2,C,angika_wikipedia_1028,anp,LD,944:D,anp_Deva
panel2,C,angika_wikipedia_1028,anp,LD,945:D,anp_Deva
panel2,C,angika_wikipedia_1028,anp,LD,946:D,anp_Deva
panel2,C,angika_wikipedia_1028,anp,LD,947:D,anp_Deva
panel2,C,angika_wikipedia_1028,anp,LD,948:D,anp_Deva
panel2,C,angika_wikipedia_1028,anp,LD,949:D,anp_Deva
panel2,C,angika_wikipedia_1028,anp,LD,950:D,anp_Deva
panel2,C,angika_wikipedia_1028,anp,LD,951:D,anp_Deva
panel2,C,angika_wikipedia_1028,anp,LD,952:D,anp_Deva
panel2,C,angika_wikipedia_1028,anp,LD,953:D,anp_Deva
panel2,C,angika_wikipedia_1028,anp,LD,954:D,anp_Deva
panel2,C,angika_wikipedia_1028,anp,LD,955:D,anp_Deva
panel2,C,angika_wikipedia_1028,anp,LD,956:D,anp_Deva
panel2,C,angika_wikipedia_1028,anp,LD,957:D,anp_Deva
panel2,C,angika_wikipedia_1028,anp,LD,958:D,anp_Deva
panel2,C,angika_wikipedia_1028,anp,LD,959:D,anp_Deva
panel2,C,angika_wikipedia_1028,anp,LD,960:D,anp_Deva
panel2,C,angika_wikipedia_1028,anp,LD,961:D,anp_Deva
panel2,C,angika_wikipedia_1028,anp,LD,965:D,anp_Deva
panel2,C,angika_wikipedia_1028,anp,LD,966:D,anp_Deva
panel2,C,angika_wikipedia_1028,anp,LD,967:D,anp_Deva
panel2,C,angika_wikipedia_1028,anp,LD,968:D,anp_Deva
panel2,C,angika_wikipedia_1028,anp,LD,969:D,anp_Deva
panel2,C,angika_wikipedia_1028,anp,LD,970:D,anp_Deva
panel2,C,angika_wikipedia_1028,anp,LD,971:D,anp_Deva
panel2,C,angika_wikipedia_1028,anp,LD,973:D,anp_Deva
panel2,C,angika_wikipedia_1028,anp,LD,974:D,anp_Deva
panel2,C,angika_wikipedia_1028,anp,LD,975:D,anp_Deva
panel2,C,angika_wikipedia_1028,anp,LD,976:D,anp_Deva
panel2,C,angika_wikipedia_1028,anp,LD,977:D,anp_Deva
panel2,C,angika_wikipedia_1028,anp,LD,978:D,anp_Deva
panel2,C,angika_wikipedia_1028,anp,LD,979:D,anp_Deva
panel2,C,angika_wikipedia_1028,anp,LD,980:D,anp_Deva
panel2,C,angika_wikipedia_1028,anp,LD,981:D,anp_Deva
panel2,C,angika_wikipedia_1028,anp,LD,982:D,anp_Deva
panel2,C,angika_wikipedia_1028,anp,LD,983:D,anp_Deva
panel2,C,angika_wikipedia_1028,anp,LD,984:D,anp_Deva
panel2,C,angika_wikipedia_1028,anp,LD,985:D,anp_Deva
panel2,C,angika_wikipedia_1028,anp,LD,986:D,anp_Deva
panel2,C,angika_wikipedia_1028,anp,LD,987:D,anp_Deva
panel2,C,angika_wikipedia_1028,anp,LD,988:D,anp_Deva
panel2,C,angika_wikipedia_1028,anp,LD,989:D,anp_Deva
panel2,C,angika_wikipedia_1028,anp,LD,992:D,anp_Deva
panel2,C,angika_wikipedia_1028,anp,LD,993:D,anp_Deva
panel2,C,angika_wikipedia_1028,anp,LD,994:D,anp_Deva
panel2,C,angika_wikipedia_1028,anp,LD,995:D,anp_Deva
panel2,C,angika_wikipedia_1028,anp,LD,996:D,anp_Deva
panel2,C,angika_wikipedia_1028,anp,LD,997:D,anp_Deva
panel2,C,angika_wikipedia_1028,anp,LD,998:D,anp_Deva
panel2,C,angika_wikipedia_1028,anp,LD,999:D,anp_Deva
panel2,C,angika_wikipedia_1028,anp,LD,1000:D,anp_Deva
panel2,C,angika_wikipedia_1028,anp,LD,1001:D,anp_Deva
panel2,C,angika_wikipedia_1028,anp,LD,1002:D,anp_Deva
panel2,C,angika_wikipedia_1028,anp,LD,1003:D,anp_Deva
panel2,C,angika_wikipedia_1028,anp,LD,1004:D,anp_Deva
panel2,C,angika_wikipedia_1028,anp,LD,1005:D,anp_Deva
panel2,C,angika_wikipedia_1028,anp,LD,1006:D,anp_Deva
panel2,C,angika_wikipedia_1028,anp,LD,1007:D,anp_Deva
panel2,C,angika_wikipedia_1028,anp,LD,1008:D,anp_Deva
panel2,C,angika_wikipedia_1028,anp,LD,1009:D,anp_Deva
panel2,C,angika_wikipedia_1028,anp,LD,1010:D,anp_Deva
panel2,C,angika_wikipedia_1028,anp,LD,1011:D,anp_Deva
panel2,C,angika_wikipedia_1028,anp,LD,1012:D,anp_Deva
panel2,C,angika_wikipedia_1028,anp,LD,1013:D,anp_Deva
panel2,C,angika_wikipedia_1028,anp,LD,1014:D,anp_Deva
panel2,C,angika_wikipedia_1028,anp,LD,1015:D,anp_Deva
panel2,C,angika_wikipedia_1028,anp,LD,1016:D,anp_Deva
panel2,C,angika_wikipedia_1028,anp,LD,1018:D,anp_Deva
panel2,C,angika_wikipedia_1028,anp,LD,1019:D,anp_Deva
panel2,C,angika_wikipedia_1028,anp,LD,1020:D,anp_Deva
panel2,C,angika_wikipedia_1028,anp,LD,1021:D,anp_Deva
panel2,C,angika_wikipedia_1028,anp,LD,1022:D,anp_Deva
panel2,C,angika_wikipedia_1028,anp,LD,1023:D,anp_Deva
panel2,C,angika_wikipedia_1028,anp,LD,1025:D,anp_Deva
panel2,C,angika_wikipedia_1028,anp,LD,1026:D,anp_Deva
panel2,C,angika_wikipedia_1028,anp,LD,1027:D,anp_Deva
panel1_ext,P1,nep_wikipedia_2021_100K,nep,L20,1,npi_Deva
panel1_ext,P1,nep_wikipedia_2021_100K,nep,L20,2,npi_Deva
panel1_ext,P1,nep_wikipedia_2021_100K,nep,L20,3,npi_Deva
panel1_ext,P1,nep_wikipedia_2021_100K,nep,L20,4,npi_Deva
panel1_ext,P1,nep_wikipedia_2021_100K,nep,L20,5,npi_Deva
panel1_ext,P1,nep_wikipedia_2021_100K,nep,L20,6,npi_Deva
panel1_ext,P1,nep_wikipedia_2021_100K,nep,L20,7,npi_Deva
panel1_ext,P1,nep_wikipedia_2021_100K,nep,L20,8,npi_Deva
panel1_ext,P1,nep_wikipedia_2021_100K,nep,L20,9,npi_Deva
panel1_ext,P1,nep_wikipedia_2021_100K,nep,L20,11,npi_Deva
panel1_ext,P1,nep_wikipedia_2021_100K,nep,L20,12,npi_Deva
panel1_ext,P1,nep_wikipedia_2021_100K,nep,L20,13,npi_Deva
panel1_ext,P1,nep_wikipedia_2021_100K,nep,L20,14,npi_Deva
panel1_ext,P1,nep_wikipedia_2021_100K,nep,L20,15,npi_Deva
panel1_ext,P1,nep_wikipedia_2021_100K,nep,L20,16,npi_Deva
panel1_ext,P1,nep_wikipedia_2021_100K,nep,L20,17,npi_Deva
panel1_ext,P1,nep_wikipedia_2021_100K,nep,L20,18,npi_Deva
panel1_ext,P1,nep_wikipedia_2021_100K,nep,L20,19,npi_Deva
panel1_ext,P1,nep_wikipedia_2021_100K,nep,L20,20,npi_Deva
panel1_ext,P1,nep_wikipedia_2021_100K,nep,L20,21,npi_Deva
panel1_ext,P1,nep_wikipedia_2021_100K,nep,L20,22,npi_Deva
panel1_ext,P1,nep_wikipedia_2021_100K,nep,L20,23,npi_Deva
panel1_ext,P1,nep_wikipedia_2021_100K,nep,L20,24,npi_Deva
panel1_ext,P1,nep_wikipedia_2021_100K,nep,L20,25,npi_Deva
panel1_ext,P1,nep_wikipedia_2021_100K,nep,L20,26,npi_Deva
panel1_ext,P1,nep_wikipedia_2021_100K,nep,L20,27,npi_Deva
panel1_ext,P1,nep_wikipedia_2021_100K,nep,L20,28,npi_Deva
panel1_ext,P1,nep_wikipedia_2021_100K,nep,L20,29,npi_Deva
panel1_ext,P1,nep_wikipedia_2021_100K,nep,L20,30,npi_Deva
panel1_ext,P1,nep_wikipedia_2021_100K,nep,L20,31,npi_Deva
panel1_ext,P1,nep_wikipedia_2021_100K,nep,L20,32,npi_Deva
panel1_ext,P1,nep_wikipedia_2021_100K,nep,L20,33,npi_Deva
panel1_ext,P1,nep_wikipedia_2021_100K,nep,L20,34,npi_Deva
panel1_ext,P1,nep_wikipedia_2021_100K,nep,L20,35,npi_Deva
panel1_ext,P1,nep_wikipedia_2021_100K,nep,L20,36,npi_Deva
panel1_ext,P1,nep_wikipedia_2021_100K,nep,L20,37,npi_Deva
panel1_ext,P1,nep_wikipedia_2021_100K,nep,L20,38,npi_Deva
panel1_ext,P1,nep_wikipedia_2021_100K,nep,L20,39,npi_Deva
panel1_ext,P1,nep_wikipedia_2021_100K,nep,L20,40,npi_Deva
panel1_ext,P1,nep_wikipedia_2021_100K,nep,L20,41,npi_Deva
panel1_ext,P1,nep_wikipedia_2021_100K,nep,L20,42,npi_Deva
panel1_ext,P1,nep_wikipedia_2021_100K,nep,L20,43,npi_Deva
panel1_ext,P1,nep_wikipedia_2021_100K,nep,L20,44,npi_Deva
panel1_ext,P1,nep_wikipedia_2021_100K,nep,L20,45,npi_Deva
panel1_ext,P1,nep_wikipedia_2021_100K,nep,L20,46,npi_Deva
panel1_ext,P1,nep_wikipedia_2021_100K,nep,L20,47,npi_Deva
panel1_ext,P1,nep_wikipedia_2021_100K,nep,L20,48,npi_Deva
panel1_ext,P1,nep_wikipedia_2021_100K,nep,L20,49,npi_Deva
panel1_ext,P1,nep_wikipedia_2021_100K,nep,L20,50,npi_Deva
panel1_ext,P1,nep_wikipedia_2021_100K,nep,L20,51,npi_Deva
panel1_ext,P1,nep_wikipedia_2021_100K,nep,L20,52,npi_Deva
panel1_ext,P1,nep_wikipedia_2021_100K,nep,L20,53,npi_Deva
panel1_ext,P1,nep_wikipedia_2021_100K,nep,L20,54,npi_Deva
panel1_ext,P1,nep_wikipedia_2021_100K,nep,L20,55,npi_Deva
panel1_ext,P1,nep_wikipedia_2021_100K,nep,L20,56,npi_Deva
panel1_ext,P1,nep_wikipedia_2021_100K,nep,L20,57,npi_Deva
panel1_ext,P1,nep_wikipedia_2021_100K,nep,L20,58,npi_Deva
panel1_ext,P1,nep_wikipedia_2021_100K,nep,L20,59,npi_Deva
panel1_ext,P1,nep_wikipedia_2021_100K,nep,L20,60,npi_Deva
panel1_ext,P1,nep_wikipedia_2021_100K,nep,L20,61,npi_Deva
panel1_ext,P1,nep_wikipedia_2021_100K,nep,L20,62,npi_Deva
panel1_ext,P1,nep_wikipedia_2021_100K,nep,L20,63,npi_Deva
panel1_ext,P1,nep_wikipedia_2021_100K,nep,L20,64,npi_Deva
panel1_ext,P1,nep_wikipedia_2021_100K,nep,L20,65,npi_Deva
panel1_ext,P1,nep_wikipedia_2021_100K,nep,L20,66,npi_Deva
panel1_ext,P1,nep_wikipedia_2021_100K,nep,L20,67,npi_Deva
panel1_ext,P1,nep_wikipedia_2021_100K,nep,L20,68,npi_Deva
panel1_ext,P1,nep_wikipedia_2021_100K,nep,L20,69,npi_Deva
panel1_ext,P1,nep_wikipedia_2021_100K,nep,L20,70,npi_Deva
panel1_ext,P1,nep_wikipedia_2021_100K,nep,L20,71,npi_Deva
panel1_ext,P1,nep_wikipedia_2021_100K,nep,L20,72,npi_Deva
panel1_ext,P1,nep_wikipedia_2021_100K,nep,L20,73,npi_Deva
panel1_ext,P1,nep_wikipedia_2021_100K,nep,L20,74,npi_Deva
panel1_ext,P1,nep_wikipedia_2021_100K,nep,L20,75,npi_Deva
panel1_ext,P1,nep_wikipedia_2021_100K,nep,L20,76,npi_Deva
panel1_ext,P1,nep_wikipedia_2021_100K,nep,L20,77,npi_Deva
panel1_ext,P1,nep_wikipedia_2021_100K,nep,L20,78,npi_Deva
panel1_ext,P1,nep_wikipedia_2021_100K,nep,L20,79,npi_Deva
panel1_ext,P1,nep_wikipedia_2021_100K,nep,L20,80,npi_Deva
panel1_ext,P1,nep_wikipedia_2021_100K,nep,L20,81,npi_Deva
panel1_ext,P1,nep_wikipedia_2021_100K,nep,L20,82,npi_Deva
panel1_ext,P1,nep_wikipedia_2021_100K,nep,L20,83,npi_Deva
panel1_ext,P1,nep_wikipedia_2021_100K,nep,L20,84,npi_Deva
panel1_ext,P1,nep_wikipedia_2021_100K,nep,L20,85,npi_Deva
panel1_ext,P1,nep_wikipedia_2021_100K,nep,L20,86,npi_Deva
panel1_ext,P1,nep_wikipedia_2021_100K,nep,L20,87,npi_Deva
panel1_ext,P1,nep_wikipedia_2021_100K,nep,L20,88,npi_Deva
panel1_ext,P1,nep_wikipedia_2021_100K,nep,L20,89,npi_Deva
panel1_ext,P1,nep_wikipedia_2021_100K,nep,L20,90,npi_Deva
panel1_ext,P1,nep_wikipedia_2021_100K,nep,L20,91,npi_Deva
panel1_ext,P1,nep_wikipedia_2021_100K,nep,L20,92,npi_Deva
panel1_ext,P1,nep_wikipedia_2021_100K,nep,L20,93,npi_Deva
panel1_ext,P1,nep_wikipedia_2021_100K,nep,L20,94,npi_Deva
panel1_ext,P1,nep_wikipedia_2021_100K,nep,L20,95,npi_Deva
panel1_ext,P1,nep_wikipedia_2021_100K,nep,L20,96,npi_Deva
panel1_ext,P1,nep_wikipedia_2021_100K,nep,L20,97,npi_Deva
panel1_ext,P1,nep_wikipedia_2021_100K,nep,L20,98,npi_Deva
panel1_ext,P1,nep_wikipedia_2021_100K,nep,L20,99,npi_Deva
panel1_ext,P1,nep_wikipedia_2021_100K,nep,L20,100,npi_Deva
panel1_ext,P1,nep_wikipedia_2021_100K,nep,L20,101,npi_Deva
panel1_ext,P1,nep_wikipedia_2021_100K,nep,L20,102,npi_Deva
panel1_ext,P1,nep_wikipedia_2021_100K,nep,L20,103,npi_Deva
panel1_ext,P1,nep_wikipedia_2021_100K,nep,L20,104,npi_Deva
panel1_ext,P1,nep_wikipedia_2021_100K,nep,L20,105,npi_Deva
panel1_ext,P1,nep_wikipedia_2021_100K,nep,L20,106,npi_Deva
panel1_ext,P1,nep_wikipedia_2021_100K,nep,L20,107,npi_Deva
panel1_ext,P1,nep_wikipedia_2021_100K,nep,L20,108,npi_Deva
panel1_ext,P1,nep_wikipedia_2021_100K,nep,L20,109,npi_Deva
panel1_ext,P1,nep_wikipedia_2021_100K,nep,L20,110,npi_Deva
panel1_ext,P1,nep_wikipedia_2021_100K,nep,L20,111,npi_Deva
panel1_ext,P1,nep_wikipedia_2021_100K,nep,L20,112,npi_Deva
panel1_ext,P1,nep_wikipedia_2021_100K,nep,L20,113,npi_Deva
panel1_ext,P1,nep_wikipedia_2021_100K,nep,L20,114,npi_Deva
panel1_ext,P1,nep_wikipedia_2021_100K,nep,L20,115,npi_Deva
panel1_ext,P1,nep_wikipedia_2021_100K,nep,L20,116,npi_Deva
panel1_ext,P1,nep_wikipedia_2021_100K,nep,L20,117,npi_Deva
panel1_ext,P1,nep_wikipedia_2021_100K,nep,L20,118,npi_Deva
panel1_ext,P1,nep_wikipedia_2021_100K,nep,L20,119,npi_Deva
panel1_ext,P1,nep_wikipedia_2021_100K,nep,L20,120,npi_Deva
panel1_ext,P1,nep_wikipedia_2021_100K,nep,L20,121,npi_Deva
panel1_ext,P1,nep_wikipedia_2021_100K,nep,L20,122,npi_Deva
panel1_ext,P1,nep_wikipedia_2021_100K,nep,L20,123,npi_Deva
panel1_ext,P1,nep_wikipedia_2021_100K,nep,L20,124,npi_Deva
panel1_ext,P1,nep_wikipedia_2021_100K,nep,L20,125,npi_Deva
panel1_ext,P1,nep_wikipedia_2021_100K,nep,L20,126,npi_Deva
panel1_ext,P1,nep_wikipedia_2021_100K,nep,L20,127,npi_Deva
panel1_ext,P1,nep_wikipedia_2021_100K,nep,L20,128,npi_Deva
panel1_ext,P1,nep_wikipedia_2021_100K,nep,L20,129,npi_Deva
panel1_ext,P1,nep_wikipedia_2021_100K,nep,L20,130,npi_Deva
panel1_ext,P1,nep_wikipedia_2021_100K,nep,L20,131,npi_Deva
panel1_ext,P1,nep_wikipedia_2021_100K,nep,L20,132,npi_Deva
panel1_ext,P1,nep_wikipedia_2021_100K,nep,L20,133,npi_Deva
panel1_ext,P1,nep_wikipedia_2021_100K,nep,L20,134,npi_Deva
panel1_ext,P1,nep_wikipedia_2021_100K,nep,L20,135,npi_Deva
panel1_ext,P1,nep_wikipedia_2021_100K,nep,L20,136,npi_Deva
panel1_ext,P1,nep_wikipedia_2021_100K,nep,L20,137,npi_Deva
panel1_ext,P1,nep_wikipedia_2021_100K,nep,L20,138,npi_Deva
panel1_ext,P1,nep_wikipedia_2021_100K,nep,L20,139,npi_Deva
panel1_ext,P1,nep_wikipedia_2021_100K,nep,L20,140,npi_Deva
panel1_ext,P1,nep_wikipedia_2021_100K,nep,L20,141,npi_Deva
panel1_ext,P1,nep_wikipedia_2021_100K,nep,L20,142,npi_Deva
panel1_ext,P1,nep_wikipedia_2021_100K,nep,L20,143,npi_Deva
panel1_ext,P1,nep_wikipedia_2021_100K,nep,L20,145,npi_Deva
panel1_ext,P1,nep_wikipedia_2021_100K,nep,L20,146,npi_Deva
panel1_ext,P1,nep_wikipedia_2021_100K,nep,L20,147,npi_Deva
panel1_ext,P1,nep_wikipedia_2021_100K,nep,L20,148,npi_Deva
panel1_ext,P1,nep_wikipedia_2021_100K,nep,L20,149,npi_Deva
panel1_ext,P1,nep_wikipedia_2021_100K,nep,L20,150,npi_Deva
panel1_ext,P1,nep_wikipedia_2021_100K,nep,L20,151,npi_Deva
panel1_ext,P1,nep_wikipedia_2021_100K,nep,L20,152,npi_Deva
panel1_ext,P1,nep_wikipedia_2021_100K,nep,L20,153,npi_Deva
panel1_ext,P1,nep_wikipedia_2021_100K,nep,L20,154,npi_Deva
panel1_ext,P1,nep_wikipedia_2021_100K,nep,L20,155,npi_Deva
panel1_ext,P1,nep_wikipedia_2021_100K,nep,L20,156,npi_Deva
panel1_ext,P1,nep_wikipedia_2021_100K,nep,L20,157,npi_Deva
panel1_ext,P1,nep_wikipedia_2021_100K,nep,L20,158,npi_Deva
panel1_ext,P1,nep_wikipedia_2021_100K,nep,L20,159,npi_Deva
panel1_ext,P1,nep_wikipedia_2021_100K,nep,L20,160,npi_Deva
panel1_ext,P1,nep_wikipedia_2021_100K,nep,L20,161,npi_Deva
panel1_ext,P1,nep_wikipedia_2021_100K,nep,L20,162,npi_Deva
panel1_ext,P1,nep_wikipedia_2021_100K,nep,L20,163,npi_Deva
panel1_ext,P1,nep_wikipedia_2021_100K,nep,L20,164,npi_Deva
panel1_ext,P1,nep_wikipedia_2021_100K,nep,L20,165,npi_Deva
panel1_ext,P1,nep_wikipedia_2021_100K,nep,L20,166,npi_Deva
panel1_ext,P1,nep_wikipedia_2021_100K,nep,L20,167,npi_Deva
panel1_ext,P1,nep_wikipedia_2021_100K,nep,L20,168,npi_Deva
panel1_ext,P1,nep_wikipedia_2021_100K,nep,L20,169,npi_Deva
panel1_ext,P1,nep_wikipedia_2021_100K,nep,L20,170,npi_Deva
panel1_ext,P1,nep_wikipedia_2021_100K,nep,L20,171,npi_Deva
panel1_ext,P1,nep_wikipedia_2021_100K,nep,L20,172,npi_Deva
panel1_ext,P1,nep_wikipedia_2021_100K,nep,L20,173,npi_Deva
panel1_ext,P1,nep_wikipedia_2021_100K,nep,L20,174,npi_Deva
panel1_ext,P1,nep_wikipedia_2021_100K,nep,L20,175,npi_Deva
panel1_ext,P1,nep_wikipedia_2021_100K,nep,L20,176,npi_Deva
panel1_ext,P1,nep_wikipedia_2021_100K,nep,L20,177,npi_Deva
panel1_ext,P1,nep_wikipedia_2021_100K,nep,L20,178,npi_Deva
panel1_ext,P1,nep_wikipedia_2021_100K,nep,L20,179,npi_Deva
panel1_ext,P1,nep_wikipedia_2021_100K,nep,L20,180,npi_Deva
panel1_ext,P1,nep_wikipedia_2021_100K,nep,L20,181,npi_Deva
panel1_ext,P1,nep_wikipedia_2021_100K,nep,L20,182,npi_Deva
panel1_ext,P1,nep_wikipedia_2021_100K,nep,L20,183,npi_Deva
panel1_ext,P1,nep_wikipedia_2021_100K,nep,L20,184,npi_Deva
panel1_ext,P1,nep_wikipedia_2021_100K,nep,L20,185,npi_Deva
panel1_ext,P1,nep_wikipedia_2021_100K,nep,L20,186,npi_Deva
panel1_ext,P1,nep_wikipedia_2021_100K,nep,L20,187,npi_Deva
panel1_ext,P1,nep_wikipedia_2021_100K,nep,L20,188,npi_Deva
panel1_ext,P1,nep_wikipedia_2021_100K,nep,L20,189,npi_Deva
panel1_ext,P1,nep_wikipedia_2021_100K,nep,L20,190,npi_Deva
panel1_ext,P1,nep_wikipedia_2021_100K,nep,L20,191,npi_Deva
panel1_ext,P1,nep_wikipedia_2021_100K,nep,L20,192,npi_Deva
panel1_ext,P1,nep_wikipedia_2021_100K,nep,L20,193,npi_Deva
panel1_ext,P1,nep_wikipedia_2021_100K,nep,L20,194,npi_Deva
panel1_ext,P1,nep_wikipedia_2021_100K,nep,L20,195,npi_Deva
panel1_ext,P1,nep_wikipedia_2021_100K,nep,L20,196,npi_Deva
panel1_ext,P1,nep_wikipedia_2021_100K,nep,L20,197,npi_Deva
panel1_ext,P1,nep_wikipedia_2021_100K,nep,L20,198,npi_Deva
panel1_ext,P1,nep_wikipedia_2021_100K,nep,L20,199,npi_Deva
panel1_ext,P1,nep_wikipedia_2021_100K,nep,L20,200,npi_Deva
panel1_ext,P1,nep_wikipedia_2021_100K,nep,L20,201,npi_Deva
panel1_ext,P1,nep_wikipedia_2021_100K,nep,L20,202,npi_Deva
panel1_ext,P1,nep_wikipedia_2021_100K,nep,L20,203,npi_Deva
panel1_ext,P1,nep_wikipedia_2021_100K,nep,L20,204,npi_Deva
panel1_ext,P1,nep_wikipedia_2021_100K,nep,L20,205,npi_Deva
panel1_ext,P1,nep_wikipedia_2021_100K,nep,L20,206,npi_Deva
panel1_ext,P1,nep_wikipedia_2021_100K,nep,L20,207,npi_Deva
panel1_ext,P1,nep_wikipedia_2021_100K,nep,L20,208,npi_Deva
panel1_ext,P1,nep_wikipedia_2021_100K,nep,L20,209,npi_Deva
panel1_ext,P1,nep_wikipedia_2021_100K,nep,L20,210,npi_Deva
panel1_ext,P1,nep_wikipedia_2021_100K,nep,L20,211,npi_Deva
panel1_ext,P1,nep_wikipedia_2021_100K,nep,L20,212,npi_Deva
panel1_ext,P1,nep_wikipedia_2021_100K,nep,L20,213,npi_Deva
panel1_ext,P1,nep_wikipedia_2021_100K,nep,L20,214,npi_Deva
panel1_ext,P1,nep_wikipedia_2021_100K,nep,L20,216,npi_Deva
panel1_ext,P1,nep_wikipedia_2021_100K,nep,L20,217,npi_Deva
panel1_ext,P1,nep_wikipedia_2021_100K,nep,L20,218,npi_Deva
panel1_ext,P1,nep_wikipedia_2021_100K,nep,L20,219,npi_Deva
panel1_ext,P1,nep_wikipedia_2021_100K,nep,L20,220,npi_Deva
panel1_ext,P1,nep_wikipedia_2021_100K,nep,L20,221,npi_Deva
panel1_ext,P1,nep_wikipedia_2021_100K,nep,L20,222,npi_Deva
panel1_ext,P1,nep_wikipedia_2021_100K,nep,L20,223,npi_Deva
panel1_ext,P1,nep_wikipedia_2021_100K,nep,L20,224,npi_Deva
panel1_ext,P1,nep_wikipedia_2021_100K,nep,L20,225,npi_Deva
panel1_ext,P1,nep_wikipedia_2021_100K,nep,L20,226,npi_Deva
panel1_ext,P1,nep_wikipedia_2021_100K,nep,L20,227,npi_Deva
panel1_ext,P1,nep_wikipedia_2021_100K,nep,L20,228,npi_Deva
panel1_ext,P1,nep_wikipedia_2021_100K,nep,L20,229,npi_Deva
panel1_ext,P1,nep_wikipedia_2021_100K,nep,L20,230,npi_Deva
panel1_ext,P1,nep_wikipedia_2021_100K,nep,L20,231,npi_Deva
panel1_ext,P1,nep_wikipedia_2021_100K,nep,L20,232,npi_Deva
panel1_ext,P1,nep_wikipedia_2021_100K,nep,L20,233,npi_Deva
panel1_ext,P1,nep_wikipedia_2021_100K,nep,L20,234,npi_Deva
panel1_ext,P1,nep_wikipedia_2021_100K,nep,L20,235,npi_Deva
panel1_ext,P1,nep_wikipedia_2021_100K,nep,L20,236,npi_Deva
panel1_ext,P1,nep_wikipedia_2021_100K,nep,L20,237,npi_Deva
panel1_ext,P1,nep_wikipedia_2021_100K,nep,L20,238,npi_Deva
panel1_ext,P1,nep_wikipedia_2021_100K,nep,L20,239,npi_Deva
panel1_ext,P1,nep_wikipedia_2021_100K,nep,L20,240,npi_Deva
panel1_ext,P1,nep_wikipedia_2021_100K,nep,L20,241,npi_Deva
panel1_ext,P1,nep_wikipedia_2021_100K,nep,L20,242,npi_Deva
panel1_ext,P1,nep_wikipedia_2021_100K,nep,L20,243,npi_Deva
panel1_ext,P1,nep_wikipedia_2021_100K,nep,L20,244,npi_Deva
panel1_ext,P1,nep_wikipedia_2021_100K,nep,L20,245,npi_Deva
panel1_ext,P1,nep_wikipedia_2021_100K,nep,L20,246,npi_Deva
panel1_ext,P1,nep_wikipedia_2021_100K,nep,L20,247,npi_Deva
panel1_ext,P1,nep_wikipedia_2021_100K,nep,L20,248,npi_Deva
panel1_ext,P1,nep_wikipedia_2021_100K,nep,L20,249,npi_Deva
panel1_ext,P1,nep_wikipedia_2021_100K,nep,L20,250,npi_Deva
panel1_ext,P1,nep_wikipedia_2021_100K,nep,L20,251,npi_Deva
panel1_ext,P1,nep_wikipedia_2021_100K,nep,L20,252,npi_Deva
panel1_ext,P1,nep_wikipedia_2021_100K,nep,L20,253,npi_Deva
panel1_ext,P1,nep_wikipedia_2021_100K,nep,L20,254,npi_Deva
panel1_ext,P1,nep_wikipedia_2021_100K,nep,L20,255,npi_Deva
panel1_ext,P1,nep_wikipedia_2021_100K,nep,L20,256,npi_Deva
panel1_ext,P1,nep_wikipedia_2021_100K,nep,L20,257,npi_Deva
panel1_ext,P1,nep_wikipedia_2021_100K,nep,L20,258,npi_Deva
panel1_ext,P1,nep_wikipedia_2021_100K,nep,L20,259,npi_Deva
panel1_ext,P1,nep_wikipedia_2021_100K,nep,L20,260,npi_Deva
panel1_ext,P1,nep_wikipedia_2021_100K,nep,L20,261,npi_Deva
panel1_ext,P1,nep_wikipedia_2021_100K,nep,L20,262,npi_Deva
panel1_ext,P1,nep_wikipedia_2021_100K,nep,L20,263,npi_Deva
panel1_ext,P1,nep_wikipedia_2021_100K,nep,L20,264,npi_Deva
panel1_ext,P1,nep_wikipedia_2021_100K,nep,L20,265,npi_Deva
panel1_ext,P1,nep_wikipedia_2021_100K,nep,L20,266,npi_Deva
panel1_ext,P1,nep_wikipedia_2021_100K,nep,L20,267,npi_Deva
panel1_ext,P1,nep_wikipedia_2021_100K,nep,L20,268,npi_Deva
panel1_ext,P1,nep_wikipedia_2021_100K,nep,L20,269,npi_Deva
panel1_ext,P1,nep_wikipedia_2021_100K,nep,L20,270,npi_Deva
panel1_ext,P1,nep_wikipedia_2021_100K,nep,L20,271,npi_Deva
panel1_ext,P1,nep_wikipedia_2021_100K,nep,L20,272,npi_Deva
panel1_ext,P1,nep_wikipedia_2021_100K,nep,L20,273,npi_Deva
panel1_ext,P1,nep_wikipedia_2021_100K,nep,L20,274,npi_Deva
panel1_ext,P1,nep_wikipedia_2021_100K,nep,L20,275,npi_Deva
panel1_ext,P1,nep_wikipedia_2021_100K,nep,L20,276,npi_Deva
panel1_ext,P1,nep_wikipedia_2021_100K,nep,L20,277,npi_Deva
panel1_ext,P1,nep_wikipedia_2021_100K,nep,L20,278,npi_Deva
panel1_ext,P1,nep_wikipedia_2021_100K,nep,L20,279,npi_Deva
panel1_ext,P1,nep_wikipedia_2021_100K,nep,L20,280,npi_Deva
panel1_ext,P1,nep_wikipedia_2021_100K,nep,L20,281,npi_Deva
panel1_ext,P1,nep_wikipedia_2021_100K,nep,L20,282,npi_Deva
panel1_ext,P1,nep_wikipedia_2021_100K,nep,L20,283,npi_Deva
panel1_ext,P1,nep_wikipedia_2021_100K,nep,L20,285,npi_Deva
panel1_ext,P1,nep_wikipedia_2021_100K,nep,L20,286,npi_Deva
panel1_ext,P1,nep_wikipedia_2021_100K,nep,L20,287,npi_Deva
panel1_ext,P1,nep_wikipedia_2021_100K,nep,L20,288,npi_Deva
panel1_ext,P1,nep_wikipedia_2021_100K,nep,L20,289,npi_Deva
panel1_ext,P1,nep_wikipedia_2021_100K,nep,L20,290,npi_Deva
panel1_ext,P1,nep_wikipedia_2021_100K,nep,L20,291,npi_Deva
panel1_ext,P1,nep_wikipedia_2021_100K,nep,L20,292,npi_Deva
panel1_ext,P1,nep_wikipedia_2021_100K,nep,L20,293,npi_Deva
panel1_ext,P1,nep_wikipedia_2021_100K,nep,L20,294,npi_Deva
panel1_ext,P1,nep_wikipedia_2021_100K,nep,L20,295,npi_Deva
panel1_ext,P1,nep_wikipedia_2021_100K,nep,L20,296,npi_Deva
panel1_ext,P1,nep_wikipedia_2021_100K,nep,L20,297,npi_Deva
panel1_ext,P1,nep_wikipedia_2021_100K,nep,L20,298,npi_Deva
panel1_ext,P1,nep_wikipedia_2021_100K,nep,L20,299,npi_Deva
panel1_ext,P1,nep_wikipedia_2021_100K,nep,L20,300,npi_Deva
panel1_ext,P1,nep_wikipedia_2021_100K,nep,L20,301,npi_Deva
panel1_ext,P1,nep_wikipedia_2021_100K,nep,L20,302,npi_Deva
panel1_ext,P1,nep_wikipedia_2021_100K,nep,L20,303,npi_Deva
panel1_ext,P1,nep_wikipedia_2021_100K,nep,L20,304,npi_Deva
panel1_ext,P1,nep_wikipedia_2021_100K,nep,L20,305,npi_Deva
panel1_ext,P1,nep_wikipedia_2021_100K,nep,L20,306,npi_Deva
panel1_ext,P1,nep_wikipedia_2021_100K,nep,L20,307,npi_Deva
panel1_ext,P1,nep_wikipedia_2021_100K,nep,L20,308,npi_Deva
panel1_ext,P1,nep_wikipedia_2021_100K,nep,L20,309,npi_Deva
panel1_ext,P1,nep_wikipedia_2021_100K,nep,L20,310,npi_Deva
panel1_ext,P1,nep_wikipedia_2021_100K,nep,L20,311,npi_Deva
panel1_ext,P1,nep_wikipedia_2021_100K,nep,L20,312,npi_Deva
panel1_ext,P1,nep_wikipedia_2021_100K,nep,L20,313,npi_Deva
panel1_ext,P1,nep_wikipedia_2021_100K,nep,L20,314,npi_Deva
panel1_ext,P1,nep_wikipedia_2021_100K,nep,L20,315,npi_Deva
panel1_ext,P1,nep_wikipedia_2021_100K,nep,L20,316,npi_Deva
panel1_ext,P1,nep_wikipedia_2021_100K,nep,L20,317,npi_Deva
panel1_ext,P1,nep_wikipedia_2021_100K,nep,L20,318,npi_Deva
panel1_ext,P1,nep_wikipedia_2021_100K,nep,L20,319,npi_Deva
panel1_ext,P1,nep_wikipedia_2021_100K,nep,L20,320,npi_Deva
panel1_ext,P1,nep_wikipedia_2021_100K,nep,L20,321,npi_Deva
panel1_ext,P1,nep_wikipedia_2021_100K,nep,L20,322,npi_Deva
panel1_ext,P1,nep_wikipedia_2021_100K,nep,L20,323,npi_Deva
panel1_ext,P1,nep_wikipedia_2021_100K,nep,L20,324,npi_Deva
panel1_ext,P1,nep_wikipedia_2021_100K,nep,L20,325,npi_Deva
panel1_ext,P1,nep_wikipedia_2021_100K,nep,L20,326,npi_Deva
panel1_ext,P1,nep_wikipedia_2021_100K,nep,L20,327,npi_Deva
panel1_ext,P1,nep_wikipedia_2021_100K,nep,L20,328,npi_Deva
panel1_ext,P1,nep_wikipedia_2021_100K,nep,L20,329,npi_Deva
panel1_ext,P1,nep_wikipedia_2021_100K,nep,L20,330,npi_Deva
panel1_ext,P1,nep_wikipedia_2021_100K,nep,L20,331,npi_Deva
panel1_ext,P1,nep_wikipedia_2021_100K,nep,L20,332,npi_Deva
panel1_ext,P1,nep_wikipedia_2021_100K,nep,L20,333,npi_Deva
panel1_ext,P1,nep_wikipedia_2021_100K,nep,L20,334,npi_Deva
panel1_ext,P1,nep_wikipedia_2021_100K,nep,L20,335,npi_Deva
panel1_ext,P1,nep_wikipedia_2021_100K,nep,L20,336,npi_Deva
panel1_ext,P1,nep_wikipedia_2021_100K,nep,L20,337,npi_Deva
panel1_ext,P1,nep_wikipedia_2021_100K,nep,L20,338,npi_Deva
panel1_ext,P1,nep_wikipedia_2021_100K,nep,L20,339,npi_Deva
panel1_ext,P1,nep_wikipedia_2021_100K,nep,L20,340,npi_Deva
panel1_ext,P1,nep_wikipedia_2021_100K,nep,L20,341,npi_Deva
panel1_ext,P1,nep_wikipedia_2021_100K,nep,L20,342,npi_Deva
panel1_ext,P1,nep_wikipedia_2021_100K,nep,L20,343,npi_Deva
panel1_ext,P1,nep_wikipedia_2021_100K,nep,L20,344,npi_Deva
panel1_ext,P1,nep_wikipedia_2021_100K,nep,L20,345,npi_Deva
panel1_ext,P1,nep_wikipedia_2021_100K,nep,L20,346,npi_Deva
panel1_ext,P1,nep_wikipedia_2021_100K,nep,L20,347,npi_Deva
panel1_ext,P1,nep_wikipedia_2021_100K,nep,L20,348,npi_Deva
panel1_ext,P1,nep_wikipedia_2021_100K,nep,L20,349,npi_Deva
panel1_ext,P1,nep_wikipedia_2021_100K,nep,L20,350,npi_Deva
panel1_ext,P1,nep_wikipedia_2021_100K,nep,L20,351,npi_Deva
panel1_ext,P1,nep_wikipedia_2021_100K,nep,L20,352,npi_Deva
panel1_ext,P1,nep_wikipedia_2021_100K,nep,L20,353,npi_Deva
panel1_ext,P1,nep_wikipedia_2021_100K,nep,L20,354,npi_Deva
panel1_ext,P1,nep_wikipedia_2021_100K,nep,L20,355,npi_Deva
panel1_ext,P1,nep_wikipedia_2021_100K,nep,L20,356,npi_Deva
panel1_ext,P1,nep_wikipedia_2021_100K,nep,L20,357,npi_Deva
panel1_ext,P1,nep_wikipedia_2021_100K,nep,L20,358,npi_Deva
panel1_ext,P1,nep_wikipedia_2021_100K,nep,L20,359,npi_Deva
panel1_ext,P1,nep_wikipedia_2021_100K,nep,L20,360,npi_Deva
panel1_ext,P1,nep_wikipedia_2021_100K,nep,L20,361,npi_Deva
panel1_ext,P1,nep_wikipedia_2021_100K,nep,L20,362,npi_Deva
panel1_ext,P1,nep_wikipedia_2021_100K,nep,L20,363,npi_Deva
panel1_ext,P1,nep_wikipedia_2021_100K,nep,L20,364,npi_Deva
panel1_ext,P1,nep_wikipedia_2021_100K,nep,L20,365,npi_Deva
panel1_ext,P1,nep_wikipedia_2021_100K,nep,L20,366,npi_Deva
panel1_ext,P1,nep_wikipedia_2021_100K,nep,L20,367,npi_Deva
panel1_ext,P1,nep_wikipedia_2021_100K,nep,L20,368,npi_Deva
panel1_ext,P1,nep_wikipedia_2021_100K,nep,L20,369,npi_Deva
panel1_ext,P1,nep_wikipedia_2021_100K,nep,L20,371,npi_Deva
panel1_ext,P1,nep_wikipedia_2021_100K,nep,L20,372,npi_Deva
panel1_ext,P1,nep_wikipedia_2021_100K,nep,L20,373,npi_Deva
panel1_ext,P1,nep_wikipedia_2021_100K,nep,L20,374,npi_Deva
panel1_ext,P1,nep_wikipedia_2021_100K,nep,L20,375,npi_Deva
panel1_ext,P1,nep_wikipedia_2021_100K,nep,L20,376,npi_Deva
panel1_ext,P1,nep_wikipedia_2021_100K,nep,L20,377,npi_Deva
panel1_ext,P1,nep_wikipedia_2021_100K,nep,L20,378,npi_Deva
panel1_ext,P1,nep_wikipedia_2021_100K,nep,L20,379,npi_Deva
panel1_ext,P1,nep_wikipedia_2021_100K,nep,L20,380,npi_Deva
panel1_ext,P1,nep_wikipedia_2021_100K,nep,L20,381,npi_Deva
panel1_ext,P1,nep_wikipedia_2021_100K,nep,L20,382,npi_Deva
panel1_ext,P1,nep_wikipedia_2021_100K,nep,L20,383,npi_Deva
panel1_ext,P1,nep_wikipedia_2021_100K,nep,L20,384,npi_Deva
panel1_ext,P1,nep_wikipedia_2021_100K,nep,L20,385,npi_Deva
panel1_ext,P1,nep_wikipedia_2021_100K,nep,L20,386,npi_Deva
panel1_ext,P1,nep_wikipedia_2021_100K,nep,L20,387,npi_Deva
panel1_ext,P1,nep_wikipedia_2021_100K,nep,L20,388,npi_Deva
panel1_ext,P1,nep_wikipedia_2021_100K,nep,L20,389,npi_Deva
panel1_ext,P1,nep_wikipedia_2021_100K,nep,L20,390,npi_Deva
panel1_ext,P1,nep_wikipedia_2021_100K,nep,L20,391,npi_Deva
panel1_ext,P1,nep_wikipedia_2021_100K,nep,L20,392,npi_Deva
panel1_ext,P1,nep_wikipedia_2021_100K,nep,L20,393,npi_Deva
panel1_ext,P1,nep_wikipedia_2021_100K,nep,L20,394,npi_Deva
panel1_ext,P1,nep_wikipedia_2021_100K,nep,L20,395,npi_Deva
panel1_ext,P1,nep_wikipedia_2021_100K,nep,L20,396,npi_Deva
panel1_ext,P1,nep_wikipedia_2021_100K,nep,L20,397,npi_Deva
panel1_ext,P1,nep_wikipedia_2021_100K,nep,L20,398,npi_Deva
panel1_ext,P1,nep_wikipedia_2021_100K,nep,L20,399,npi_Deva
panel1_ext,P1,nep_wikipedia_2021_100K,nep,L20,400,npi_Deva
panel1_ext,P1,nep_wikipedia_2021_100K,nep,L20,401,npi_Deva
panel1_ext,P1,nep_wikipedia_2021_100K,nep,L20,402,npi_Deva
panel1_ext,P1,nep_wikipedia_2021_100K,nep,L20,403,npi_Deva
panel1_ext,P1,nep_wikipedia_2021_100K,nep,L20,404,npi_Deva
panel1_ext,P1,nep_wikipedia_2021_100K,nep,L20,405,npi_Deva
panel1_ext,P1,nep_wikipedia_2021_100K,nep,L20,406,npi_Deva
panel1_ext,P1,nep_wikipedia_2021_100K,nep,L20,407,npi_Deva
panel1_ext,P1,nep_wikipedia_2021_100K,nep,L20,408,npi_Deva
panel1_ext,P1,nep_wikipedia_2021_100K,nep,L20,409,npi_Deva
panel1_ext,P1,nep_wikipedia_2021_100K,nep,L20,410,npi_Deva
panel1_ext,P1,nep_wikipedia_2021_100K,nep,L20,411,npi_Deva
panel1_ext,P1,nep_wikipedia_2021_100K,nep,L20,412,npi_Deva
panel1_ext,P1,nep_wikipedia_2021_100K,nep,L20,413,npi_Deva
panel1_ext,P1,nep_wikipedia_2021_100K,nep,L20,414,npi_Deva
panel1_ext,P1,nep_wikipedia_2021_100K,nep,L20,415,npi_Deva
panel1_ext,P1,nep_wikipedia_2021_100K,nep,L20,416,npi_Deva
panel1_ext,P1,nep_wikipedia_2021_100K,nep,L20,417,npi_Deva
panel1_ext,P1,nep_wikipedia_2021_100K,nep,L20,418,npi_Deva
panel1_ext,P1,nep_wikipedia_2021_100K,nep,L20,419,npi_Deva
panel1_ext,P1,nep_wikipedia_2021_100K,nep,L20,420,npi_Deva
panel1_ext,P1,nep_wikipedia_2021_100K,nep,L20,421,npi_Deva
panel1_ext,P1,nep_wikipedia_2021_100K,nep,L20,422,npi_Deva
panel1_ext,P1,nep_wikipedia_2021_100K,nep,L20,423,npi_Deva
panel1_ext,P1,nep_wikipedia_2021_100K,nep,L20,424,npi_Deva
panel1_ext,P1,nep_wikipedia_2021_100K,nep,L20,425,npi_Deva
panel1_ext,P1,nep_wikipedia_2021_100K,nep,L20,426,npi_Deva
panel1_ext,P1,nep_wikipedia_2021_100K,nep,L20,428,npi_Deva
panel1_ext,P1,nep_wikipedia_2021_100K,nep,L20,429,npi_Deva
panel1_ext,P1,nep_wikipedia_2021_100K,nep,L20,430,npi_Deva
panel1_ext,P1,nep_wikipedia_2021_100K,nep,L20,431,npi_Deva
panel1_ext,P1,nep_wikipedia_2021_100K,nep,L20,432,npi_Deva
panel1_ext,P1,nep_wikipedia_2021_100K,nep,L20,433,npi_Deva
panel1_ext,P1,nep_wikipedia_2021_100K,nep,L20,434,npi_Deva
panel1_ext,P1,nep_wikipedia_2021_100K,nep,L20,435,npi_Deva
panel1_ext,P1,nep_wikipedia_2021_100K,nep,L20,436,npi_Deva
panel1_ext,P1,nep_wikipedia_2021_100K,nep,L20,437,npi_Deva
panel1_ext,P1,nep_wikipedia_2021_100K,nep,L20,438,npi_Deva
panel1_ext,P1,nep_wikipedia_2021_100K,nep,L20,439,npi_Deva
panel1_ext,P1,nep_wikipedia_2021_100K,nep,L20,440,npi_Deva
panel1_ext,P1,nep_wikipedia_2021_100K,nep,L20,441,npi_Deva
panel1_ext,P1,nep_wikipedia_2021_100K,nep,L20,442,npi_Deva
panel1_ext,P1,nep_wikipedia_2021_100K,nep,L20,443,npi_Deva
panel1_ext,P1,nep_wikipedia_2021_100K,nep,L20,444,npi_Deva
panel1_ext,P1,nep_wikipedia_2021_100K,nep,L20,445,npi_Deva
panel1_ext,P1,nep_wikipedia_2021_100K,nep,L20,446,npi_Deva
panel1_ext,P1,nep_wikipedia_2021_100K,nep,L20,447,npi_Deva
panel1_ext,P1,nep_wikipedia_2021_100K,nep,L20,448,npi_Deva
panel1_ext,P1,nep_wikipedia_2021_100K,nep,L20,450,npi_Deva
panel1_ext,P1,nep_wikipedia_2021_100K,nep,L20,451,npi_Deva
panel1_ext,P1,nep_wikipedia_2021_100K,nep,L20,452,npi_Deva
panel1_ext,P1,nep_wikipedia_2021_100K,nep,L20,453,npi_Deva
panel1_ext,P1,nep_wikipedia_2021_100K,nep,L20,454,npi_Deva
panel1_ext,P1,nep_wikipedia_2021_100K,nep,L20,455,npi_Deva
panel1_ext,P1,nep_wikipedia_2021_100K,nep,L20,456,npi_Deva
panel1_ext,P1,nep_wikipedia_2021_100K,nep,L20,457,npi_Deva
panel1_ext,P1,nep_wikipedia_2021_100K,nep,L20,458,npi_Deva
panel1_ext,P1,nep_wikipedia_2021_100K,nep,L20,459,npi_Deva
panel1_ext,P1,nep_wikipedia_2021_100K,nep,L20,460,npi_Deva
panel1_ext,P1,nep_wikipedia_2021_100K,nep,L20,461,npi_Deva
panel1_ext,P1,nep_wikipedia_2021_100K,nep,L20,462,npi_Deva
panel1_ext,P1,nep_wikipedia_2021_100K,nep,L20,463,npi_Deva
panel1_ext,P1,nep_wikipedia_2021_100K,nep,L20,464,npi_Deva
panel1_ext,P1,nep_wikipedia_2021_100K,nep,L20,465,npi_Deva
panel1_ext,P1,nep_wikipedia_2021_100K,nep,L20,466,npi_Deva
panel1_ext,P1,nep_wikipedia_2021_100K,nep,L20,467,npi_Deva
panel1_ext,P1,nep_wikipedia_2021_100K,nep,L20,468,npi_Deva
panel1_ext,P1,nep_wikipedia_2021_100K,nep,L20,469,npi_Deva
panel1_ext,P1,nep_wikipedia_2021_100K,nep,L20,471,npi_Deva
panel1_ext,P1,nep_wikipedia_2021_100K,nep,L20,472,npi_Deva
panel1_ext,P1,nep_wikipedia_2021_100K,nep,L20,473,npi_Deva
panel1_ext,P1,nep_wikipedia_2021_100K,nep,L20,474,npi_Deva
panel1_ext,P1,nep_wikipedia_2021_100K,nep,L20,475,npi_Deva
panel1_ext,P1,nep_wikipedia_2021_100K,nep,L20,476,npi_Deva
panel1_ext,P1,nep_wikipedia_2021_100K,nep,L20,477,npi_Deva
panel1_ext,P1,nep_wikipedia_2021_100K,nep,L20,478,npi_Deva
panel1_ext,P1,nep_wikipedia_2021_100K,nep,L20,479,npi_Deva
panel1_ext,P1,nep_wikipedia_2021_100K,nep,L20,480,npi_Deva
panel1_ext,P1,nep_wikipedia_2021_100K,nep,L20,481,npi_Deva
panel1_ext,P1,nep_wikipedia_2021_100K,nep,L20,482,npi_Deva
panel1_ext,P1,nep_wikipedia_2021_100K,nep,L20,483,npi_Deva
panel1_ext,P1,nep_wikipedia_2021_100K,nep,L20,484,npi_Deva
panel1_ext,P1,nep_wikipedia_2021_100K,nep,L20,485,npi_Deva
panel1_ext,P1,nep_wikipedia_2021_100K,nep,L20,486,npi_Deva
panel1_ext,P1,nep_wikipedia_2021_100K,nep,L20,487,npi_Deva
panel1_ext,P1,nep_wikipedia_2021_100K,nep,L20,488,npi_Deva
panel1_ext,P1,nep_wikipedia_2021_100K,nep,L20,489,npi_Deva
panel1_ext,P1,nep_wikipedia_2021_100K,nep,L20,490,npi_Deva
panel1_ext,P1,nep_wikipedia_2021_100K,nep,L20,491,npi_Deva
panel1_ext,P1,nep_wikipedia_2021_100K,nep,L20,492,npi_Deva
panel1_ext,P1,nep_wikipedia_2021_100K,nep,L20,493,npi_Deva
panel1_ext,P1,nep_wikipedia_2021_100K,nep,L20,494,npi_Deva
panel1_ext,P1,nep_wikipedia_2021_100K,nep,L20,495,npi_Deva
panel1_ext,P1,nep_wikipedia_2021_100K,nep,L20,496,npi_Deva
panel1_ext,P1,nep_wikipedia_2021_100K,nep,L20,497,npi_Deva
panel1_ext,P1,nep_wikipedia_2021_100K,nep,L20,498,npi_Deva
panel1_ext,P1,nep_wikipedia_2021_100K,nep,L20,499,npi_Deva
panel1_ext,P1,nep_wikipedia_2021_100K,nep,L20,500,npi_Deva
panel1_ext,P1,nep_wikipedia_2021_100K,nep,L20,501,npi_Deva
panel1_ext,P1,nep_wikipedia_2021_100K,nep,L20,502,npi_Deva
panel1_ext,P1,nep_wikipedia_2021_100K,nep,L20,503,npi_Deva
panel1_ext,P1,nep_wikipedia_2021_100K,nep,L20,504,npi_Deva
panel1_ext,P1,nep_wikipedia_2021_100K,nep,L20,505,npi_Deva
panel1_ext,P1,nep_wikipedia_2021_100K,nep,L20,506,npi_Deva
panel1_ext,P1,nep_wikipedia_2021_100K,nep,L20,507,npi_Deva
panel1_ext,P1,nep_wikipedia_2021_100K,nep,L20,508,npi_Deva
panel1_ext,P1,nep_wikipedia_2021_100K,nep,L20,509,npi_Deva
panel1_ext,P1,nep_wikipedia_2021_100K,nep,L20,510,npi_Deva
panel1_ext,P1,nep_wikipedia_2021_100K,nep,L20,511,npi_Deva
panel1_ext,P1,nep_wikipedia_2021_100K,nep,L20,512,npi_Deva
panel1_ext,P1,nep_wikipedia_2021_100K,nep,L20,513,npi_Deva
panel1_ext,P1,nep_wikipedia_2021_100K,nep,L20,514,npi_Deva
panel1_ext,P1,nep_wikipedia_2021_100K,nep,L20,515,npi_Deva
panel1_ext,P1,nep_wikipedia_2021_100K,nep,L20,516,npi_Deva
panel1_ext,P1,nep_wikipedia_2021_100K,nep,L20,517,npi_Deva
panel1_ext,P1,nep_wikipedia_2021_100K,nep,L20,518,npi_Deva
panel1_ext,P1,nep_wikipedia_2021_100K,nep,L20,519,npi_Deva
panel1_ext,P1,nep_wikipedia_2021_100K,nep,L20,520,npi_Deva
panel1_ext,P1,nep_wikipedia_2021_100K,nep,L20,521,npi_Deva
panel1_ext,P1,nep_wikipedia_2021_100K,nep,L20,522,npi_Deva
panel1_ext,P1,nep_wikipedia_2021_100K,nep,L20,523,npi_Deva
panel1_ext,P1,nep_wikipedia_2021_100K,nep,L20,524,npi_Deva
panel1_ext,P1,nep_wikipedia_2021_100K,nep,L20,525,npi_Deva
panel1_ext,P1,nep_wikipedia_2021_100K,nep,L20,526,npi_Deva
panel1_ext,P1,nep_wikipedia_2021_100K,nep,L20,527,npi_Deva
panel1_ext,P1,nep_wikipedia_2021_100K,nep,L20,528,npi_Deva
panel1_ext,P1,nep_wikipedia_2021_100K,nep,L20,529,npi_Deva
panel1_ext,P1,nep_wikipedia_2021_100K,nep,L20,530,npi_Deva
panel1_ext,P1,nep_wikipedia_2021_100K,nep,L20,531,npi_Deva
panel1_ext,P1,nep_wikipedia_2021_100K,nep,L20,532,npi_Deva
panel1_ext,P1,nep_wikipedia_2021_100K,nep,L20,533,npi_Deva
panel1_ext,P1,nep_wikipedia_2021_100K,nep,L20,534,npi_Deva
panel1_ext,P1,nep_wikipedia_2021_100K,nep,L20,535,npi_Deva
panel1_ext,P1,nep_wikipedia_2021_100K,nep,L20,536,npi_Deva
panel1_ext,P1,nep_wikipedia_2021_100K,nep,L20,537,npi_Deva
panel1_ext,P1,nep_wikipedia_2021_100K,nep,L20,538,npi_Deva
panel1_ext,P1,nep_wikipedia_2021_100K,nep,L20,539,npi_Deva
panel1_ext,P1,nep_wikipedia_2021_100K,nep,L20,540,npi_Deva
panel1_ext,P1,nep_wikipedia_2021_100K,nep,L20,541,npi_Deva
panel1_ext,P1,nep_wikipedia_2021_100K,nep,L20,542,npi_Deva
panel1_ext,P1,nep_wikipedia_2021_100K,nep,L20,543,npi_Deva
panel1_ext,P1,nep_wikipedia_2021_100K,nep,L20,544,npi_Deva
panel1_ext,P1,nep_wikipedia_2021_100K,nep,L20,545,npi_Deva
panel1_ext,P1,nep_wikipedia_2021_100K,nep,L20,546,npi_Deva
panel1_ext,P1,nep_wikipedia_2021_100K,nep,L20,547,npi_Deva
panel1_ext,P1,nep_wikipedia_2021_100K,nep,L20,548,npi_Deva
panel1_ext,P1,nep_wikipedia_2021_100K,nep,L20,549,npi_Deva
panel1_ext,P1,nep_wikipedia_2021_100K,nep,L20,550,npi_Deva
panel1_ext,P1,nep_wikipedia_2021_100K,nep,L20,551,npi_Deva
panel1_ext,P1,nep_wikipedia_2021_100K,nep,L20,552,npi_Deva
panel1_ext,P1,nep_wikipedia_2021_100K,nep,L20,553,npi_Deva
panel1_ext,P1,nep_wikipedia_2021_100K,nep,L20,554,npi_Deva
panel1_ext,P1,nep_wikipedia_2021_100K,nep,L20,555,npi_Deva
panel1_ext,P1,nep_wikipedia_2021_100K,nep,L20,556,npi_Deva
panel1_ext,P1,nep_wikipedia_2021_100K,nep,L20,557,npi_Deva
panel1_ext,P1,nep_wikipedia_2021_100K,nep,L20,558,npi_Deva
panel1_ext,P1,nep_wikipedia_2021_100K,nep,L20,559,npi_Deva
panel1_ext,P1,nep_wikipedia_2021_100K,nep,L20,560,npi_Deva
panel1_ext,P1,nep_wikipedia_2021_100K,nep,L20,561,npi_Deva
panel1_ext,P1,nep_wikipedia_2021_100K,nep,L20,562,npi_Deva
panel1_ext,P1,nep_wikipedia_2021_100K,nep,L20,563,npi_Deva
panel1_ext,P1,nep_wikipedia_2021_100K,nep,L20,564,npi_Deva
panel1_ext,P1,nep_wikipedia_2021_100K,nep,L20,565,npi_Deva
panel1_ext,P1,nep_wikipedia_2021_100K,nep,L20,566,npi_Deva
panel1_ext,P1,nep_wikipedia_2021_100K,nep,L20,567,npi_Deva
panel1_ext,P1,nep_wikipedia_2021_100K,nep,L20,568,npi_Deva
panel1_ext,P1,nep_wikipedia_2021_100K,nep,L20,569,npi_Deva
panel1_ext,P1,nep_wikipedia_2021_100K,nep,L20,570,npi_Deva
panel1_ext,P1,nep_wikipedia_2021_100K,nep,L20,571,npi_Deva
panel1_ext,P1,nep_wikipedia_2021_100K,nep,L20,572,npi_Deva
panel1_ext,P1,nep_wikipedia_2021_100K,nep,L20,573,npi_Deva
panel1_ext,P1,nep_wikipedia_2021_100K,nep,L20,574,npi_Deva
panel1_ext,P1,nep_wikipedia_2021_100K,nep,L20,575,npi_Deva
panel1_ext,P1,nep_wikipedia_2021_100K,nep,L20,576,npi_Deva
panel1_ext,P1,nep_wikipedia_2021_100K,nep,L20,577,npi_Deva
panel1_ext,P1,nep_wikipedia_2021_100K,nep,L20,578,npi_Deva
panel1_ext,P1,nep_wikipedia_2021_100K,nep,L20,579,npi_Deva
panel1_ext,P1,nep_wikipedia_2021_100K,nep,L20,580,npi_Deva
panel1_ext,P1,nep_wikipedia_2021_100K,nep,L20,581,npi_Deva
panel1_ext,P1,nep_wikipedia_2021_100K,nep,L20,582,npi_Deva
panel1_ext,P1,nep_wikipedia_2021_100K,nep,L20,583,npi_Deva
panel1_ext,P1,nep_wikipedia_2021_100K,nep,L20,584,npi_Deva
panel1_ext,P1,nep_wikipedia_2021_100K,nep,L20,585,npi_Deva
panel1_ext,P1,nep_wikipedia_2021_100K,nep,L20,586,npi_Deva
panel1_ext,P1,nep_wikipedia_2021_100K,nep,L20,587,npi_Deva
panel1_ext,P1,nep_wikipedia_2021_100K,nep,L20,588,npi_Deva
panel1_ext,P1,nep_wikipedia_2021_100K,nep,L20,589,npi_Deva
panel1_ext,P1,nep_wikipedia_2021_100K,nep,L20,590,npi_Deva
panel1_ext,P1,nep_wikipedia_2021_100K,nep,L20,591,npi_Deva
panel1_ext,P1,nep_wikipedia_2021_100K,nep,L20,592,npi_Deva
panel1_ext,P1,nep_wikipedia_2021_100K,nep,L20,593,npi_Deva
panel1_ext,P1,nep_wikipedia_2021_100K,nep,L20,594,npi_Deva
panel1_ext,P1,nep_wikipedia_2021_100K,nep,L20,595,npi_Deva
panel1_ext,P1,nep_wikipedia_2021_100K,nep,L20,596,npi_Deva
panel1_ext,P1,nep_wikipedia_2021_100K,nep,L20,597,npi_Deva
panel1_ext,P1,nep_wikipedia_2021_100K,nep,L20,598,npi_Deva
panel1_ext,P1,nep_wikipedia_2021_100K,nep,L20,599,npi_Deva
panel1_ext,P1,nep_wikipedia_2021_100K,nep,L20,600,npi_Deva
panel1_ext,P1,nep_wikipedia_2021_100K,nep,L20,601,npi_Deva
panel1_ext,P1,nep_wikipedia_2021_100K,nep,L20,602,npi_Deva
panel1_ext,P1,nep_wikipedia_2021_100K,nep,L20,603,npi_Deva
panel1_ext,P1,nep_wikipedia_2021_100K,nep,L20,604,npi_Deva
panel1_ext,P1,nep_wikipedia_2021_100K,nep,L20,605,npi_Deva
panel1_ext,P1,nep_wikipedia_2021_100K,nep,L20,606,npi_Deva
panel1_ext,P1,nep_wikipedia_2021_100K,nep,L20,607,npi_Deva
panel1_ext,P1,nep_wikipedia_2021_100K,nep,L20,608,npi_Deva
panel1_ext,P1,nep_wikipedia_2021_100K,nep,L20,609,npi_Deva
panel1_ext,P1,nep_wikipedia_2021_100K,nep,L20,610,npi_Deva
panel1_ext,P1,nep_wikipedia_2021_100K,nep,L20,611,npi_Deva
panel1_ext,P1,nep_wikipedia_2021_100K,nep,L20,612,npi_Deva
panel1_ext,P1,nep_wikipedia_2021_100K,nep,L20,613,npi_Deva
panel1_ext,P1,nep_wikipedia_2021_100K,nep,L20,614,npi_Deva
panel1_ext,P1,nep_wikipedia_2021_100K,nep,L20,615,npi_Deva
panel1_ext,P1,nep_wikipedia_2021_100K,nep,L20,616,npi_Deva
panel1_ext,P1,nep_wikipedia_2021_100K,nep,L20,617,npi_Deva
panel1_ext,P1,nep_wikipedia_2021_100K,nep,L20,618,npi_Deva
panel1_ext,P1,nep_wikipedia_2021_100K,nep,L20,619,npi_Deva
panel1_ext,P1,nep_wikipedia_2021_100K,nep,L20,620,npi_Deva
panel1_ext,P1,nep_wikipedia_2021_100K,nep,L20,621,npi_Deva
panel1_ext,P1,nep_wikipedia_2021_100K,nep,L20,622,npi_Deva
panel1_ext,P1,nep_wikipedia_2021_100K,nep,L20,623,npi_Deva
panel1_ext,P1,nep_wikipedia_2021_100K,nep,L20,624,npi_Deva
panel1_ext,P1,nep_wikipedia_2021_100K,nep,L20,625,npi_Deva
panel1_ext,P1,nep_wikipedia_2021_100K,nep,L20,626,npi_Deva
panel1_ext,P1,nep_wikipedia_2021_100K,nep,L20,627,npi_Deva
panel1_ext,P1,nep_wikipedia_2021_100K,nep,L20,628,npi_Deva
panel1_ext,P1,nep_wikipedia_2021_100K,nep,L20,629,npi_Deva
panel1_ext,P1,nep_wikipedia_2021_100K,nep,L20,630,npi_Deva
panel1_ext,P1,nep_wikipedia_2021_100K,nep,L20,631,npi_Deva
panel1_ext,P1,nep_wikipedia_2021_100K,nep,L20,632,npi_Deva
panel1_ext,P1,nep_wikipedia_2021_100K,nep,L20,633,npi_Deva
panel1_ext,P1,nep_wikipedia_2021_100K,nep,L20,634,npi_Deva
panel1_ext,P1,nep_wikipedia_2021_100K,nep,L20,635,npi_Deva
panel1_ext,P1,nep_wikipedia_2021_100K,nep,L20,636,npi_Deva
panel1_ext,P1,nep_wikipedia_2021_100K,nep,L20,637,npi_Deva
panel1_ext,P1,nep_wikipedia_2021_100K,nep,L20,638,npi_Deva
panel1_ext,P1,nep_wikipedia_2021_100K,nep,L20,639,npi_Deva
panel1_ext,P1,nep_wikipedia_2021_100K,nep,L20,640,npi_Deva
panel1_ext,P1,nep_wikipedia_2021_100K,nep,L20,641,npi_Deva
panel1_ext,P1,nep_wikipedia_2021_100K,nep,L20,642,npi_Deva
panel1_ext,P1,nep_wikipedia_2021_100K,nep,L20,643,npi_Deva
panel1_ext,P1,nep_wikipedia_2021_100K,nep,L20,644,npi_Deva
panel1_ext,P1,nep_wikipedia_2021_100K,nep,L20,645,npi_Deva
panel1_ext,P1,nep_wikipedia_2021_100K,nep,L20,646,npi_Deva
panel1_ext,P1,nep_wikipedia_2021_100K,nep,L20,647,npi_Deva
panel1_ext,P1,nep_wikipedia_2021_100K,nep,L20,648,npi_Deva
panel1_ext,P1,nep_wikipedia_2021_100K,nep,L20,649,npi_Deva
panel1_ext,P1,nep_wikipedia_2021_100K,nep,L20,650,npi_Deva
panel1_ext,P1,nep_wikipedia_2021_100K,nep,L20,651,npi_Deva
panel1_ext,P1,nep_wikipedia_2021_100K,nep,L20,652,npi_Deva
panel1_ext,P1,nep_wikipedia_2021_100K,nep,L20,653,npi_Deva
panel1_ext,P1,nep_wikipedia_2021_100K,nep,L20,654,npi_Deva
panel1_ext,P1,nep_wikipedia_2021_100K,nep,L20,655,npi_Deva
panel1_ext,P1,nep_wikipedia_2021_100K,nep,L20,656,npi_Deva
panel1_ext,P1,nep_wikipedia_2021_100K,nep,L20,657,npi_Deva
panel1_ext,P1,nep_wikipedia_2021_100K,nep,L20,658,npi_Deva
panel1_ext,P1,nep_wikipedia_2021_100K,nep,L20,659,npi_Deva
panel1_ext,P1,nep_wikipedia_2021_100K,nep,L20,660,npi_Deva
panel1_ext,P1,nep_wikipedia_2021_100K,nep,L20,661,npi_Deva
panel1_ext,P1,nep_wikipedia_2021_100K,nep,L20,662,npi_Deva
panel1_ext,P1,nep_wikipedia_2021_100K,nep,L20,663,npi_Deva
panel1_ext,P1,nep_wikipedia_2021_100K,nep,L20,664,npi_Deva
panel1_ext,P1,nep_wikipedia_2021_100K,nep,L20,665,npi_Deva
panel1_ext,P1,nep_wikipedia_2021_100K,nep,L20,666,npi_Deva
panel1_ext,P1,nep_wikipedia_2021_100K,nep,L20,667,npi_Deva
panel1_ext,P1,nep_wikipedia_2021_100K,nep,L20,668,npi_Deva
panel1_ext,P1,nep_wikipedia_2021_100K,nep,L20,669,npi_Deva
panel1_ext,P1,nep_wikipedia_2021_100K,nep,L20,670,npi_Deva
panel1_ext,P1,nep_wikipedia_2021_100K,nep,L20,671,npi_Deva
panel1_ext,P1,nep_wikipedia_2021_100K,nep,L20,672,npi_Deva
panel1_ext,P1,nep_wikipedia_2021_100K,nep,L20,673,npi_Deva
panel1_ext,P1,nep_wikipedia_2021_100K,nep,L20,674,npi_Deva
panel1_ext,P1,nep_wikipedia_2021_100K,nep,L20,675,npi_Deva
panel1_ext,P1,nep_wikipedia_2021_100K,nep,L20,676,npi_Deva
panel1_ext,P1,nep_wikipedia_2021_100K,nep,L20,677,npi_Deva
panel1_ext,P1,nep_wikipedia_2021_100K,nep,L20,678,npi_Deva
panel1_ext,P1,nep_wikipedia_2021_100K,nep,L20,679,npi_Deva
panel1_ext,P1,nep_wikipedia_2021_100K,nep,L20,680,npi_Deva
panel1_ext,P1,nep_wikipedia_2021_100K,nep,L20,681,npi_Deva
panel1_ext,P1,nep_wikipedia_2021_100K,nep,L20,682,npi_Deva
panel1_ext,P1,nep_wikipedia_2021_100K,nep,L20,683,npi_Deva
panel1_ext,P1,nep_wikipedia_2021_100K,nep,L20,684,npi_Deva
panel1_ext,P1,nep_wikipedia_2021_100K,nep,L20,685,npi_Deva
panel1_ext,P1,nep_wikipedia_2021_100K,nep,L20,686,npi_Deva
panel1_ext,P1,nep_wikipedia_2021_100K,nep,L20,687,npi_Deva
panel1_ext,P1,nep_wikipedia_2021_100K,nep,L20,688,npi_Deva
panel1_ext,P1,nep_wikipedia_2021_100K,nep,L20,689,npi_Deva
panel1_ext,P1,nep_wikipedia_2021_100K,nep,L20,690,npi_Deva
panel1_ext,P1,nep_wikipedia_2021_100K,nep,L20,691,npi_Deva
panel1_ext,P1,nep_wikipedia_2021_100K,nep,L20,692,npi_Deva
panel1_ext,P1,nep_wikipedia_2021_100K,nep,L20,693,npi_Deva
panel1_ext,P1,nep_wikipedia_2021_100K,nep,L20,694,npi_Deva
panel1_ext,P1,nep_wikipedia_2021_100K,nep,L20,695,npi_Deva
panel1_ext,P1,nep_wikipedia_2021_100K,nep,L20,696,npi_Deva
panel1_ext,P1,nep_wikipedia_2021_100K,nep,L20,697,npi_Deva
panel1_ext,P1,nep_wikipedia_2021_100K,nep,L20,698,npi_Deva
panel1_ext,P1,nep_wikipedia_2021_100K,nep,L20,699,npi_Deva
panel1_ext,P1,nep_wikipedia_2021_100K,nep,L20,700,npi_Deva
panel1_ext,P1,nep_wikipedia_2021_100K,nep,L20,701,npi_Deva
panel1_ext,P1,nep_wikipedia_2021_100K,nep,L20,702,npi_Deva
panel1_ext,P1,nep_wikipedia_2021_100K,nep,L20,703,npi_Deva
panel1_ext,P1,nep_wikipedia_2021_100K,nep,L20,704,npi_Deva
panel1_ext,P1,nep_wikipedia_2021_100K,nep,L20,705,npi_Deva
panel1_ext,P1,nep_wikipedia_2021_100K,nep,L20,706,npi_Deva
panel1_ext,P1,nep_wikipedia_2021_100K,nep,L20,707,npi_Deva
panel1_ext,P1,nep_wikipedia_2021_100K,nep,L20,708,npi_Deva
panel1_ext,P1,nep_wikipedia_2021_100K,nep,L20,709,npi_Deva
panel1_ext,P1,nep_wikipedia_2021_100K,nep,L20,710,npi_Deva
panel1_ext,P1,nep_wikipedia_2021_100K,nep,L20,711,npi_Deva
panel1_ext,P1,nep_wikipedia_2021_100K,nep,L20,712,npi_Deva
panel1_ext,P1,nep_wikipedia_2021_100K,nep,L20,713,npi_Deva
panel1_ext,P1,nep_wikipedia_2021_100K,nep,L20,714,npi_Deva
panel1_ext,P1,nep_wikipedia_2021_100K,nep,L20,715,npi_Deva
panel1_ext,P1,nep_wikipedia_2021_100K,nep,L20,716,npi_Deva
panel1_ext,P1,nep_wikipedia_2021_100K,nep,L20,717,npi_Deva
panel1_ext,P1,nep_wikipedia_2021_100K,nep,L20,718,npi_Deva
panel1_ext,P1,nep_wikipedia_2021_100K,nep,L20,719,npi_Deva
panel1_ext,P1,nep_wikipedia_2021_100K,nep,L20,720,npi_Deva
panel1_ext,P1,nep_wikipedia_2021_100K,nep,L20,721,npi_Deva
panel1_ext,P1,nep_wikipedia_2021_100K,nep,L20,723,npi_Deva
panel1_ext,P1,nep_wikipedia_2021_100K,nep,L20,724,npi_Deva
panel1_ext,P1,nep_wikipedia_2021_100K,nep,L20,725,npi_Deva
panel1_ext,P1,nep_wikipedia_2021_100K,nep,L20,726,npi_Deva
panel1_ext,P1,nep_wikipedia_2021_100K,nep,L20,727,npi_Deva
panel1_ext,P1,nep_wikipedia_2021_100K,nep,L20,728,npi_Deva
panel1_ext,P1,nep_wikipedia_2021_100K,nep,L20,729,npi_Deva
panel1_ext,P1,nep_wikipedia_2021_100K,nep,L20,730,npi_Deva
panel1_ext,P1,nep_wikipedia_2021_100K,nep,L20,731,npi_Deva
panel1_ext,P1,nep_wikipedia_2021_100K,nep,L20,732,npi_Deva
panel1_ext,P1,nep_wikipedia_2021_100K,nep,L20,733,npi_Deva
panel1_ext,P1,nep_wikipedia_2021_100K,nep,L20,734,npi_Deva
panel1_ext,P1,nep_wikipedia_2021_100K,nep,L20,735,npi_Deva
panel1_ext,P1,nep_wikipedia_2021_100K,nep,L20,736,npi_Deva
panel1_ext,P1,nep_wikipedia_2021_100K,nep,L20,737,npi_Deva
panel1_ext,P1,nep_wikipedia_2021_100K,nep,L20,738,npi_Deva
panel1_ext,P1,nep_wikipedia_2021_100K,nep,L20,739,npi_Deva
panel1_ext,P1,nep_wikipedia_2021_100K,nep,L20,740,npi_Deva
panel1_ext,P1,nep_wikipedia_2021_100K,nep,L20,741,npi_Deva
panel1_ext,P1,nep_wikipedia_2021_100K,nep,L20,742,npi_Deva
panel1_ext,P1,nep_wikipedia_2021_100K,nep,L20,743,npi_Deva
panel1_ext,P1,nep_wikipedia_2021_100K,nep,L20,744,npi_Deva
panel1_ext,P1,nep_wikipedia_2021_100K,nep,L20,745,npi_Deva
panel1_ext,P1,nep_wikipedia_2021_100K,nep,L20,746,npi_Deva
panel1_ext,P1,nep_wikipedia_2021_100K,nep,L20,747,npi_Deva
panel1_ext,P1,nep_wikipedia_2021_100K,nep,L20,748,npi_Deva
panel1_ext,P1,nep_wikipedia_2021_100K,nep,L20,749,npi_Deva
panel1_ext,P1,nep_wikipedia_2021_100K,nep,L20,750,npi_Deva
panel1_ext,P1,nep_wikipedia_2021_100K,nep,L20,751,npi_Deva
panel1_ext,P1,nep_wikipedia_2021_100K,nep,L20,752,npi_Deva
panel1_ext,P1,nep_wikipedia_2021_100K,nep,L20,753,npi_Deva
panel1_ext,P1,nep_wikipedia_2021_100K,nep,L20,754,npi_Deva
panel1_ext,P1,nep_wikipedia_2021_100K,nep,L20,755,npi_Deva
panel1_ext,P1,nep_wikipedia_2021_100K,nep,L20,756,npi_Deva
panel1_ext,P1,nep_wikipedia_2021_100K,nep,L20,757,npi_Deva
panel1_ext,P1,nep_wikipedia_2021_100K,nep,L20,758,npi_Deva
panel1_ext,P1,nep_wikipedia_2021_100K,nep,L20,759,npi_Deva
panel1_ext,P1,nep_wikipedia_2021_100K,nep,L20,760,npi_Deva
panel1_ext,P1,nep_wikipedia_2021_100K,nep,L20,761,npi_Deva
panel1_ext,P1,nep_wikipedia_2021_100K,nep,L20,762,npi_Deva
panel1_ext,P1,nep_wikipedia_2021_100K,nep,L20,763,npi_Deva
panel1_ext,P1,nep_wikipedia_2021_100K,nep,L20,764,npi_Deva
panel1_ext,P1,nep_wikipedia_2021_100K,nep,L20,765,npi_Deva
panel1_ext,P1,nep_wikipedia_2021_100K,nep,L20,766,npi_Deva
panel1_ext,P1,nep_wikipedia_2021_100K,nep,L20,767,npi_Deva
panel1_ext,P1,nep_wikipedia_2021_100K,nep,L20,768,npi_Deva
panel1_ext,P1,nep_wikipedia_2021_100K,nep,L20,769,npi_Deva
panel1_ext,P1,nep_wikipedia_2021_100K,nep,L20,770,npi_Deva
panel1_ext,P1,nep_wikipedia_2021_100K,nep,L20,771,npi_Deva
panel1_ext,P1,nep_wikipedia_2021_100K,nep,L20,772,npi_Deva
panel1_ext,P1,nep_wikipedia_2021_100K,nep,L20,773,npi_Deva
panel1_ext,P1,nep_wikipedia_2021_100K,nep,L20,774,npi_Deva
panel1_ext,P1,nep_wikipedia_2021_100K,nep,L20,775,npi_Deva
panel1_ext,P1,nep_wikipedia_2021_100K,nep,L20,776,npi_Deva
panel1_ext,P1,nep_wikipedia_2021_100K,nep,L20,777,npi_Deva
panel1_ext,P1,nep_wikipedia_2021_100K,nep,L20,778,npi_Deva
panel1_ext,P1,nep_wikipedia_2021_100K,nep,L20,779,npi_Deva
panel1_ext,P1,nep_wikipedia_2021_100K,nep,L20,780,npi_Deva
panel1_ext,P1,nep_wikipedia_2021_100K,nep,L20,781,npi_Deva
panel1_ext,P1,nep_wikipedia_2021_100K,nep,L20,782,npi_Deva
panel1_ext,P1,nep_wikipedia_2021_100K,nep,L20,783,npi_Deva
panel1_ext,P1,nep_wikipedia_2021_100K,nep,L20,784,npi_Deva
panel1_ext,P1,nep_wikipedia_2021_100K,nep,L20,785,npi_Deva
panel1_ext,P1,nep_wikipedia_2021_100K,nep,L20,786,npi_Deva
panel1_ext,P1,nep_wikipedia_2021_100K,nep,L20,787,npi_Deva
panel1_ext,P1,nep_wikipedia_2021_100K,nep,L20,788,npi_Deva
panel1_ext,P1,nep_wikipedia_2021_100K,nep,L20,789,npi_Deva
panel1_ext,P1,nep_wikipedia_2021_100K,nep,L20,790,npi_Deva
panel1_ext,P1,nep_wikipedia_2021_100K,nep,L20,791,npi_Deva
panel1_ext,P1,nep_wikipedia_2021_100K,nep,L20,792,npi_Deva
panel1_ext,P1,nep_wikipedia_2021_100K,nep,L20,794,npi_Deva
panel1_ext,P1,nep_wikipedia_2021_100K,nep,L20,795,npi_Deva
panel1_ext,P1,nep_wikipedia_2021_100K,nep,L20,796,npi_Deva
panel1_ext,P1,nep_wikipedia_2021_100K,nep,L20,797,npi_Deva
panel1_ext,P1,nep_wikipedia_2021_100K,nep,L20,798,npi_Deva
panel1_ext,P1,nep_wikipedia_2021_100K,nep,L20,799,npi_Deva
panel1_ext,P1,nep_wikipedia_2021_100K,nep,L20,800,npi_Deva
panel1_ext,P1,nep_wikipedia_2021_100K,nep,L20,801,npi_Deva
panel1_ext,P1,nep_wikipedia_2021_100K,nep,L20,802,npi_Deva
panel1_ext,P1,nep_wikipedia_2021_100K,nep,L20,803,npi_Deva
panel1_ext,P1,nep_wikipedia_2021_100K,nep,L20,804,npi_Deva
panel1_ext,P1,nep_wikipedia_2021_100K,nep,L20,805,npi_Deva
panel1_ext,P1,nep_wikipedia_2021_100K,nep,L20,806,npi_Deva
panel1_ext,P1,nep_wikipedia_2021_100K,nep,L20,807,npi_Deva
panel1_ext,P1,nep_wikipedia_2021_100K,nep,L20,808,npi_Deva
panel1_ext,P1,nep_wikipedia_2021_100K,nep,L20,809,npi_Deva
panel1_ext,P1,nep_wikipedia_2021_100K,nep,L20,810,npi_Deva
panel1_ext,P1,nep_wikipedia_2021_100K,nep,L20,811,npi_Deva
panel1_ext,P1,nep_wikipedia_2021_100K,nep,L20,812,npi_Deva
panel1_ext,P1,nep_wikipedia_2021_100K,nep,L20,813,npi_Deva
panel1_ext,P1,nep_wikipedia_2021_100K,nep,L20,814,npi_Deva
panel1_ext,P1,nep_wikipedia_2021_100K,nep,L20,815,npi_Deva
panel1_ext,P1,nep_wikipedia_2021_100K,nep,L20,816,npi_Deva
panel1_ext,P1,nep_wikipedia_2021_100K,nep,L20,817,npi_Deva
panel1_ext,P1,nep_wikipedia_2021_100K,nep,L20,818,npi_Deva
panel1_ext,P1,nep_wikipedia_2021_100K,nep,L20,819,npi_Deva
panel1_ext,P1,nep_wikipedia_2021_100K,nep,L20,820,npi_Deva
panel1_ext,P1,nep_wikipedia_2021_100K,nep,L20,821,npi_Deva
panel1_ext,P1,nep_wikipedia_2021_100K,nep,L20,822,npi_Deva
panel1_ext,P1,nep_wikipedia_2021_100K,nep,L20,823,npi_Deva
panel1_ext,P1,nep_wikipedia_2021_100K,nep,L20,824,npi_Deva
panel1_ext,P1,nep_wikipedia_2021_100K,nep,L20,825,npi_Deva
panel1_ext,P1,nep_wikipedia_2021_100K,nep,L20,826,npi_Deva
panel1_ext,P1,nep_wikipedia_2021_100K,nep,L20,827,npi_Deva
panel1_ext,P1,nep_wikipedia_2021_100K,nep,L20,828,npi_Deva
panel1_ext,P1,nep_wikipedia_2021_100K,nep,L20,829,npi_Deva
panel1_ext,P1,nep_wikipedia_2021_100K,nep,L20,830,npi_Deva
panel1_ext,P1,nep_wikipedia_2021_100K,nep,L20,831,npi_Deva
panel1_ext,P1,nep_wikipedia_2021_100K,nep,L20,832,npi_Deva
panel1_ext,P1,nep_wikipedia_2021_100K,nep,L20,833,npi_Deva
panel1_ext,P1,nep_wikipedia_2021_100K,nep,L20,834,npi_Deva
panel1_ext,P1,nep_wikipedia_2021_100K,nep,L20,835,npi_Deva
panel1_ext,P1,nep_wikipedia_2021_100K,nep,L20,836,npi_Deva
panel1_ext,P1,nep_wikipedia_2021_100K,nep,L20,837,npi_Deva
panel1_ext,P1,nep_wikipedia_2021_100K,nep,L20,838,npi_Deva
panel1_ext,P1,nep_wikipedia_2021_100K,nep,L20,839,npi_Deva
panel1_ext,P1,nep_wikipedia_2021_100K,nep,L20,840,npi_Deva
panel1_ext,P1,nep_wikipedia_2021_100K,nep,L20,841,npi_Deva
panel1_ext,P1,nep_wikipedia_2021_100K,nep,L20,842,npi_Deva
panel1_ext,P1,nep_wikipedia_2021_100K,nep,L20,843,npi_Deva
panel1_ext,P1,nep_wikipedia_2021_100K,nep,L20,844,npi_Deva
panel1_ext,P1,nep_wikipedia_2021_100K,nep,L20,845,npi_Deva
panel1_ext,P1,nep_wikipedia_2021_100K,nep,L20,846,npi_Deva
panel1_ext,P1,nep_wikipedia_2021_100K,nep,L20,847,npi_Deva
panel1_ext,P1,nep_wikipedia_2021_100K,nep,L20,848,npi_Deva
panel1_ext,P1,nep_wikipedia_2021_100K,nep,L20,849,npi_Deva
panel1_ext,P1,nep_wikipedia_2021_100K,nep,L20,850,npi_Deva
panel1_ext,P1,nep_wikipedia_2021_100K,nep,L20,851,npi_Deva
panel1_ext,P1,nep_wikipedia_2021_100K,nep,L20,852,npi_Deva
panel1_ext,P1,nep_wikipedia_2021_100K,nep,L20,853,npi_Deva
panel1_ext,P1,nep_wikipedia_2021_100K,nep,L20,854,npi_Deva
panel1_ext,P1,nep_wikipedia_2021_100K,nep,L20,855,npi_Deva
panel1_ext,P1,nep_wikipedia_2021_100K,nep,L20,856,npi_Deva
panel1_ext,P1,nep_wikipedia_2021_100K,nep,L20,857,npi_Deva
panel1_ext,P1,nep_wikipedia_2021_100K,nep,L20,858,npi_Deva
panel1_ext,P1,nep_wikipedia_2021_100K,nep,L20,859,npi_Deva
panel1_ext,P1,nep_wikipedia_2021_100K,nep,L20,860,npi_Deva
panel1_ext,P1,nep_wikipedia_2021_100K,nep,L20,861,npi_Deva
panel1_ext,P1,nep_wikipedia_2021_100K,nep,L20,862,npi_Deva
panel1_ext,P1,nep_wikipedia_2021_100K,nep,L20,863,npi_Deva
panel1_ext,P1,nep_wikipedia_2021_100K,nep,L20,864,npi_Deva
panel1_ext,P1,nep_wikipedia_2021_100K,nep,L20,865,npi_Deva
panel1_ext,P1,nep_wikipedia_2021_100K,nep,L20,866,npi_Deva
panel1_ext,P1,nep_wikipedia_2021_100K,nep,L20,867,npi_Deva
panel1_ext,P1,nep_wikipedia_2021_100K,nep,L20,868,npi_Deva
panel1_ext,P1,nep_wikipedia_2021_100K,nep,L20,869,npi_Deva
panel1_ext,P1,nep_wikipedia_2021_100K,nep,L20,870,npi_Deva
panel1_ext,P1,nep_wikipedia_2021_100K,nep,L20,871,npi_Deva
panel1_ext,P1,nep_wikipedia_2021_100K,nep,L20,872,npi_Deva
panel1_ext,P1,nep_wikipedia_2021_100K,nep,L20,873,npi_Deva
panel1_ext,P1,nep_wikipedia_2021_100K,nep,L20,874,npi_Deva
panel1_ext,P1,nep_wikipedia_2021_100K,nep,L20,875,npi_Deva
panel1_ext,P1,nep_wikipedia_2021_100K,nep,L20,876,npi_Deva
panel1_ext,P1,nep_wikipedia_2021_100K,nep,L20,877,npi_Deva
panel1_ext,P1,nep_wikipedia_2021_100K,nep,L20,878,npi_Deva
panel1_ext,P1,nep_wikipedia_2021_100K,nep,L20,879,npi_Deva
panel1_ext,P1,nep_wikipedia_2021_100K,nep,L20,880,npi_Deva
panel1_ext,P1,nep_wikipedia_2021_100K,nep,L20,881,npi_Deva
panel1_ext,P1,nep_wikipedia_2021_100K,nep,L20,882,npi_Deva
panel1_ext,P1,nep_wikipedia_2021_100K,nep,L20,883,npi_Deva
panel1_ext,P1,nep_wikipedia_2021_100K,nep,L20,884,npi_Deva
panel1_ext,P1,nep_wikipedia_2021_100K,nep,L20,885,npi_Deva
panel1_ext,P1,nep_wikipedia_2021_100K,nep,L20,886,npi_Deva
panel1_ext,P1,nep_wikipedia_2021_100K,nep,L20,887,npi_Deva
panel1_ext,P1,nep_wikipedia_2021_100K,nep,L20,888,npi_Deva
panel1_ext,P1,nep_wikipedia_2021_100K,nep,L20,889,npi_Deva
panel1_ext,P1,nep_wikipedia_2021_100K,nep,L20,890,npi_Deva
panel1_ext,P1,nep_wikipedia_2021_100K,nep,L20,891,npi_Deva
panel1_ext,P1,nep_wikipedia_2021_100K,nep,L20,892,npi_Deva
panel1_ext,P1,nep_wikipedia_2021_100K,nep,L20,893,npi_Deva
panel1_ext,P1,nep_wikipedia_2021_100K,nep,L20,894,npi_Deva
panel1_ext,P1,nep_wikipedia_2021_100K,nep,L20,895,npi_Deva
panel1_ext,P1,nep_wikipedia_2021_100K,nep,L20,896,npi_Deva
panel1_ext,P1,nep_wikipedia_2021_100K,nep,L20,897,npi_Deva
panel1_ext,P1,nep_wikipedia_2021_100K,nep,L20,898,npi_Deva
panel1_ext,P1,nep_wikipedia_2021_100K,nep,L20,899,npi_Deva
panel1_ext,P1,nep_wikipedia_2021_100K,nep,L20,900,npi_Deva
panel1_ext,P1,nep_wikipedia_2021_100K,nep,L20,901,npi_Deva
panel1_ext,P1,nep_wikipedia_2021_100K,nep,L20,902,npi_Deva
panel1_ext,P1,nep_wikipedia_2021_100K,nep,L20,903,npi_Deva
panel1_ext,P1,nep_wikipedia_2021_100K,nep,L20,904,npi_Deva
panel1_ext,P1,nep_wikipedia_2021_100K,nep,L20,905,npi_Deva
panel1_ext,P1,nep_wikipedia_2021_100K,nep,L20,906,npi_Deva
panel1_ext,P1,nep_wikipedia_2021_100K,nep,L20,907,npi_Deva
panel1_ext,P1,nep_wikipedia_2021_100K,nep,L20,908,npi_Deva
panel1_ext,P1,nep_wikipedia_2021_100K,nep,L20,909,npi_Deva
panel1_ext,P1,nep_wikipedia_2021_100K,nep,L20,910,npi_Deva
panel1_ext,P1,nep_wikipedia_2021_100K,nep,L20,911,npi_Deva
panel1_ext,P1,nep_wikipedia_2021_100K,nep,L20,912,npi_Deva
panel1_ext,P1,nep_wikipedia_2021_100K,nep,L20,913,npi_Deva
panel1_ext,P1,nep_wikipedia_2021_100K,nep,L20,914,npi_Deva
panel1_ext,P1,nep_wikipedia_2021_100K,nep,L20,915,npi_Deva
panel1_ext,P1,nep_wikipedia_2021_100K,nep,L20,916,npi_Deva
panel1_ext,P1,nep_wikipedia_2021_100K,nep,L20,917,npi_Deva
panel1_ext,P1,nep_wikipedia_2021_100K,nep,L20,918,npi_Deva
panel1_ext,P1,nep_wikipedia_2021_100K,nep,L20,919,npi_Deva
panel1_ext,P1,nep_wikipedia_2021_100K,nep,L20,920,npi_Deva
panel1_ext,P1,nep_wikipedia_2021_100K,nep,L20,921,npi_Deva
panel1_ext,P1,nep_wikipedia_2021_100K,nep,L20,922,npi_Deva
panel1_ext,P1,nep_wikipedia_2021_100K,nep,L20,923,npi_Deva
panel1_ext,P1,nep_wikipedia_2021_100K,nep,L20,924,npi_Deva
panel1_ext,P1,nep_wikipedia_2021_100K,nep,L20,925,npi_Deva
panel1_ext,P1,nep_wikipedia_2021_100K,nep,L20,926,npi_Deva
panel1_ext,P1,nep_wikipedia_2021_100K,nep,L20,927,npi_Deva
panel1_ext,P1,nep_wikipedia_2021_100K,nep,L20,928,npi_Deva
panel1_ext,P1,nep_wikipedia_2021_100K,nep,L20,929,npi_Deva
panel1_ext,P1,nep_wikipedia_2021_100K,nep,L20,930,npi_Deva
panel1_ext,P1,nep_wikipedia_2021_100K,nep,L20,931,npi_Deva
panel1_ext,P1,nep_wikipedia_2021_100K,nep,L20,932,npi_Deva
panel1_ext,P1,nep_wikipedia_2021_100K,nep,L20,933,npi_Deva
panel1_ext,P1,nep_wikipedia_2021_100K,nep,L20,934,npi_Deva
panel1_ext,P1,nep_wikipedia_2021_100K,nep,L20,935,npi_Deva
panel1_ext,P1,nep_wikipedia_2021_100K,nep,L20,936,npi_Deva
panel1_ext,P1,nep_wikipedia_2021_100K,nep,L20,937,npi_Deva
panel1_ext,P1,nep_wikipedia_2021_100K,nep,L20,938,npi_Deva
panel1_ext,P1,nep_wikipedia_2021_100K,nep,L20,939,npi_Deva
panel1_ext,P1,nep_wikipedia_2021_100K,nep,L20,940,npi_Deva
panel1_ext,P1,nep_wikipedia_2021_100K,nep,L20,941,npi_Deva
panel1_ext,P1,nep_wikipedia_2021_100K,nep,L20,942,npi_Deva
panel1_ext,P1,nep_wikipedia_2021_100K,nep,L20,943,npi_Deva
panel1_ext,P1,nep_wikipedia_2021_100K,nep,L20,944,npi_Deva
panel1_ext,P1,nep_wikipedia_2021_100K,nep,L20,945,npi_Deva
panel1_ext,P1,nep_wikipedia_2021_100K,nep,L20,946,npi_Deva
panel1_ext,P1,nep_wikipedia_2021_100K,nep,L20,947,npi_Deva
panel1_ext,P1,nep_wikipedia_2021_100K,nep,L20,948,npi_Deva
panel1_ext,P1,nep_wikipedia_2021_100K,nep,L20,949,npi_Deva
panel1_ext,P1,nep_wikipedia_2021_100K,nep,L20,950,npi_Deva
panel1_ext,P1,nep_wikipedia_2021_100K,nep,L20,951,npi_Deva
panel1_ext,P1,nep_wikipedia_2021_100K,nep,L20,952,npi_Deva
panel1_ext,P1,nep_wikipedia_2021_100K,nep,L20,953,npi_Deva
panel1_ext,P1,nep_wikipedia_2021_100K,nep,L20,954,npi_Deva
panel1_ext,P1,nep_wikipedia_2021_100K,nep,L20,955,npi_Deva
panel1_ext,P1,nep_wikipedia_2021_100K,nep,L20,956,npi_Deva
panel1_ext,P1,nep_wikipedia_2021_100K,nep,L20,957,npi_Deva
panel1_ext,P1,nep_wikipedia_2021_100K,nep,L20,958,npi_Deva
panel1_ext,P1,nep_wikipedia_2021_100K,nep,L20,959,npi_Deva
panel1_ext,P1,nep_wikipedia_2021_100K,nep,L20,960,npi_Deva
panel1_ext,P1,nep_wikipedia_2021_100K,nep,L20,961,npi_Deva
panel1_ext,P1,nep_wikipedia_2021_100K,nep,L20,962,npi_Deva
panel1_ext,P1,nep_wikipedia_2021_100K,nep,L20,963,npi_Deva
panel1_ext,P1,nep_wikipedia_2021_100K,nep,L20,964,npi_Deva
panel1_ext,P1,nep_wikipedia_2021_100K,nep,L20,965,npi_Deva
panel1_ext,P1,nep_wikipedia_2021_100K,nep,L20,966,npi_Deva
panel1_ext,P1,nep_wikipedia_2021_100K,nep,L20,967,npi_Deva
panel1_ext,P1,nep_wikipedia_2021_100K,nep,L20,968,npi_Deva
panel1_ext,P1,nep_wikipedia_2021_100K,nep,L20,969,npi_Deva
panel1_ext,P1,nep_wikipedia_2021_100K,nep,L20,970,npi_Deva
panel1_ext,P1,nep_wikipedia_2021_100K,nep,L20,971,npi_Deva
panel1_ext,P1,nep_wikipedia_2021_100K,nep,L20,972,npi_Deva
panel1_ext,P1,nep_wikipedia_2021_100K,nep,L20,973,npi_Deva
panel1_ext,P1,nep_wikipedia_2021_100K,nep,L20,974,npi_Deva
panel1_ext,P1,nep_wikipedia_2021_100K,nep,L20,975,npi_Deva
panel1_ext,P1,nep_wikipedia_2021_100K,nep,L20,976,npi_Deva
panel1_ext,P1,nep_wikipedia_2021_100K,nep,L20,977,npi_Deva
panel1_ext,P1,nep_wikipedia_2021_100K,nep,L20,978,npi_Deva
panel1_ext,P1,nep_wikipedia_2021_100K,nep,L20,979,npi_Deva
panel1_ext,P1,nep_wikipedia_2021_100K,nep,L20,980,npi_Deva
panel1_ext,P1,nep_wikipedia_2021_100K,nep,L20,981,npi_Deva
panel1_ext,P1,nep_wikipedia_2021_100K,nep,L20,982,npi_Deva
panel1_ext,P1,nep_wikipedia_2021_100K,nep,L20,983,npi_Deva
panel1_ext,P1,nep_wikipedia_2021_100K,nep,L20,984,npi_Deva
panel1_ext,P1,nep_wikipedia_2021_100K,nep,L20,985,npi_Deva
panel1_ext,P1,nep_wikipedia_2021_100K,nep,L20,986,npi_Deva
panel1_ext,P1,nep_wikipedia_2021_100K,nep,L20,987,npi_Deva
panel1_ext,P1,nep_wikipedia_2021_100K,nep,L20,988,npi_Deva
panel1_ext,P1,nep_wikipedia_2021_100K,nep,L20,989,npi_Deva
panel1_ext,P1,nep_wikipedia_2021_100K,nep,L20,990,npi_Deva
panel1_ext,P1,nep_wikipedia_2021_100K,nep,L20,991,npi_Deva
panel1_ext,P1,nep_wikipedia_2021_100K,nep,L20,992,npi_Deva
panel1_ext,P1,nep_wikipedia_2021_100K,nep,L20,993,npi_Deva
panel1_ext,P1,nep_wikipedia_2021_100K,nep,L20,994,npi_Deva
panel1_ext,P1,nep_wikipedia_2021_100K,nep,L20,995,npi_Deva
panel1_ext,P1,nep_wikipedia_2021_100K,nep,L20,996,npi_Deva
panel1_ext,P1,nep_wikipedia_2021_100K,nep,L20,997,npi_Deva
panel1_ext,P1,nep_wikipedia_2021_100K,nep,L20,998,npi_Deva
panel1_ext,P1,nep_wikipedia_2021_100K,nep,L20,999,npi_Deva
panel1_ext,P1,nep_wikipedia_2021_100K,nep,L20,1000,npi_Deva
panel1_ext,P1,nep_wikipedia_2021_100K,nep,L20,1001,npi_Deva
panel1_ext,P1,nep_wikipedia_2021_100K,nep,L20,1002,npi_Deva
panel1_ext,P1,nep_wikipedia_2021_100K,nep,L20,1004,npi_Deva
panel1_ext,P1,nep_wikipedia_2021_100K,nep,L20,1005,npi_Deva
panel1_ext,P1,nep_wikipedia_2021_100K,nep,L20,1006,npi_Deva
panel1_ext,P1,nep_wikipedia_2021_100K,nep,L20,1007,npi_Deva
panel1_ext,P1,nep_wikipedia_2021_100K,nep,L20,1008,npi_Deva
panel1_ext,P1,nep_wikipedia_2021_100K,nep,L20,1009,npi_Deva
panel1_ext,P1,nep_wikipedia_2021_100K,nep,L20,1010,npi_Deva
panel1_ext,P1,nep_wikipedia_2021_100K,nep,L20,1011,npi_Deva
panel1_ext,P1,nep_wikipedia_2021_100K,nep,L20,1012,npi_Deva
panel1_ext,P1,nep_wikipedia_2021_100K,nep,L20,1013,npi_Deva
panel1_ext,P1,nep_wikipedia_2021_100K,nep,L20,1014,npi_Deva
panel1_ext,P1,nep_wikipedia_2021_100K,nep,L20,1015,npi_Deva
panel1_ext,P1,nep_wikipedia_2021_100K,nep,L20,1016,npi_Deva
panel1_ext,P1,nep_wikipedia_2021_100K,nep,L20,1017,npi_Deva
panel1_ext,P1,nep_wikipedia_2021_100K,nep,L20,1018,npi_Deva
panel1_ext,P1,nep_wikipedia_2021_100K,nep,L20,1019,npi_Deva
panel1_ext,P1,nep_wikipedia_2021_100K,nep,L20,1020,npi_Deva
panel1_ext,P1,nep_wikipedia_2021_100K,nep,L20,1021,npi_Deva
panel1_ext,P1,nep_wikipedia_2021_100K,nep,L20,1022,npi_Deva
panel1_ext,P1,nep_wikipedia_2021_100K,nep,L20,1023,npi_Deva
panel1_ext,P1,nep_wikipedia_2021_100K,nep,L20,1024,npi_Deva
panel1_ext,P1,nep_wikipedia_2021_100K,nep,L20,1025,npi_Deva
panel1_ext,P1,nep_wikipedia_2021_100K,nep,L20,1026,npi_Deva
panel1_ext,P1,nep_wikipedia_2021_100K,nep,L20,1027,npi_Deva
panel1_ext,P1,nep_wikipedia_2021_100K,nep,L20,1028,npi_Deva
panel1_ext,P1,nep_wikipedia_2021_100K,nep,L20,1029,npi_Deva
panel1_ext,P1,nep_wikipedia_2021_100K,nep,L20,1030,npi_Deva
panel1_ext,P1,nep_wikipedia_2021_100K,nep,L20,1031,npi_Deva
panel1_ext,P1,nep_wikipedia_2021_100K,nep,L20,1032,npi_Deva
panel1_ext,P1,nep_wikipedia_2021_100K,nep,L20,1033,npi_Deva
panel1_ext,P1,nep_wikipedia_2021_100K,nep,L20,1034,npi_Deva
panel1_ext,P1,nep_wikipedia_2021_100K,nep,L20,1035,npi_Deva
panel1_ext,P1,nep_wikipedia_2021_100K,nep,L20,1036,npi_Deva
panel1_ext,P1,nep_wikipedia_2021_100K,nep,L20,1037,npi_Deva
panel1_ext,P1,nep_wikipedia_2021_100K,nep,L20,1038,npi_Deva
panel1_ext,P1,nep_wikipedia_2021_100K,nep,L20,1039,npi_Deva
panel1_ext,P1,nep_wikipedia_2021_100K,nep,L20,1040,npi_Deva
panel1_ext,P1,nep_wikipedia_2021_100K,nep,L20,1041,npi_Deva
panel1_ext,P1,nep_wikipedia_2021_100K,nep,L20,1042,npi_Deva
panel1_ext,P1,nep_wikipedia_2021_100K,nep,L20,1043,npi_Deva
panel1_ext,P1,nep_wikipedia_2021_100K,nep,L20,1044,npi_Deva
panel1_ext,P1,nep_wikipedia_2021_100K,nep,L20,1045,npi_Deva
panel1_ext,P1,nep_wikipedia_2021_100K,nep,L20,1046,npi_Deva
panel1_ext,P1,nep_wikipedia_2021_100K,nep,L20,1047,npi_Deva
panel1_ext,P1,nep_wikipedia_2021_100K,nep,L20,1048,npi_Deva
panel1_ext,P1,nep_wikipedia_2021_100K,nep,L20,1049,npi_Deva
panel1_ext,P1,nep_wikipedia_2021_100K,nep,L20,1050,npi_Deva
panel1_ext,P1,nep_wikipedia_2021_100K,nep,L20,1051,npi_Deva
panel1_ext,P1,nep_wikipedia_2021_100K,nep,L20,1052,npi_Deva
panel1_ext,P1,nep_wikipedia_2021_100K,nep,L20,1053,npi_Deva
panel1_ext,P1,nep_wikipedia_2021_100K,nep,L20,1054,npi_Deva
panel1_ext,P1,nep_wikipedia_2021_100K,nep,L20,1055,npi_Deva
panel1_ext,P1,nep_wikipedia_2021_100K,nep,L20,1056,npi_Deva
panel1_ext,P1,nep_wikipedia_2021_100K,nep,L20,1057,npi_Deva
panel1_ext,P1,nep_wikipedia_2021_100K,nep,L20,1058,npi_Deva
panel1_ext,P1,nep_wikipedia_2021_100K,nep,L20,1059,npi_Deva
panel1_ext,P1,nep_wikipedia_2021_100K,nep,L20,1060,npi_Deva
panel1_ext,P1,nep_wikipedia_2021_100K,nep,L20,1061,npi_Deva
panel1_ext,P1,nep_wikipedia_2021_100K,nep,L20,1062,npi_Deva
panel1_ext,P1,hin_wikipedia_2021_300K,hin,L20,2,anp_Deva
panel1_ext,P1,hin_wikipedia_2021_300K,hin,L20,3,hin_Deva
panel1_ext,P1,hin_wikipedia_2021_300K,hin,L20,4,hin_Deva
panel1_ext,P1,hin_wikipedia_2021_300K,hin,L20,8,anp_Deva
panel1_ext,P1,hin_wikipedia_2021_300K,hin,L20,9,hin_Deva
panel1_ext,P1,hin_wikipedia_2021_300K,hin,L20,10,hin_Deva
panel1_ext,P1,hin_wikipedia_2021_300K,hin,L20,11,hin_Deva
panel1_ext,P1,hin_wikipedia_2021_300K,hin,L20,13,anp_Deva
panel1_ext,P1,hin_wikipedia_2021_300K,hin,L20,14,hin_Deva
panel1_ext,P1,hin_wikipedia_2021_300K,hin,L20,16,anp_Deva
panel1_ext,P1,hin_wikipedia_2021_300K,hin,L20,18,anp_Deva
panel1_ext,P1,hin_wikipedia_2021_300K,hin,L20,21,hin_Deva
panel1_ext,P1,hin_wikipedia_2021_300K,hin,L20,22,anp_Deva
panel1_ext,P1,hin_wikipedia_2021_300K,hin,L20,23,hin_Deva
panel1_ext,P1,hin_wikipedia_2021_300K,hin,L20,25,hin_Deva
panel1_ext,P1,hin_wikipedia_2021_300K,hin,L20,26,anp_Deva
panel1_ext,P1,hin_wikipedia_2021_300K,hin,L20,27,anp_Deva
panel1_ext,P1,hin_wikipedia_2021_300K,hin,L20,28,anp_Deva
panel1_ext,P1,hin_wikipedia_2021_300K,hin,L20,29,hin_Deva
panel1_ext,P1,hin_wikipedia_2021_300K,hin,L20,30,hin_Deva
panel1_ext,P1,hin_wikipedia_2021_300K,hin,L20,31,hin_Deva
panel1_ext,P1,hin_wikipedia_2021_300K,hin,L20,32,hin_Deva
panel1_ext,P1,hin_wikipedia_2021_300K,hin,L20,34,hin_Deva
panel1_ext,P1,hin_wikipedia_2021_300K,hin,L20,35,anp_Deva
panel1_ext,P1,hin_wikipedia_2021_300K,hin,L20,37,hin_Deva
panel1_ext,P1,hin_wikipedia_2021_300K,hin,L20,39,hin_Deva
panel1_ext,P1,hin_wikipedia_2021_300K,hin,L20,40,hin_Deva
panel1_ext,P1,hin_wikipedia_2021_300K,hin,L20,41,hin_Deva
panel1_ext,P1,hin_wikipedia_2021_300K,hin,L20,43,hin_Deva
panel1_ext,P1,hin_wikipedia_2021_300K,hin,L20,44,hin_Deva
panel1_ext,P1,hin_wikipedia_2021_300K,hin,L20,47,anp_Deva
panel1_ext,P1,hin_wikipedia_2021_300K,hin,L20,48,hin_Deva
panel1_ext,P1,hin_wikipedia_2021_300K,hin,L20,49,anp_Deva
panel1_ext,P1,hin_wikipedia_2021_300K,hin,L20,51,hin_Deva
panel1_ext,P1,hin_wikipedia_2021_300K,hin,L20,52,hin_Deva
panel1_ext,P1,hin_wikipedia_2021_300K,hin,L20,53,anp_Deva
panel1_ext,P1,hin_wikipedia_2021_300K,hin,L20,55,hin_Deva
panel1_ext,P1,hin_wikipedia_2021_300K,hin,L20,56,hin_Deva
panel1_ext,P1,hin_wikipedia_2021_300K,hin,L20,57,anp_Deva
panel1_ext,P1,hin_wikipedia_2021_300K,hin,L20,60,anp_Deva
panel1_ext,P1,hin_wikipedia_2021_300K,hin,L20,65,hin_Deva
panel1_ext,P1,hin_wikipedia_2021_300K,hin,L20,68,hin_Deva
panel1_ext,P1,hin_wikipedia_2021_300K,hin,L20,69,hin_Deva
panel1_ext,P1,hin_wikipedia_2021_300K,hin,L20,73,hin_Deva
panel1_ext,P1,hin_wikipedia_2021_300K,hin,L20,76,anp_Deva
panel1_ext,P1,hin_wikipedia_2021_300K,hin,L20,79,hin_Deva
panel1_ext,P1,hin_wikipedia_2021_300K,hin,L20,80,hin_Deva
panel1_ext,P1,hin_wikipedia_2021_300K,hin,L20,82,anp_Deva
panel1_ext,P1,hin_wikipedia_2021_300K,hin,L20,83,anp_Deva
panel1_ext,P1,hin_wikipedia_2021_300K,hin,L20,85,anp_Deva
panel1_ext,P1,hin_wikipedia_2021_300K,hin,L20,86,hin_Deva
panel1_ext,P1,hin_wikipedia_2021_300K,hin,L20,87,anp_Deva
panel1_ext,P1,hin_wikipedia_2021_300K,hin,L20,88,anp_Deva
panel1_ext,P1,hin_wikipedia_2021_300K,hin,L20,89,hin_Deva
panel1_ext,P1,hin_wikipedia_2021_300K,hin,L20,90,hin_Deva
panel1_ext,P1,hin_wikipedia_2021_300K,hin,L20,91,hin_Deva
panel1_ext,P1,hin_wikipedia_2021_300K,hin,L20,92,anp_Deva
panel1_ext,P1,hin_wikipedia_2021_300K,hin,L20,93,hin_Deva
panel1_ext,P1,hin_wikipedia_2021_300K,hin,L20,95,anp_Deva
panel1_ext,P1,hin_wikipedia_2021_300K,hin,L20,97,hin_Deva
panel1_ext,P1,hin_wikipedia_2021_300K,hin,L20,98,anp_Deva
panel1_ext,P1,hin_wikipedia_2021_300K,hin,L20,100,anp_Deva
panel1_ext,P1,hin_wikipedia_2021_300K,hin,L20,101,hin_Deva
panel1_ext,P1,hin_wikipedia_2021_300K,hin,L20,103,hin_Deva
panel1_ext,P1,hin_wikipedia_2021_300K,hin,L20,104,hin_Deva
panel1_ext,P1,hin_wikipedia_2021_300K,hin,L20,106,hin_Deva
panel1_ext,P1,hin_wikipedia_2021_300K,hin,L20,107,hin_Deva
panel1_ext,P1,hin_wikipedia_2021_300K,hin,L20,108,hin_Deva
panel1_ext,P1,hin_wikipedia_2021_300K,hin,L20,110,hin_Deva
panel1_ext,P1,hin_wikipedia_2021_300K,hin,L20,111,hin_Deva
panel1_ext,P1,hin_wikipedia_2021_300K,hin,L20,112,hin_Deva
panel1_ext,P1,hin_wikipedia_2021_300K,hin,L20,113,anp_Deva
panel1_ext,P1,hin_wikipedia_2021_300K,hin,L20,114,hin_Deva
panel1_ext,P1,hin_wikipedia_2021_300K,hin,L20,116,anp_Deva
panel1_ext,P1,hin_wikipedia_2021_300K,hin,L20,118,hin_Deva
panel1_ext,P1,hin_wikipedia_2021_300K,hin,L20,119,hin_Deva
panel1_ext,P1,hin_wikipedia_2021_300K,hin,L20,120,anp_Deva
panel1_ext,P1,hin_wikipedia_2021_300K,hin,L20,121,hin_Deva
panel1_ext,P1,hin_wikipedia_2021_300K,hin,L20,122,anp_Deva
panel1_ext,P1,hin_wikipedia_2021_300K,hin,L20,123,anp_Deva
panel1_ext,P1,hin_wikipedia_2021_300K,hin,L20,124,hin_Deva
panel1_ext,P1,hin_wikipedia_2021_300K,hin,L20,125,anp_Deva
panel1_ext,P1,hin_wikipedia_2021_300K,hin,L20,126,hin_Deva
panel1_ext,P1,hin_wikipedia_2021_300K,hin,L20,128,hin_Deva
panel1_ext,P1,hin_wikipedia_2021_300K,hin,L20,131,anp_Deva
panel1_ext,P1,hin_wikipedia_2021_300K,hin,L20,132,anp_Deva
panel1_ext,P1,hin_wikipedia_2021_300K,hin,L20,133,hin_Deva
panel1_ext,P1,hin_wikipedia_2021_300K,hin,L20,134,anp_Deva
panel1_ext,P1,hin_wikipedia_2021_300K,hin,L20,135,hin_Deva
panel1_ext,P1,hin_wikipedia_2021_300K,hin,L20,136,anp_Deva
panel1_ext,P1,hin_wikipedia_2021_300K,hin,L20,138,hin_Deva
panel1_ext,P1,hin_wikipedia_2021_300K,hin,L20,139,anp_Deva
panel1_ext,P1,hin_wikipedia_2021_300K,hin,L20,140,hin_Deva
panel1_ext,P1,hin_wikipedia_2021_300K,hin,L20,142,hin_Deva
panel1_ext,P1,hin_wikipedia_2021_300K,hin,L20,143,anp_Deva
panel1_ext,P1,hin_wikipedia_2021_300K,hin,L20,144,anp_Deva
panel1_ext,P1,hin_wikipedia_2021_300K,hin,L20,145,hin_Deva
panel1_ext,P1,hin_wikipedia_2021_300K,hin,L20,146,hin_Deva
panel1_ext,P1,hin_wikipedia_2021_300K,hin,L20,147,anp_Deva
panel1_ext,P1,hin_wikipedia_2021_300K,hin,L20,148,hin_Deva
panel1_ext,P1,hin_wikipedia_2021_300K,hin,L20,149,anp_Deva
panel1_ext,P1,hin_wikipedia_2021_300K,hin,L20,150,anp_Deva
panel1_ext,P1,hin_wikipedia_2021_300K,hin,L20,151,anp_Deva
panel1_ext,P1,hin_wikipedia_2021_300K,hin,L20,153,hin_Deva
panel1_ext,P1,hin_wikipedia_2021_300K,hin,L20,155,hin_Deva
panel1_ext,P1,hin_wikipedia_2021_300K,hin,L20,156,hin_Deva
panel1_ext,P1,hin_wikipedia_2021_300K,hin,L20,158,hin_Deva
panel1_ext,P1,hin_wikipedia_2021_300K,hin,L20,159,hin_Deva
panel1_ext,P1,hin_wikipedia_2021_300K,hin,L20,160,hin_Deva
panel1_ext,P1,hin_wikipedia_2021_300K,hin,L20,161,hin_Deva
panel1_ext,P1,hin_wikipedia_2021_300K,hin,L20,164,anp_Deva
panel1_ext,P1,hin_wikipedia_2021_300K,hin,L20,165,hin_Deva
panel1_ext,P1,hin_wikipedia_2021_300K,hin,L20,166,hin_Deva
panel1_ext,P1,hin_wikipedia_2021_300K,hin,L20,167,hin_Deva
panel1_ext,P1,hin_wikipedia_2021_300K,hin,L20,168,hin_Deva
panel1_ext,P1,hin_wikipedia_2021_300K,hin,L20,169,hin_Deva
panel1_ext,P1,hin_wikipedia_2021_300K,hin,L20,170,anp_Deva
panel1_ext,P1,hin_wikipedia_2021_300K,hin,L20,172,anp_Deva
panel1_ext,P1,hin_wikipedia_2021_300K,hin,L20,173,hin_Deva
panel1_ext,P1,hin_wikipedia_2021_300K,hin,L20,174,hin_Deva
panel1_ext,P1,hin_wikipedia_2021_300K,hin,L20,176,hin_Deva
panel1_ext,P1,hin_wikipedia_2021_300K,hin,L20,177,hin_Deva
panel1_ext,P1,hin_wikipedia_2021_300K,hin,L20,178,hin_Deva
panel1_ext,P1,hin_wikipedia_2021_300K,hin,L20,179,hin_Deva
panel1_ext,P1,hin_wikipedia_2021_300K,hin,L20,180,hin_Deva
panel1_ext,P1,hin_wikipedia_2021_300K,hin,L20,183,anp_Deva
panel1_ext,P1,hin_wikipedia_2021_300K,hin,L20,184,anp_Deva
panel1_ext,P1,hin_wikipedia_2021_300K,hin,L20,185,anp_Deva
panel1_ext,P1,hin_wikipedia_2021_300K,hin,L20,187,hin_Deva
panel1_ext,P1,hin_wikipedia_2021_300K,hin,L20,188,hin_Deva
panel1_ext,P1,hin_wikipedia_2021_300K,hin,L20,190,hin_Deva
panel1_ext,P1,hin_wikipedia_2021_300K,hin,L20,192,hin_Deva
panel1_ext,P1,hin_wikipedia_2021_300K,hin,L20,194,anp_Deva
panel1_ext,P1,hin_wikipedia_2021_300K,hin,L20,196,anp_Deva
panel1_ext,P1,hin_wikipedia_2021_300K,hin,L20,198,hin_Deva
panel1_ext,P1,hin_wikipedia_2021_300K,hin,L20,199,anp_Deva
panel1_ext,P1,hin_wikipedia_2021_300K,hin,L20,200,anp_Deva
panel1_ext,P1,hin_wikipedia_2021_300K,hin,L20,202,hin_Deva
panel1_ext,P1,hin_wikipedia_2021_300K,hin,L20,204,anp_Deva
panel1_ext,P1,hin_wikipedia_2021_300K,hin,L20,205,hin_Deva
panel1_ext,P1,hin_wikipedia_2021_300K,hin,L20,207,hin_Deva
panel1_ext,P1,hin_wikipedia_2021_300K,hin,L20,208,hin_Deva
panel1_ext,P1,hin_wikipedia_2021_300K,hin,L20,209,hin_Deva
panel1_ext,P1,hin_wikipedia_2021_300K,hin,L20,217,hin_Deva
panel1_ext,P1,hin_wikipedia_2021_300K,hin,L20,218,hin_Deva
panel1_ext,P1,hin_wikipedia_2021_300K,hin,L20,221,anp_Deva
panel1_ext,P1,hin_wikipedia_2021_300K,hin,L20,222,anp_Deva
panel1_ext,P1,hin_wikipedia_2021_300K,hin,L20,223,hin_Deva
panel1_ext,P1,hin_wikipedia_2021_300K,hin,L20,225,hin_Deva
panel1_ext,P1,hin_wikipedia_2021_300K,hin,L20,226,hin_Deva
panel1_ext,P1,hin_wikipedia_2021_300K,hin,L20,228,hin_Deva
panel1_ext,P1,hin_wikipedia_2021_300K,hin,L20,229,anp_Deva
panel1_ext,P1,hin_wikipedia_2021_300K,hin,L20,230,anp_Deva
panel1_ext,P1,hin_wikipedia_2021_300K,hin,L20,231,anp_Deva
panel1_ext,P1,hin_wikipedia_2021_300K,hin,L20,232,anp_Deva
panel1_ext,P1,hin_wikipedia_2021_300K,hin,L20,233,hin_Deva
panel1_ext,P1,hin_wikipedia_2021_300K,hin,L20,234,anp_Deva
panel1_ext,P1,hin_wikipedia_2021_300K,hin,L20,235,anp_Deva
panel1_ext,P1,hin_wikipedia_2021_300K,hin,L20,237,anp_Deva
panel1_ext,P1,hin_wikipedia_2021_300K,hin,L20,241,anp_Deva
panel1_ext,P1,hin_wikipedia_2021_300K,hin,L20,245,anp_Deva
panel1_ext,P1,hin_wikipedia_2021_300K,hin,L20,246,hin_Deva
panel1_ext,P1,hin_wikipedia_2021_300K,hin,L20,249,hin_Deva
panel1_ext,P1,hin_wikipedia_2021_300K,hin,L20,251,hin_Deva
panel1_ext,P1,hin_wikipedia_2021_300K,hin,L20,252,hin_Deva
panel1_ext,P1,hin_wikipedia_2021_300K,hin,L20,253,hin_Deva
panel1_ext,P1,hin_wikipedia_2021_300K,hin,L20,255,hin_Deva
panel1_ext,P1,hin_wikipedia_2021_300K,hin,L20,257,hin_Deva
panel1_ext,P1,hin_wikipedia_2021_300K,hin,L20,258,anp_Deva
panel1_ext,P1,hin_wikipedia_2021_300K,hin,L20,259,hin_Deva
panel1_ext,P1,hin_wikipedia_2021_300K,hin,L20,260,hin_Deva
panel1_ext,P1,hin_wikipedia_2021_300K,hin,L20,261,anp_Deva
panel1_ext,P1,hin_wikipedia_2021_300K,hin,L20,263,hin_Deva
panel1_ext,P1,hin_wikipedia_2021_300K,hin,L20,264,hin_Deva
panel1_ext,P1,hin_wikipedia_2021_300K,hin,L20,266,anp_Deva
panel1_ext,P1,hin_wikipedia_2021_300K,hin,L20,267,hin_Deva
panel1_ext,P1,hin_wikipedia_2021_300K,hin,L20,268,hin_Deva
panel1_ext,P1,hin_wikipedia_2021_300K,hin,L20,269,hin_Deva
panel1_ext,P1,hin_wikipedia_2021_300K,hin,L20,270,anp_Deva
panel1_ext,P1,hin_wikipedia_2021_300K,hin,L20,272,hin_Deva
panel1_ext,P1,hin_wikipedia_2021_300K,hin,L20,273,hin_Deva
panel1_ext,P1,hin_wikipedia_2021_300K,hin,L20,274,anp_Deva
panel1_ext,P1,hin_wikipedia_2021_300K,hin,L20,275,anp_Deva
panel1_ext,P1,hin_wikipedia_2021_300K,hin,L20,279,hin_Deva
panel1_ext,P1,hin_wikipedia_2021_300K,hin,L20,281,hin_Deva
panel1_ext,P1,hin_wikipedia_2021_300K,hin,L20,283,anp_Deva
panel1_ext,P1,hin_wikipedia_2021_300K,hin,L20,284,hin_Deva
panel1_ext,P1,hin_wikipedia_2021_300K,hin,L20,285,anp_Deva
panel1_ext,P1,hin_wikipedia_2021_300K,hin,L20,286,hin_Deva
panel1_ext,P1,hin_wikipedia_2021_300K,hin,L20,289,anp_Deva
panel1_ext,P1,hin_wikipedia_2021_300K,hin,L20,291,hin_Deva
panel1_ext,P1,hin_wikipedia_2021_300K,hin,L20,293,hin_Deva
panel1_ext,P1,hin_wikipedia_2021_300K,hin,L20,297,hin_Deva
panel1_ext,P1,hin_wikipedia_2021_300K,hin,L20,298,anp_Deva
panel1_ext,P1,hin_wikipedia_2021_300K,hin,L20,299,anp_Deva
panel1_ext,P1,hin_wikipedia_2021_300K,hin,L20,303,anp_Deva
panel1_ext,P1,hin_wikipedia_2021_300K,hin,L20,305,anp_Deva
panel1_ext,P1,hin_wikipedia_2021_300K,hin,L20,306,anp_Deva
panel1_ext,P1,hin_wikipedia_2021_300K,hin,L20,307,hin_Deva
panel1_ext,P1,hin_wikipedia_2021_300K,hin,L20,308,hin_Deva
panel1_ext,P1,hin_wikipedia_2021_300K,hin,L20,309,hin_Deva
panel1_ext,P1,hin_wikipedia_2021_300K,hin,L20,310,hin_Deva
panel1_ext,P1,hin_wikipedia_2021_300K,hin,L20,313,hin_Deva
panel1_ext,P1,hin_wikipedia_2021_300K,hin,L20,315,hin_Deva
panel1_ext,P1,hin_wikipedia_2021_300K,hin,L20,316,anp_Deva
panel1_ext,P1,hin_wikipedia_2021_300K,hin,L20,318,anp_Deva
panel1_ext,P1,hin_wikipedia_2021_300K,hin,L20,319,hin_Deva
panel1_ext,P1,hin_wikipedia_2021_300K,hin,L20,322,anp_Deva
panel1_ext,P1,hin_wikipedia_2021_300K,hin,L20,323,anp_Deva
panel1_ext,P1,hin_wikipedia_2021_300K,hin,L20,324,anp_Deva
panel1_ext,P1,hin_wikipedia_2021_300K,hin,L20,326,hin_Deva
panel1_ext,P1,hin_wikipedia_2021_300K,hin,L20,331,anp_Deva
panel1_ext,P1,hin_wikipedia_2021_300K,hin,L20,335,hin_Deva
panel1_ext,P1,hin_wikipedia_2021_300K,hin,L20,336,hin_Deva
panel1_ext,P1,hin_wikipedia_2021_300K,hin,L20,337,anp_Deva
panel1_ext,P1,hin_wikipedia_2021_300K,hin,L20,338,anp_Deva
panel1_ext,P1,hin_wikipedia_2021_300K,hin,L20,339,anp_Deva
panel1_ext,P1,hin_wikipedia_2021_300K,hin,L20,340,hin_Deva
panel1_ext,P1,hin_wikipedia_2021_300K,hin,L20,341,anp_Deva
panel1_ext,P1,hin_wikipedia_2021_300K,hin,L20,343,hin_Deva
panel1_ext,P1,hin_wikipedia_2021_300K,hin,L20,344,anp_Deva
panel1_ext,P1,hin_wikipedia_2021_300K,hin,L20,345,hin_Deva
panel1_ext,P1,hin_wikipedia_2021_300K,hin,L20,348,hin_Deva
panel1_ext,P1,hin_wikipedia_2021_300K,hin,L20,349,hin_Deva
panel1_ext,P1,hin_wikipedia_2021_300K,hin,L20,352,anp_Deva
panel1_ext,P1,hin_wikipedia_2021_300K,hin,L20,353,hin_Deva
panel1_ext,P1,hin_wikipedia_2021_300K,hin,L20,354,hin_Deva
panel1_ext,P1,hin_wikipedia_2021_300K,hin,L20,355,anp_Deva
panel1_ext,P1,hin_wikipedia_2021_300K,hin,L20,356,anp_Deva
panel1_ext,P1,hin_wikipedia_2021_300K,hin,L20,360,hin_Deva
panel1_ext,P1,hin_wikipedia_2021_300K,hin,L20,361,anp_Deva
panel1_ext,P1,hin_wikipedia_2021_300K,hin,L20,362,anp_Deva
panel1_ext,P1,hin_wikipedia_2021_300K,hin,L20,363,anp_Deva
panel1_ext,P1,hin_wikipedia_2021_300K,hin,L20,365,anp_Deva
panel1_ext,P1,hin_wikipedia_2021_300K,hin,L20,366,anp_Deva
panel1_ext,P1,hin_wikipedia_2021_300K,hin,L20,367,hin_Deva
panel1_ext,P1,hin_wikipedia_2021_300K,hin,L20,368,hin_Deva
panel1_ext,P1,hin_wikipedia_2021_300K,hin,L20,369,hin_Deva
panel1_ext,P1,hin_wikipedia_2021_300K,hin,L20,371,hin_Deva
panel1_ext,P1,hin_wikipedia_2021_300K,hin,L20,372,hin_Deva
panel1_ext,P1,hin_wikipedia_2021_300K,hin,L20,373,anp_Deva
panel1_ext,P1,hin_wikipedia_2021_300K,hin,L20,375,anp_Deva
panel1_ext,P1,hin_wikipedia_2021_300K,hin,L20,376,hin_Deva
panel1_ext,P1,hin_wikipedia_2021_300K,hin,L20,377,anp_Deva
panel1_ext,P1,hin_wikipedia_2021_300K,hin,L20,379,anp_Deva
panel1_ext,P1,hin_wikipedia_2021_300K,hin,L20,380,hin_Deva
panel1_ext,P1,hin_wikipedia_2021_300K,hin,L20,381,anp_Deva
panel1_ext,P1,hin_wikipedia_2021_300K,hin,L20,383,hin_Deva
panel1_ext,P1,hin_wikipedia_2021_300K,hin,L20,384,anp_Deva
panel1_ext,P1,hin_wikipedia_2021_300K,hin,L20,385,anp_Deva
panel1_ext,P1,hin_wikipedia_2021_300K,hin,L20,386,anp_Deva
panel1_ext,P1,hin_wikipedia_2021_300K,hin,L20,388,hin_Deva
panel1_ext,P1,hin_wikipedia_2021_300K,hin,L20,392,hin_Deva
panel1_ext,P1,hin_wikipedia_2021_300K,hin,L20,393,anp_Deva
panel1_ext,P1,hin_wikipedia_2021_300K,hin,L20,394,hin_Deva
panel1_ext,P1,hin_wikipedia_2021_300K,hin,L20,397,hin_Deva
panel1_ext,P1,hin_wikipedia_2021_300K,hin,L20,399,hin_Deva
panel1_ext,P1,hin_wikipedia_2021_300K,hin,L20,402,hin_Deva
panel1_ext,P1,hin_wikipedia_2021_300K,hin,L20,403,anp_Deva
panel1_ext,P1,hin_wikipedia_2021_300K,hin,L20,406,anp_Deva
panel1_ext,P1,hin_wikipedia_2021_300K,hin,L20,408,hin_Deva
panel1_ext,P1,hin_wikipedia_2021_300K,hin,L20,410,hin_Deva
panel1_ext,P1,hin_wikipedia_2021_300K,hin,L20,411,hin_Deva
panel1_ext,P1,hin_wikipedia_2021_300K,hin,L20,412,anp_Deva
panel1_ext,P1,hin_wikipedia_2021_300K,hin,L20,413,hin_Deva
panel1_ext,P1,hin_wikipedia_2021_300K,hin,L20,415,hin_Deva
panel1_ext,P1,hin_wikipedia_2021_300K,hin,L20,416,anp_Deva
panel1_ext,P1,hin_wikipedia_2021_300K,hin,L20,417,hin_Deva
panel1_ext,P1,hin_wikipedia_2021_300K,hin,L20,418,anp_Deva
panel1_ext,P1,hin_wikipedia_2021_300K,hin,L20,419,anp_Deva
panel1_ext,P1,hin_wikipedia_2021_300K,hin,L20,420,hin_Deva
panel1_ext,P1,hin_wikipedia_2021_300K,hin,L20,422,hin_Deva
panel1_ext,P1,hin_wikipedia_2021_300K,hin,L20,425,anp_Deva
panel1_ext,P1,hin_wikipedia_2021_300K,hin,L20,426,hin_Deva
panel1_ext,P1,hin_wikipedia_2021_300K,hin,L20,427,hin_Deva
panel1_ext,P1,hin_wikipedia_2021_300K,hin,L20,428,hin_Deva
panel1_ext,P1,hin_wikipedia_2021_300K,hin,L20,429,hin_Deva
panel1_ext,P1,hin_wikipedia_2021_300K,hin,L20,430,hin_Deva
panel1_ext,P1,hin_wikipedia_2021_300K,hin,L20,431,hin_Deva
panel1_ext,P1,hin_wikipedia_2021_300K,hin,L20,435,anp_Deva
panel1_ext,P1,hin_wikipedia_2021_300K,hin,L20,436,hin_Deva
panel1_ext,P1,hin_wikipedia_2021_300K,hin,L20,437,anp_Deva
panel1_ext,P1,hin_wikipedia_2021_300K,hin,L20,438,anp_Deva
panel1_ext,P1,hin_wikipedia_2021_300K,hin,L20,439,hin_Deva
panel1_ext,P1,hin_wikipedia_2021_300K,hin,L20,440,anp_Deva
panel1_ext,P1,hin_wikipedia_2021_300K,hin,L20,441,hin_Deva
panel1_ext,P1,hin_wikipedia_2021_300K,hin,L20,442,anp_Deva
panel1_ext,P1,hin_wikipedia_2021_300K,hin,L20,443,hin_Deva
panel1_ext,P1,hin_wikipedia_2021_300K,hin,L20,444,hin_Deva
panel1_ext,P1,hin_wikipedia_2021_300K,hin,L20,445,hin_Deva
panel1_ext,P1,hin_wikipedia_2021_300K,hin,L20,446,anp_Deva
panel1_ext,P1,hin_wikipedia_2021_300K,hin,L20,448,anp_Deva
panel1_ext,P1,hin_wikipedia_2021_300K,hin,L20,451,anp_Deva
panel1_ext,P1,hin_wikipedia_2021_300K,hin,L20,452,anp_Deva
panel1_ext,P1,hin_wikipedia_2021_300K,hin,L20,456,hin_Deva
panel1_ext,P1,hin_wikipedia_2021_300K,hin,L20,457,anp_Deva
panel1_ext,P1,hin_wikipedia_2021_300K,hin,L20,460,anp_Deva
panel1_ext,P1,hin_wikipedia_2021_300K,hin,L20,461,hin_Deva
panel1_ext,P1,hin_wikipedia_2021_300K,hin,L20,462,anp_Deva
panel1_ext,P1,hin_wikipedia_2021_300K,hin,L20,463,hin_Deva
panel1_ext,P1,hin_wikipedia_2021_300K,hin,L20,466,hin_Deva
panel1_ext,P1,hin_wikipedia_2021_300K,hin,L20,467,anp_Deva
panel1_ext,P1,hin_wikipedia_2021_300K,hin,L20,468,hin_Deva
panel1_ext,P1,hin_wikipedia_2021_300K,hin,L20,469,anp_Deva
panel1_ext,P1,hin_wikipedia_2021_300K,hin,L20,471,hin_Deva
panel1_ext,P1,hin_wikipedia_2021_300K,hin,L20,472,hin_Deva
panel1_ext,P1,hin_wikipedia_2021_300K,hin,L20,474,anp_Deva
panel1_ext,P1,hin_wikipedia_2021_300K,hin,L20,475,hin_Deva
panel1_ext,P1,hin_wikipedia_2021_300K,hin,L20,476,hin_Deva
panel1_ext,P1,hin_wikipedia_2021_300K,hin,L20,477,hin_Deva
panel1_ext,P1,hin_wikipedia_2021_300K,hin,L20,478,anp_Deva
panel1_ext,P1,hin_wikipedia_2021_300K,hin,L20,480,anp_Deva
panel1_ext,P1,hin_wikipedia_2021_300K,hin,L20,482,anp_Deva
panel1_ext,P1,hin_wikipedia_2021_300K,hin,L20,483,hin_Deva
panel1_ext,P1,hin_wikipedia_2021_300K,hin,L20,484,hin_Deva
panel1_ext,P1,hin_wikipedia_2021_300K,hin,L20,485,hin_Deva
panel1_ext,P1,hin_wikipedia_2021_300K,hin,L20,486,hin_Deva
panel1_ext,P1,hin_wikipedia_2021_300K,hin,L20,487,anp_Deva
panel1_ext,P1,hin_wikipedia_2021_300K,hin,L20,488,hin_Deva
panel1_ext,P1,hin_wikipedia_2021_300K,hin,L20,489,hin_Deva
panel1_ext,P1,hin_wikipedia_2021_300K,hin,L20,490,hin_Deva
panel1_ext,P1,hin_wikipedia_2021_300K,hin,L20,491,hin_Deva
panel1_ext,P1,hin_wikipedia_2021_300K,hin,L20,493,anp_Deva
panel1_ext,P1,hin_wikipedia_2021_300K,hin,L20,495,anp_Deva
panel1_ext,P1,hin_wikipedia_2021_300K,hin,L20,496,hin_Deva
panel1_ext,P1,hin_wikipedia_2021_300K,hin,L20,497,hin_Deva
panel1_ext,P1,hin_wikipedia_2021_300K,hin,L20,498,hin_Deva
panel1_ext,P1,hin_wikipedia_2021_300K,hin,L20,502,hin_Deva
panel1_ext,P1,hin_wikipedia_2021_300K,hin,L20,503,anp_Deva
panel1_ext,P1,hin_wikipedia_2021_300K,hin,L20,505,hin_Deva
panel1_ext,P1,hin_wikipedia_2021_300K,hin,L20,507,anp_Deva
panel1_ext,P1,hin_wikipedia_2021_300K,hin,L20,509,hin_Deva
panel1_ext,P1,hin_wikipedia_2021_300K,hin,L20,510,hin_Deva
panel1_ext,P1,hin_wikipedia_2021_300K,hin,L20,511,anp_Deva
panel1_ext,P1,hin_wikipedia_2021_300K,hin,L20,512,anp_Deva
panel1_ext,P1,hin_wikipedia_2021_300K,hin,L20,515,anp_Deva
panel1_ext,P1,hin_wikipedia_2021_300K,hin,L20,517,anp_Deva
panel1_ext,P1,hin_wikipedia_2021_300K,hin,L20,520,hin_Deva
panel1_ext,P1,hin_wikipedia_2021_300K,hin,L20,521,anp_Deva
panel1_ext,P1,hin_wikipedia_2021_300K,hin,L20,522,anp_Deva
panel1_ext,P1,hin_wikipedia_2021_300K,hin,L20,523,hin_Deva
panel1_ext,P1,hin_wikipedia_2021_300K,hin,L20,527,hin_Deva
panel1_ext,P1,hin_wikipedia_2021_300K,hin,L20,528,hin_Deva
panel1_ext,P1,hin_wikipedia_2021_300K,hin,L20,530,hin_Deva
panel1_ext,P1,hin_wikipedia_2021_300K,hin,L20,531,hin_Deva
panel1_ext,P1,hin_wikipedia_2021_300K,hin,L20,532,hin_Deva
panel1_ext,P1,hin_wikipedia_2021_300K,hin,L20,533,hin_Deva
panel1_ext,P1,hin_wikipedia_2021_300K,hin,L20,534,anp_Deva
panel1_ext,P1,hin_wikipedia_2021_300K,hin,L20,535,hin_Deva
panel1_ext,P1,hin_wikipedia_2021_300K,hin,L20,536,anp_Deva
panel1_ext,P1,hin_wikipedia_2021_300K,hin,L20,537,anp_Deva
panel1_ext,P1,hin_wikipedia_2021_300K,hin,L20,538,anp_Deva
panel1_ext,P1,hin_wikipedia_2021_300K,hin,L20,539,hin_Deva
panel1_ext,P1,hin_wikipedia_2021_300K,hin,L20,540,anp_Deva
panel1_ext,P1,hin_wikipedia_2021_300K,hin,L20,541,hin_Deva
panel1_ext,P1,hin_wikipedia_2021_300K,hin,L20,543,anp_Deva
panel1_ext,P1,hin_wikipedia_2021_300K,hin,L20,544,anp_Deva
panel1_ext,P1,hin_wikipedia_2021_300K,hin,L20,545,anp_Deva
panel1_ext,P1,hin_wikipedia_2021_300K,hin,L20,546,hin_Deva
panel1_ext,P1,hin_wikipedia_2021_300K,hin,L20,548,hin_Deva
panel1_ext,P1,hin_wikipedia_2021_300K,hin,L20,549,anp_Deva
panel1_ext,P1,hin_wikipedia_2021_300K,hin,L20,550,hin_Deva
panel1_ext,P1,hin_wikipedia_2021_300K,hin,L20,551,hin_Deva
panel1_ext,P1,hin_wikipedia_2021_300K,hin,L20,552,hin_Deva
panel1_ext,P1,hin_wikipedia_2021_300K,hin,L20,553,hin_Deva
panel1_ext,P1,hin_wikipedia_2021_300K,hin,L20,555,hin_Deva
panel1_ext,P1,hin_wikipedia_2021_300K,hin,L20,556,anp_Deva
panel1_ext,P1,hin_wikipedia_2021_300K,hin,L20,557,hin_Deva
panel1_ext,P1,hin_wikipedia_2021_300K,hin,L20,559,anp_Deva
panel1_ext,P1,hin_wikipedia_2021_300K,hin,L20,560,hin_Deva
panel1_ext,P1,hin_wikipedia_2021_300K,hin,L20,561,hin_Deva
panel1_ext,P1,hin_wikipedia_2021_300K,hin,L20,562,hin_Deva
panel1_ext,P1,hin_wikipedia_2021_300K,hin,L20,563,hin_Deva
panel1_ext,P1,hin_wikipedia_2021_300K,hin,L20,564,hin_Deva
panel1_ext,P1,hin_wikipedia_2021_300K,hin,L20,565,hin_Deva
panel1_ext,P1,hin_wikipedia_2021_300K,hin,L20,566,hin_Deva
panel1_ext,P1,hin_wikipedia_2021_300K,hin,L20,569,anp_Deva
panel1_ext,P1,hin_wikipedia_2021_300K,hin,L20,570,anp_Deva
panel1_ext,P1,hin_wikipedia_2021_300K,hin,L20,571,anp_Deva
panel1_ext,P1,hin_wikipedia_2021_300K,hin,L20,572,anp_Deva
panel1_ext,P1,hin_wikipedia_2021_300K,hin,L20,573,anp_Deva
panel1_ext,P1,hin_wikipedia_2021_300K,hin,L20,574,hin_Deva
panel1_ext,P1,hin_wikipedia_2021_300K,hin,L20,575,hin_Deva
panel1_ext,P1,hin_wikipedia_2021_300K,hin,L20,577,anp_Deva
panel1_ext,P1,hin_wikipedia_2021_300K,hin,L20,578,hin_Deva
panel1_ext,P1,hin_wikipedia_2021_300K,hin,L20,582,hin_Deva
panel1_ext,P1,hin_wikipedia_2021_300K,hin,L20,583,hin_Deva
panel1_ext,P1,hin_wikipedia_2021_300K,hin,L20,584,hin_Deva
panel1_ext,P1,hin_wikipedia_2021_300K,hin,L20,585,hin_Deva
panel1_ext,P1,hin_wikipedia_2021_300K,hin,L20,586,hin_Deva
panel1_ext,P1,hin_wikipedia_2021_300K,hin,L20,589,hin_Deva
panel1_ext,P1,hin_wikipedia_2021_300K,hin,L20,590,anp_Deva
panel1_ext,P1,hin_wikipedia_2021_300K,hin,L20,592,hin_Deva
panel1_ext,P1,hin_wikipedia_2021_300K,hin,L20,593,hin_Deva
panel1_ext,P1,hin_wikipedia_2021_300K,hin,L20,596,anp_Deva
panel1_ext,P1,hin_wikipedia_2021_300K,hin,L20,597,hin_Deva
panel1_ext,P1,hin_wikipedia_2021_300K,hin,L20,598,anp_Deva
panel1_ext,P1,hin_wikipedia_2021_300K,hin,L20,601,hin_Deva
panel1_ext,P1,hin_wikipedia_2021_300K,hin,L20,602,hin_Deva
panel1_ext,P1,hin_wikipedia_2021_300K,hin,L20,603,anp_Deva
panel1_ext,P1,hin_wikipedia_2021_300K,hin,L20,605,anp_Deva
panel1_ext,P1,hin_wikipedia_2021_300K,hin,L20,607,hin_Deva
panel1_ext,P1,hin_wikipedia_2021_300K,hin,L20,608,anp_Deva
panel1_ext,P1,hin_wikipedia_2021_300K,hin,L20,611,hin_Deva
panel1_ext,P1,hin_wikipedia_2021_300K,hin,L20,614,hin_Deva
panel1_ext,P1,hin_wikipedia_2021_300K,hin,L20,615,anp_Deva
panel1_ext,P1,hin_wikipedia_2021_300K,hin,L20,616,anp_Deva
panel1_ext,P1,hin_wikipedia_2021_300K,hin,L20,618,anp_Deva
panel1_ext,P1,hin_wikipedia_2021_300K,hin,L20,621,hin_Deva
panel1_ext,P1,hin_wikipedia_2021_300K,hin,L20,623,anp_Deva
panel1_ext,P1,hin_wikipedia_2021_300K,hin,L20,625,anp_Deva
panel1_ext,P1,hin_wikipedia_2021_300K,hin,L20,626,hin_Deva
panel1_ext,P1,hin_wikipedia_2021_300K,hin,L20,630,hin_Deva
panel1_ext,P1,hin_wikipedia_2021_300K,hin,L20,631,hin_Deva
panel1_ext,P1,hin_wikipedia_2021_300K,hin,L20,632,hin_Deva
panel1_ext,P1,hin_wikipedia_2021_300K,hin,L20,634,hin_Deva
panel1_ext,P1,hin_wikipedia_2021_300K,hin,L20,635,anp_Deva
panel1_ext,P1,hin_wikipedia_2021_300K,hin,L20,636,hin_Deva
panel1_ext,P1,hin_wikipedia_2021_300K,hin,L20,637,anp_Deva
panel1_ext,P1,hin_wikipedia_2021_300K,hin,L20,638,hin_Deva
panel1_ext,P1,hin_wikipedia_2021_300K,hin,L20,640,anp_Deva
panel1_ext,P1,hin_wikipedia_2021_300K,hin,L20,641,anp_Deva
panel1_ext,P1,hin_wikipedia_2021_300K,hin,L20,642,anp_Deva
panel1_ext,P1,hin_wikipedia_2021_300K,hin,L20,643,hin_Deva
panel1_ext,P1,hin_wikipedia_2021_300K,hin,L20,644,hin_Deva
panel1_ext,P1,hin_wikipedia_2021_300K,hin,L20,646,anp_Deva
panel1_ext,P1,hin_wikipedia_2021_300K,hin,L20,648,hin_Deva
panel1_ext,P1,hin_wikipedia_2021_300K,hin,L20,649,anp_Deva
panel1_ext,P1,hin_wikipedia_2021_300K,hin,L20,650,anp_Deva
panel1_ext,P1,hin_wikipedia_2021_300K,hin,L20,652,hin_Deva
panel1_ext,P1,hin_wikipedia_2021_300K,hin,L20,654,hin_Deva
panel1_ext,P1,hin_wikipedia_2021_300K,hin,L20,655,anp_Deva
panel1_ext,P1,hin_wikipedia_2021_300K,hin,L20,656,hin_Deva
panel1_ext,P1,hin_wikipedia_2021_300K,hin,L20,658,hin_Deva
panel1_ext,P1,hin_wikipedia_2021_300K,hin,L20,659,hin_Deva
panel1_ext,P1,hin_wikipedia_2021_300K,hin,L20,660,anp_Deva
panel1_ext,P1,hin_wikipedia_2021_300K,hin,L20,661,anp_Deva
panel1_ext,P1,hin_wikipedia_2021_300K,hin,L20,663,hin_Deva
panel1_ext,P1,hin_wikipedia_2021_300K,hin,L20,665,anp_Deva
panel1_ext,P1,hin_wikipedia_2021_300K,hin,L20,666,anp_Deva
panel1_ext,P1,hin_wikipedia_2021_300K,hin,L20,667,anp_Deva
panel1_ext,P1,hin_wikipedia_2021_300K,hin,L20,669,hin_Deva
panel1_ext,P1,hin_wikipedia_2021_300K,hin,L20,670,anp_Deva
panel1_ext,P1,hin_wikipedia_2021_300K,hin,L20,671,hin_Deva
panel1_ext,P1,hin_wikipedia_2021_300K,hin,L20,672,anp_Deva
panel1_ext,P1,hin_wikipedia_2021_300K,hin,L20,673,hin_Deva
panel1_ext,P1,hin_wikipedia_2021_300K,hin,L20,674,anp_Deva
panel1_ext,P1,hin_wikipedia_2021_300K,hin,L20,677,hin_Deva
panel1_ext,P1,hin_wikipedia_2021_300K,hin,L20,678,hin_Deva
panel1_ext,P1,hin_wikipedia_2021_300K,hin,L20,679,anp_Deva
panel1_ext,P1,hin_wikipedia_2021_300K,hin,L20,683,hin_Deva
panel1_ext,P1,hin_wikipedia_2021_300K,hin,L20,684,hin_Deva
panel1_ext,P1,hin_wikipedia_2021_300K,hin,L20,685,anp_Deva
panel1_ext,P1,hin_wikipedia_2021_300K,hin,L20,688,hin_Deva
panel1_ext,P1,hin_wikipedia_2021_300K,hin,L20,692,hin_Deva
panel1_ext,P1,hin_wikipedia_2021_300K,hin,L20,693,hin_Deva
panel1_ext,P1,hin_wikipedia_2021_300K,hin,L20,697,hin_Deva
panel1_ext,P1,hin_wikipedia_2021_300K,hin,L20,698,hin_Deva
panel1_ext,P1,hin_wikipedia_2021_300K,hin,L20,700,hin_Deva
panel1_ext,P1,hin_wikipedia_2021_300K,hin,L20,701,hin_Deva
panel1_ext,P1,hin_wikipedia_2021_300K,hin,L20,702,anp_Deva
panel1_ext,P1,hin_wikipedia_2021_300K,hin,L20,703,anp_Deva
panel1_ext,P1,hin_wikipedia_2021_300K,hin,L20,705,anp_Deva
panel1_ext,P1,hin_wikipedia_2021_300K,hin,L20,707,hin_Deva
panel1_ext,P1,hin_wikipedia_2021_300K,hin,L20,709,anp_Deva
panel1_ext,P1,hin_wikipedia_2021_300K,hin,L20,710,hin_Deva
panel1_ext,P1,hin_wikipedia_2021_300K,hin,L20,711,hin_Deva
panel1_ext,P1,hin_wikipedia_2021_300K,hin,L20,712,anp_Deva
panel1_ext,P1,hin_wikipedia_2021_300K,hin,L20,713,hin_Deva
panel1_ext,P1,hin_wikipedia_2021_300K,hin,L20,714,hin_Deva
panel1_ext,P1,hin_wikipedia_2021_300K,hin,L20,715,anp_Deva
panel1_ext,P1,hin_wikipedia_2021_300K,hin,L20,716,anp_Deva
panel1_ext,P1,hin_wikipedia_2021_300K,hin,L20,718,anp_Deva
panel1_ext,P1,hin_wikipedia_2021_300K,hin,L20,719,hin_Deva
panel1_ext,P1,hin_wikipedia_2021_300K,hin,L20,723,hin_Deva
panel1_ext,P1,hin_wikipedia_2021_300K,hin,L20,725,hin_Deva
panel1_ext,P1,hin_wikipedia_2021_300K,hin,L20,729,hin_Deva
panel1_ext,P1,hin_wikipedia_2021_300K,hin,L20,730,hin_Deva
panel1_ext,P1,hin_wikipedia_2021_300K,hin,L20,731,hin_Deva
panel1_ext,P1,hin_wikipedia_2021_300K,hin,L20,733,hin_Deva
panel1_ext,P1,hin_wikipedia_2021_300K,hin,L20,737,hin_Deva
panel1_ext,P1,hin_wikipedia_2021_300K,hin,L20,740,hin_Deva
panel1_ext,P1,hin_wikipedia_2021_300K,hin,L20,741,hin_Deva
panel1_ext,P1,hin_wikipedia_2021_300K,hin,L20,742,hin_Deva
panel1_ext,P1,hin_wikipedia_2021_300K,hin,L20,743,hin_Deva
panel1_ext,P1,hin_wikipedia_2021_300K,hin,L20,744,hin_Deva
panel1_ext,P1,hin_wikipedia_2021_300K,hin,L20,746,hin_Deva
panel1_ext,P1,hin_wikipedia_2021_300K,hin,L20,747,anp_Deva
panel1_ext,P1,hin_wikipedia_2021_300K,hin,L20,750,hin_Deva
panel1_ext,P1,hin_wikipedia_2021_300K,hin,L20,751,anp_Deva
panel1_ext,P1,hin_wikipedia_2021_300K,hin,L20,752,anp_Deva
panel1_ext,P1,hin_wikipedia_2021_300K,hin,L20,753,anp_Deva
panel1_ext,P1,hin_wikipedia_2021_300K,hin,L20,754,hin_Deva
panel1_ext,P1,hin_wikipedia_2021_300K,hin,L20,755,hin_Deva
panel1_ext,P1,hin_wikipedia_2021_300K,hin,L20,756,anp_Deva
panel1_ext,P1,hin_wikipedia_2021_300K,hin,L20,757,hin_Deva
panel1_ext,P1,hin_wikipedia_2021_300K,hin,L20,760,hin_Deva
panel1_ext,P1,hin_wikipedia_2021_300K,hin,L20,761,hin_Deva
panel1_ext,P1,hin_wikipedia_2021_300K,hin,L20,762,hin_Deva
panel1_ext,P1,hin_wikipedia_2021_300K,hin,L20,763,hin_Deva
panel1_ext,P1,hin_wikipedia_2021_300K,hin,L20,768,hin_Deva
panel1_ext,P1,hin_wikipedia_2021_300K,hin,L20,770,hin_Deva
panel1_ext,P1,hin_wikipedia_2021_300K,hin,L20,771,anp_Deva
panel1_ext,P1,hin_wikipedia_2021_300K,hin,L20,773,anp_Deva
panel1_ext,P1,hin_wikipedia_2021_300K,hin,L20,775,hin_Deva
panel1_ext,P1,hin_wikipedia_2021_300K,hin,L20,776,hin_Deva
panel1_ext,P1,hin_wikipedia_2021_300K,hin,L20,777,hin_Deva
panel1_ext,P1,hin_wikipedia_2021_300K,hin,L20,779,hin_Deva
panel1_ext,P1,hin_wikipedia_2021_300K,hin,L20,780,hin_Deva
panel1_ext,P1,hin_wikipedia_2021_300K,hin,L20,781,hin_Deva
panel1_ext,P1,hin_wikipedia_2021_300K,hin,L20,782,anp_Deva
panel1_ext,P1,hin_wikipedia_2021_300K,hin,L20,783,anp_Deva
panel1_ext,P1,hin_wikipedia_2021_300K,hin,L20,785,hin_Deva
panel1_ext,P1,hin_wikipedia_2021_300K,hin,L20,787,anp_Deva
panel1_ext,P1,hin_wikipedia_2021_300K,hin,L20,789,hin_Deva
panel1_ext,P1,hin_wikipedia_2021_300K,hin,L20,790,anp_Deva
panel1_ext,P1,hin_wikipedia_2021_300K,hin,L20,791,anp_Deva
panel1_ext,P1,hin_wikipedia_2021_300K,hin,L20,792,anp_Deva
panel1_ext,P1,hin_wikipedia_2021_300K,hin,L20,793,anp_Deva
panel1_ext,P1,hin_wikipedia_2021_300K,hin,L20,795,hin_Deva
panel1_ext,P1,hin_wikipedia_2021_300K,hin,L20,796,hin_Deva
panel1_ext,P1,hin_wikipedia_2021_300K,hin,L20,797,anp_Deva
panel1_ext,P1,hin_wikipedia_2021_300K,hin,L20,799,hin_Deva
panel1_ext,P1,hin_wikipedia_2021_300K,hin,L20,800,hin_Deva
panel1_ext,P1,hin_wikipedia_2021_300K,hin,L20,803,anp_Deva
panel1_ext,P1,hin_wikipedia_2021_300K,hin,L20,805,hin_Deva
panel1_ext,P1,hin_wikipedia_2021_300K,hin,L20,806,hin_Deva
panel1_ext,P1,hin_wikipedia_2021_300K,hin,L20,808,hin_Deva
panel1_ext,P1,hin_wikipedia_2021_300K,hin,L20,809,hin_Deva
panel1_ext,P1,hin_wikipedia_2021_300K,hin,L20,810,anp_Deva
panel1_ext,P1,hin_wikipedia_2021_300K,hin,L20,811,hin_Deva
panel1_ext,P1,hin_wikipedia_2021_300K,hin,L20,813,anp_Deva
panel1_ext,P1,hin_wikipedia_2021_300K,hin,L20,815,anp_Deva
panel1_ext,P1,hin_wikipedia_2021_300K,hin,L20,816,anp_Deva
panel1_ext,P1,hin_wikipedia_2021_300K,hin,L20,817,hin_Deva
panel1_ext,P1,hin_wikipedia_2021_300K,hin,L20,819,hin_Deva
panel1_ext,P1,hin_wikipedia_2021_300K,hin,L20,820,hin_Deva
panel1_ext,P1,hin_wikipedia_2021_300K,hin,L20,821,anp_Deva
panel1_ext,P1,hin_wikipedia_2021_300K,hin,L20,822,anp_Deva
panel1_ext,P1,hin_wikipedia_2021_300K,hin,L20,823,hin_Deva
panel1_ext,P1,hin_wikipedia_2021_300K,hin,L20,825,hin_Deva
panel1_ext,P1,hin_wikipedia_2021_300K,hin,L20,827,hin_Deva
panel1_ext,P1,hin_wikipedia_2021_300K,hin,L20,829,anp_Deva
panel1_ext,P1,hin_wikipedia_2021_300K,hin,L20,830,hin_Deva
panel1_ext,P1,hin_wikipedia_2021_300K,hin,L20,832,hin_Deva
panel1_ext,P1,hin_wikipedia_2021_300K,hin,L20,834,hin_Deva
panel1_ext,P1,hin_wikipedia_2021_300K,hin,L20,835,anp_Deva
panel1_ext,P1,hin_wikipedia_2021_300K,hin,L20,838,hin_Deva
panel1_ext,P1,hin_wikipedia_2021_300K,hin,L20,840,anp_Deva
panel1_ext,P1,hin_wikipedia_2021_300K,hin,L20,841,hin_Deva
panel1_ext,P1,hin_wikipedia_2021_300K,hin,L20,842,hin_Deva
panel1_ext,P1,hin_wikipedia_2021_300K,hin,L20,843,hin_Deva
panel1_ext,P1,hin_wikipedia_2021_300K,hin,L20,844,anp_Deva
panel1_ext,P1,hin_wikipedia_2021_300K,hin,L20,845,hin_Deva
panel1_ext,P1,hin_wikipedia_2021_300K,hin,L20,847,hin_Deva
panel1_ext,P1,hin_wikipedia_2021_300K,hin,L20,848,hin_Deva
panel1_ext,P1,hin_wikipedia_2021_300K,hin,L20,849,hin_Deva
panel1_ext,P1,hin_wikipedia_2021_300K,hin,L20,850,anp_Deva
panel1_ext,P1,hin_wikipedia_2021_300K,hin,L20,851,hin_Deva
panel1_ext,P1,hin_wikipedia_2021_300K,hin,L20,852,hin_Deva
panel1_ext,P1,hin_wikipedia_2021_300K,hin,L20,853,hin_Deva
panel1_ext,P1,hin_wikipedia_2021_300K,hin,L20,854,hin_Deva
panel1_ext,P1,hin_wikipedia_2021_300K,hin,L20,855,hin_Deva
panel1_ext,P1,hin_wikipedia_2021_300K,hin,L20,856,anp_Deva
panel1_ext,P1,hin_wikipedia_2021_300K,hin,L20,857,hin_Deva
panel1_ext,P1,hin_wikipedia_2021_300K,hin,L20,858,anp_Deva
panel1_ext,P1,hin_wikipedia_2021_300K,hin,L20,859,hin_Deva
panel1_ext,P1,hin_wikipedia_2021_300K,hin,L20,861,hin_Deva
panel1_ext,P1,hin_wikipedia_2021_300K,hin,L20,862,hin_Deva
panel1_ext,P1,hin_wikipedia_2021_300K,hin,L20,864,hin_Deva
panel1_ext,P1,hin_wikipedia_2021_300K,hin,L20,865,hin_Deva
panel1_ext,P1,hin_wikipedia_2021_300K,hin,L20,867,anp_Deva
panel1_ext,P1,hin_wikipedia_2021_300K,hin,L20,868,hin_Deva
panel1_ext,P1,hin_wikipedia_2021_300K,hin,L20,869,hin_Deva
panel1_ext,P1,hin_wikipedia_2021_300K,hin,L20,870,hin_Deva
panel1_ext,P1,hin_wikipedia_2021_300K,hin,L20,871,hin_Deva
panel1_ext,P1,hin_wikipedia_2021_300K,hin,L20,872,hin_Deva
panel1_ext,P1,hin_wikipedia_2021_300K,hin,L20,873,hin_Deva
panel1_ext,P1,hin_wikipedia_2021_300K,hin,L20,875,anp_Deva
panel1_ext,P1,hin_wikipedia_2021_300K,hin,L20,878,hin_Deva
panel1_ext,P1,hin_wikipedia_2021_300K,hin,L20,879,anp_Deva
panel1_ext,P1,hin_wikipedia_2021_300K,hin,L20,880,anp_Deva
panel1_ext,P1,hin_wikipedia_2021_300K,hin,L20,881,hin_Deva
panel1_ext,P1,hin_wikipedia_2021_300K,hin,L20,884,hin_Deva
panel1_ext,P1,hin_wikipedia_2021_300K,hin,L20,885,hin_Deva
panel1_ext,P1,hin_wikipedia_2021_300K,hin,L20,886,hin_Deva
panel1_ext,P1,hin_wikipedia_2021_300K,hin,L20,887,anp_Deva
panel1_ext,P1,hin_wikipedia_2021_300K,hin,L20,889,hin_Deva
panel1_ext,P1,hin_wikipedia_2021_300K,hin,L20,891,hin_Deva
panel1_ext,P1,hin_wikipedia_2021_300K,hin,L20,892,anp_Deva
panel1_ext,P1,hin_wikipedia_2021_300K,hin,L20,894,anp_Deva
panel1_ext,P1,hin_wikipedia_2021_300K,hin,L20,895,hin_Deva
panel1_ext,P1,hin_wikipedia_2021_300K,hin,L20,896,hin_Deva
panel1_ext,P1,hin_wikipedia_2021_300K,hin,L20,899,hin_Deva
panel1_ext,P1,hin_wikipedia_2021_300K,hin,L20,900,hin_Deva
panel1_ext,P1,hin_wikipedia_2021_300K,hin,L20,901,hin_Deva
panel1_ext,P1,hin_wikipedia_2021_300K,hin,L20,904,hin_Deva
panel1_ext,P1,hin_wikipedia_2021_300K,hin,L20,906,hin_Deva
panel1_ext,P1,hin_wikipedia_2021_300K,hin,L20,909,hin_Deva
panel1_ext,P1,hin_wikipedia_2021_300K,hin,L20,910,hin_Deva
panel1_ext,P1,hin_wikipedia_2021_300K,hin,L20,911,anp_Deva
panel1_ext,P1,hin_wikipedia_2021_300K,hin,L20,912,hin_Deva
panel1_ext,P1,hin_wikipedia_2021_300K,hin,L20,916,hin_Deva
panel1_ext,P1,hin_wikipedia_2021_300K,hin,L20,917,hin_Deva
panel1_ext,P1,hin_wikipedia_2021_300K,hin,L20,918,anp_Deva
panel1_ext,P1,hin_wikipedia_2021_300K,hin,L20,919,hin_Deva
panel1_ext,P1,hin_wikipedia_2021_300K,hin,L20,921,anp_Deva
panel1_ext,P1,hin_wikipedia_2021_300K,hin,L20,923,hin_Deva
panel1_ext,P1,hin_wikipedia_2021_300K,hin,L20,924,anp_Deva
panel1_ext,P1,hin_wikipedia_2021_300K,hin,L20,927,anp_Deva
panel1_ext,P1,hin_wikipedia_2021_300K,hin,L20,928,hin_Deva
panel1_ext,P1,hin_wikipedia_2021_300K,hin,L20,929,hin_Deva
panel1_ext,P1,hin_wikipedia_2021_300K,hin,L20,930,hin_Deva
panel1_ext,P1,hin_wikipedia_2021_300K,hin,L20,931,hin_Deva
panel1_ext,P1,hin_wikipedia_2021_300K,hin,L20,932,hin_Deva
panel1_ext,P1,hin_wikipedia_2021_300K,hin,L20,933,hin_Deva
panel1_ext,P1,hin_wikipedia_2021_300K,hin,L20,934,hin_Deva
panel1_ext,P1,hin_wikipedia_2021_300K,hin,L20,935,hin_Deva
panel1_ext,P1,hin_wikipedia_2021_300K,hin,L20,936,anp_Deva
panel1_ext,P1,hin_wikipedia_2021_300K,hin,L20,937,anp_Deva
panel1_ext,P1,hin_wikipedia_2021_300K,hin,L20,938,anp_Deva
panel1_ext,P1,hin_wikipedia_2021_300K,hin,L20,939,anp_Deva
panel1_ext,P1,hin_wikipedia_2021_300K,hin,L20,941,hin_Deva
panel1_ext,P1,hin_wikipedia_2021_300K,hin,L20,942,anp_Deva
panel1_ext,P1,hin_wikipedia_2021_300K,hin,L20,943,hin_Deva
panel1_ext,P1,hin_wikipedia_2021_300K,hin,L20,944,hin_Deva
panel1_ext,P1,hin_wikipedia_2021_300K,hin,L20,945,anp_Deva
panel1_ext,P1,hin_wikipedia_2021_300K,hin,L20,948,anp_Deva
panel1_ext,P1,hin_wikipedia_2021_300K,hin,L20,950,hin_Deva
panel1_ext,P1,hin_wikipedia_2021_300K,hin,L20,951,anp_Deva
panel1_ext,P1,hin_wikipedia_2021_300K,hin,L20,953,hin_Deva
panel1_ext,P1,hin_wikipedia_2021_300K,hin,L20,954,hin_Deva
panel1_ext,P1,hin_wikipedia_2021_300K,hin,L20,955,hin_Deva
panel1_ext,P1,hin_wikipedia_2021_300K,hin,L20,956,hin_Deva
panel1_ext,P1,hin_wikipedia_2021_300K,hin,L20,957,hin_Deva
panel1_ext,P1,hin_wikipedia_2021_300K,hin,L20,959,anp_Deva
panel1_ext,P1,hin_wikipedia_2021_300K,hin,L20,960,hin_Deva
panel1_ext,P1,hin_wikipedia_2021_300K,hin,L20,961,hin_Deva
panel1_ext,P1,hin_wikipedia_2021_300K,hin,L20,963,hin_Deva
panel1_ext,P1,hin_wikipedia_2021_300K,hin,L20,965,hin_Deva
panel1_ext,P1,hin_wikipedia_2021_300K,hin,L20,967,anp_Deva
panel1_ext,P1,hin_wikipedia_2021_300K,hin,L20,968,hin_Deva
panel1_ext,P1,hin_wikipedia_2021_300K,hin,L20,969,hin_Deva
panel1_ext,P1,hin_wikipedia_2021_300K,hin,L20,972,anp_Deva
panel1_ext,P1,hin_wikipedia_2021_300K,hin,L20,973,hin_Deva
panel1_ext,P1,hin_wikipedia_2021_300K,hin,L20,974,hin_Deva
panel1_ext,P1,hin_wikipedia_2021_300K,hin,L20,976,hin_Deva
panel1_ext,P1,hin_wikipedia_2021_300K,hin,L20,979,anp_Deva
panel1_ext,P1,hin_wikipedia_2021_300K,hin,L20,980,hin_Deva
panel1_ext,P1,hin_wikipedia_2021_300K,hin,L20,981,anp_Deva
panel1_ext,P1,hin_wikipedia_2021_300K,hin,L20,982,anp_Deva
panel1_ext,P1,hin_wikipedia_2021_300K,hin,L20,983,anp_Deva
panel1_ext,P1,hin_wikipedia_2021_300K,hin,L20,984,anp_Deva
panel1_ext,P1,hin_wikipedia_2021_300K,hin,L20,985,hin_Deva
panel1_ext,P1,hin_wikipedia_2021_300K,hin,L20,987,anp_Deva
panel1_ext,P1,hin_wikipedia_2021_300K,hin,L20,988,hin_Deva
panel1_ext,P1,hin_wikipedia_2021_300K,hin,L20,989,hin_Deva
panel1_ext,P1,hin_wikipedia_2021_300K,hin,L20,991,anp_Deva
panel1_ext,P1,hin_wikipedia_2021_300K,hin,L20,992,hin_Deva
panel1_ext,P1,hin_wikipedia_2021_300K,hin,L20,993,anp_Deva
panel1_ext,P1,hin_wikipedia_2021_300K,hin,L20,994,anp_Deva
panel1_ext,P1,hin_wikipedia_2021_300K,hin,L20,996,hin_Deva
panel1_ext,P1,hin_wikipedia_2021_300K,hin,L20,997,hin_Deva
panel1_ext,P1,hin_wikipedia_2021_300K,hin,L20,998,hin_Deva
panel1_ext,P1,hin_wikipedia_2021_300K,hin,L20,999,hin_Deva
panel1_ext,P1,hin_wikipedia_2021_300K,hin,L20,1000,hin_Deva
panel1_ext,P1,hin_wikipedia_2021_300K,hin,L20,1002,hin_Deva
panel1_ext,P1,hin_wikipedia_2021_300K,hin,L20,1003,hin_Deva
panel1_ext,P1,hin_wikipedia_2021_300K,hin,L20,1004,hin_Deva
panel1_ext,P1,hin_wikipedia_2021_300K,hin,L20,1006,anp_Deva
panel1_ext,P1,hin_wikipedia_2021_300K,hin,L20,1007,hin_Deva
panel1_ext,P1,hin_wikipedia_2021_300K,hin,L20,1009,hin_Deva
panel1_ext,P1,hin_wikipedia_2021_300K,hin,L20,1010,hin_Deva
panel1_ext,P1,hin_wikipedia_2021_300K,hin,L20,1011,hin_Deva
panel1_ext,P1,hin_wikipedia_2021_300K,hin,L20,1012,hin_Deva
panel1_ext,P1,hin_wikipedia_2021_300K,hin,L20,1013,hin_Deva
panel1_ext,P1,hin_wikipedia_2021_300K,hin,L20,1014,anp_Deva
panel1_ext,P1,hin_wikipedia_2021_300K,hin,L20,1015,hin_Deva
panel1_ext,P1,hin_wikipedia_2021_300K,hin,L20,1016,anp_Deva
panel1_ext,P1,hin_wikipedia_2021_300K,hin,L20,1017,anp_Deva
panel1_ext,P1,hin_wikipedia_2021_300K,hin,L20,1018,anp_Deva
panel1_ext,P1,hin_wikipedia_2021_300K,hin,L20,1019,hin_Deva
panel1_ext,P1,hin_wikipedia_2021_300K,hin,L20,1020,hin_Deva
panel1_ext,P1,hin_wikipedia_2021_300K,hin,L20,1021,hin_Deva
panel1_ext,P1,hin_wikipedia_2021_300K,hin,L20,1023,anp_Deva
panel1_ext,P1,hin_wikipedia_2021_300K,hin,L20,1024,hin_Deva
panel1_ext,P1,hin_wikipedia_2021_300K,hin,L20,1026,hin_Deva
panel1_ext,P1,hin_wikipedia_2021_300K,hin,L20,1027,hin_Deva
panel1_ext,P1,hin_wikipedia_2021_300K,hin,L20,1028,anp_Deva
panel1_ext,P1,hin_wikipedia_2021_300K,hin,L20,1031,hin_Deva
panel1_ext,P1,hin_wikipedia_2021_300K,hin,L20,1032,hin_Deva
panel1_ext,P1,hin_wikipedia_2021_300K,hin,L20,1037,anp_Deva
panel1_ext,P1,hin_wikipedia_2021_300K,hin,L20,1039,hin_Deva
panel1_ext,P1,hin_wikipedia_2021_300K,hin,L20,1043,anp_Deva
panel1_ext,P1,hin_wikipedia_2021_300K,hin,L20,1044,hin_Deva
panel1_ext,P1,hin_wikipedia_2021_300K,hin,L20,1045,anp_Deva
panel1_ext,P1,hin_wikipedia_2021_300K,hin,L20,1047,anp_Deva
panel1_ext,P1,hin_wikipedia_2021_300K,hin,L20,1048,hin_Deva
panel1_ext,P1,hin_wikipedia_2021_300K,hin,L20,1049,anp_Deva
panel1_ext,P1,hin_wikipedia_2021_300K,hin,L20,1050,hin_Deva
panel1_ext,P1,hin_wikipedia_2021_300K,hin,L20,1052,hin_Deva
panel1_ext,P1,hin_wikipedia_2021_300K,hin,L20,1054,hin_Deva
panel1_ext,P1,hin_wikipedia_2021_300K,hin,L20,1058,hin_Deva
panel1_ext,P1,hin_wikipedia_2021_300K,hin,L20,1059,hin_Deva
panel1_ext,P1,hin_wikipedia_2021_300K,hin,L20,1063,hin_Deva
panel1_ext,P1,hin_wikipedia_2021_300K,hin,L20,1064,hin_Deva
panel1_ext,P1,hin_wikipedia_2021_300K,hin,L20,1069,anp_Deva
panel1_ext,P1,hin_wikipedia_2021_300K,hin,L20,1070,hin_Deva
panel1_ext,P1,hin_wikipedia_2021_300K,hin,L20,1072,anp_Deva
panel1_ext,P1,hin_wikipedia_2021_300K,hin,L20,1074,hin_Deva
panel1_ext,P1,hin_wikipedia_2021_300K,hin,L20,1075,hin_Deva
panel1_ext,P1,hin_wikipedia_2021_300K,hin,L20,1076,hin_Deva
panel1_ext,P1,hin_wikipedia_2021_300K,hin,L20,1077,anp_Deva
panel1_ext,P1,hin_wikipedia_2021_300K,hin,L20,1078,anp_Deva
panel1_ext,P1,hin_wikipedia_2021_300K,hin,L20,1079,hin_Deva
panel1_ext,P1,hin_wikipedia_2021_300K,hin,L20,1080,anp_Deva
panel1_ext,P1,hin_wikipedia_2021_300K,hin,L20,1081,anp_Deva
panel1_ext,P1,hin_wikipedia_2021_300K,hin,L20,1084,hin_Deva
panel1_ext,P1,hin_wikipedia_2021_300K,hin,L20,1086,hin_Deva
panel1_ext,P1,hin_wikipedia_2021_300K,hin,L20,1087,hin_Deva
panel1_ext,P1,hin_wikipedia_2021_300K,hin,L20,1089,hin_Deva
panel1_ext,P1,hin_wikipedia_2021_300K,hin,L20,1092,hin_Deva
panel1_ext,P1,hin_wikipedia_2021_300K,hin,L20,1094,anp_Deva
panel1_ext,P1,hin_wikipedia_2021_300K,hin,L20,1095,anp_Deva
panel1_ext,P1,hin_wikipedia_2021_300K,hin,L20,1096,hin_Deva
panel1_ext,P1,hin_wikipedia_2021_300K,hin,L20,1097,hin_Deva
panel1_ext,P1,hin_wikipedia_2021_300K,hin,L20,1098,anp_Deva
panel1_ext,P1,hin_wikipedia_2021_300K,hin,L20,1100,anp_Deva
panel1_ext,P1,hin_wikipedia_2021_300K,hin,L20,1101,anp_Deva
panel1_ext,P1,hin_wikipedia_2021_300K,hin,L20,1103,anp_Deva
panel1_ext,P1,hin_wikipedia_2021_300K,hin,L20,1104,anp_Deva
panel1_ext,P1,hin_wikipedia_2021_300K,hin,L20,1105,hin_Deva
panel1_ext,P1,hin_wikipedia_2021_300K,hin,L20,1106,hin_Deva
panel1_ext,P1,hin_wikipedia_2021_300K,hin,L20,1107,anp_Deva
panel1_ext,P1,hin_wikipedia_2021_300K,hin,L20,1109,hin_Deva
panel1_ext,P1,hin_wikipedia_2021_300K,hin,L20,1110,hin_Deva
panel1_ext,P1,hin_wikipedia_2021_300K,hin,L20,1113,hin_Deva
panel1_ext,P1,hin_wikipedia_2021_300K,hin,L20,1115,anp_Deva
panel1_ext,P1,hin_wikipedia_2021_300K,hin,L20,1117,hin_Deva
panel1_ext,P1,hin_wikipedia_2021_300K,hin,L20,1118,anp_Deva
panel1_ext,P1,hin_wikipedia_2021_300K,hin,L20,1119,hin_Deva
panel1_ext,P1,hin_wikipedia_2021_300K,hin,L20,1120,hin_Deva
panel1_ext,P1,hin_wikipedia_2021_300K,hin,L20,1121,hin_Deva
panel1_ext,P1,hin_wikipedia_2021_300K,hin,L20,1124,hin_Deva
panel1_ext,P1,hin_wikipedia_2021_300K,hin,L20,1125,hin_Deva
panel1_ext,P1,hin_wikipedia_2021_300K,hin,L20,1126,hin_Deva
panel1_ext,P1,hin_wikipedia_2021_300K,hin,L20,1127,hin_Deva
panel1_ext,P1,hin_wikipedia_2021_300K,hin,L20,1128,hin_Deva
panel1_ext,P1,hin_wikipedia_2021_300K,hin,L20,1129,anp_Deva
panel1_ext,P1,hin_wikipedia_2021_300K,hin,L20,1130,hin_Deva
panel1_ext,P1,hin_wikipedia_2021_300K,hin,L20,1132,hin_Deva
panel1_ext,P1,hin_wikipedia_2021_300K,hin,L20,1134,hin_Deva
panel1_ext,P1,hin_wikipedia_2021_300K,hin,L20,1135,hin_Deva
panel1_ext,P1,hin_wikipedia_2021_300K,hin,L20,1136,anp_Deva
panel1_ext,P1,hin_wikipedia_2021_300K,hin,L20,1137,anp_Deva
panel1_ext,P1,hin_wikipedia_2021_300K,hin,L20,1139,hin_Deva
panel1_ext,P1,hin_wikipedia_2021_300K,hin,L20,1140,hin_Deva
panel1_ext,P1,hin_wikipedia_2021_300K,hin,L20,1141,anp_Deva
panel1_ext,P1,hin_wikipedia_2021_300K,hin,L20,1143,hin_Deva
panel1_ext,P1,hin_wikipedia_2021_300K,hin,L20,1146,anp_Deva
panel1_ext,P1,hin_wikipedia_2021_300K,hin,L20,1147,hin_Deva
panel1_ext,P1,hin_wikipedia_2021_300K,hin,L20,1148,hin_Deva
panel1_ext,P1,hin_wikipedia_2021_300K,hin,L20,1150,hin_Deva
panel1_ext,P1,hin_wikipedia_2021_300K,hin,L20,1151,anp_Deva
panel1_ext,P1,hin_wikipedia_2021_300K,hin,L20,1152,hin_Deva
panel1_ext,P1,hin_wikipedia_2021_300K,hin,L20,1155,hin_Deva
panel1_ext,P1,hin_wikipedia_2021_300K,hin,L20,1157,hin_Deva
panel1_ext,P1,hin_wikipedia_2021_300K,hin,L20,1158,hin_Deva
panel1_ext,P1,hin_wikipedia_2021_300K,hin,L20,1161,hin_Deva
panel1_ext,P1,hin_wikipedia_2021_300K,hin,L20,1163,hin_Deva
panel1_ext,P1,hin_wikipedia_2021_300K,hin,L20,1164,hin_Deva
panel1_ext,P1,hin_wikipedia_2021_300K,hin,L20,1171,hin_Deva
panel1_ext,P1,hin_wikipedia_2021_300K,hin,L20,1174,hin_Deva
panel1_ext,P1,hin_wikipedia_2021_300K,hin,L20,1176,hin_Deva
panel1_ext,P1,hin_wikipedia_2021_300K,hin,L20,1177,hin_Deva
panel1_ext,P1,hin_wikipedia_2021_300K,hin,L20,1180,anp_Deva
panel1_ext,P1,hin_wikipedia_2021_300K,hin,L20,1181,hin_Deva
panel1_ext,P1,hin_wikipedia_2021_300K,hin,L20,1182,hin_Deva
panel1_ext,P1,hin_wikipedia_2021_300K,hin,L20,1183,hin_Deva
panel1_ext,P1,hin_wikipedia_2021_300K,hin,L20,1185,anp_Deva
panel1_ext,P1,hin_wikipedia_2021_300K,hin,L20,1186,hin_Deva
panel1_ext,P1,hin_wikipedia_2021_300K,hin,L20,1188,hin_Deva
panel1_ext,P1,hin_wikipedia_2021_300K,hin,L20,1189,hin_Deva
panel1_ext,P1,hin_wikipedia_2021_300K,hin,L20,1190,anp_Deva
panel1_ext,P1,hin_wikipedia_2021_300K,hin,L20,1191,hin_Deva
panel1_ext,P1,hin_wikipedia_2021_300K,hin,L20,1192,hin_Deva
panel1_ext,P1,hin_wikipedia_2021_300K,hin,L20,1196,anp_Deva
panel1_ext,P1,hin_wikipedia_2021_300K,hin,L20,1197,anp_Deva
panel1_ext,P1,hin_wikipedia_2021_300K,hin,L20,1199,anp_Deva
panel1_ext,P1,hin_wikipedia_2021_300K,hin,L20,1200,anp_Deva
panel1_ext,P1,hin_wikipedia_2021_300K,hin,L20,1203,hin_Deva
panel1_ext,P1,hin_wikipedia_2021_300K,hin,L20,1204,hin_Deva
panel1_ext,P1,hin_wikipedia_2021_300K,hin,L20,1205,hin_Deva
panel1_ext,P1,hin_wikipedia_2021_300K,hin,L20,1207,anp_Deva
panel1_ext,P1,hin_wikipedia_2021_300K,hin,L20,1208,anp_Deva
panel1_ext,P1,hin_wikipedia_2021_300K,hin,L20,1210,hin_Deva
panel1_ext,P1,hin_wikipedia_2021_300K,hin,L20,1211,anp_Deva
panel1_ext,P1,hin_wikipedia_2021_300K,hin,L20,1213,anp_Deva
panel1_ext,P1,hin_wikipedia_2021_300K,hin,L20,1214,anp_Deva
panel1_ext,P1,hin_wikipedia_2021_300K,hin,L20,1215,hin_Deva
panel1_ext,P1,hin_wikipedia_2021_300K,hin,L20,1216,anp_Deva
panel1_ext,P1,hin_wikipedia_2021_300K,hin,L20,1217,hin_Deva
panel1_ext,P1,hin_wikipedia_2021_300K,hin,L20,1218,anp_Deva
panel1_ext,P1,hin_wikipedia_2021_300K,hin,L20,1220,anp_Deva
panel1_ext,P1,hin_wikipedia_2021_300K,hin,L20,1223,hin_Deva
panel1_ext,P1,hin_wikipedia_2021_300K,hin,L20,1225,hin_Deva
panel1_ext,P1,hin_wikipedia_2021_300K,hin,L20,1226,hin_Deva
panel1_ext,P1,hin_wikipedia_2021_300K,hin,L20,1227,anp_Deva
panel1_ext,P1,hin_wikipedia_2021_300K,hin,L20,1228,anp_Deva
panel1_ext,P1,hin_wikipedia_2021_300K,hin,L20,1229,anp_Deva
panel1_ext,P1,hin_wikipedia_2021_300K,hin,L20,1230,hin_Deva
panel1_ext,P1,hin_wikipedia_2021_300K,hin,L20,1231,anp_Deva
panel1_ext,P1,hin_wikipedia_2021_300K,hin,L20,1232,anp_Deva
panel1_ext,P1,hin_wikipedia_2021_300K,hin,L20,1233,hin_Deva
panel1_ext,P1,hin_wikipedia_2021_300K,hin,L20,1235,anp_Deva
panel1_ext,P1,hin_wikipedia_2021_300K,hin,L20,1236,anp_Deva
panel1_ext,P1,hin_wikipedia_2021_300K,hin,L20,1238,hin_Deva
panel1_ext,P1,hin_wikipedia_2021_300K,hin,L20,1239,anp_Deva
panel1_ext,P1,hin_wikipedia_2021_300K,hin,L20,1240,hin_Deva
panel1_ext,P1,hin_wikipedia_2021_300K,hin,L20,1241,hin_Deva
panel1_ext,P1,hin_wikipedia_2021_300K,hin,L20,1242,hin_Deva
panel1_ext,P1,hin_wikipedia_2021_300K,hin,L20,1244,hin_Deva
panel1_ext,P1,hin_wikipedia_2021_300K,hin,L20,1247,hin_Deva
panel1_ext,P1,hin_wikipedia_2021_300K,hin,L20,1248,hin_Deva
panel1_ext,P1,hin_wikipedia_2021_300K,hin,L20,1249,anp_Deva
panel1_ext,P1,hin_wikipedia_2021_300K,hin,L20,1250,anp_Deva
panel1_ext,P1,hin_wikipedia_2021_300K,hin,L20,1253,anp_Deva
panel1_ext,P1,hin_wikipedia_2021_300K,hin,L20,1256,hin_Deva
panel1_ext,P1,hin_wikipedia_2021_300K,hin,L20,1258,hin_Deva
panel1_ext,P1,hin_wikipedia_2021_300K,hin,L20,1260,anp_Deva
panel1_ext,P1,hin_wikipedia_2021_300K,hin,L20,1261,hin_Deva
panel1_ext,P1,hin_wikipedia_2021_300K,hin,L20,1262,hin_Deva
panel1_ext,P1,hin_wikipedia_2021_300K,hin,L20,1263,hin_Deva
panel1_ext,P1,hin_wikipedia_2021_300K,hin,L20,1264,hin_Deva
panel1_ext,P1,hin_wikipedia_2021_300K,hin,L20,1265,hin_Deva
panel1_ext,P1,hin_wikipedia_2021_300K,hin,L20,1267,anp_Deva
panel1_ext,P1,hin_wikipedia_2021_300K,hin,L20,1270,hin_Deva
panel1_ext,P1,hin_wikipedia_2021_300K,hin,L20,1271,anp_Deva
panel1_ext,P1,hin_wikipedia_2021_300K,hin,L20,1273,hin_Deva
panel1_ext,P1,hin_wikipedia_2021_300K,hin,L20,1274,hin_Deva
panel1_ext,P1,hin_wikipedia_2021_300K,hin,L20,1277,hin_Deva
panel1_ext,P1,hin_wikipedia_2021_300K,hin,L20,1279,hin_Deva
panel1_ext,P1,hin_wikipedia_2021_300K,hin,L20,1280,hin_Deva
panel1_ext,P1,hin_wikipedia_2021_300K,hin,L20,1281,hin_Deva
panel1_ext,P1,hin_wikipedia_2021_300K,hin,L20,1282,hin_Deva
panel1_ext,P1,hin_wikipedia_2021_300K,hin,L20,1283,anp_Deva
panel1_ext,P1,hin_wikipedia_2021_300K,hin,L20,1286,anp_Deva
panel1_ext,P1,hin_wikipedia_2021_300K,hin,L20,1288,hin_Deva
panel1_ext,P1,hin_wikipedia_2021_300K,hin,L20,1290,anp_Deva
panel1_ext,P1,hin_wikipedia_2021_300K,hin,L20,1291,hin_Deva
panel1_ext,P1,hin_wikipedia_2021_300K,hin,L20,1292,hin_Deva
panel1_ext,P1,hin_wikipedia_2021_300K,hin,L20,1293,anp_Deva
panel1_ext,P1,hin_wikipedia_2021_300K,hin,L20,1294,hin_Deva
panel1_ext,P1,hin_wikipedia_2021_300K,hin,L20,1295,anp_Deva
panel1_ext,P1,hin_wikipedia_2021_300K,hin,L20,1296,hin_Deva
panel1_ext,P1,hin_wikipedia_2021_300K,hin,L20,1297,anp_Deva
panel1_ext,P1,hin_wikipedia_2021_300K,hin,L20,1298,anp_Deva
panel1_ext,P1,hin_wikipedia_2021_300K,hin,L20,1299,hin_Deva
panel1_ext,P1,hin_wikipedia_2021_300K,hin,L20,1300,hin_Deva
panel1_ext,P1,hin_wikipedia_2021_300K,hin,L20,1303,anp_Deva
panel1_ext,P1,hin_wikipedia_2021_300K,hin,L20,1305,anp_Deva
panel1_ext,P1,hin_wikipedia_2021_300K,hin,L20,1308,anp_Deva
panel1_ext,P1,hin_wikipedia_2021_300K,hin,L20,1309,hin_Deva
panel1_ext,P1,hin_wikipedia_2021_300K,hin,L20,1310,hin_Deva
panel1_ext,P1,hin_wikipedia_2021_300K,hin,L20,1311,anp_Deva
panel1_ext,P1,hin_wikipedia_2021_300K,hin,L20,1312,hin_Deva
panel1_ext,P1,hin_wikipedia_2021_300K,hin,L20,1314,anp_Deva
panel1_ext,P1,hin_wikipedia_2021_300K,hin,L20,1315,hin_Deva
panel1_ext,P1,hin_wikipedia_2021_300K,hin,L20,1316,hin_Deva
panel1_ext,P1,hin_wikipedia_2021_300K,hin,L20,1317,anp_Deva
panel1_ext,P1,hin_wikipedia_2021_300K,hin,L20,1318,anp_Deva
panel1_ext,P1,hin_wikipedia_2021_300K,hin,L20,1319,hin_Deva
panel1_ext,P1,hin_wikipedia_2021_300K,hin,L20,1323,anp_Deva
panel1_ext,P1,hin_wikipedia_2021_300K,hin,L20,1324,hin_Deva
panel1_ext,P1,hin_wikipedia_2021_300K,hin,L20,1325,hin_Deva
panel1_ext,P1,hin_wikipedia_2021_300K,hin,L20,1329,anp_Deva
panel1_ext,P1,hin_wikipedia_2021_300K,hin,L20,1330,hin_Deva
panel1_ext,P1,hin_wikipedia_2021_300K,hin,L20,1331,hin_Deva
panel1_ext,P1,hin_wikipedia_2021_300K,hin,L20,1332,hin_Deva
panel1_ext,P1,hin_wikipedia_2021_300K,hin,L20,1334,hin_Deva
panel1_ext,P1,hin_wikipedia_2021_300K,hin,L20,1338,hin_Deva
panel1_ext,P1,hin_wikipedia_2021_300K,hin,L20,1339,hin_Deva
panel1_ext,P1,hin_wikipedia_2021_300K,hin,L20,1340,anp_Deva
panel1_ext,P1,hin_wikipedia_2021_300K,hin,L20,1341,anp_Deva
panel1_ext,P1,hin_wikipedia_2021_300K,hin,L20,1346,hin_Deva
panel1_ext,P1,hin_wikipedia_2021_300K,hin,L20,1347,hin_Deva
panel1_ext,P1,hin_wikipedia_2021_300K,hin,L20,1349,hin_Deva
panel1_ext,P1,hin_wikipedia_2021_300K,hin,L20,1351,anp_Deva
panel1_ext,P1,hin_wikipedia_2021_300K,hin,L20,1352,anp_Deva
panel1_ext,P1,hin_wikipedia_2021_300K,hin,L20,1353,hin_Deva
panel1_ext,P1,hin_wikipedia_2021_300K,hin,L20,1354,hin_Deva
panel1_ext,P1,hin_wikipedia_2021_300K,hin,L20,1356,hin_Deva
panel1_ext,P1,hin_wikipedia_2021_300K,hin,L20,1357,hin_Deva
panel1_ext,P1,hin_wikipedia_2021_300K,hin,L20,1358,hin_Deva
panel1_ext,P1,hin_wikipedia_2021_300K,hin,L20,1359,hin_Deva
panel1_ext,P1,hin_wikipedia_2021_300K,hin,L20,1361,hin_Deva
panel1_ext,P1,hin_wikipedia_2021_300K,hin,L20,1363,anp_Deva
panel1_ext,P1,hin_wikipedia_2021_300K,hin,L20,1364,anp_Deva
panel1_ext,P1,hin_wikipedia_2021_300K,hin,L20,1366,hin_Deva
panel1_ext,P1,hin_wikipedia_2021_300K,hin,L20,1368,anp_Deva
panel1_ext,P1,hin_wikipedia_2021_300K,hin,L20,1369,anp_Deva
panel1_ext,P1,hin_wikipedia_2021_300K,hin,L20,1370,hin_Deva
panel1_ext,P1,hin_wikipedia_2021_300K,hin,L20,1371,hin_Deva
panel1_ext,P1,hin_wikipedia_2021_300K,hin,L20,1372,hin_Deva
panel1_ext,P1,hin_wikipedia_2021_300K,hin,L20,1373,anp_Deva
panel1_ext,P1,hin_wikipedia_2021_300K,hin,L20,1374,anp_Deva
panel1_ext,P1,hin_wikipedia_2021_300K,hin,L20,1375,anp_Deva
panel1_ext,P1,hin_wikipedia_2021_300K,hin,L20,1377,hin_Deva
panel1_ext,P1,hin_wikipedia_2021_300K,hin,L20,1378,hin_Deva
panel1_ext,P1,hin_wikipedia_2021_300K,hin,L20,1380,hin_Deva
panel1_ext,P1,hin_wikipedia_2021_300K,hin,L20,1382,hin_Deva
panel1_ext,P1,hin_wikipedia_2021_300K,hin,L20,1383,anp_Deva
panel1_ext,P1,hin_wikipedia_2021_300K,hin,L20,1384,anp_Deva
panel1_ext,P1,hin_wikipedia_2021_300K,hin,L20,1387,anp_Deva
panel1_ext,P1,hin_wikipedia_2021_300K,hin,L20,1388,hin_Deva
panel1_ext,P1,hin_wikipedia_2021_300K,hin,L20,1389,hin_Deva
panel1_ext,P1,hin_wikipedia_2021_300K,hin,L20,1391,anp_Deva
panel1_ext,P1,hin_wikipedia_2021_300K,hin,L20,1393,anp_Deva
panel1_ext,P1,hin_wikipedia_2021_300K,hin,L20,1394,hin_Deva
panel1_ext,P1,hin_wikipedia_2021_300K,hin,L20,1396,anp_Deva
panel1_ext,P1,hin_wikipedia_2021_300K,hin,L20,1398,hin_Deva
panel1_ext,P1,hin_wikipedia_2021_300K,hin,L20,1399,anp_Deva
panel1_ext,P1,hin_wikipedia_2021_300K,hin,L20,1401,hin_Deva
panel1_ext,P1,hin_wikipedia_2021_300K,hin,L20,1402,hin_Deva
panel1_ext,P1,hin_wikipedia_2021_300K,hin,L20,1404,anp_Deva
panel1_ext,P1,hin_wikipedia_2021_300K,hin,L20,1406,hin_Deva
panel1_ext,P1,hin_wikipedia_2021_300K,hin,L20,1407,hin_Deva
panel1_ext,P1,hin_wikipedia_2021_300K,hin,L20,1408,hin_Deva
panel1_ext,P1,hin_wikipedia_2021_300K,hin,L20,1410,hin_Deva
panel1_ext,P1,hin_wikipedia_2021_300K,hin,L20,1412,anp_Deva
panel1_ext,P1,hin_wikipedia_2021_300K,hin,L20,1415,hin_Deva
panel1_ext,P1,hin_wikipedia_2021_300K,hin,L20,1416,hin_Deva
panel1_ext,P1,hin_wikipedia_2021_300K,hin,L20,1417,hin_Deva
panel1_ext,P1,hin_wikipedia_2021_300K,hin,L20,1419,anp_Deva
panel1_ext,P1,hin_wikipedia_2021_300K,hin,L20,1420,anp_Deva
panel1_ext,P1,hin_wikipedia_2021_300K,hin,L20,1422,hin_Deva
panel1_ext,P1,hin_wikipedia_2021_300K,hin,L20,1423,anp_Deva
panel1_ext,P1,hin_wikipedia_2021_300K,hin,L20,1424,hin_Deva
panel1_ext,P1,hin_wikipedia_2021_300K,hin,L20,1425,hin_Deva
panel1_ext,P1,hin_wikipedia_2021_300K,hin,L20,1426,hin_Deva
panel1_ext,P1,hin_wikipedia_2021_300K,hin,L20,1427,hin_Deva
panel1_ext,P1,hin_wikipedia_2021_300K,hin,L20,1428,anp_Deva
panel1_ext,P1,hin_wikipedia_2021_300K,hin,L20,1429,hin_Deva
panel1_ext,P1,hin_wikipedia_2021_300K,hin,L20,1431,hin_Deva
panel1_ext,P1,hin_wikipedia_2021_300K,hin,L20,1432,anp_Deva
panel1_ext,P1,hin_wikipedia_2021_300K,hin,L20,1433,anp_Deva
panel1_ext,P1,hin_wikipedia_2021_300K,hin,L20,1434,hin_Deva
panel1_ext,P1,hin_wikipedia_2021_300K,hin,L20,1436,anp_Deva
panel1_ext,P1,hin_wikipedia_2021_300K,hin,L20,1438,hin_Deva
panel1_ext,P1,hin_wikipedia_2021_300K,hin,L20,1440,hin_Deva
panel1_ext,P1,hin_wikipedia_2021_300K,hin,L20,1441,anp_Deva
panel1_ext,P1,hin_wikipedia_2021_300K,hin,L20,1442,hin_Deva
panel1_ext,P1,hin_wikipedia_2021_300K,hin,L20,1445,hin_Deva
panel1_ext,P1,hin_wikipedia_2021_300K,hin,L20,1448,hin_Deva
panel1_ext,P1,hin_wikipedia_2021_300K,hin,L20,1450,hin_Deva
panel1_ext,P1,hin_wikipedia_2021_300K,hin,L20,1451,hin_Deva
panel1_ext,P1,hin_wikipedia_2021_300K,hin,L20,1452,anp_Deva
panel1_ext,P1,hin_wikipedia_2021_300K,hin,L20,1453,hin_Deva
panel1_ext,P1,hin_wikipedia_2021_300K,hin,L20,1455,hin_Deva
panel1_ext,P1,hin_wikipedia_2021_300K,hin,L20,1458,anp_Deva
panel1_ext,P1,hin_wikipedia_2021_300K,hin,L20,1459,hin_Deva
panel1_ext,P1,hin_wikipedia_2021_300K,hin,L20,1460,anp_Deva
panel1_ext,P1,hin_wikipedia_2021_300K,hin,L20,1462,anp_Deva
panel1_ext,P1,hin_wikipedia_2021_300K,hin,L20,1463,anp_Deva
panel1_ext,P1,hin_wikipedia_2021_300K,hin,L20,1464,anp_Deva
panel1_ext,P1,hin_wikipedia_2021_300K,hin,L20,1465,hin_Deva
panel1_ext,P1,hin_wikipedia_2021_300K,hin,L20,1466,anp_Deva
panel1_ext,P1,hin_wikipedia_2021_300K,hin,L20,1467,anp_Deva
panel1_ext,P1,hin_wikipedia_2021_300K,hin,L20,1469,hin_Deva
panel1_ext,P1,hin_wikipedia_2021_300K,hin,L20,1470,anp_Deva
panel1_ext,P1,hin_wikipedia_2021_300K,hin,L20,1472,hin_Deva
panel1_ext,P1,hin_wikipedia_2021_300K,hin,L20,1474,hin_Deva
panel1_ext,P1,hin_wikipedia_2021_300K,hin,L20,1477,hin_Deva
panel1_ext,P1,hin_wikipedia_2021_300K,hin,L20,1478,hin_Deva
panel1_ext,P1,hin_wikipedia_2021_300K,hin,L20,1480,anp_Deva
panel1_ext,P1,hin_wikipedia_2021_300K,hin,L20,1481,hin_Deva
panel1_ext,P1,hin_wikipedia_2021_300K,hin,L20,1482,hin_Deva
panel1_ext,P1,hin_wikipedia_2021_300K,hin,L20,1483,hin_Deva
panel1_ext,P1,hin_wikipedia_2021_300K,hin,L20,1484,hin_Deva
panel1_ext,P1,hin_wikipedia_2021_300K,hin,L20,1486,hin_Deva
panel1_ext,P1,hin_wikipedia_2021_300K,hin,L20,1487,hin_Deva
panel1_ext,P1,hin_wikipedia_2021_300K,hin,L20,1489,hin_Deva
panel1_ext,P1,hin_wikipedia_2021_300K,hin,L20,1491,hin_Deva
panel1_ext,P1,hin_wikipedia_2021_300K,hin,L20,1493,hin_Deva
panel1_ext,P1,hin_wikipedia_2021_300K,hin,L20,1495,hin_Deva
panel1_ext,P1,hin_wikipedia_2021_300K,hin,L20,1496,hin_Deva
panel1_ext,P1,hin_wikipedia_2021_300K,hin,L20,1497,anp_Deva
panel1_ext,P1,hin_wikipedia_2021_300K,hin,L20,1503,anp_Deva
panel1_ext,P1,hin_wikipedia_2021_300K,hin,L20,1504,hin_Deva
panel1_ext,P1,hin_wikipedia_2021_300K,hin,L20,1505,hin_Deva
panel1_ext,P1,hin_wikipedia_2021_300K,hin,L20,1506,hin_Deva
panel1_ext,P1,hin_wikipedia_2021_300K,hin,L20,1507,anp_Deva
panel1_ext,P1,hin_wikipedia_2021_300K,hin,L20,1508,hin_Deva
panel1_ext,P1,hin_wikipedia_2021_300K,hin,L20,1509,anp_Deva
panel1_ext,P1,hin_wikipedia_2021_300K,hin,L20,1510,hin_Deva
panel1_ext,P1,hin_wikipedia_2021_300K,hin,L20,1511,anp_Deva
panel1_ext,P1,hin_wikipedia_2021_300K,hin,L20,1513,hin_Deva
panel1_ext,P1,hin_wikipedia_2021_300K,hin,L20,1515,hin_Deva
panel1_ext,P1,hin_wikipedia_2021_300K,hin,L20,1516,hin_Deva
panel1_ext,P1,hin_wikipedia_2021_300K,hin,L20,1517,hin_Deva
panel1_ext,P1,hin_wikipedia_2021_300K,hin,L20,1518,hin_Deva
panel1_ext,P1,hin_wikipedia_2021_300K,hin,L20,1519,hin_Deva
panel1_ext,P1,hin_wikipedia_2021_300K,hin,L20,1520,anp_Deva
panel1_ext,P1,hin_wikipedia_2021_300K,hin,L20,1521,hin_Deva
panel1_ext,P1,hin_wikipedia_2021_300K,hin,L20,1522,hin_Deva
panel1_ext,P1,hin_wikipedia_2021_300K,hin,L20,1523,hin_Deva
panel1_ext,P1,hin_wikipedia_2021_300K,hin,L20,1524,hin_Deva
panel1_ext,P1,hin_wikipedia_2021_300K,hin,L20,1526,hin_Deva
panel1_ext,P1,hin_wikipedia_2021_300K,hin,L20,1529,hin_Deva
panel1_ext,P1,hin_wikipedia_2021_300K,hin,L20,1531,hin_Deva
panel1_ext,P1,hin_wikipedia_2021_300K,hin,L20,1532,hin_Deva
panel1_ext,P1,hin_wikipedia_2021_300K,hin,L20,1534,anp_Deva
panel1_ext,P1,hin_wikipedia_2021_300K,hin,L20,1537,anp_Deva
panel1_ext,P1,hin_wikipedia_2021_300K,hin,L20,1538,anp_Deva
panel1_ext,P1,hin_wikipedia_2021_300K,hin,L20,1542,hin_Deva
panel1_ext,P1,hin_wikipedia_2021_300K,hin,L20,1543,anp_Deva
panel1_ext,P1,hin_wikipedia_2021_300K,hin,L20,1544,hin_Deva
panel1_ext,P1,hin_wikipedia_2021_300K,hin,L20,1546,anp_Deva
panel1_ext,P1,hin_wikipedia_2021_300K,hin,L20,1547,anp_Deva
panel1_ext,P1,hin_wikipedia_2021_300K,hin,L20,1551,hin_Deva
panel1_ext,P1,hin_wikipedia_2021_300K,hin,L20,1552,hin_Deva
panel1_ext,P1,hin_wikipedia_2021_300K,hin,L20,1554,hin_Deva
panel1_ext,P1,hin_wikipedia_2021_300K,hin,L20,1556,hin_Deva
panel1_ext,P1,hin_wikipedia_2021_300K,hin,L20,1558,hin_Deva
panel1_ext,P1,hin_wikipedia_2021_300K,hin,L20,1559,anp_Deva
panel1_ext,P1,hin_wikipedia_2021_300K,hin,L20,1561,hin_Deva
panel1_ext,P1,hin_wikipedia_2021_300K,hin,L20,1562,hin_Deva
panel1_ext,P1,hin_wikipedia_2021_300K,hin,L20,1563,hin_Deva
panel1_ext,P1,hin_wikipedia_2021_300K,hin,L20,1565,hin_Deva
panel1_ext,P1,hin_wikipedia_2021_300K,hin,L20,1566,anp_Deva
panel1_ext,P1,hin_wikipedia_2021_300K,hin,L20,1567,hin_Deva
panel1_ext,P1,hin_wikipedia_2021_300K,hin,L20,1568,anp_Deva
panel1_ext,P1,hin_wikipedia_2021_300K,hin,L20,1570,hin_Deva
panel1_ext,P1,hin_wikipedia_2021_300K,hin,L20,1571,hin_Deva
panel1_ext,P1,hin_wikipedia_2021_300K,hin,L20,1572,anp_Deva
panel1_ext,P1,hin_wikipedia_2021_300K,hin,L20,1574,anp_Deva
panel1_ext,P1,hin_wikipedia_2021_300K,hin,L20,1575,hin_Deva
panel1_ext,P1,hin_wikipedia_2021_300K,hin,L20,1578,anp_Deva
panel1_ext,P1,hin_wikipedia_2021_300K,hin,L20,1580,hin_Deva
panel1_ext,P1,hin_wikipedia_2021_300K,hin,L20,1581,anp_Deva
panel1_ext,P1,hin_wikipedia_2021_300K,hin,L20,1584,hin_Deva
panel1_ext,P1,hin_wikipedia_2021_300K,hin,L20,1587,hin_Deva
panel1_ext,P1,hin_wikipedia_2021_300K,hin,L20,1588,hin_Deva
panel1_ext,P1,hin_wikipedia_2021_300K,hin,L20,1590,hin_Deva
panel1_ext,P1,hin_wikipedia_2021_300K,hin,L20,1591,hin_Deva
panel1_ext,P1,hin_wikipedia_2021_300K,hin,L20,1592,hin_Deva
panel1_ext,P1,hin_wikipedia_2021_300K,hin,L20,1593,hin_Deva
panel1_ext,P1,hin_wikipedia_2021_300K,hin,L20,1594,anp_Deva
panel1_ext,P1,hin_wikipedia_2021_300K,hin,L20,1595,anp_Deva
panel1_ext,P1,hin_wikipedia_2021_300K,hin,L20,1596,hin_Deva
panel1_ext,P1,hin_wikipedia_2021_300K,hin,L20,1597,hin_Deva
panel1_ext,P1,hin_wikipedia_2021_300K,hin,L20,1598,hin_Deva
panel1_ext,P1,hin_wikipedia_2021_300K,hin,L20,1599,hin_Deva
panel1_ext,P1,hin_wikipedia_2021_300K,hin,L20,1602,anp_Deva
panel1_ext,P1,hin_wikipedia_2021_300K,hin,L20,1603,hin_Deva
panel1_ext,P1,hin_wikipedia_2021_300K,hin,L20,1604,hin_Deva
panel1_ext,P1,hin_wikipedia_2021_300K,hin,L20,1606,hin_Deva
panel1_ext,P1,hin_wikipedia_2021_300K,hin,L20,1607,hin_Deva
panel1_ext,P1,hin_wikipedia_2021_300K,hin,L20,1608,hin_Deva
panel1_ext,P1,hin_wikipedia_2021_300K,hin,L20,1609,hin_Deva
panel1_ext,P1,hin_wikipedia_2021_300K,hin,L20,1610,hin_Deva
panel1_ext,P1,hin_wikipedia_2021_300K,hin,L20,1613,hin_Deva
panel1_ext,P1,hin_wikipedia_2021_300K,hin,L20,1616,hin_Deva
panel1_ext,P1,hin_wikipedia_2021_300K,hin,L20,1618,anp_Deva
panel1_ext,P1,hin_wikipedia_2021_300K,hin,L20,1620,hin_Deva
panel1_ext,P1,hin_wikipedia_2021_300K,hin,L20,1622,hin_Deva
panel1_ext,P1,hin_wikipedia_2021_300K,hin,L20,1623,anp_Deva
panel1_ext,P1,hin_wikipedia_2021_300K,hin,L20,1624,anp_Deva
panel1_ext,P1,hin_wikipedia_2021_300K,hin,L20,1625,hin_Deva
panel1_ext,P1,hin_wikipedia_2021_300K,hin,L20,1626,anp_Deva
panel1_ext,P1,hin_wikipedia_2021_300K,hin,L20,1629,hin_Deva
panel1_ext,P1,hin_wikipedia_2021_300K,hin,L20,1630,anp_Deva
panel1_ext,P1,hin_wikipedia_2021_300K,hin,L20,1633,anp_Deva
panel1_ext,P1,hin_wikipedia_2021_300K,hin,L20,1635,hin_Deva
panel1_ext,P1,hin_wikipedia_2021_300K,hin,L20,1636,hin_Deva
panel1_ext,P1,hin_wikipedia_2021_300K,hin,L20,1637,hin_Deva
panel1_ext,P1,hin_wikipedia_2021_300K,hin,L20,1639,hin_Deva
panel1_ext,P1,hin_wikipedia_2021_300K,hin,L20,1640,hin_Deva
panel1_ext,P1,hin_wikipedia_2021_300K,hin,L20,1641,anp_Deva
panel1_ext,P1,hin_wikipedia_2021_300K,hin,L20,1643,anp_Deva
panel1_ext,P1,hin_wikipedia_2021_300K,hin,L20,1644,hin_Deva
panel1_ext,P1,hin_wikipedia_2021_300K,hin,L20,1645,anp_Deva
panel1_ext,P1,hin_wikipedia_2021_300K,hin,L20,1646,anp_Deva
panel1_ext,P1,hin_wikipedia_2021_300K,hin,L20,1647,hin_Deva
panel1_ext,P1,hin_wikipedia_2021_300K,hin,L20,1650,hin_Deva
panel1_ext,P1,hin_wikipedia_2021_300K,hin,L20,1651,hin_Deva
panel1_ext,P1,hin_wikipedia_2021_300K,hin,L20,1652,anp_Deva
panel1_ext,P1,hin_wikipedia_2021_300K,hin,L20,1653,anp_Deva
panel1_ext,P1,hin_wikipedia_2021_300K,hin,L20,1657,anp_Deva
panel1_ext,P1,hin_wikipedia_2021_300K,hin,L20,1658,hin_Deva
panel1_ext,P1,hin_wikipedia_2021_300K,hin,L20,1659,anp_Deva
panel1_ext,P1,hin_wikipedia_2021_300K,hin,L20,1660,hin_Deva
panel1_ext,P1,hin_wikipedia_2021_300K,hin,L20,1663,anp_Deva
panel1_ext,P1,hin_wikipedia_2021_300K,hin,L20,1665,hin_Deva
panel1_ext,P1,hin_wikipedia_2021_300K,hin,L20,1669,hin_Deva
panel1_ext,P1,hin_wikipedia_2021_300K,hin,L20,1670,anp_Deva
panel1_ext,P1,hin_wikipedia_2021_300K,hin,L20,1671,hin_Deva
panel1_ext,P1,hin_wikipedia_2021_300K,hin,L20,1673,anp_Deva
panel1_ext,P1,hin_wikipedia_2021_300K,hin,L20,1674,hin_Deva
panel1_ext,P1,hin_wikipedia_2021_300K,hin,L20,1675,anp_Deva
panel1_ext,P1,hin_wikipedia_2021_300K,hin,L20,1676,anp_Deva
panel1_ext,P1,hin_wikipedia_2021_300K,hin,L20,1680,anp_Deva
panel1_ext,P1,hin_wikipedia_2021_300K,hin,L20,1681,hin_Deva
panel1_ext,P1,hin_wikipedia_2021_300K,hin,L20,1682,hin_Deva
panel1_ext,P1,hin_wikipedia_2021_300K,hin,L20,1683,hin_Deva
panel1_ext,P1,hin_wikipedia_2021_300K,hin,L20,1688,anp_Deva
panel1_ext,P1,hin_wikipedia_2021_300K,hin,L20,1689,hin_Deva
panel1_ext,P1,hin_wikipedia_2021_300K,hin,L20,1691,anp_Deva
panel1_ext,P1,hin_wikipedia_2021_300K,hin,L20,1693,hin_Deva
panel1_ext,P1,hin_wikipedia_2021_300K,hin,L20,1694,hin_Deva
panel1_ext,P1,hin_wikipedia_2021_300K,hin,L20,1695,hin_Deva
panel1_ext,P1,hin_wikipedia_2021_300K,hin,L20,1696,hin_Deva
panel1_ext,P1,hin_wikipedia_2021_300K,hin,L20,1697,hin_Deva
panel1_ext,P1,hin_wikipedia_2021_300K,hin,L20,1698,hin_Deva
panel1_ext,P1,hin_wikipedia_2021_300K,hin,L20,1701,hin_Deva
panel1_ext,P1,hin_wikipedia_2021_300K,hin,L20,1702,hin_Deva
panel1_ext,P1,hin_wikipedia_2021_300K,hin,L20,1704,hin_Deva
panel1_ext,P1,hin_wikipedia_2021_300K,hin,L20,1708,hin_Deva
panel1_ext,P1,hin_wikipedia_2021_300K,hin,L20,1709,hin_Deva
panel1_ext,P1,hin_wikipedia_2021_300K,hin,L20,1711,anp_Deva
panel1_ext,P1,hin_wikipedia_2021_300K,hin,L20,1714,hin_Deva
panel1_ext,P1,hin_wikipedia_2021_300K,hin,L20,1715,hin_Deva
panel1_ext,P1,hin_wikipedia_2021_300K,hin,L20,1716,hin_Deva
panel1_ext,P1,hin_wikipedia_2021_300K,hin,L20,1717,hin_Deva
panel1_ext,P1,hin_wikipedia_2021_300K,hin,L20,1718,anp_Deva
panel1_ext,P1,hin_wikipedia_2021_300K,hin,L20,1719,hin_Deva
panel1_ext,P1,hin_wikipedia_2021_300K,hin,L20,1720,hin_Deva
panel1_ext,P1,hin_wikipedia_2021_300K,hin,L20,1722,hin_Deva
panel1_ext,P1,hin_wikipedia_2021_300K,hin,L20,1723,anp_Deva
panel1_ext,P1,hin_wikipedia_2021_300K,hin,L20,1724,hin_Deva
panel1_ext,P1,hin_wikipedia_2021_300K,hin,L20,1725,anp_Deva
panel1_ext,P1,hin_wikipedia_2021_300K,hin,L20,1727,hin_Deva
panel1_ext,P1,hin_wikipedia_2021_300K,hin,L20,1730,hin_Deva
panel1_ext,P1,hin_wikipedia_2021_300K,hin,L20,1731,hin_Deva
panel1_ext,P1,hin_wikipedia_2021_300K,hin,L20,1733,hin_Deva
panel1_ext,P1,hin_wikipedia_2021_300K,hin,L20,1735,anp_Deva
panel1_ext,P1,hin_wikipedia_2021_300K,hin,L20,1736,anp_Deva
panel1_ext,P1,hin_wikipedia_2021_300K,hin,L20,1739,anp_Deva
panel1_ext,P1,hin_wikipedia_2021_300K,hin,L20,1740,anp_Deva
panel1_ext,P1,hin_wikipedia_2021_300K,hin,L20,1742,anp_Deva
panel1_ext,P1,hin_wikipedia_2021_300K,hin,L20,1743,hin_Deva
panel1_ext,P1,hin_wikipedia_2021_300K,hin,L20,1745,hin_Deva
panel1_ext,P1,hin_wikipedia_2021_300K,hin,L20,1748,anp_Deva
panel1_ext,P1,hin_wikipedia_2021_300K,hin,L20,1751,hin_Deva
panel1_ext,P1,hin_wikipedia_2021_300K,hin,L20,1753,anp_Deva
panel1_ext,P1,hin_wikipedia_2021_300K,hin,L20,1754,hin_Deva
panel1_ext,P1,hin_wikipedia_2021_300K,hin,L20,1755,anp_Deva
panel1_ext,P1,hin_wikipedia_2021_300K,hin,L20,1757,hin_Deva
panel1_ext,P1,hin_wikipedia_2021_300K,hin,L20,1758,anp_Deva
panel1_ext,P1,hin_wikipedia_2021_300K,hin,L20,1760,anp_Deva
panel1_ext,P1,hin_wikipedia_2021_300K,hin,L20,1761,anp_Deva
panel1_ext,P1,hin_wikipedia_2021_300K,hin,L20,1763,hin_Deva
panel1_ext,P1,hin_wikipedia_2021_300K,hin,L20,1764,anp_Deva
panel1_ext,P1,hin_wikipedia_2021_300K,hin,L20,1765,hin_Deva
panel1_ext,P1,hin_wikipedia_2021_300K,hin,L20,1766,hin_Deva
panel1_ext,P1,hin_wikipedia_2021_300K,hin,L20,1768,hin_Deva
panel1_ext,P1,hin_wikipedia_2021_300K,hin,L20,1769,hin_Deva
panel1_ext,P1,hin_wikipedia_2021_300K,hin,L20,1773,hin_Deva
panel1_ext,P1,hin_wikipedia_2021_300K,hin,L20,1774,hin_Deva
panel1_ext,P1,hin_wikipedia_2021_300K,hin,L20,1775,hin_Deva
panel1_ext,P1,hin_wikipedia_2021_300K,hin,L20,1776,anp_Deva
panel1_ext,P1,hin_wikipedia_2021_300K,hin,L20,1779,anp_Deva
panel1_ext,P1,hin_wikipedia_2021_300K,hin,L20,1780,anp_Deva
panel1_ext,P1,hin_wikipedia_2021_300K,hin,L20,1783,hin_Deva
panel1_ext,P1,hin_wikipedia_2021_300K,hin,L20,1784,hin_Deva
panel1_ext,P1,hin_wikipedia_2021_300K,hin,L20,1791,hin_Deva
panel1_ext,P1,hin_wikipedia_2021_300K,hin,L20,1792,hin_Deva
panel1_ext,P1,hin_wikipedia_2021_300K,hin,L20,1793,hin_Deva
panel1_ext,P1,hin_wikipedia_2021_300K,hin,L20,1794,hin_Deva
panel1_ext,P1,hin_wikipedia_2021_300K,hin,L20,1795,hin_Deva
panel1_ext,P1,hin_wikipedia_2021_300K,hin,L20,1796,hin_Deva
panel1_ext,P1,hin_wikipedia_2021_300K,hin,L20,1797,hin_Deva
panel1_ext,P1,hin_wikipedia_2021_300K,hin,L20,1798,anp_Deva
panel1_ext,P1,hin_wikipedia_2021_300K,hin,L20,1800,anp_Deva
panel1_ext,P1,hin_wikipedia_2021_300K,hin,L20,1801,hin_Deva
panel1_ext,P1,hin_wikipedia_2021_300K,hin,L20,1806,anp_Deva
panel1_ext,P1,hin_wikipedia_2021_300K,hin,L20,1807,anp_Deva
panel1_ext,P1,hin_wikipedia_2021_300K,hin,L20,1808,anp_Deva
panel1_ext,P1,hin_wikipedia_2021_300K,hin,L20,1813,hin_Deva
panel1_ext,P1,hin_wikipedia_2021_300K,hin,L20,1814,anp_Deva
panel1_ext,P1,hin_wikipedia_2021_300K,hin,L20,1815,hin_Deva
panel1_ext,P1,hin_wikipedia_2021_300K,hin,L20,1816,hin_Deva
panel1_ext,P1,hin_wikipedia_2021_300K,hin,L20,1817,hin_Deva
panel1_ext,P1,hin_wikipedia_2021_300K,hin,L20,1818,anp_Deva
panel1_ext,P1,hin_wikipedia_2021_300K,hin,L20,1819,hin_Deva
panel1_ext,P1,hin_wikipedia_2021_300K,hin,L20,1820,anp_Deva
panel1_ext,P1,hin_wikipedia_2021_300K,hin,L20,1821,hin_Deva
panel1_ext,P1,hin_wikipedia_2021_300K,hin,L20,1822,hin_Deva
panel1_ext,P1,hin_wikipedia_2021_300K,hin,L20,1823,hin_Deva
panel1_ext,P1,hin_wikipedia_2021_300K,hin,L20,1824,anp_Deva
panel1_ext,P1,hin_wikipedia_2021_300K,hin,L20,1825,hin_Deva
panel1_ext,P1,hin_wikipedia_2021_300K,hin,L20,1826,anp_Deva
panel1_ext,P1,hin_wikipedia_2021_300K,hin,L20,1828,hin_Deva
panel1_ext,P1,hin_wikipedia_2021_300K,hin,L20,1829,hin_Deva
panel1_ext,P1,hin_wikipedia_2021_300K,hin,L20,1830,anp_Deva
panel1_ext,P1,hin_wikipedia_2021_300K,hin,L20,1831,anp_Deva
panel1_ext,P1,hin_wikipedia_2021_300K,hin,L20,1832,hin_Deva
panel1_ext,P1,hin_wikipedia_2021_300K,hin,L20,1833,hin_Deva
panel1_ext,P1,hin_wikipedia_2021_300K,hin,L20,1834,hin_Deva
panel1_ext,P1,hin_wikipedia_2021_300K,hin,L20,1835,anp_Deva
panel1_ext,P1,hin_wikipedia_2021_300K,hin,L20,1836,anp_Deva
panel1_ext,P1,hin_wikipedia_2021_300K,hin,L20,1837,anp_Deva
panel1_ext,P1,hin_wikipedia_2021_300K,hin,L20,1838,anp_Deva
panel1_ext,P1,hin_wikipedia_2021_300K,hin,L20,1840,anp_Deva
panel1_ext,P1,hin_wikipedia_2021_300K,hin,L20,1842,hin_Deva
panel1_ext,P1,hin_wikipedia_2021_300K,hin,L20,1843,anp_Deva
panel1_ext,P1,hin_wikipedia_2021_300K,hin,L20,1844,hin_Deva
panel1_ext,P1,hin_wikipedia_2021_300K,hin,L20,1845,hin_Deva
panel1_ext,P1,hin_wikipedia_2021_300K,hin,L20,1847,anp_Deva
panel1_ext,P1,hin_wikipedia_2021_300K,hin,L20,1848,anp_Deva
panel1_ext,P1,hin_wikipedia_2021_300K,hin,L20,1849,anp_Deva
panel1_ext,P1,hin_wikipedia_2021_300K,hin,L20,1850,hin_Deva
panel1_ext,P1,hin_wikipedia_2021_300K,hin,L20,1852,anp_Deva
panel1_ext,P1,hin_wikipedia_2021_300K,hin,L20,1858,anp_Deva
panel1_ext,P1,hin_wikipedia_2021_300K,hin,L20,1859,hin_Deva
panel1_ext,P1,hin_wikipedia_2021_300K,hin,L20,1860,hin_Deva
panel1_ext,P1,hin_wikipedia_2021_300K,hin,L20,1861,anp_Deva
panel1_ext,P1,hin_wikipedia_2021_300K,hin,L20,1866,anp_Deva
panel1_ext,P1,hin_wikipedia_2021_300K,hin,L20,1867,hin_Deva
panel1_ext,P1,hin_wikipedia_2021_300K,hin,L20,1868,hin_Deva
panel1_ext,P1,hin_wikipedia_2021_300K,hin,L20,1871,hin_Deva
panel1_ext,P1,hin_wikipedia_2021_300K,hin,L20,1873,anp_Deva
panel1_ext,P1,hin_wikipedia_2021_300K,hin,L20,1874,anp_Deva
panel1_ext,P1,hin_wikipedia_2021_300K,hin,L20,1876,anp_Deva
panel1_ext,P1,hin_wikipedia_2021_300K,hin,L20,1877,anp_Deva
panel1_ext,P1,hin_wikipedia_2021_300K,hin,L20,1878,hin_Deva
panel1_ext,P1,hin_wikipedia_2021_300K,hin,L20,1879,anp_Deva
panel1_ext,P1,hin_wikipedia_2021_300K,hin,L20,1880,anp_Deva
panel1_ext,P1,hin_wikipedia_2021_300K,hin,L20,1886,anp_Deva
panel1_ext,P1,hin_wikipedia_2021_300K,hin,L20,1887,anp_Deva
panel1_ext,P1,hin_wikipedia_2021_300K,hin,L20,1889,hin_Deva
panel1_ext,P1,hin_wikipedia_2021_300K,hin,L20,1890,hin_Deva
panel1_ext,P1,hin_wikipedia_2021_300K,hin,L20,1891,hin_Deva
panel1_ext,P1,hin_wikipedia_2021_300K,hin,L20,1892,hin_Deva
panel1_ext,P1,hin_wikipedia_2021_300K,hin,L20,1893,hin_Deva
panel1_ext,P1,hin_wikipedia_2021_300K,hin,L20,1894,hin_Deva
panel1_ext,P1,hin_wikipedia_2021_300K,hin,L20,1895,anp_Deva
panel1_ext,P1,hin_wikipedia_2021_300K,hin,L20,1897,hin_Deva
panel1_ext,P1,hin_wikipedia_2021_300K,hin,L20,1898,hin_Deva
panel1_ext,P1,hin_wikipedia_2021_300K,hin,L20,1899,hin_Deva
panel1_ext,P1,hin_wikipedia_2021_300K,hin,L20,1905,hin_Deva
panel1_ext,P1,hin_wikipedia_2021_300K,hin,L20,1906,anp_Deva
panel1_ext,P1,hin_wikipedia_2021_300K,hin,L20,1907,anp_Deva
panel1_ext,P1,hin_wikipedia_2021_300K,hin,L20,1909,hin_Deva
panel1_ext,P1,hin_wikipedia_2021_300K,hin,L20,1910,anp_Deva
panel1_ext,P1,hin_wikipedia_2021_300K,hin,L20,1911,hin_Deva
panel1_ext,P1,hin_wikipedia_2021_300K,hin,L20,1912,hin_Deva
panel1_ext,P1,hin_wikipedia_2021_300K,hin,L20,1913,hin_Deva
panel1_ext,P1,hin_wikipedia_2021_300K,hin,L20,1915,hin_Deva
panel1_ext,P1,hin_wikipedia_2021_300K,hin,L20,1918,hin_Deva
panel1_ext,P1,hin_wikipedia_2021_300K,hin,L20,1921,hin_Deva
panel1_ext,P1,hin_wikipedia_2021_300K,hin,L20,1922,hin_Deva
panel1_ext,P1,hin_wikipedia_2021_300K,hin,L20,1923,hin_Deva
panel1_ext,P1,hin_wikipedia_2021_300K,hin,L20,1924,hin_Deva
panel1_ext,P1,hin_wikipedia_2021_300K,hin,L20,1926,anp_Deva
panel1_ext,P1,hin_wikipedia_2021_300K,hin,L20,1928,hin_Deva
panel1_ext,P1,hin_wikipedia_2021_300K,hin,L20,1930,hin_Deva
panel1_ext,P1,hin_wikipedia_2021_300K,hin,L20,1931,hin_Deva
panel1_ext,P1,hin_wikipedia_2021_300K,hin,L20,1934,hin_Deva
panel1_ext,P1,hin_wikipedia_2021_300K,hin,L20,1936,anp_Deva
panel1_ext,P1,hin_wikipedia_2021_300K,hin,L20,1938,hin_Deva
panel1_ext,P1,hin_wikipedia_2021_300K,hin,L20,1939,hin_Deva
panel1_ext,P1,hin_wikipedia_2021_300K,hin,L20,1940,anp_Deva
panel1_ext,P1,hin_wikipedia_2021_300K,hin,L20,1941,hin_Deva
panel1_ext,P1,hin_wikipedia_2021_300K,hin,L20,1942,anp_Deva
panel1_ext,P1,hin_wikipedia_2021_300K,hin,L20,1943,anp_Deva
panel1_ext,P1,hin_wikipedia_2021_300K,hin,L20,1947,anp_Deva
panel1_ext,P1,hin_wikipedia_2021_300K,hin,L20,1948,hin_Deva
panel1_ext,P1,hin_wikipedia_2021_300K,hin,L20,1949,anp_Deva
panel1_ext,P1,hin_wikipedia_2021_300K,hin,L20,1950,anp_Deva
panel1_ext,P1,hin_wikipedia_2021_300K,hin,L20,1951,hin_Deva
panel1_ext,P1,hin_wikipedia_2021_300K,hin,L20,1953,hin_Deva
panel1_ext,P1,hin_wikipedia_2021_300K,hin,L20,1956,anp_Deva
panel1_ext,P1,hin_wikipedia_2021_300K,hin,L20,1958,anp_Deva
panel1_ext,P1,hin_wikipedia_2021_300K,hin,L20,1959,anp_Deva
panel1_ext,P1,hin_wikipedia_2021_300K,hin,L20,1962,anp_Deva
panel1_ext,P1,hin_wikipedia_2021_300K,hin,L20,1965,anp_Deva
panel1_ext,P1,hin_wikipedia_2021_300K,hin,L20,1966,hin_Deva
panel1_ext,P1,hin_wikipedia_2021_300K,hin,L20,1968,hin_Deva
panel1_ext,P1,hin_wikipedia_2021_300K,hin,L20,1970,anp_Deva
panel1_ext,P1,hin_wikipedia_2021_300K,hin,L20,1971,anp_Deva
panel1_ext,P1,hin_wikipedia_2021_300K,hin,L20,1972,anp_Deva
panel1_ext,P1,hin_wikipedia_2021_300K,hin,L20,1975,anp_Deva
panel1_ext,P1,hin_wikipedia_2021_300K,hin,L20,1977,anp_Deva
panel1_ext,P1,hin_wikipedia_2021_300K,hin,L20,1978,hin_Deva
panel1_ext,P1,hin_wikipedia_2021_300K,hin,L20,1981,anp_Deva
panel1_ext,P1,hin_wikipedia_2021_300K,hin,L20,1983,anp_Deva
panel1_ext,P1,hin_wikipedia_2021_300K,hin,L20,1984,anp_Deva
panel1_ext,P1,hin_wikipedia_2021_300K,hin,L20,1985,anp_Deva
panel1_ext,P1,hin_wikipedia_2021_300K,hin,L20,1987,anp_Deva
panel1_ext,P1,hin_wikipedia_2021_300K,hin,L20,1989,anp_Deva
panel1_ext,P1,hin_wikipedia_2021_300K,hin,L20,1990,anp_Deva
panel1_ext,P1,hin_wikipedia_2021_300K,hin,L20,1992,hin_Deva
panel1_ext,P1,hin_wikipedia_2021_300K,hin,L20,1993,anp_Deva
panel1_ext,P1,hin_wikipedia_2021_300K,hin,L20,1994,hin_Deva
panel1_ext,P1,hin_wikipedia_2021_300K,hin,L20,1997,hin_Deva
panel1_ext,P1,hin_wikipedia_2021_300K,hin,L20,1999,hin_Deva
panel1_ext,P1,hin_wikipedia_2021_300K,hin,L20,2000,hin_Deva
panel1_ext,P1,hin_wikipedia_2021_300K,hin,L20,2002,anp_Deva
panel1_ext,P1,hin_wikipedia_2021_300K,hin,L20,2003,hin_Deva
panel1_ext,P1,hin_wikipedia_2021_300K,hin,L20,2005,hin_Deva
panel1_ext,P1,hin_wikipedia_2021_300K,hin,L20,2006,anp_Deva
panel1_ext,P1,hin_wikipedia_2021_300K,hin,L20,2009,hin_Deva
panel1_ext,P1,hin_wikipedia_2021_300K,hin,L20,2011,hin_Deva
panel1_ext,P1,hin_wikipedia_2021_300K,hin,L20,2012,hin_Deva
panel1_ext,P1,hin_wikipedia_2021_300K,hin,L20,2013,hin_Deva
panel1_ext,P1,hin_wikipedia_2021_300K,hin,L20,2014,hin_Deva
panel1_ext,P1,hin_wikipedia_2021_300K,hin,L20,2015,hin_Deva
panel1_ext,P1,hin_wikipedia_2021_300K,hin,L20,2016,hin_Deva
panel1_ext,P1,hin_wikipedia_2021_300K,hin,L20,2017,anp_Deva
panel1_ext,P1,hin_wikipedia_2021_300K,hin,L20,2018,hin_Deva
panel1_ext,P1,hin_wikipedia_2021_300K,hin,L20,2019,hin_Deva
panel1_ext,P1,hin_wikipedia_2021_300K,hin,L20,2022,hin_Deva
panel1_ext,P1,hin_wikipedia_2021_300K,hin,L20,2023,hin_Deva
panel1_ext,P1,hin_wikipedia_2021_300K,hin,L20,2025,hin_Deva
panel1_ext,P1,hin_wikipedia_2021_300K,hin,L20,2027,hin_Deva
panel1_ext,P1,hin_wikipedia_2021_300K,hin,L20,2029,hin_Deva
panel1_ext,P1,hin_wikipedia_2021_300K,hin,L20,2030,hin_Deva
panel1_ext,P1,hin_wikipedia_2021_300K,hin,L20,2031,anp_Deva
panel1_ext,P1,hin_wikipedia_2021_300K,hin,L20,2032,hin_Deva
panel1_ext,P1,hin_wikipedia_2021_300K,hin,L20,2033,hin_Deva
panel1_ext,P1,hin_wikipedia_2021_300K,hin,L20,2034,anp_Deva
panel1_ext,P1,hin_wikipedia_2021_300K,hin,L20,2035,hin_Deva
panel1_ext,P1,hin_wikipedia_2021_300K,hin,L20,2038,hin_Deva
panel1_ext,P1,hin_wikipedia_2021_300K,hin,L20,2039,anp_Deva
panel1_ext,P1,hin_wikipedia_2021_300K,hin,L20,2040,hin_Deva
panel1_ext,P1,hin_wikipedia_2021_300K,hin,L20,2042,hin_Deva
panel1_ext,P1,hin_wikipedia_2021_300K,hin,L20,2043,anp_Deva
panel1_ext,P1,hin_wikipedia_2021_300K,hin,L20,2044,hin_Deva
panel1_ext,P1,hin_wikipedia_2021_300K,hin,L20,2046,hin_Deva
panel1_ext,P1,hin_wikipedia_2021_300K,hin,L20,2049,anp_Deva
panel1_ext,P1,hin_wikipedia_2021_300K,hin,L20,2053,anp_Deva
panel1_ext,P1,hin_wikipedia_2021_300K,hin,L20,2054,hin_Deva
panel1_ext,P1,hin_wikipedia_2021_300K,hin,L20,2055,hin_Deva
panel1_ext,P1,hin_wikipedia_2021_300K,hin,L20,2056,hin_Deva
panel1_ext,P1,hin_wikipedia_2021_300K,hin,L20,2057,anp_Deva
panel1_ext,P1,hin_wikipedia_2021_300K,hin,L20,2058,hin_Deva
panel1_ext,P1,hin_wikipedia_2021_300K,hin,L20,2059,anp_Deva
panel1_ext,P1,hin_wikipedia_2021_300K,hin,L20,2060,hin_Deva
panel1_ext,P1,hin_wikipedia_2021_300K,hin,L20,2062,hin_Deva
panel1_ext,P1,hin_wikipedia_2021_300K,hin,L20,2064,anp_Deva
panel1_ext,P1,hin_wikipedia_2021_300K,hin,L20,2065,anp_Deva
panel1_ext,P1,hin_wikipedia_2021_300K,hin,L20,2066,hin_Deva
panel1_ext,P1,hin_wikipedia_2021_300K,hin,L20,2068,hin_Deva
panel1_ext,P1,hin_wikipedia_2021_300K,hin,L20,2070,anp_Deva
panel1_ext,P1,hin_wikipedia_2021_300K,hin,L20,2072,anp_Deva
panel1_ext,P1,hin_wikipedia_2021_300K,hin,L20,2073,hin_Deva
panel1_ext,P1,hin_wikipedia_2021_300K,hin,L20,2074,hin_Deva
panel1_ext,P1,hin_wikipedia_2021_300K,hin,L20,2075,anp_Deva
panel1_ext,P1,hin_wikipedia_2021_300K,hin,L20,2076,anp_Deva
panel1_ext,P1,hin_wikipedia_2021_300K,hin,L20,2077,hin_Deva
panel1_ext,P1,hin_wikipedia_2021_300K,hin,L20,2078,hin_Deva
panel1_ext,P1,hin_wikipedia_2021_300K,hin,L20,2079,hin_Deva
panel1_ext,P1,hin_wikipedia_2021_300K,hin,L20,2080,hin_Deva
panel1_ext,P1,hin_wikipedia_2021_300K,hin,L20,2082,hin_Deva
panel1_ext,P1,hin_wikipedia_2021_300K,hin,L20,2085,anp_Deva
panel1_ext,P1,hin_wikipedia_2021_300K,hin,L20,2086,hin_Deva
panel1_ext,P1,hin_wikipedia_2021_300K,hin,L20,2089,hin_Deva
panel1_ext,P1,hin_wikipedia_2021_300K,hin,L20,2090,anp_Deva
panel1_ext,P1,hin_wikipedia_2021_300K,hin,L20,2092,hin_Deva
panel1_ext,P1,hin_wikipedia_2021_300K,hin,L20,2093,hin_Deva
panel1_ext,P1,hin_wikipedia_2021_300K,hin,L20,2094,anp_Deva
panel1_ext,P1,hin_wikipedia_2021_300K,hin,L20,2095,anp_Deva
panel1_ext,P1,hin_wikipedia_2021_300K,hin,L20,2096,hin_Deva
panel1_ext,P1,hin_wikipedia_2021_300K,hin,L20,2099,hin_Deva
panel1_ext,P1,hin_wikipedia_2021_300K,hin,L20,2100,hin_Deva
panel1_ext,P1,hin_wikipedia_2021_300K,hin,L20,2101,anp_Deva
panel1_ext,P1,hin_wikipedia_2021_300K,hin,L20,2102,hin_Deva
panel1_ext,P1,hin_wikipedia_2021_300K,hin,L20,2103,anp_Deva
panel1_ext,P1,hin_wikipedia_2021_300K,hin,L20,2104,anp_Deva
panel1_ext,P1,hin_wikipedia_2021_300K,hin,L20,2105,anp_Deva
panel1_ext,P1,hin_wikipedia_2021_300K,hin,L20,2106,hin_Deva
panel1_ext,P1,hin_wikipedia_2021_300K,hin,L20,2109,hin_Deva
panel1_ext,P1,hin_wikipedia_2021_300K,hin,L20,2110,hin_Deva
panel1_ext,P1,hin_wikipedia_2021_300K,hin,L20,2111,hin_Deva
panel1_ext,P1,hin_wikipedia_2021_300K,hin,L20,2112,hin_Deva
panel1_ext,P1,hin_wikipedia_2021_300K,hin,L20,2113,hin_Deva
panel1_ext,P1,hin_wikipedia_2021_300K,hin,L20,2114,anp_Deva
panel1_ext,P1,hin_wikipedia_2021_300K,hin,L20,2115,hin_Deva
panel1_ext,P1,hin_wikipedia_2021_300K,hin,L20,2116,hin_Deva
panel1_ext,P1,hin_wikipedia_2021_300K,hin,L20,2117,hin_Deva
panel1_ext,P1,hin_wikipedia_2021_300K,hin,L20,2119,hin_Deva
panel1_ext,P1,hin_wikipedia_2021_300K,hin,L20,2120,hin_Deva
panel1_ext,P1,hin_wikipedia_2021_300K,hin,L20,2121,hin_Deva
panel1_ext,P1,hin_wikipedia_2021_300K,hin,L20,2123,hin_Deva
panel1_ext,P1,hin_wikipedia_2021_300K,hin,L20,2125,anp_Deva
panel1_ext,P1,hin_wikipedia_2021_300K,hin,L20,2128,hin_Deva
panel1_ext,P1,hin_wikipedia_2021_300K,hin,L20,2129,anp_Deva
panel1_ext,P1,hin_wikipedia_2021_300K,hin,L20,2131,hin_Deva
panel1_ext,P1,hin_wikipedia_2021_300K,hin,L20,2132,anp_Deva
panel1_ext,P1,hin_wikipedia_2021_300K,hin,L20,2133,hin_Deva
panel1_ext,P1,hin_wikipedia_2021_300K,hin,L20,2134,hin_Deva
panel1_ext,P1,hin_wikipedia_2021_300K,hin,L20,2136,anp_Deva
panel1_ext,P1,hin_wikipedia_2021_300K,hin,L20,2140,hin_Deva
panel1_ext,P1,hin_wikipedia_2021_300K,hin,L20,2142,anp_Deva
panel1_ext,P1,hin_wikipedia_2021_300K,hin,L20,2143,hin_Deva
panel1_ext,P1,hin_wikipedia_2021_300K,hin,L20,2145,hin_Deva
panel1_ext,P1,hin_wikipedia_2021_300K,hin,L20,2146,hin_Deva
panel1_ext,P1,hin_wikipedia_2021_300K,hin,L20,2147,anp_Deva
panel1_ext,P1,hin_wikipedia_2021_300K,hin,L20,2151,hin_Deva
panel1_ext,P1,hin_wikipedia_2021_300K,hin,L20,2153,hin_Deva
panel1_ext,P1,hin_wikipedia_2021_300K,hin,L20,2154,hin_Deva
panel1_ext,P1,hin_wikipedia_2021_300K,hin,L20,2155,hin_Deva
panel1_ext,P1,hin_wikipedia_2021_300K,hin,L20,2156,hin_Deva
panel1_ext,P1,hin_wikipedia_2021_300K,hin,L20,2158,hin_Deva
panel1_ext,P1,hin_wikipedia_2021_300K,hin,L20,2159,hin_Deva
panel1_ext,P1,hin_wikipedia_2021_300K,hin,L20,2160,hin_Deva
panel1_ext,P1,hin_wikipedia_2021_300K,hin,L20,2161,hin_Deva
panel1_ext,P1,hin_wikipedia_2021_300K,hin,L20,2162,hin_Deva
panel1_ext,P1,hin_wikipedia_2021_300K,hin,L20,2164,hin_Deva
panel1_ext,P1,hin_wikipedia_2021_300K,hin,L20,2165,hin_Deva
panel1_ext,P1,hin_wikipedia_2021_300K,hin,L20,2166,hin_Deva
panel1_ext,P1,hin_wikipedia_2021_300K,hin,L20,2167,hin_Deva
panel1_ext,P1,hin_wikipedia_2021_300K,hin,L20,2169,hin_Deva
panel1_ext,P1,hin_wikipedia_2021_300K,hin,L20,2170,hin_Deva
panel1_ext,P1,hin_wikipedia_2021_300K,hin,L20,2171,hin_Deva
panel1_ext,P1,hin_wikipedia_2021_300K,hin,L20,2175,anp_Deva
panel1_ext,P1,hin_wikipedia_2021_300K,hin,L20,2178,anp_Deva
panel1_ext,P1,hin_wikipedia_2021_300K,hin,L20,2179,anp_Deva
panel1_ext,P1,hin_wikipedia_2021_300K,hin,L20,2180,anp_Deva
panel1_ext,P1,hin_wikipedia_2021_300K,hin,L20,2182,hin_Deva
panel1_ext,P1,hin_wikipedia_2021_300K,hin,L20,2184,anp_Deva
panel1_ext,P1,hin_wikipedia_2021_300K,hin,L20,2185,hin_Deva
panel1_ext,P1,hin_wikipedia_2021_300K,hin,L20,2187,anp_Deva
panel1_ext,P1,hin_wikipedia_2021_300K,hin,L20,2189,anp_Deva
panel1_ext,P1,hin_wikipedia_2021_300K,hin,L20,2190,hin_Deva
panel1_ext,P1,hin_wikipedia_2021_300K,hin,L20,2191,anp_Deva
panel1_ext,P1,hin_wikipedia_2021_300K,hin,L20,2192,hin_Deva
panel1_ext,P1,hin_wikipedia_2021_300K,hin,L20,2193,hin_Deva
panel1_ext,P1,hin_wikipedia_2021_300K,hin,L20,2194,hin_Deva
panel1_ext,P1,hin_wikipedia_2021_300K,hin,L20,2195,hin_Deva
panel1_ext,P1,hin_wikipedia_2021_300K,hin,L20,2196,hin_Deva
panel1_ext,P1,hin_wikipedia_2021_300K,hin,L20,2199,hin_Deva
panel1_ext,P1,hin_wikipedia_2021_300K,hin,L20,2201,hin_Deva
panel1_ext,P1,hin_wikipedia_2021_300K,hin,L20,2202,anp_Deva
panel1_ext,P1,hin_wikipedia_2021_300K,hin,L20,2203,hin_Deva
panel1_ext,P1,hin_wikipedia_2021_300K,hin,L20,2205,hin_Deva
panel1_ext,P1,hin_wikipedia_2021_300K,hin,L20,2206,hin_Deva
panel1_ext,P1,hin_wikipedia_2021_300K,hin,L20,2207,hin_Deva
panel1_ext,P1,hin_wikipedia_2021_300K,hin,L20,2208,hin_Deva
panel1_ext,P1,hin_wikipedia_2021_300K,hin,L20,2210,anp_Deva
panel1_ext,P1,hin_wikipedia_2021_300K,hin,L20,2212,anp_Deva
panel1_ext,P1,hin_wikipedia_2021_300K,hin,L20,2213,hin_Deva
panel1_ext,P1,hin_wikipedia_2021_300K,hin,L20,2214,anp_Deva
panel1_ext,P1,hin_wikipedia_2021_300K,hin,L20,2216,anp_Deva
panel1_ext,P1,hin_wikipedia_2021_300K,hin,L20,2219,hin_Deva
panel1_ext,P1,hin_wikipedia_2021_300K,hin,L20,2220,hin_Deva
panel1_ext,P1,hin_wikipedia_2021_300K,hin,L20,2221,anp_Deva
panel1_ext,P1,hin_wikipedia_2021_300K,hin,L20,2222,anp_Deva
panel1_ext,P1,hin_wikipedia_2021_300K,hin,L20,2226,anp_Deva
panel1_ext,P1,hin_wikipedia_2021_300K,hin,L20,2227,hin_Deva
panel1_ext,P1,hin_wikipedia_2021_300K,hin,L20,2230,hin_Deva
panel1_ext,P1,hin_wikipedia_2021_300K,hin,L20,2232,anp_Deva
panel1_ext,P1,hin_wikipedia_2021_300K,hin,L20,2234,anp_Deva
panel1_ext,P1,hin_wikipedia_2021_300K,hin,L20,2235,anp_Deva
panel1_ext,P1,hin_wikipedia_2021_300K,hin,L20,2236,anp_Deva
panel1_ext,P1,hin_wikipedia_2021_300K,hin,L20,2237,anp_Deva
panel1_ext,P1,hin_wikipedia_2021_300K,hin,L20,2238,hin_Deva
panel1_ext,P1,hin_wikipedia_2021_300K,hin,L20,2239,anp_Deva
panel1_ext,P1,hin_wikipedia_2021_300K,hin,L20,2240,anp_Deva
panel1_ext,P1,hin_wikipedia_2021_300K,hin,L20,2241,anp_Deva
panel1_ext,P1,hin_wikipedia_2021_300K,hin,L20,2242,anp_Deva
panel1_ext,P1,hin_wikipedia_2021_300K,hin,L20,2243,hin_Deva
panel1_ext,P1,hin_wikipedia_2021_300K,hin,L20,2245,anp_Deva
panel1_ext,P1,hin_wikipedia_2021_300K,hin,L20,2246,anp_Deva
panel1_ext,P1,hin_wikipedia_2021_300K,hin,L20,2249,hin_Deva
panel1_ext,P1,hin_wikipedia_2021_300K,hin,L20,2250,hin_Deva
panel1_ext,P1,hin_wikipedia_2021_300K,hin,L20,2252,hin_Deva
panel1_ext,P1,hin_wikipedia_2021_300K,hin,L20,2254,hin_Deva
panel1_ext,P1,hin_wikipedia_2021_300K,hin,L20,2255,anp_Deva
panel1_ext,P1,hin_wikipedia_2021_300K,hin,L20,2256,anp_Deva
panel1_ext,P1,hin_wikipedia_2021_300K,hin,L20,2257,hin_Deva
panel1_ext,P1,hin_wikipedia_2021_300K,hin,L20,2258,anp_Deva
panel1_ext,P1,hin_wikipedia_2021_300K,hin,L20,2261,hin_Deva
panel1_ext,P1,hin_wikipedia_2021_300K,hin,L20,2262,hin_Deva
panel1_ext,P1,hin_wikipedia_2021_300K,hin,L20,2266,hin_Deva
panel1_ext,P1,hin_wikipedia_2021_300K,hin,L20,2267,hin_Deva
panel1_ext,P1,hin_wikipedia_2021_300K,hin,L20,2268,hin_Deva
panel1_ext,P1,hin_wikipedia_2021_300K,hin,L20,2269,hin_Deva
panel1_ext,P1,hin_wikipedia_2021_300K,hin,L20,2272,hin_Deva
panel1_ext,P1,hin_wikipedia_2021_300K,hin,L20,2273,hin_Deva
panel1_ext,P1,hin_wikipedia_2021_300K,hin,L20,2275,hin_Deva
panel1_ext,P1,hin_wikipedia_2021_300K,hin,L20,2276,anp_Deva
panel1_ext,P1,hin_wikipedia_2021_300K,hin,L20,2278,hin_Deva
panel1_ext,P1,hin_wikipedia_2021_300K,hin,L20,2279,anp_Deva
panel1_ext,P1,hin_wikipedia_2021_300K,hin,L20,2280,hin_Deva
panel1_ext,P1,hin_wikipedia_2021_300K,hin,L20,2281,hin_Deva
panel1_ext,P1,hin_wikipedia_2021_300K,hin,L20,2282,hin_Deva
panel1_ext,P1,hin_wikipedia_2021_300K,hin,L20,2285,anp_Deva
panel1_ext,P1,hin_wikipedia_2021_300K,hin,L20,2286,hin_Deva
panel1_ext,P1,hin_wikipedia_2021_300K,hin,L20,2287,hin_Deva
panel1_ext,P1,hin_wikipedia_2021_300K,hin,L20,2288,hin_Deva
panel1_ext,P1,hin_wikipedia_2021_300K,hin,L20,2290,hin_Deva
panel1_ext,P1,hin_wikipedia_2021_300K,hin,L20,2293,hin_Deva
panel1_ext,P1,hin_wikipedia_2021_300K,hin,L20,2296,hin_Deva
panel1_ext,P1,hin_wikipedia_2021_300K,hin,L20,2297,hin_Deva
panel1_ext,P1,hin_wikipedia_2021_300K,hin,L20,2298,hin_Deva
panel1_ext,P1,hin_wikipedia_2021_300K,hin,L20,2299,hin_Deva
panel1_ext,P1,hin_wikipedia_2021_300K,hin,L20,2300,hin_Deva
panel1_ext,P1,hin_wikipedia_2021_300K,hin,L20,2303,anp_Deva
panel1_ext,P1,hin_wikipedia_2021_300K,hin,L20,2305,hin_Deva
panel1_ext,P1,hin_wikipedia_2021_300K,hin,L20,2306,hin_Deva
panel1_ext,P1,hin_wikipedia_2021_300K,hin,L20,2308,hin_Deva
panel1_ext,P1,hin_wikipedia_2021_300K,hin,L20,2309,hin_Deva
panel1_ext,P1,hin_wikipedia_2021_300K,hin,L20,2310,hin_Deva
panel1_ext,P1,hin_wikipedia_2021_300K,hin,L20,2311,hin_Deva
panel1_ext,P1,hin_wikipedia_2021_300K,hin,L20,2313,hin_Deva
panel1_ext,P1,hin_wikipedia_2021_300K,hin,L20,2315,hin_Deva
panel1_ext,P1,hin_wikipedia_2021_300K,hin,L20,2316,hin_Deva
panel1_ext,P1,hin_wikipedia_2021_300K,hin,L20,2317,anp_Deva
panel1_ext,P1,hin_wikipedia_2021_300K,hin,L20,2318,hin_Deva
panel1_ext,P1,hin_wikipedia_2021_300K,hin,L20,2320,anp_Deva
panel1_ext,P1,hin_wikipedia_2021_300K,hin,L20,2321,hin_Deva
panel1_ext,P1,hin_wikipedia_2021_300K,hin,L20,2324,hin_Deva
panel1_ext,P1,hin_wikipedia_2021_300K,hin,L20,2325,anp_Deva
panel1_ext,P1,hin_wikipedia_2021_300K,hin,L20,2326,hin_Deva
panel1_ext,P1,hin_wikipedia_2021_300K,hin,L20,2327,hin_Deva
panel1_ext,P1,hin_wikipedia_2021_300K,hin,L20,2328,hin_Deva
panel1_ext,P1,hin_wikipedia_2021_300K,hin,L20,2330,anp_Deva
panel1_ext,P1,hin_wikipedia_2021_300K,hin,L20,2332,hin_Deva
panel1_ext,P1,hin_wikipedia_2021_300K,hin,L20,2333,anp_Deva
panel1_ext,P1,hin_wikipedia_2021_300K,hin,L20,2334,anp_Deva
panel1_ext,P1,hin_wikipedia_2021_300K,hin,L20,2335,anp_Deva
panel1_ext,P1,hin_wikipedia_2021_300K,hin,L20,2336,anp_Deva
panel1_ext,P1,hin_wikipedia_2021_300K,hin,L20,2337,anp_Deva
panel1_ext,P1,hin_wikipedia_2021_300K,hin,L20,2339,anp_Deva
panel1_ext,P1,hin_wikipedia_2021_300K,hin,L20,2340,hin_Deva
panel1_ext,P1,hin_wikipedia_2021_300K,hin,L20,2341,anp_Deva
panel1_ext,P1,hin_wikipedia_2021_300K,hin,L20,2342,hin_Deva
panel1_ext,P1,hin_wikipedia_2021_300K,hin,L20,2343,anp_Deva
panel1_ext,P1,hin_wikipedia_2021_300K,hin,L20,2344,anp_Deva
panel1_ext,P1,hin_wikipedia_2021_300K,hin,L20,2346,hin_Deva
panel1_ext,P1,hin_wikipedia_2021_300K,hin,L20,2350,hin_Deva
panel1_ext,P1,hin_wikipedia_2021_300K,hin,L20,2351,hin_Deva
panel1_ext,P1,hin_wikipedia_2021_300K,hin,L20,2353,anp_Deva
panel1_ext,P1,hin_wikipedia_2021_300K,hin,L20,2356,anp_Deva
panel1_ext,P1,hin_wikipedia_2021_300K,hin,L20,2357,anp_Deva
panel1_ext,P1,hin_wikipedia_2021_300K,hin,L20,2358,hin_Deva
panel1_ext,P1,hin_wikipedia_2021_300K,hin,L20,2359,hin_Deva
panel1_ext,P1,hin_wikipedia_2021_300K,hin,L20,2361,hin_Deva
panel1_ext,P1,hin_wikipedia_2021_300K,hin,L20,2363,hin_Deva
panel1_ext,P1,hin_wikipedia_2021_300K,hin,L20,2364,hin_Deva
panel1_ext,P1,hin_wikipedia_2021_300K,hin,L20,2367,hin_Deva
panel1_ext,P1,hin_wikipedia_2021_300K,hin,L20,2368,anp_Deva
panel1_ext,P1,hin_wikipedia_2021_300K,hin,L20,2370,anp_Deva
panel1_ext,P1,hin_wikipedia_2021_300K,hin,L20,2372,anp_Deva
panel1_ext,P1,hin_wikipedia_2021_300K,hin,L20,2375,anp_Deva
panel1_ext,P1,hin_wikipedia_2021_300K,hin,L20,2377,anp_Deva
panel1_ext,P1,hin_wikipedia_2021_300K,hin,L20,2378,hin_Deva
panel1_ext,P1,hin_wikipedia_2021_300K,hin,L20,2379,hin_Deva
panel1_ext,P1,hin_wikipedia_2021_300K,hin,L20,2380,anp_Deva
panel1_ext,P1,hin_wikipedia_2021_300K,hin,L20,2382,anp_Deva
panel1_ext,P1,hin_wikipedia_2021_300K,hin,L20,2383,hin_Deva
panel1_ext,P1,hin_wikipedia_2021_300K,hin,L20,2385,hin_Deva
panel1_ext,P1,hin_wikipedia_2021_300K,hin,L20,2387,hin_Deva
panel1_ext,P1,hin_wikipedia_2021_300K,hin,L20,2388,anp_Deva
panel1_ext,P1,hin_wikipedia_2021_300K,hin,L20,2389,hin_Deva
panel1_ext,P1,hin_wikipedia_2021_300K,hin,L20,2390,hin_Deva
panel1_ext,P1,hin_wikipedia_2021_300K,hin,L20,2391,anp_Deva
panel1_ext,P1,hin_wikipedia_2021_300K,hin,L20,2392,anp_Deva
panel1_ext,P1,hin_wikipedia_2021_300K,hin,L20,2393,anp_Deva
panel1_ext,P1,hin_wikipedia_2021_300K,hin,L20,2395,hin_Deva
panel1_ext,P1,hin_wikipedia_2021_300K,hin,L20,2397,hin_Deva
panel1_ext,P1,hin_wikipedia_2021_300K,hin,L20,2398,hin_Deva
panel1_ext,P1,hin_wikipedia_2021_300K,hin,L20,2406,anp_Deva
panel1_ext,P1,hin_wikipedia_2021_300K,hin,L20,2407,anp_Deva
panel1_ext,P1,hin_wikipedia_2021_300K,hin,L20,2411,anp_Deva
panel1_ext,P1,hin_wikipedia_2021_300K,hin,L20,2414,anp_Deva
panel1_ext,P1,hin_wikipedia_2021_300K,hin,L20,2416,hin_Deva
panel1_ext,P1,hin_wikipedia_2021_300K,hin,L20,2418,hin_Deva
panel1_ext,P1,hin_wikipedia_2021_300K,hin,L20,2419,anp_Deva
panel1_ext,P1,hin_wikipedia_2021_300K,hin,L20,2421,anp_Deva
panel1_ext,P1,hin_wikipedia_2021_300K,hin,L20,2422,hin_Deva
panel1_ext,P1,hin_wikipedia_2021_300K,hin,L20,2424,anp_Deva
panel1_ext,P1,hin_wikipedia_2021_300K,hin,L20,2425,hin_Deva
panel1_ext,P1,hin_wikipedia_2021_300K,hin,L20,2426,hin_Deva
panel1_ext,P1,hin_wikipedia_2021_300K,hin,L20,2430,hin_Deva
panel1_ext,P1,hin_wikipedia_2021_300K,hin,L20,2431,hin_Deva
panel1_ext,P1,hin_wikipedia_2021_300K,hin,L20,2433,hin_Deva
panel1_ext,P1,hin_wikipedia_2021_300K,hin,L20,2434,hin_Deva
panel1_ext,P1,hin_wikipedia_2021_300K,hin,L20,2436,hin_Deva
panel1_ext,P1,hin_wikipedia_2021_300K,hin,L20,2438,hin_Deva
panel1_ext,P1,hin_wikipedia_2021_300K,hin,L20,2439,hin_Deva
panel1_ext,P1,hin_wikipedia_2021_300K,hin,L20,2442,hin_Deva
panel1_ext,P1,hin_wikipedia_2021_300K,hin,L20,2445,anp_Deva
panel1_ext,P1,hin_wikipedia_2021_300K,hin,L20,2447,hin_Deva
panel1_ext,P1,hin_wikipedia_2021_300K,hin,L20,2448,hin_Deva
panel1_ext,P1,hin_wikipedia_2021_300K,hin,L20,2453,hin_Deva
panel1_ext,P1,hin_wikipedia_2021_300K,hin,L20,2455,hin_Deva
panel1_ext,P1,hin_wikipedia_2021_300K,hin,L20,2457,hin_Deva
panel1_ext,P1,hin_wikipedia_2021_300K,hin,L20,2458,hin_Deva
panel1_ext,P1,hin_wikipedia_2021_300K,hin,L20,2459,anp_Deva
panel1_ext,P1,hin_wikipedia_2021_300K,hin,L20,2460,hin_Deva
panel1_ext,P1,hin_wikipedia_2021_300K,hin,L20,2461,anp_Deva
panel1_ext,P1,hin_wikipedia_2021_300K,hin,L20,2463,hin_Deva
panel1_ext,P1,hin_wikipedia_2021_300K,hin,L20,2464,anp_Deva
panel1_ext,P1,hin_wikipedia_2021_300K,hin,L20,2467,hin_Deva
panel1_ext,P1,hin_wikipedia_2021_300K,hin,L20,2468,anp_Deva
panel1_ext,P1,hin_wikipedia_2021_300K,hin,L20,2469,hin_Deva
panel1_ext,P1,hin_wikipedia_2021_300K,hin,L20,2470,hin_Deva
panel1_ext,P1,hin_wikipedia_2021_300K,hin,L20,2471,hin_Deva
panel1_ext,P1,hin_wikipedia_2021_300K,hin,L20,2473,anp_Deva
panel1_ext,P1,hin_wikipedia_2021_300K,hin,L20,2474,anp_Deva
panel1_ext,P1,hin_wikipedia_2021_300K,hin,L20,2475,anp_Deva
panel1_ext,P1,hin_wikipedia_2021_300K,hin,L20,2476,anp_Deva
panel1_ext,P1,hin_wikipedia_2021_300K,hin,L20,2477,hin_Deva
panel1_ext,P1,hin_wikipedia_2021_300K,hin,L20,2479,hin_Deva
panel1_ext,P1,hin_wikipedia_2021_300K,hin,L20,2480,anp_Deva
panel1_ext,P1,hin_wikipedia_2021_300K,hin,L20,2481,hin_Deva
panel1_ext,P1,hin_wikipedia_2021_300K,hin,L20,2482,anp_Deva
panel1_ext,P1,hin_wikipedia_2021_300K,hin,L20,2483,anp_Deva
panel1_ext,P1,hin_wikipedia_2021_300K,hin,L20,2486,hin_Deva
panel1_ext,P1,hin_wikipedia_2021_300K,hin,L20,2488,hin_Deva
panel1_ext,P1,hin_wikipedia_2021_300K,hin,L20,2489,anp_Deva
panel1_ext,P1,hin_wikipedia_2021_300K,hin,L20,2490,hin_Deva
panel1_ext,P1,hin_wikipedia_2021_300K,hin,L20,2491,anp_Deva
panel1_ext,P1,hin_wikipedia_2021_300K,hin,L20,2492,anp_Deva
panel1_ext,P1,hin_wikipedia_2021_300K,hin,L20,2493,anp_Deva
panel1_ext,P1,hin_wikipedia_2021_300K,hin,L20,2494,hin_Deva
panel1_ext,P1,hin_wikipedia_2021_300K,hin,L20,2496,anp_Deva
panel1_ext,P1,hin_wikipedia_2021_300K,hin,L20,2497,hin_Deva
panel1_ext,P1,hin_wikipedia_2021_300K,hin,L20,2498,anp_Deva
panel1_ext,P1,hin_wikipedia_2021_300K,hin,L20,2499,anp_Deva
panel1_ext,P1,hin_wikipedia_2021_300K,hin,L20,2500,anp_Deva
panel1_ext,P1,hin_wikipedia_2021_300K,hin,L20,2501,anp_Deva
panel1_ext,P1,hin_wikipedia_2021_300K,hin,L20,2502,hin_Deva
panel1_ext,P1,hin_wikipedia_2021_300K,hin,L20,2504,hin_Deva
panel1_ext,P1,hin_wikipedia_2021_300K,hin,L20,2506,hin_Deva
panel1_ext,P1,hin_wikipedia_2021_300K,hin,L20,2508,hin_Deva
panel1_ext,P1,hin_wikipedia_2021_300K,hin,L20,2509,hin_Deva
panel1_ext,P1,hin_wikipedia_2021_300K,hin,L20,2510,anp_Deva
panel1_ext,P1,hin_wikipedia_2021_300K,hin,L20,2511,anp_Deva
panel1_ext,P1,hin_wikipedia_2021_300K,hin,L20,2512,anp_Deva
panel1_ext,P1,hin_wikipedia_2021_300K,hin,L20,2515,hin_Deva
panel1_ext,P1,hin_wikipedia_2021_300K,hin,L20,2516,anp_Deva
panel1_ext,P1,hin_wikipedia_2021_300K,hin,L20,2518,hin_Deva
panel1_ext,P1,hin_wikipedia_2021_300K,hin,L20,2519,hin_Deva
panel1_ext,P1,hin_wikipedia_2021_300K,hin,L20,2520,hin_Deva
panel1_ext,P1,hin_wikipedia_2021_300K,hin,L20,2521,hin_Deva
panel1_ext,P1,hin_wikipedia_2021_300K,hin,L20,2522,hin_Deva
panel1_ext,P1,hin_wikipedia_2021_300K,hin,L20,2523,anp_Deva
panel1_ext,P1,hin_wikipedia_2021_300K,hin,L20,2525,hin_Deva
panel1_ext,P1,hin_wikipedia_2021_300K,hin,L20,2526,anp_Deva
panel1_ext,P1,hin_wikipedia_2021_300K,hin,L20,2527,anp_Deva
panel1_ext,P1,hin_wikipedia_2021_300K,hin,L20,2528,anp_Deva
panel1_ext,P1,hin_wikipedia_2021_300K,hin,L20,2529,hin_Deva
panel1_ext,P1,hin_wikipedia_2021_300K,hin,L20,2530,hin_Deva
panel1_ext,P1,hin_wikipedia_2021_300K,hin,L20,2531,anp_Deva
panel1_ext,P1,hin_wikipedia_2021_300K,hin,L20,2532,anp_Deva
panel1_ext,P1,hin_wikipedia_2021_300K,hin,L20,2533,anp_Deva
panel1_ext,P1,hin_wikipedia_2021_300K,hin,L20,2534,hin_Deva
panel1_ext,P1,hin_wikipedia_2021_300K,hin,L20,2535,anp_Deva
panel1_ext,P1,hin_wikipedia_2021_300K,hin,L20,2537,hin_Deva
panel1_ext,P1,hin_wikipedia_2021_300K,hin,L20,2539,anp_Deva
panel1_ext,P1,hin_wikipedia_2021_300K,hin,L20,2541,hin_Deva
panel1_ext,P1,hin_wikipedia_2021_300K,hin,L20,2543,hin_Deva
panel1_ext,P1,hin_wikipedia_2021_300K,hin,L20,2544,hin_Deva
panel1_ext,P1,hin_wikipedia_2021_300K,hin,L20,2545,anp_Deva
panel1_ext,P1,hin_wikipedia_2021_300K,hin,L20,2546,hin_Deva
panel1_ext,P1,hin_wikipedia_2021_300K,hin,L20,2547,hin_Deva
panel1_ext,P1,hin_wikipedia_2021_300K,hin,L20,2548,hin_Deva
panel1_ext,P1,hin_wikipedia_2021_300K,hin,L20,2549,hin_Deva
panel1_ext,P1,hin_wikipedia_2021_300K,hin,L20,2550,anp_Deva
panel1_ext,P1,hin_wikipedia_2021_300K,hin,L20,2551,hin_Deva
panel1_ext,P1,hin_wikipedia_2021_300K,hin,L20,2552,hin_Deva
panel1_ext,P1,hin_wikipedia_2021_300K,hin,L20,2553,anp_Deva
panel1_ext,P1,hin_wikipedia_2021_300K,hin,L20,2555,hin_Deva
panel1_ext,P1,hin_wikipedia_2021_300K,hin,L20,2557,anp_Deva
panel1_ext,P1,hin_wikipedia_2021_300K,hin,L20,2558,hin_Deva
panel1_ext,P1,hin_wikipedia_2021_300K,hin,L20,2560,anp_Deva
panel1_ext,P1,hin_wikipedia_2021_300K,hin,L20,2561,hin_Deva
panel1_ext,P1,hin_wikipedia_2021_300K,hin,L20,2562,anp_Deva
panel1_ext,P1,hin_wikipedia_2021_300K,hin,L20,2563,hin_Deva
panel1_ext,P1,hin_wikipedia_2021_300K,hin,L20,2565,anp_Deva
panel1_ext,P1,hin_wikipedia_2021_300K,hin,L20,2567,anp_Deva
panel1_ext,P1,hin_wikipedia_2021_300K,hin,L20,2568,anp_Deva
panel1_ext,P1,hin_wikipedia_2021_300K,hin,L20,2569,hin_Deva
panel1_ext,P1,hin_wikipedia_2021_300K,hin,L20,2572,hin_Deva
panel1_ext,P1,hin_wikipedia_2021_300K,hin,L20,2573,hin_Deva
panel1_ext,P1,hin_wikipedia_2021_300K,hin,L20,2574,hin_Deva
panel1_ext,P1,hin_wikipedia_2021_300K,hin,L20,2575,anp_Deva
panel1_ext,P1,hin_wikipedia_2021_300K,hin,L20,2576,hin_Deva
panel1_ext,P1,hin_wikipedia_2021_300K,hin,L20,2577,hin_Deva
panel1_ext,P1,hin_wikipedia_2021_300K,hin,L20,2578,hin_Deva
panel1_ext,P1,hin_wikipedia_2021_300K,hin,L20,2580,anp_Deva
panel1_ext,P1,hin_wikipedia_2021_300K,hin,L20,2581,anp_Deva
panel1_ext,P1,hin_wikipedia_2021_300K,hin,L20,2582,hin_Deva
panel1_ext,P1,hin_wikipedia_2021_300K,hin,L20,2583,hin_Deva
panel1_ext,P1,hin_wikipedia_2021_300K,hin,L20,2584,anp_Deva
panel1_ext,P1,hin_wikipedia_2021_300K,hin,L20,2585,hin_Deva
panel1_ext,P1,hin_wikipedia_2021_300K,hin,L20,2586,hin_Deva
panel1_ext,P1,hin_wikipedia_2021_300K,hin,L20,2587,hin_Deva
panel1_ext,P1,hin_wikipedia_2021_300K,hin,L20,2588,anp_Deva
panel1_ext,P1,hin_wikipedia_2021_300K,hin,L20,2589,hin_Deva
panel1_ext,P1,hin_wikipedia_2021_300K,hin,L20,2590,hin_Deva
panel1_ext,P1,hin_wikipedia_2021_300K,hin,L20,2592,hin_Deva
panel1_ext,P1,hin_wikipedia_2021_300K,hin,L20,2594,hin_Deva
panel1_ext,P1,hin_wikipedia_2021_300K,hin,L20,2595,anp_Deva
panel1_ext,P1,hin_wikipedia_2021_300K,hin,L20,2596,hin_Deva
panel1_ext,P1,hin_wikipedia_2021_300K,hin,L20,2597,hin_Deva
panel1_ext,P1,hin_wikipedia_2021_300K,hin,L20,2598,hin_Deva
panel1_ext,P1,hin_wikipedia_2021_300K,hin,L20,2599,hin_Deva
panel1_ext,P1,hin_wikipedia_2021_300K,hin,L20,2600,hin_Deva
panel1_ext,P1,hin_wikipedia_2021_300K,hin,L20,2602,anp_Deva
panel1_ext,P1,hin_wikipedia_2021_300K,hin,L20,2603,hin_Deva
panel1_ext,P1,hin_wikipedia_2021_300K,hin,L20,2604,hin_Deva
panel1_ext,P1,hin_wikipedia_2021_300K,hin,L20,2605,anp_Deva
panel1_ext,P1,hin_wikipedia_2021_300K,hin,L20,2606,hin_Deva
panel1_ext,P1,hin_wikipedia_2021_300K,hin,L20,2608,hin_Deva
panel1_ext,P1,hin_wikipedia_2021_300K,hin,L20,2610,hin_Deva
panel1_ext,P1,hin_wikipedia_2021_300K,hin,L20,2614,hin_Deva
panel1_ext,P1,hin_wikipedia_2021_300K,hin,L20,2615,hin_Deva
panel1_ext,P1,hin_wikipedia_2021_300K,hin,L20,2616,anp_Deva
panel1_ext,P1,hin_wikipedia_2021_300K,hin,L20,2617,hin_Deva
panel1_ext,P1,hin_wikipedia_2021_300K,hin,L20,2618,hin_Deva
panel1_ext,P1,hin_wikipedia_2021_300K,hin,L20,2621,hin_Deva
panel1_ext,P1,hin_wikipedia_2021_300K,hin,L20,2622,hin_Deva
panel1_ext,P1,hin_wikipedia_2021_300K,hin,L20,2623,anp_Deva
panel1_ext,P1,hin_wikipedia_2021_300K,hin,L20,2625,anp_Deva
panel1_ext,P1,hin_wikipedia_2021_300K,hin,L20,2626,hin_Deva
panel1_ext,P1,hin_wikipedia_2021_300K,hin,L20,2627,hin_Deva
panel1_ext,P1,hin_wikipedia_2021_300K,hin,L20,2629,anp_Deva
panel1_ext,P1,hin_wikipedia_2021_300K,hin,L20,2630,hin_Deva
panel1_ext,P1,hin_wikipedia_2021_300K,hin,L20,2631,anp_Deva
panel1_ext,P1,hin_wikipedia_2021_300K,hin,L20,2632,hin_Deva
panel1_ext,P1,hin_wikipedia_2021_300K,hin,L20,2633,hin_Deva
panel1_ext,P1,hin_wikipedia_2021_300K,hin,L20,2635,anp_Deva
panel1_ext,P1,hin_wikipedia_2021_300K,hin,L20,2636,hin_Deva
panel1_ext,P1,hin_wikipedia_2021_300K,hin,L20,2637,hin_Deva
panel1_ext,P1,hin_wikipedia_2021_300K,hin,L20,2638,hin_Deva
panel1_ext,P1,hin_wikipedia_2021_300K,hin,L20,2640,anp_Deva
panel1_ext,P1,hin_wikipedia_2021_300K,hin,L20,2641,hin_Deva
panel1_ext,P1,hin_wikipedia_2021_300K,hin,L20,2642,hin_Deva
panel1_ext,P1,hin_wikipedia_2021_300K,hin,L20,2644,anp_Deva
panel1_ext,P1,hin_wikipedia_2021_300K,hin,L20,2645,hin_Deva
panel1_ext,P1,hin_wikipedia_2021_300K,hin,L20,2646,anp_Deva
panel1_ext,P1,hin_wikipedia_2021_300K,hin,L20,2649,anp_Deva
panel1_ext,P1,hin_wikipedia_2021_300K,hin,L20,2650,anp_Deva
panel1_ext,P1,hin_wikipedia_2021_300K,hin,L20,2651,hin_Deva
panel1_ext,P1,hin_wikipedia_2021_300K,hin,L20,2652,anp_Deva
panel1_ext,P1,hin_wikipedia_2021_300K,hin,L20,2653,hin_Deva
panel1_ext,P1,hin_wikipedia_2021_300K,hin,L20,2655,hin_Deva
panel1_ext,P1,hin_wikipedia_2021_300K,hin,L20,2656,hin_Deva
panel1_ext,P1,hin_wikipedia_2021_300K,hin,L20,2657,hin_Deva
panel1_ext,P1,hin_wikipedia_2021_300K,hin,L20,2658,anp_Deva
panel1_ext,P1,hin_wikipedia_2021_300K,hin,L20,2659,anp_Deva
panel1_ext,P1,hin_wikipedia_2021_300K,hin,L20,2660,anp_Deva
panel1_ext,P1,hin_wikipedia_2021_300K,hin,L20,2661,anp_Deva
panel1_ext,P1,hin_wikipedia_2021_300K,hin,L20,2662,hin_Deva
panel1_ext,P1,hin_wikipedia_2021_300K,hin,L20,2664,anp_Deva
panel1_ext,P1,hin_wikipedia_2021_300K,hin,L20,2665,anp_Deva
panel1_ext,P1,hin_wikipedia_2021_300K,hin,L20,2666,hin_Deva
panel1_ext,P1,hin_wikipedia_2021_300K,hin,L20,2668,anp_Deva
panel1_ext,P1,hin_wikipedia_2021_300K,hin,L20,2670,hin_Deva
panel1_ext,P1,hin_wikipedia_2021_300K,hin,L20,2672,anp_Deva
panel1_ext,P1,hin_wikipedia_2021_300K,hin,L20,2673,anp_Deva
panel1_ext,P1,hin_wikipedia_2021_300K,hin,L20,2675,anp_Deva
panel1_ext,P1,hin_wikipedia_2021_300K,hin,L20,2677,anp_Deva
panel1_ext,P1,hin_wikipedia_2021_300K,hin,L20,2680,anp_Deva
panel1_ext,P1,hin_wikipedia_2021_300K,hin,L20,2681,anp_Deva
panel1_ext,P1,hin_wikipedia_2021_300K,hin,L20,2682,hin_Deva
panel1_ext,P1,hin_wikipedia_2021_300K,hin,L20,2684,hin_Deva
panel1_ext,P1,hin_wikipedia_2021_300K,hin,L20,2685,anp_Deva
panel1_ext,P1,hin_wikipedia_2021_300K,hin,L20,2686,anp_Deva
panel1_ext,P1,hin_wikipedia_2021_300K,hin,L20,2687,anp_Deva
panel1_ext,P1,hin_wikipedia_2021_300K,hin,L20,2689,hin_Deva
panel1_ext,P1,hin_wikipedia_2021_300K,hin,L20,2690,anp_Deva
panel1_ext,P1,hin_wikipedia_2021_300K,hin,L20,2692,anp_Deva
panel1_ext,P1,hin_wikipedia_2021_300K,hin,L20,2694,anp_Deva
panel1_ext,P1,hin_wikipedia_2021_300K,hin,L20,2695,hin_Deva
panel1_ext,P1,hin_wikipedia_2021_300K,hin,L20,2697,hin_Deva
panel1_ext,P1,hin_wikipedia_2021_300K,hin,L20,2698,anp_Deva
panel1_ext,P1,hin_wikipedia_2021_300K,hin,L20,2701,anp_Deva
panel1_ext,P1,hin_wikipedia_2021_300K,hin,L20,2703,hin_Deva
panel1_ext,P1,hin_wikipedia_2021_300K,hin,L20,2705,hin_Deva
panel1_ext,P1,hin_wikipedia_2021_300K,hin,L20,2706,anp_Deva
panel1_ext,P1,hin_wikipedia_2021_300K,hin,L20,2708,hin_Deva
panel1_ext,P1,hin_wikipedia_2021_300K,hin,L20,2710,hin_Deva
panel1_ext,P1,hin_wikipedia_2021_300K,hin,L20,2713,anp_Deva
panel1_ext,P1,hin_wikipedia_2021_300K,hin,L20,2715,hin_Deva
panel1_ext,P1,hin_wikipedia_2021_300K,hin,L20,2718,anp_Deva
panel1_ext,P1,hin_wikipedia_2021_300K,hin,L20,2719,anp_Deva
panel1_ext,P1,hin_wikipedia_2021_300K,hin,L20,2720,anp_Deva
panel1_ext,P1,hin_wikipedia_2021_300K,hin,L20,2722,hin_Deva
panel1_ext,P1,hin_wikipedia_2021_300K,hin,L20,2724,anp_Deva
panel1_ext,P1,hin_wikipedia_2021_300K,hin,L20,2725,hin_Deva
panel1_ext,P1,hin_wikipedia_2021_300K,hin,L20,2728,hin_Deva
panel1_ext,P1,hin_wikipedia_2021_300K,hin,L20,2729,hin_Deva
panel1_ext,P1,hin_wikipedia_2021_300K,hin,L20,2731,hin_Deva
panel1_ext,P1,hin_wikipedia_2021_300K,hin,L20,2732,hin_Deva
panel1_ext,P1,hin_wikipedia_2021_300K,hin,L20,2733,hin_Deva
panel1_ext,P1,hin_wikipedia_2021_300K,hin,L20,2734,hin_Deva
panel1_ext,P1,hin_wikipedia_2021_300K,hin,L20,2735,hin_Deva
panel1_ext,P1,hin_wikipedia_2021_300K,hin,L20,2736,hin_Deva
panel1_ext,P1,hin_wikipedia_2021_300K,hin,L20,2738,anp_Deva
panel1_ext,P1,hin_wikipedia_2021_300K,hin,L20,2739,hin_Deva
panel1_ext,P1,hin_wikipedia_2021_300K,hin,L20,2740,hin_Deva
panel1_ext,P1,hin_wikipedia_2021_300K,hin,L20,2743,anp_Deva
panel1_ext,P1,hin_wikipedia_2021_300K,hin,L20,2744,hin_Deva
panel1_ext,P1,hin_wikipedia_2021_300K,hin,L20,2746,anp_Deva
panel1_ext,P1,hin_wikipedia_2021_300K,hin,L20,2747,anp_Deva
panel1_ext,P1,hin_wikipedia_2021_300K,hin,L20,2748,hin_Deva
panel1_ext,P1,hin_wikipedia_2021_300K,hin,L20,2749,hin_Deva
panel1_ext,P1,hin_wikipedia_2021_300K,hin,L20,2750,hin_Deva
panel1_ext,P1,hin_wikipedia_2021_300K,hin,L20,2751,hin_Deva
panel1_ext,P1,hin_wikipedia_2021_300K,hin,L20,2753,anp_Deva
panel1_ext,P1,hin_wikipedia_2021_300K,hin,L20,2755,hin_Deva
panel1_ext,P1,hin_wikipedia_2021_300K,hin,L20,2757,hin_Deva
panel1_ext,P1,hin_wikipedia_2021_300K,hin,L20,2759,anp_Deva
panel1_ext,P1,hin_wikipedia_2021_300K,hin,L20,2761,hin_Deva
panel1_ext,P1,hin_wikipedia_2021_300K,hin,L20,2762,anp_Deva
panel1_ext,P1,hin_wikipedia_2021_300K,hin,L20,2765,hin_Deva
panel1_ext,P1,hin_wikipedia_2021_300K,hin,L20,2766,hin_Deva
panel1_ext,P1,hin_wikipedia_2021_300K,hin,L20,2767,hin_Deva
panel1_ext,P1,hin_wikipedia_2021_300K,hin,L20,2768,hin_Deva
panel1_ext,P1,hin_wikipedia_2021_300K,hin,L20,2770,anp_Deva
panel1_ext,P1,hin_wikipedia_2021_300K,hin,L20,2773,hin_Deva
panel1_ext,P1,hin_wikipedia_2021_300K,hin,L20,2777,anp_Deva
panel1_ext,P1,hin_wikipedia_2021_300K,hin,L20,2778,hin_Deva
panel1_ext,P1,hin_wikipedia_2021_300K,hin,L20,2780,hin_Deva
panel1_ext,P1,hin_wikipedia_2021_300K,hin,L20,2782,anp_Deva
panel1_ext,P1,hin_wikipedia_2021_300K,hin,L20,2783,anp_Deva
panel1_ext,P1,hin_wikipedia_2021_300K,hin,L20,2784,hin_Deva
panel1_ext,P1,hin_wikipedia_2021_300K,hin,L20,2785,hin_Deva
panel1_ext,P1,hin_wikipedia_2021_300K,hin,L20,2787,hin_Deva
panel1_ext,P1,hin_wikipedia_2021_300K,hin,L20,2788,hin_Deva
panel1_ext,P1,hin_wikipedia_2021_300K,hin,L20,2789,hin_Deva
panel1_ext,P1,hin_wikipedia_2021_300K,hin,L20,2791,anp_Deva
panel1_ext,P1,hin_wikipedia_2021_300K,hin,L20,2793,hin_Deva
panel1_ext,P1,hin_wikipedia_2021_300K,hin,L20,2795,hin_Deva
panel1_ext,P1,hin_wikipedia_2021_300K,hin,L20,2797,hin_Deva
panel1_ext,P1,hin_wikipedia_2021_300K,hin,L20,2799,anp_Deva
panel1_ext,P1,hin_wikipedia_2021_300K,hin,L20,2800,hin_Deva
panel1_ext,P1,hin_wikipedia_2021_300K,hin,L20,2801,anp_Deva
panel1_ext,P1,hin_wikipedia_2021_300K,hin,L20,2804,anp_Deva
panel1_ext,P1,hin_wikipedia_2021_300K,hin,L20,2805,anp_Deva
panel1_ext,P1,hin_wikipedia_2021_300K,hin,L20,2806,anp_Deva
panel1_ext,P1,hin_wikipedia_2021_300K,hin,L20,2808,hin_Deva
panel1_ext,P1,hin_wikipedia_2021_300K,hin,L20,2811,anp_Deva
panel1_ext,P1,hin_wikipedia_2021_300K,hin,L20,2812,hin_Deva
panel1_ext,P1,hin_wikipedia_2021_300K,hin,L20,2814,hin_Deva
panel1_ext,P1,hin_wikipedia_2021_300K,hin,L20,2816,anp_Deva
panel1_ext,P1,hin_wikipedia_2021_300K,hin,L20,2818,hin_Deva
panel1_ext,P1,hin_wikipedia_2021_300K,hin,L20,2819,anp_Deva
panel1_ext,P1,hin_wikipedia_2021_300K,hin,L20,2820,hin_Deva
panel1_ext,P1,hin_wikipedia_2021_300K,hin,L20,2821,anp_Deva
panel1_ext,P1,hin_wikipedia_2021_300K,hin,L20,2824,hin_Deva
panel1_ext,P1,hin_wikipedia_2021_300K,hin,L20,2825,hin_Deva
panel1_ext,P1,hin_wikipedia_2021_300K,hin,L20,2831,anp_Deva
panel1_ext,P1,hin_wikipedia_2021_300K,hin,L20,2832,anp_Deva
panel1_ext,P1,hin_wikipedia_2021_300K,hin,L20,2833,anp_Deva
panel1_ext,P1,hin_wikipedia_2021_300K,hin,L20,2834,anp_Deva
panel1_ext,P1,hin_wikipedia_2021_300K,hin,L20,2837,hin_Deva
panel1_ext,P1,hin_wikipedia_2021_300K,hin,L20,2842,hin_Deva
panel1_ext,P1,hin_wikipedia_2021_300K,hin,L20,2843,anp_Deva
panel1_ext,P1,hin_wikipedia_2021_300K,hin,L20,2844,anp_Deva
panel1_ext,P1,hin_wikipedia_2021_300K,hin,L20,2846,anp_Deva
panel1_ext,P1,hin_wikipedia_2021_300K,hin,L20,2848,anp_Deva
panel1_ext,P1,hin_wikipedia_2021_300K,hin,L20,2850,hin_Deva
panel1_ext,P1,hin_wikipedia_2021_300K,hin,L20,2852,hin_Deva
panel1_ext,P1,hin_wikipedia_2021_300K,hin,L20,2853,anp_Deva
panel1_ext,P1,hin_wikipedia_2021_300K,hin,L20,2854,hin_Deva
panel1_ext,P1,hin_wikipedia_2021_300K,hin,L20,2856,anp_Deva
panel1_ext,P1,hin_wikipedia_2021_300K,hin,L20,2857,anp_Deva
panel1_ext,P1,hin_wikipedia_2021_300K,hin,L20,2858,hin_Deva
panel1_ext,P1,hin_wikipedia_2021_300K,hin,L20,2859,hin_Deva
panel1_ext,P1,hin_wikipedia_2021_300K,hin,L20,2860,anp_Deva
panel1_ext,P1,hin_wikipedia_2021_300K,hin,L20,2861,hin_Deva
panel1_ext,P1,hin_wikipedia_2021_300K,hin,L20,2863,hin_Deva
panel1_ext,P1,hin_wikipedia_2021_300K,hin,L20,2864,hin_Deva
panel1_ext,P1,hin_wikipedia_2021_300K,hin,L20,2866,hin_Deva
panel1_ext,P1,hin_wikipedia_2021_300K,hin,L20,2867,hin_Deva
panel1_ext,P1,hin_wikipedia_2021_300K,hin,L20,2868,anp_Deva
panel1_ext,P1,hin_wikipedia_2021_300K,hin,L20,2869,anp_Deva
panel1_ext,P1,hin_wikipedia_2021_300K,hin,L20,2871,hin_Deva
panel1_ext,P1,hin_wikipedia_2021_300K,hin,L20,2872,anp_Deva
panel1_ext,P1,hin_wikipedia_2021_300K,hin,L20,2873,anp_Deva
panel1_ext,P1,hin_wikipedia_2021_300K,hin,L20,2876,hin_Deva
panel1_ext,P1,hin_wikipedia_2021_300K,hin,L20,2877,hin_Deva
panel1_ext,P1,hin_wikipedia_2021_300K,hin,L20,2881,hin_Deva
panel1_ext,P1,hin_wikipedia_2021_300K,hin,L20,2882,anp_Deva
panel1_ext,P1,hin_wikipedia_2021_300K,hin,L20,2884,hin_Deva
panel1_ext,P1,hin_wikipedia_2021_300K,hin,L20,2885,hin_Deva
panel1_ext,P1,hin_wikipedia_2021_300K,hin,L20,2886,hin_Deva
panel1_ext,P1,hin_wikipedia_2021_300K,hin,L20,2891,hin_Deva
panel1_ext,P1,hin_wikipedia_2021_300K,hin,L20,2893,anp_Deva
panel1_ext,P1,hin_wikipedia_2021_300K,hin,L20,2894,hin_Deva
panel1_ext,P1,hin_wikipedia_2021_300K,hin,L20,2897,anp_Deva
panel1_ext,P1,hin_wikipedia_2021_300K,hin,L20,2898,hin_Deva
panel1_ext,P1,hin_wikipedia_2021_300K,hin,L20,2899,hin_Deva
panel1_ext,P1,hin_wikipedia_2021_300K,hin,L20,2900,hin_Deva
panel1_ext,P1,hin_wikipedia_2021_300K,hin,L20,2901,anp_Deva
panel1_ext,P1,hin_wikipedia_2021_300K,hin,L20,2902,hin_Deva
panel1_ext,P1,hin_wikipedia_2021_300K,hin,L20,2903,hin_Deva
panel1_ext,P1,hin_wikipedia_2021_300K,hin,L20,2906,hin_Deva
panel1_ext,P1,hin_wikipedia_2021_300K,hin,L20,2910,anp_Deva
panel1_ext,P1,hin_wikipedia_2021_300K,hin,L20,2912,hin_Deva
panel1_ext,P1,hin_wikipedia_2021_300K,hin,L20,2913,hin_Deva
panel1_ext,P1,hin_wikipedia_2021_300K,hin,L20,2914,hin_Deva
panel1_ext,P1,hin_wikipedia_2021_300K,hin,L20,2915,hin_Deva
panel1_ext,P1,hin_wikipedia_2021_300K,hin,L20,2916,hin_Deva
panel1_ext,P1,hin_wikipedia_2021_300K,hin,L20,2917,hin_Deva
panel1_ext,P1,hin_wikipedia_2021_300K,hin,L20,2918,hin_Deva
panel1_ext,P1,hin_wikipedia_2021_300K,hin,L20,2920,hin_Deva
panel1_ext,P1,hin_wikipedia_2021_300K,hin,L20,2924,hin_Deva
panel1_ext,P1,hin_wikipedia_2021_300K,hin,L20,2930,hin_Deva
panel1_ext,P1,hin_wikipedia_2021_300K,hin,L20,2933,anp_Deva
panel1_ext,P1,hin_wikipedia_2021_300K,hin,L20,2934,hin_Deva
panel1_ext,P1,hin_wikipedia_2021_300K,hin,L20,2935,hin_Deva
panel1_ext,P1,hin_wikipedia_2021_300K,hin,L20,2936,hin_Deva
panel1_ext,P1,hin_wikipedia_2021_300K,hin,L20,2937,hin_Deva
panel1_ext,P1,hin_wikipedia_2021_300K,hin,L20,2938,hin_Deva
panel1_ext,P1,hin_wikipedia_2021_300K,hin,L20,2939,hin_Deva
panel1_ext,P1,hin_wikipedia_2021_300K,hin,L20,2941,anp_Deva
panel1_ext,P1,hin_wikipedia_2021_300K,hin,L20,2943,hin_Deva
panel1_ext,P1,hin_wikipedia_2021_300K,hin,L20,2944,hin_Deva
panel1_ext,P1,hin_wikipedia_2021_300K,hin,L20,2945,anp_Deva
panel1_ext,P1,hin_wikipedia_2021_300K,hin,L20,2946,hin_Deva
panel1_ext,P1,hin_wikipedia_2021_300K,hin,L20,2947,hin_Deva
panel1_ext,P1,hin_wikipedia_2021_300K,hin,L20,2948,hin_Deva
panel1_ext,P1,hin_wikipedia_2021_300K,hin,L20,2949,hin_Deva
panel1_ext,P1,hin_wikipedia_2021_300K,hin,L20,2951,hin_Deva
panel1_ext,P1,hin_wikipedia_2021_300K,hin,L20,2953,hin_Deva
panel1_ext,P1,hin_wikipedia_2021_300K,hin,L20,2954,anp_Deva
panel1_ext,P1,hin_wikipedia_2021_300K,hin,L20,2956,hin_Deva
panel1_ext,P1,hin_wikipedia_2021_300K,hin,L20,2957,anp_Deva
panel1_ext,P1,hin_wikipedia_2021_300K,hin,L20,2959,hin_Deva
panel1_ext,P1,hin_wikipedia_2021_300K,hin,L20,2960,hin_Deva
panel1_ext,P1,hin_wikipedia_2021_300K,hin,L20,2963,hin_Deva
panel1_ext,P1,hin_wikipedia_2021_300K,hin,L20,2964,hin_Deva
panel1_ext,P1,hin_wikipedia_2021_300K,hin,L20,2965,hin_Deva
panel1_ext,P1,hin_wikipedia_2021_300K,hin,L20,2966,hin_Deva
panel1_ext,P1,hin_wikipedia_2021_300K,hin,L20,2967,hin_Deva
panel1_ext,P1,hin_wikipedia_2021_300K,hin,L20,2968,hin_Deva
panel1_ext,P1,hin_wikipedia_2021_300K,hin,L20,2969,hin_Deva
panel1_ext,P1,hin_wikipedia_2021_300K,hin,L20,2972,anp_Deva
panel1_ext,P1,hin_wikipedia_2021_300K,hin,L20,2973,hin_Deva
panel1_ext,P1,hin_wikipedia_2021_300K,hin,L20,2974,hin_Deva
panel1_ext,P1,hin_wikipedia_2021_300K,hin,L20,2975,anp_Deva
panel1_ext,P1,hin_wikipedia_2021_300K,hin,L20,2977,anp_Deva
panel1_ext,P1,hin_wikipedia_2021_300K,hin,L20,2983,hin_Deva
panel1_ext,P1,hin_wikipedia_2021_300K,hin,L20,2985,anp_Deva
panel1_ext,P1,hin_wikipedia_2021_300K,hin,L20,2986,anp_Deva
panel1_ext,P1,hin_wikipedia_2021_300K,hin,L20,2987,anp_Deva
panel1_ext,P1,hin_wikipedia_2021_300K,hin,L20,2989,hin_Deva
panel1_ext,P1,hin_wikipedia_2021_300K,hin,L20,2990,anp_Deva
panel1_ext,P1,hin_wikipedia_2021_300K,hin,L20,2991,hin_Deva
panel1_ext,P1,hin_wikipedia_2021_300K,hin,L20,2993,anp_Deva
panel1_ext,P1,hin_wikipedia_2021_300K,hin,L20,2994,hin_Deva
panel1_ext,P1,hin_wikipedia_2021_300K,hin,L20,2995,anp_Deva
panel1_ext,P1,hin_wikipedia_2021_300K,hin,L20,2996,hin_Deva
panel1_ext,P1,hin_wikipedia_2021_300K,hin,L20,2998,anp_Deva
panel1_ext,P1,hin_wikipedia_2021_300K,hin,L20,2999,anp_Deva
panel1_ext,P1,hin_wikipedia_2021_300K,hin,L20,3001,anp_Deva
panel1_ext,P1,hin_wikipedia_2021_300K,hin,L20,3003,hin_Deva
panel1_ext,P1,hin_wikipedia_2021_300K,hin,L20,3004,hin_Deva
panel1_ext,P1,hin_wikipedia_2021_300K,hin,L20,3005,hin_Deva
panel1_ext,P1,hin_wikipedia_2021_300K,hin,L20,3008,anp_Deva
panel1_ext,P1,hin_wikipedia_2021_300K,hin,L20,3009,anp_Deva
panel1_ext,P1,hin_wikipedia_2021_300K,hin,L20,3010,anp_Deva
panel1_ext,P1,hin_wikipedia_2021_300K,hin,L20,3011,hin_Deva
panel1_ext,P1,hin_wikipedia_2021_300K,hin,L20,3013,hin_Deva
panel1_ext,P1,hin_wikipedia_2021_300K,hin,L20,3015,hin_Deva
panel1_ext,P1,hin_wikipedia_2021_300K,hin,L20,3017,anp_Deva
panel1_ext,P1,hin_wikipedia_2021_300K,hin,L20,3019,hin_Deva
panel1_ext,P1,hin_wikipedia_2021_300K,hin,L20,3020,anp_Deva
panel1_ext,P1,hin_wikipedia_2021_300K,hin,L20,3021,anp_Deva
panel1_ext,P1,hin_wikipedia_2021_300K,hin,L20,3022,hin_Deva
panel1_ext,P1,hin_wikipedia_2021_300K,hin,L20,3025,hin_Deva
panel1_ext,P1,hin_wikipedia_2021_300K,hin,L20,3026,hin_Deva
panel1_ext,P1,hin_wikipedia_2021_300K,hin,L20,3027,hin_Deva
panel1_ext,P1,hin_wikipedia_2021_300K,hin,L20,3030,anp_Deva
panel1_ext,P1,hin_wikipedia_2021_300K,hin,L20,3031,anp_Deva
panel1_ext,P1,hin_wikipedia_2021_300K,hin,L20,3032,anp_Deva
panel1_ext,P1,hin_wikipedia_2021_300K,hin,L20,3033,anp_Deva
panel1_ext,P1,hin_wikipedia_2021_300K,hin,L20,3034,anp_Deva
panel1_ext,P1,hin_wikipedia_2021_300K,hin,L20,3035,anp_Deva
panel1_ext,P1,hin_wikipedia_2021_300K,hin,L20,3036,hin_Deva
panel1_ext,P1,hin_wikipedia_2021_300K,hin,L20,3039,anp_Deva
panel1_ext,P1,hin_wikipedia_2021_300K,hin,L20,3040,anp_Deva
panel1_ext,P1,hin_wikipedia_2021_300K,hin,L20,3041,hin_Deva
panel1_ext,P1,hin_wikipedia_2021_300K,hin,L20,3042,anp_Deva
panel1_ext,P1,hin_wikipedia_2021_300K,hin,L20,3043,hin_Deva
panel1_ext,P1,hin_wikipedia_2021_300K,hin,L20,3046,anp_Deva
panel1_ext,P1,hin_wikipedia_2021_300K,hin,L20,3047,anp_Deva
panel1_ext,P1,hin_wikipedia_2021_300K,hin,L20,3048,hin_Deva
panel1_ext,P1,hin_wikipedia_2021_300K,hin,L20,3049,anp_Deva
panel1_ext,P1,hin_wikipedia_2021_300K,hin,L20,3050,anp_Deva
panel1_ext,P1,hin_wikipedia_2021_300K,hin,L20,3051,hin_Deva
panel1_ext,P1,hin_wikipedia_2021_300K,hin,L20,3053,anp_Deva
panel1_ext,P1,hin_wikipedia_2021_300K,hin,L20,3054,anp_Deva
panel1_ext,P1,hin_wikipedia_2021_300K,hin,L20,3056,anp_Deva
panel1_ext,P1,hin_wikipedia_2021_300K,hin,L20,3057,anp_Deva
panel1_ext,P1,hin_wikipedia_2021_300K,hin,L20,3058,hin_Deva
panel1_ext,P1,hin_wikipedia_2021_300K,hin,L20,3059,hin_Deva
panel1_ext,P1,hin_wikipedia_2021_300K,hin,L20,3060,hin_Deva
panel1_ext,P1,hin_wikipedia_2021_300K,hin,L20,3061,anp_Deva
panel1_ext,P1,hin_wikipedia_2021_300K,hin,L20,3063,anp_Deva
panel1_ext,P1,hin_wikipedia_2021_300K,hin,L20,3064,anp_Deva
panel1_ext,P1,hin_wikipedia_2021_300K,hin,L20,3065,anp_Deva
panel1_ext,P1,mar_wikipedia_2021_30K,mar,L20,1,mar_Deva
panel1_ext,P1,mar_wikipedia_2021_30K,mar,L20,2,mar_Deva
panel1_ext,P1,mar_wikipedia_2021_30K,mar,L20,3,mar_Deva
panel1_ext,P1,mar_wikipedia_2021_30K,mar,L20,4,mar_Deva
panel1_ext,P1,mar_wikipedia_2021_30K,mar,L20,5,mar_Deva
panel1_ext,P1,mar_wikipedia_2021_30K,mar,L20,6,mar_Deva
panel1_ext,P1,mar_wikipedia_2021_30K,mar,L20,7,mar_Deva
panel1_ext,P1,mar_wikipedia_2021_30K,mar,L20,8,mar_Deva
panel1_ext,P1,mar_wikipedia_2021_30K,mar,L20,9,mar_Deva
panel1_ext,P1,mar_wikipedia_2021_30K,mar,L20,10,mar_Deva
panel1_ext,P1,mar_wikipedia_2021_30K,mar,L20,11,mar_Deva
panel1_ext,P1,mar_wikipedia_2021_30K,mar,L20,12,mar_Deva
panel1_ext,P1,mar_wikipedia_2021_30K,mar,L20,13,mar_Deva
panel1_ext,P1,mar_wikipedia_2021_30K,mar,L20,14,mar_Deva
panel1_ext,P1,mar_wikipedia_2021_30K,mar,L20,15,mar_Deva
panel1_ext,P1,mar_wikipedia_2021_30K,mar,L20,16,mar_Deva
panel1_ext,P1,mar_wikipedia_2021_30K,mar,L20,17,mar_Deva
panel1_ext,P1,mar_wikipedia_2021_30K,mar,L20,18,mar_Deva
panel1_ext,P1,mar_wikipedia_2021_30K,mar,L20,19,mar_Deva
panel1_ext,P1,mar_wikipedia_2021_30K,mar,L20,20,mar_Deva
panel1_ext,P1,mar_wikipedia_2021_30K,mar,L20,21,mar_Deva
panel1_ext,P1,mar_wikipedia_2021_30K,mar,L20,22,mar_Deva
panel1_ext,P1,mar_wikipedia_2021_30K,mar,L20,23,mar_Deva
panel1_ext,P1,mar_wikipedia_2021_30K,mar,L20,24,mar_Deva
panel1_ext,P1,mar_wikipedia_2021_30K,mar,L20,25,mar_Deva
panel1_ext,P1,mar_wikipedia_2021_30K,mar,L20,26,mar_Deva
panel1_ext,P1,mar_wikipedia_2021_30K,mar,L20,27,mar_Deva
panel1_ext,P1,mar_wikipedia_2021_30K,mar,L20,28,mar_Deva
panel1_ext,P1,mar_wikipedia_2021_30K,mar,L20,29,mar_Deva
panel1_ext,P1,mar_wikipedia_2021_30K,mar,L20,30,mar_Deva
panel1_ext,P1,mar_wikipedia_2021_30K,mar,L20,31,mar_Deva
panel1_ext,P1,mar_wikipedia_2021_30K,mar,L20,32,mar_Deva
panel1_ext,P1,mar_wikipedia_2021_30K,mar,L20,33,mar_Deva
panel1_ext,P1,mar_wikipedia_2021_30K,mar,L20,34,mar_Deva
panel1_ext,P1,mar_wikipedia_2021_30K,mar,L20,35,mar_Deva
panel1_ext,P1,mar_wikipedia_2021_30K,mar,L20,36,mar_Deva
panel1_ext,P1,mar_wikipedia_2021_30K,mar,L20,37,mar_Deva
panel1_ext,P1,mar_wikipedia_2021_30K,mar,L20,38,mar_Deva
panel1_ext,P1,mar_wikipedia_2021_30K,mar,L20,39,mar_Deva
panel1_ext,P1,mar_wikipedia_2021_30K,mar,L20,40,mar_Deva
panel1_ext,P1,mar_wikipedia_2021_30K,mar,L20,42,mar_Deva
panel1_ext,P1,mar_wikipedia_2021_30K,mar,L20,43,mar_Deva
panel1_ext,P1,mar_wikipedia_2021_30K,mar,L20,44,mar_Deva
panel1_ext,P1,mar_wikipedia_2021_30K,mar,L20,45,mar_Deva
panel1_ext,P1,mar_wikipedia_2021_30K,mar,L20,46,mar_Deva
panel1_ext,P1,mar_wikipedia_2021_30K,mar,L20,47,mar_Deva
panel1_ext,P1,mar_wikipedia_2021_30K,mar,L20,48,mar_Deva
panel1_ext,P1,mar_wikipedia_2021_30K,mar,L20,49,mar_Deva
panel1_ext,P1,mar_wikipedia_2021_30K,mar,L20,50,mar_Deva
panel1_ext,P1,mar_wikipedia_2021_30K,mar,L20,51,mar_Deva
panel1_ext,P1,mar_wikipedia_2021_30K,mar,L20,52,mar_Deva
panel1_ext,P1,mar_wikipedia_2021_30K,mar,L20,53,mar_Deva
panel1_ext,P1,mar_wikipedia_2021_30K,mar,L20,54,mar_Deva
panel1_ext,P1,mar_wikipedia_2021_30K,mar,L20,55,mar_Deva
panel1_ext,P1,mar_wikipedia_2021_30K,mar,L20,56,mar_Deva
panel1_ext,P1,mar_wikipedia_2021_30K,mar,L20,57,mar_Deva
panel1_ext,P1,mar_wikipedia_2021_30K,mar,L20,58,mar_Deva
panel1_ext,P1,mar_wikipedia_2021_30K,mar,L20,59,mar_Deva
panel1_ext,P1,mar_wikipedia_2021_30K,mar,L20,60,mar_Deva
panel1_ext,P1,san_wikipedia_2021_30K,san,L20,1,san_Deva
panel1_ext,P1,san_wikipedia_2021_30K,san,L20,2,san_Deva
panel1_ext,P1,san_wikipedia_2021_30K,san,L20,3,san_Deva
panel1_ext,P1,san_wikipedia_2021_30K,san,L20,4,san_Deva
panel1_ext,P1,san_wikipedia_2021_30K,san,L20,5,san_Deva
panel1_ext,P1,san_wikipedia_2021_30K,san,L20,6,san_Deva
panel1_ext,P1,san_wikipedia_2021_30K,san,L20,7,san_Deva
panel1_ext,P1,san_wikipedia_2021_30K,san,L20,8,san_Deva
panel1_ext,P1,san_wikipedia_2021_30K,san,L20,9,san_Deva
panel1_ext,P1,san_wikipedia_2021_30K,san,L20,10,san_Deva
panel1_ext,P1,san_wikipedia_2021_30K,san,L20,11,san_Deva
panel1_ext,P1,san_wikipedia_2021_30K,san,L20,12,san_Deva
panel1_ext,P1,san_wikipedia_2021_30K,san,L20,13,san_Deva
panel1_ext,P1,san_wikipedia_2021_30K,san,L20,14,san_Deva
panel1_ext,P1,san_wikipedia_2021_30K,san,L20,15,san_Deva
panel1_ext,P1,san_wikipedia_2021_30K,san,L20,16,san_Deva
panel1_ext,P1,san_wikipedia_2021_30K,san,L20,17,san_Deva
panel1_ext,P1,san_wikipedia_2021_30K,san,L20,18,san_Deva
panel1_ext,P1,san_wikipedia_2021_30K,san,L20,19,san_Deva
panel1_ext,P1,san_wikipedia_2021_30K,san,L20,20,san_Deva
panel1_ext,P1,san_wikipedia_2021_30K,san,L20,21,san_Deva
panel1_ext,P1,san_wikipedia_2021_30K,san,L20,22,san_Deva
panel1_ext,P1,san_wikipedia_2021_30K,san,L20,23,san_Deva
panel1_ext,P1,san_wikipedia_2021_30K,san,L20,24,san_Deva
panel1_ext,P1,san_wikipedia_2021_30K,san,L20,25,san_Deva
panel1_ext,P1,san_wikipedia_2021_30K,san,L20,26,san_Deva
panel1_ext,P1,san_wikipedia_2021_30K,san,L20,27,san_Deva
panel1_ext,P1,san_wikipedia_2021_30K,san,L20,28,san_Deva
panel1_ext,P1,san_wikipedia_2021_30K,san,L20,29,san_Deva
panel1_ext,P1,san_wikipedia_2021_30K,san,L20,30,san_Deva
panel1_ext,P1,san_wikipedia_2021_30K,san,L20,31,san_Deva
panel1_ext,P1,san_wikipedia_2021_30K,san,L20,32,san_Deva
panel1_ext,P1,san_wikipedia_2021_30K,san,L20,33,san_Deva
panel1_ext,P1,san_wikipedia_2021_30K,san,L20,34,san_Deva
panel1_ext,P1,san_wikipedia_2021_30K,san,L20,35,san_Deva
panel1_ext,P1,san_wikipedia_2021_30K,san,L20,36,san_Deva
panel1_ext,P1,san_wikipedia_2021_30K,san,L20,37,san_Deva
panel1_ext,P1,san_wikipedia_2021_30K,san,L20,38,san_Deva
panel1_ext,P1,san_wikipedia_2021_30K,san,L20,39,san_Deva
panel1_ext,P1,san_wikipedia_2021_30K,san,L20,40,san_Deva
panel1_ext,P1,san_wikipedia_2021_30K,san,L20,41,san_Deva
panel1_ext,P1,san_wikipedia_2021_30K,san,L20,42,san_Deva
panel1_ext,P1,san_wikipedia_2021_30K,san,L20,43,san_Deva
panel1_ext,P1,san_wikipedia_2021_30K,san,L20,44,san_Deva
panel1_ext,P1,san_wikipedia_2021_30K,san,L20,45,san_Deva
panel1_ext,P1,san_wikipedia_2021_30K,san,L20,46,san_Deva
panel1_ext,P1,san_wikipedia_2021_30K,san,L20,47,san_Deva
panel1_ext,P1,san_wikipedia_2021_30K,san,L20,48,san_Deva
panel1_ext,P1,san_wikipedia_2021_30K,san,L20,49,san_Deva
panel1_ext,P1,san_wikipedia_2021_30K,san,L20,50,san_Deva
panel1_ext,P1,san_wikipedia_2021_30K,san,L20,51,san_Deva
panel1_ext,P1,san_wikipedia_2021_30K,san,L20,52,san_Deva
panel1_ext,P1,san_wikipedia_2021_30K,san,L20,53,san_Deva
panel1_ext,P1,san_wikipedia_2021_30K,san,L20,54,san_Deva
panel1_ext,P1,san_wikipedia_2021_30K,san,L20,55,san_Deva
panel1_ext,P1,san_wikipedia_2021_30K,san,L20,56,san_Deva
panel1_ext,P1,san_wikipedia_2021_30K,san,L20,57,san_Deva
panel1_ext,P1,san_wikipedia_2021_30K,san,L20,58,san_Deva
panel1_ext,P1,san_wikipedia_2021_30K,san,L20,59,san_Deva
panel1_ext,P1,san_wikipedia_2021_30K,san,L20,60,san_Deva
panel1_ext,P1,san_wikipedia_2021_30K,san,L20,61,san_Deva
panel1_ext,P1,san_wikipedia_2021_30K,san,L20,62,san_Deva
panel1_ext,P1,san_wikipedia_2021_30K,san,L20,63,san_Deva
panel1_ext,P1,san_wikipedia_2021_30K,san,L20,64,san_Deva
panel1_ext,P1,san_wikipedia_2021_30K,san,L20,65,san_Deva
panel1_ext,P1,san_wikipedia_2021_30K,san,L20,66,san_Deva
panel1_ext,P1,san_wikipedia_2021_30K,san,L20,67,san_Deva
panel1_ext,P1,san_wikipedia_2021_30K,san,L20,68,san_Deva
panel1_ext,P1,san_wikipedia_2021_30K,san,L20,69,san_Deva
panel1_ext,P1,san_wikipedia_2021_30K,san,L20,70,san_Deva
panel1_ext,P1,san_wikipedia_2021_30K,san,L20,71,san_Deva
panel1_ext,P1,san_wikipedia_2021_30K,san,L20,72,san_Deva
panel1_ext,P1,san_wikipedia_2021_30K,san,L20,73,san_Deva
panel1_ext,P1,san_wikipedia_2021_30K,san,L20,74,san_Deva
panel1_ext,P1,san_wikipedia_2021_30K,san,L20,75,san_Deva
panel1_ext,P1,san_wikipedia_2021_30K,san,L20,77,san_Deva
panel1_ext,P1,san_wikipedia_2021_30K,san,L20,78,san_Deva
panel1_ext,P1,san_wikipedia_2021_30K,san,L20,79,san_Deva
panel1_ext,P1,san_wikipedia_2021_30K,san,L20,80,san_Deva
panel1_ext,P1,san_wikipedia_2021_30K,san,L20,81,san_Deva
panel1_ext,P1,san_wikipedia_2021_30K,san,L20,82,san_Deva
panel1_ext,P1,san_wikipedia_2021_30K,san,L20,83,san_Deva
panel1_ext,P1,san_wikipedia_2021_30K,san,L20,84,san_Deva
panel1_ext,P1,san_wikipedia_2021_30K,san,L20,85,san_Deva
panel1_ext,P1,san_wikipedia_2021_30K,san,L20,86,san_Deva
panel1_ext,P1,san_wikipedia_2021_30K,san,L20,87,san_Deva
panel1_ext,P1,san_wikipedia_2021_30K,san,L20,88,san_Deva
panel1_ext,P1,san_wikipedia_2021_30K,san,L20,89,san_Deva
panel1_ext,P1,san_wikipedia_2021_30K,san,L20,90,san_Deva
panel1_ext,P1,san_wikipedia_2021_30K,san,L20,91,san_Deva
panel1_ext,P1,san_wikipedia_2021_30K,san,L20,92,san_Deva
panel1_ext,P1,san_wikipedia_2021_30K,san,L20,93,san_Deva
panel1_ext,P1,san_wikipedia_2021_30K,san,L20,94,san_Deva
panel1_ext,P1,san_wikipedia_2021_30K,san,L20,95,san_Deva
panel1_ext,P1,san_wikipedia_2021_30K,san,L20,96,san_Deva
panel1_ext,P1,san_wikipedia_2021_30K,san,L20,97,san_Deva
panel1_ext,P1,san_wikipedia_2021_30K,san,L20,98,san_Deva
panel1_ext,P1,san_wikipedia_2021_30K,san,L20,99,san_Deva
panel1_ext,P1,san_wikipedia_2021_30K,san,L20,100,san_Deva
panel1_ext,P1,san_wikipedia_2021_30K,san,L20,101,san_Deva
panel1_ext,P1,san_wikipedia_2021_30K,san,L20,102,san_Deva
panel1_ext,P1,san_wikipedia_2021_30K,san,L20,103,san_Deva
panel1_ext,P1,san_wikipedia_2021_30K,san,L20,104,san_Deva
panel1_ext,P1,san_wikipedia_2021_30K,san,L20,105,san_Deva
panel1_ext,P1,san_wikipedia_2021_30K,san,L20,106,san_Deva
panel1_ext,P1,san_wikipedia_2021_30K,san,L20,107,san_Deva
panel1_ext,P1,san_wikipedia_2021_30K,san,L20,108,san_Deva
panel1_ext,P1,san_wikipedia_2021_30K,san,L20,109,san_Deva
panel1_ext,P1,san_wikipedia_2021_30K,san,L20,110,san_Deva
panel1_ext,P1,san_wikipedia_2021_30K,san,L20,111,san_Deva
panel1_ext,P1,san_wikipedia_2021_30K,san,L20,112,san_Deva
panel1_ext,P1,san_wikipedia_2021_30K,san,L20,113,san_Deva
panel1_ext,P1,san_wikipedia_2021_30K,san,L20,114,san_Deva
panel1_ext,P1,san_wikipedia_2021_30K,san,L20,115,san_Deva
panel1_ext,P1,san_wikipedia_2021_30K,san,L20,116,san_Deva
panel1_ext,P1,san_wikipedia_2021_30K,san,L20,117,san_Deva
panel1_ext,P1,san_wikipedia_2021_30K,san,L20,118,san_Deva
panel1_ext,P1,san_wikipedia_2021_30K,san,L20,119,san_Deva
panel1_ext,P1,san_wikipedia_2021_30K,san,L20,120,san_Deva
panel1_ext,P1,san_wikipedia_2021_30K,san,L20,121,san_Deva
panel1_ext,P1,san_wikipedia_2021_30K,san,L20,122,san_Deva
panel1_ext,P1,san_wikipedia_2021_30K,san,L20,123,san_Deva
panel1_ext,P1,san_wikipedia_2021_30K,san,L20,124,san_Deva
panel1_ext,P1,san_wikipedia_2021_30K,san,L20,125,san_Deva
panel1_ext,P1,san_wikipedia_2021_30K,san,L20,126,san_Deva
panel1_ext,P1,san_wikipedia_2021_30K,san,L20,127,san_Deva
panel1_ext,P1,san_wikipedia_2021_30K,san,L20,128,san_Deva
panel1_ext,P1,san_wikipedia_2021_30K,san,L20,129,san_Deva
panel1_ext,P1,san_wikipedia_2021_30K,san,L20,130,san_Deva
panel1_ext,P1,san_wikipedia_2021_30K,san,L20,131,san_Deva
panel1_ext,P1,san_wikipedia_2021_30K,san,L20,132,san_Deva
panel1_ext,P1,san_wikipedia_2021_30K,san,L20,133,san_Deva
panel1_ext,P1,san_wikipedia_2021_30K,san,L20,134,san_Deva
panel1_ext,P1,san_wikipedia_2021_30K,san,L20,135,san_Deva
panel1_ext,P1,san_wikipedia_2021_30K,san,L20,136,san_Deva
panel1_ext,P1,san_wikipedia_2021_30K,san,L20,137,san_Deva
panel1_ext,P1,san_wikipedia_2021_30K,san,L20,138,san_Deva
panel1_ext,P1,san_wikipedia_2021_30K,san,L20,139,san_Deva
panel1_ext,P1,san_wikipedia_2021_30K,san,L20,140,san_Deva
panel1_ext,P1,san_wikipedia_2021_30K,san,L20,141,san_Deva
panel1_ext,P1,san_wikipedia_2021_30K,san,L20,142,san_Deva
panel1_ext,P1,san_wikipedia_2021_30K,san,L20,143,san_Deva
panel1_ext,P1,san_wikipedia_2021_30K,san,L20,144,san_Deva
panel1_ext,P1,san_wikipedia_2021_30K,san,L20,145,san_Deva
panel1_ext,P1,san_wikipedia_2021_30K,san,L20,146,san_Deva
panel1_ext,P1,san_wikipedia_2021_30K,san,L20,147,san_Deva
panel1_ext,P1,san_wikipedia_2021_30K,san,L20,148,san_Deva
panel1_ext,P1,san_wikipedia_2021_30K,san,L20,149,san_Deva
panel1_ext,P1,san_wikipedia_2021_30K,san,L20,150,san_Deva
panel1_ext,P1,san_wikipedia_2021_30K,san,L20,151,san_Deva
panel1_ext,P1,san_wikipedia_2021_30K,san,L20,152,san_Deva
panel1_ext,P1,san_wikipedia_2021_30K,san,L20,153,san_Deva
panel1_ext,P1,san_wikipedia_2021_30K,san,L20,154,san_Deva
panel1_ext,P1,san_wikipedia_2021_30K,san,L20,155,san_Deva
panel1_ext,P1,san_wikipedia_2021_30K,san,L20,156,san_Deva
panel1_ext,P1,san_wikipedia_2021_30K,san,L20,157,san_Deva
panel1_ext,P1,san_wikipedia_2021_30K,san,L20,158,san_Deva
panel1_ext,P1,san_wikipedia_2021_30K,san,L20,159,san_Deva
panel1_ext,P1,san_wikipedia_2021_30K,san,L20,160,san_Deva
panel1_ext,P1,san_wikipedia_2021_30K,san,L20,161,san_Deva
panel1_ext,P1,san_wikipedia_2021_30K,san,L20,162,san_Deva
panel1_ext,P1,san_wikipedia_2021_30K,san,L20,163,san_Deva
panel1_ext,P1,san_wikipedia_2021_30K,san,L20,164,san_Deva
panel1_ext,P1,san_wikipedia_2021_30K,san,L20,165,san_Deva
panel1_ext,P1,san_wikipedia_2021_30K,san,L20,166,san_Deva
panel1_ext,P1,san_wikipedia_2021_30K,san,L20,167,san_Deva
panel1_ext,P1,san_wikipedia_2021_30K,san,L20,168,san_Deva
panel1_ext,P1,san_wikipedia_2021_30K,san,L20,169,san_Deva
panel1_ext,P1,san_wikipedia_2021_30K,san,L20,170,san_Deva
panel1_ext,P1,san_wikipedia_2021_30K,san,L20,171,san_Deva
panel1_ext,P1,san_wikipedia_2021_30K,san,L20,172,san_Deva
panel1_ext,P1,san_wikipedia_2021_30K,san,L20,173,san_Deva
panel1_ext,P1,san_wikipedia_2021_30K,san,L20,174,san_Deva
panel1_ext,P1,san_wikipedia_2021_30K,san,L20,175,san_Deva
panel1_ext,P1,san_wikipedia_2021_30K,san,L20,176,san_Deva
panel1_ext,P1,san_wikipedia_2021_30K,san,L20,177,san_Deva
panel1_ext,P1,san_wikipedia_2021_30K,san,L20,178,san_Deva
panel1_ext,P1,san_wikipedia_2021_30K,san,L20,179,san_Deva
panel1_ext,P1,san_wikipedia_2021_30K,san,L20,180,san_Deva
panel1_ext,P1,san_wikipedia_2021_30K,san,L20,181,san_Deva
panel1_ext,P1,san_wikipedia_2021_30K,san,L20,182,san_Deva
panel1_ext,P1,san_wikipedia_2021_30K,san,L20,183,san_Deva
panel1_ext,P1,san_wikipedia_2021_30K,san,L20,184,san_Deva
panel1_ext,P1,san_wikipedia_2021_30K,san,L20,185,san_Deva
panel1_ext,P1,san_wikipedia_2021_30K,san,L20,186,san_Deva
panel1_ext,P1,san_wikipedia_2021_30K,san,L20,187,san_Deva
panel1_ext,P1,san_wikipedia_2021_30K,san,L20,188,san_Deva
panel1_ext,P1,san_wikipedia_2021_30K,san,L20,189,san_Deva
panel1_ext,P1,san_wikipedia_2021_30K,san,L20,190,san_Deva
panel1_ext,P1,san_wikipedia_2021_30K,san,L20,191,san_Deva
panel1_ext,P1,san_wikipedia_2021_30K,san,L20,192,san_Deva
panel1_ext,P1,san_wikipedia_2021_30K,san,L20,193,san_Deva
panel1_ext,P1,san_wikipedia_2021_30K,san,L20,194,san_Deva
panel1_ext,P1,san_wikipedia_2021_30K,san,L20,195,san_Deva
panel1_ext,P1,san_wikipedia_2021_30K,san,L20,196,san_Deva
panel1_ext,P1,san_wikipedia_2021_30K,san,L20,197,san_Deva
panel1_ext,P1,san_wikipedia_2021_30K,san,L20,198,san_Deva
panel1_ext,P1,san_wikipedia_2021_30K,san,L20,199,san_Deva
panel1_ext,P1,san_wikipedia_2021_30K,san,L20,200,san_Deva
panel1_ext,P1,san_wikipedia_2021_30K,san,L20,201,san_Deva
panel1_ext,P1,san_wikipedia_2021_30K,san,L20,202,san_Deva
panel1_ext,P1,san_wikipedia_2021_30K,san,L20,203,san_Deva
panel1_ext,P1,san_wikipedia_2021_30K,san,L20,204,san_Deva
panel1_ext,P1,san_wikipedia_2021_30K,san,L20,205,san_Deva
panel1_ext,P1,san_wikipedia_2021_30K,san,L20,206,san_Deva
panel1_ext,P1,san_wikipedia_2021_30K,san,L20,207,san_Deva
panel1_ext,P1,san_wikipedia_2021_30K,san,L20,208,san_Deva
panel1_ext,P1,san_wikipedia_2021_30K,san,L20,209,san_Deva
panel1_ext,P1,san_wikipedia_2021_30K,san,L20,210,san_Deva
panel1_ext,P1,san_wikipedia_2021_30K,san,L20,211,san_Deva
panel1_ext,P1,san_wikipedia_2021_30K,san,L20,212,san_Deva
panel1_ext,P1,san_wikipedia_2021_30K,san,L20,213,san_Deva
panel1_ext,P1,san_wikipedia_2021_30K,san,L20,214,san_Deva
panel1_ext,P1,san_wikipedia_2021_30K,san,L20,215,san_Deva
panel1_ext,P1,san_wikipedia_2021_30K,san,L20,216,san_Deva
panel1_ext,P1,san_wikipedia_2021_30K,san,L20,217,san_Deva
panel1_ext,P1,san_wikipedia_2021_30K,san,L20,218,san_Deva
panel1_ext,P1,san_wikipedia_2021_30K,san,L20,219,san_Deva
panel1_ext,P1,san_wikipedia_2021_30K,san,L20,220,san_Deva
panel1_ext,P1,san_wikipedia_2021_30K,san,L20,221,san_Deva
panel1_ext,P1,san_wikipedia_2021_30K,san,L20,222,san_Deva
panel1_ext,P1,san_wikipedia_2021_30K,san,L20,223,san_Deva
panel1_ext,P1,san_wikipedia_2021_30K,san,L20,224,san_Deva
panel1_ext,P1,san_wikipedia_2021_30K,san,L20,225,san_Deva
panel1_ext,P1,san_wikipedia_2021_30K,san,L20,226,san_Deva
panel1_ext,P1,san_wikipedia_2021_30K,san,L20,227,san_Deva
panel1_ext,P1,san_wikipedia_2021_30K,san,L20,228,san_Deva
panel1_ext,P1,san_wikipedia_2021_30K,san,L20,229,san_Deva
panel1_ext,P1,san_wikipedia_2021_30K,san,L20,230,san_Deva
panel1_ext,P1,san_wikipedia_2021_30K,san,L20,231,san_Deva
panel1_ext,P1,san_wikipedia_2021_30K,san,L20,232,san_Deva
panel1_ext,P1,san_wikipedia_2021_30K,san,L20,233,san_Deva
panel1_ext,P1,san_wikipedia_2021_30K,san,L20,234,san_Deva
panel1_ext,P1,san_wikipedia_2021_30K,san,L20,235,san_Deva
panel1_ext,P1,san_wikipedia_2021_30K,san,L20,236,san_Deva
panel1_ext,P1,san_wikipedia_2021_30K,san,L20,237,san_Deva
panel1_ext,P1,san_wikipedia_2021_30K,san,L20,238,san_Deva
panel1_ext,P1,san_wikipedia_2021_30K,san,L20,239,san_Deva
panel1_ext,P1,san_wikipedia_2021_30K,san,L20,240,san_Deva
panel1_ext,P1,san_wikipedia_2021_30K,san,L20,241,san_Deva
panel1_ext,P1,san_wikipedia_2021_30K,san,L20,242,san_Deva
panel1_ext,P1,san_wikipedia_2021_30K,san,L20,243,san_Deva
panel1_ext,P1,san_wikipedia_2021_30K,san,L20,244,san_Deva
panel1_ext,P1,san_wikipedia_2021_30K,san,L20,245,san_Deva
panel1_ext,P1,san_wikipedia_2021_30K,san,L20,246,san_Deva
panel1_ext,P1,san_wikipedia_2021_30K,san,L20,247,san_Deva
panel1_ext,P1,san_wikipedia_2021_30K,san,L20,248,san_Deva
panel1_ext,P1,san_wikipedia_2021_30K,san,L20,249,san_Deva
panel1_ext,P1,san_wikipedia_2021_30K,san,L20,250,san_Deva
panel1_ext,P1,san_wikipedia_2021_30K,san,L20,251,san_Deva
panel1_ext,P1,san_wikipedia_2021_30K,san,L20,252,san_Deva
panel1_ext,P1,san_wikipedia_2021_30K,san,L20,253,san_Deva
panel1_ext,P1,san_wikipedia_2021_30K,san,L20,254,san_Deva
panel1_ext,P1,san_wikipedia_2021_30K,san,L20,255,san_Deva
panel1_ext,P1,san_wikipedia_2021_30K,san,L20,256,san_Deva
panel1_ext,P1,san_wikipedia_2021_30K,san,L20,257,san_Deva
panel1_ext,P1,san_wikipedia_2021_30K,san,L20,258,san_Deva
panel1_ext,P1,san_wikipedia_2021_30K,san,L20,259,san_Deva
panel1_ext,P1,san_wikipedia_2021_30K,san,L20,260,san_Deva
panel1_ext,P1,san_wikipedia_2021_30K,san,L20,261,san_Deva
panel1_ext,P1,san_wikipedia_2021_30K,san,L20,262,san_Deva
panel1_ext,P1,san_wikipedia_2021_30K,san,L20,263,san_Deva
panel1_ext,P1,san_wikipedia_2021_30K,san,L20,264,san_Deva
panel1_ext,P1,san_wikipedia_2021_30K,san,L20,265,san_Deva
panel1_ext,P1,san_wikipedia_2021_30K,san,L20,266,san_Deva
panel1_ext,P1,san_wikipedia_2021_30K,san,L20,267,san_Deva
panel1_ext,P1,san_wikipedia_2021_30K,san,L20,268,san_Deva
panel1_ext,P1,san_wikipedia_2021_30K,san,L20,269,san_Deva
panel1_ext,P1,san_wikipedia_2021_30K,san,L20,270,san_Deva
panel1_ext,P1,san_wikipedia_2021_30K,san,L20,271,san_Deva
panel1_ext,P1,san_wikipedia_2021_30K,san,L20,272,san_Deva
panel1_ext,P1,san_wikipedia_2021_30K,san,L20,273,san_Deva
panel1_ext,P1,san_wikipedia_2021_30K,san,L20,274,san_Deva
panel1_ext,P1,san_wikipedia_2021_30K,san,L20,275,san_Deva
panel1_ext,P1,san_wikipedia_2021_30K,san,L20,276,san_Deva
panel1_ext,P1,san_wikipedia_2021_30K,san,L20,277,san_Deva
panel1_ext,P1,san_wikipedia_2021_30K,san,L20,278,san_Deva
panel1_ext,P1,san_wikipedia_2021_30K,san,L20,279,san_Deva
panel1_ext,P1,new_wikipedia_2021_30K,new,L20,1,new_Deva
panel1_ext,P1,new_wikipedia_2021_30K,new,L20,2,anp_Deva
panel1_ext,P1,new_wikipedia_2021_30K,new,L20,4,new_Deva
panel1_ext,P1,new_wikipedia_2021_30K,new,L20,5,new_Deva
panel1_ext,P1,new_wikipedia_2021_30K,new,L20,6,new_Deva
panel1_ext,P1,new_wikipedia_2021_30K,new,L20,7,anp_Deva
panel1_ext,P1,new_wikipedia_2021_30K,new,L20,8,new_Deva
panel1_ext,P1,new_wikipedia_2021_30K,new,L20,9,new_Deva
panel1_ext,P1,new_wikipedia_2021_30K,new,L20,10,new_Deva
panel1_ext,P1,new_wikipedia_2021_30K,new,L20,11,new_Deva
panel1_ext,P1,new_wikipedia_2021_30K,new,L20,12,new_Deva
panel1_ext,P1,new_wikipedia_2021_30K,new,L20,13,new_Deva
panel1_ext,P1,new_wikipedia_2021_30K,new,L20,14,new_Deva
panel1_ext,P1,new_wikipedia_2021_30K,new,L20,15,new_Deva
panel1_ext,P1,new_wikipedia_2021_30K,new,L20,16,new_Deva
panel1_ext,P1,new_wikipedia_2021_30K,new,L20,17,new_Deva
panel1_ext,P1,new_wikipedia_2021_30K,new,L20,18,new_Deva
panel1_ext,P1,new_wikipedia_2021_30K,new,L20,20,new_Deva
panel1_ext,P1,new_wikipedia_2021_30K,new,L20,21,new_Deva
panel1_ext,P1,new_wikipedia_2021_30K,new,L20,22,new_Deva
panel1_ext,P1,new_wikipedia_2021_30K,new,L20,23,new_Deva
panel1_ext,P1,new_wikipedia_2021_30K,new,L20,24,new_Deva
panel1_ext,P1,new_wikipedia_2021_30K,new,L20,25,new_Deva
panel1_ext,P1,new_wikipedia_2021_30K,new,L20,26,new_Deva
panel1_ext,P1,new_wikipedia_2021_30K,new,L20,27,new_Deva
panel1_ext,P1,new_wikipedia_2021_30K,new,L20,28,new_Deva
panel1_ext,P1,new_wikipedia_2021_30K,new,L20,29,new_Deva
panel1_ext,P1,new_wikipedia_2021_30K,new,L20,30,new_Deva
panel1_ext,P1,new_wikipedia_2021_30K,new,L20,31,new_Deva
panel1_ext,P1,new_wikipedia_2021_30K,new,L20,32,new_Deva
panel1_ext,P1,new_wikipedia_2021_30K,new,L20,33,hin_Deva
panel1_ext,P1,new_wikipedia_2021_30K,new,L20,35,new_Deva
panel1_ext,P1,new_wikipedia_2021_30K,new,L20,36,new_Deva
panel1_ext,P1,new_wikipedia_2021_30K,new,L20,37,new_Deva
panel1_ext,P1,new_wikipedia_2021_30K,new,L20,38,new_Deva
panel1_ext,P1,new_wikipedia_2021_30K,new,L20,39,new_Deva
panel1_ext,P1,new_wikipedia_2021_30K,new,L20,40,new_Deva
panel1_ext,P1,new_wikipedia_2021_30K,new,L20,42,anp_Deva
panel1_ext,P1,new_wikipedia_2021_30K,new,L20,43,new_Deva
panel1_ext,P1,new_wikipedia_2021_30K,new,L20,45,new_Deva
panel1_ext,P1,new_wikipedia_2021_30K,new,L20,47,new_Deva
panel1_ext,P1,new_wikipedia_2021_30K,new,L20,48,new_Deva
panel1_ext,P1,new_wikipedia_2021_30K,new,L20,49,new_Deva
panel1_ext,P1,new_wikipedia_2021_30K,new,L20,50,new_Deva
panel1_ext,P1,new_wikipedia_2021_30K,new,L20,51,new_Deva
panel1_ext,P1,new_wikipedia_2021_30K,new,L20,52,new_Deva
panel1_ext,P1,new_wikipedia_2021_30K,new,L20,53,new_Deva
panel1_ext,P1,new_wikipedia_2021_30K,new,L20,54,hin_Deva
panel1_ext,P1,new_wikipedia_2021_30K,new,L20,55,new_Deva
panel1_ext,P1,new_wikipedia_2021_30K,new,L20,56,new_Deva
panel1_ext,P1,new_wikipedia_2021_30K,new,L20,57,new_Deva
panel1_ext,P1,new_wikipedia_2021_30K,new,L20,58,new_Deva
panel1_ext,P1,new_wikipedia_2021_30K,new,L20,59,new_Deva
panel1_ext,P1,new_wikipedia_2021_30K,new,L20,60,new_Deva
panel1_ext,P1,new_wikipedia_2021_30K,new,L20,61,new_Deva
panel1_ext,P1,new_wikipedia_2021_30K,new,L20,62,new_Deva
panel1_ext,P1,new_wikipedia_2021_30K,new,L20,63,new_Deva
panel1_ext,P1,new_wikipedia_2021_30K,new,L20,64,new_Deva
panel1_ext,P1,new_wikipedia_2021_30K,new,L20,65,new_Deva
panel1_ext,P1,new_wikipedia_2021_30K,new,L20,66,new_Deva
panel1_ext,P1,new_wikipedia_2021_30K,new,L20,67,new_Deva
panel1_ext,P1,new_wikipedia_2021_30K,new,L20,68,new_Deva
panel1_ext,P1,new_wikipedia_2021_30K,new,L20,69,new_Deva
panel1_ext,P1,new_wikipedia_2021_30K,new,L20,70,new_Deva
panel1_ext,P1,new_wikipedia_2021_30K,new,L20,71,new_Deva
panel1_ext,P1,new_wikipedia_2021_30K,new,L20,72,new_Deva
panel1_ext,P1,new_wikipedia_2021_30K,new,L20,73,new_Deva
panel1_ext,P1,new_wikipedia_2021_30K,new,L20,74,new_Deva
panel1_ext,P1,new_wikipedia_2021_30K,new,L20,76,new_Deva
panel1_ext,P1,new_wikipedia_2021_30K,new,L20,77,new_Deva
panel1_ext,P1,new_wikipedia_2021_30K,new,L20,78,new_Deva
panel1_ext,P1,new_wikipedia_2021_30K,new,L20,79,new_Deva
panel1_ext,P1,new_wikipedia_2021_30K,new,L20,80,new_Deva
panel1_ext,P1,new_wikipedia_2021_30K,new,L20,81,new_Deva
panel1_ext,P1,new_wikipedia_2021_30K,new,L20,82,new_Deva
panel1_ext,P1,new_wikipedia_2021_30K,new,L20,83,new_Deva
panel1_ext,P1,new_wikipedia_2021_30K,new,L20,84,new_Deva
panel1_ext,P1,new_wikipedia_2021_30K,new,L20,85,new_Deva
panel1_ext,P1,new_wikipedia_2021_30K,new,L20,86,new_Deva
panel1_ext,P1,new_wikipedia_2021_30K,new,L20,87,new_Deva
panel1_ext,P1,new_wikipedia_2021_30K,new,L20,88,new_Deva
panel1_ext,P1,new_wikipedia_2021_30K,new,L20,89,new_Deva
panel1_ext,P1,new_wikipedia_2021_30K,new,L20,90,new_Deva
panel1_ext,P1,new_wikipedia_2021_30K,new,L20,91,new_Deva
panel1_ext,P1,new_wikipedia_2021_30K,new,L20,92,new_Deva
panel1_ext,P1,new_wikipedia_2021_30K,new,L20,93,new_Deva
panel1_ext,P1,new_wikipedia_2021_30K,new,L20,94,new_Deva
panel1_ext,P1,new_wikipedia_2021_30K,new,L20,95,new_Deva
panel1_ext,P1,new_wikipedia_2021_30K,new,L20,96,new_Deva
panel1_ext,P1,new_wikipedia_2021_30K,new,L20,97,new_Deva
panel1_ext,P1,new_wikipedia_2021_30K,new,L20,98,anp_Deva
panel1_ext,P1,new_wikipedia_2021_30K,new,L20,99,new_Deva
panel1_ext,P1,new_wikipedia_2021_30K,new,L20,100,new_Deva
panel1_ext,P1,new_wikipedia_2021_30K,new,L20,101,new_Deva
panel1_ext,P1,new_wikipedia_2021_30K,new,L20,103,new_Deva
panel1_ext,P1,new_wikipedia_2021_30K,new,L20,104,new_Deva
panel1_ext,P1,new_wikipedia_2021_30K,new,L20,105,new_Deva
panel1_ext,P1,new_wikipedia_2021_30K,new,L20,106,new_Deva
panel1_ext,P1,new_wikipedia_2021_30K,new,L20,107,new_Deva
panel1_ext,P1,new_wikipedia_2021_30K,new,L20,109,new_Deva
panel1_ext,P1,new_wikipedia_2021_30K,new,L20,110,new_Deva
panel1_ext,P1,new_wikipedia_2021_30K,new,L20,111,new_Deva
panel1_ext,P1,new_wikipedia_2021_30K,new,L20,112,new_Deva
panel1_ext,P1,new_wikipedia_2021_30K,new,L20,113,new_Deva
panel1_ext,P1,new_wikipedia_2021_30K,new,L20,114,new_Deva
panel1_ext,P1,new_wikipedia_2021_30K,new,L20,115,new_Deva
panel1_ext,P1,new_wikipedia_2021_30K,new,L20,116,new_Deva
panel1_ext,P1,new_wikipedia_2021_30K,new,L20,117,new_Deva
panel1_ext,P1,new_wikipedia_2021_30K,new,L20,118,new_Deva
panel1_ext,P1,new_wikipedia_2021_30K,new,L20,119,new_Deva
panel1_ext,P1,new_wikipedia_2021_30K,new,L20,120,new_Deva
panel1_ext,P1,new_wikipedia_2021_30K,new,L20,121,new_Deva
panel1_ext,P1,new_wikipedia_2021_30K,new,L20,122,new_Deva
panel1_ext,P1,new_wikipedia_2021_30K,new,L20,123,new_Deva
panel1_ext,P1,new_wikipedia_2021_30K,new,L20,124,anp_Deva
panel1_ext,P1,new_wikipedia_2021_30K,new,L20,125,new_Deva
panel1_ext,P1,new_wikipedia_2021_30K,new,L20,126,new_Deva
panel1_ext,P1,new_wikipedia_2021_30K,new,L20,127,anp_Deva
panel1_ext,P1,new_wikipedia_2021_30K,new,L20,128,new_Deva
panel1_ext,P1,mai_wikipedia_2021_10K,mai,L20,1,mai_Deva
panel1_ext,P1,mai_wikipedia_2021_10K,mai,L20,2,mai_Deva
panel1_ext,P1,mai_wikipedia_2021_10K,mai,L20,3,mai_Deva
panel1_ext,P1,mai_wikipedia_2021_10K,mai,L20,4,mai_Deva
panel1_ext,P1,mai_wikipedia_2021_10K,mai,L20,5,mai_Deva
panel1_ext,P1,mai_wikipedia_2021_10K,mai,L20,6,mai_Deva
panel1_ext,P1,mai_wikipedia_2021_10K,mai,L20,7,mai_Deva
panel1_ext,P1,mai_wikipedia_2021_10K,mai,L20,8,mai_Deva
panel1_ext,P1,mai_wikipedia_2021_10K,mai,L20,9,mai_Deva
panel1_ext,P1,mai_wikipedia_2021_10K,mai,L20,10,mai_Deva
panel1_ext,P1,mai_wikipedia_2021_10K,mai,L20,11,mai_Deva
panel1_ext,P1,mai_wikipedia_2021_10K,mai,L20,12,mai_Deva
panel1_ext,P1,mai_wikipedia_2021_10K,mai,L20,13,mai_Deva
panel1_ext,P1,mai_wikipedia_2021_10K,mai,L20,14,mai_Deva
panel1_ext,P1,mai_wikipedia_2021_10K,mai,L20,15,mai_Deva
panel1_ext,P1,mai_wikipedia_2021_10K,mai,L20,16,mai_Deva
panel1_ext,P1,mai_wikipedia_2021_10K,mai,L20,17,mai_Deva
panel1_ext,P1,mai_wikipedia_2021_10K,mai,L20,18,mai_Deva
panel1_ext,P1,mai_wikipedia_2021_10K,mai,L20,19,mai_Deva
panel1_ext,P1,mai_wikipedia_2021_10K,mai,L20,20,mai_Deva
panel1_ext,P1,mai_wikipedia_2021_10K,mai,L20,21,mai_Deva
